ForecastVariables/ForestProximity/ForestProximity_Forecast.asc
ncols        529
nrows        344
xllcorner    2700.000000000000
yllcorner    15900.000000000000
cellsize     100.000000000000
[rows 168 to 188 of 344, columns 94 to 140 of 529]
1526.4337158203125 1500 1400 1300 1200 1100 1000 900 800 700 600 500 400 300 200 100 0 100 100 100 0 100 200 300 400 500 600 700 800 900 1000 1100 1200 1300 1400 1500 1600 1700 1800 1900 2000 2100 2200 2300 2400 2500 2435.1591796875
1600 1500 1400 1300 1200 1100 1000 900 800 700 600 500 400 300 200 100 0 100 0 100 0 100 200 300 400 500 600 700 800 900 1000 1100 1200 1300 1400 1500 1600 1700 1800 1900 2000 2100 2200 2300 2400 2500 2469.817626953125
1603.1219482421875 1503.3297119140625 1403.56689453125 1303.8404541015625 1204.159423828125 1104.5360107421875 1004.987548828125 905.53857421875 806.22576904296875 707.1068115234375 608.2762451171875 509.901947021484375 412.310546875 316.227783203125 223.6067962646484375 141.421356201171875 100 100 0 0 0 100 200 300 400 500 600 700 800 900 1000 1100 1200 1300 1400 1500 1600 1700 1800 1900 2000 2100 2200 2300 2400 2500 2507.9873046875
1600 1500 1400 1300 1200 1100 1000 900 800 700 600 500 400 300 200 100 0 0 0 100 100 141.421356201171875 223.6067962646484375 316.227783203125 412.310546875 509.901947021484375 608.2762451171875 707.1068115234375 806.22576904296875 905.53857421875 1004.987548828125 1104.5360107421875 1204.159423828125 1303.8404541015625 1403.56689453125 1503.3297119140625 1603.1219482421875 1702.9385986328125 1802.775634765625 1902.6298828125 2002.4984130859375 2102.379638671875 2202.271484375 2302.1728515625 2402.08251953125 2501.999267578125 2549.509765625
1603.1219482421875 1503.3297119140625 1403.56689453125 1303.8404541015625 1204.159423828125 1104.5360107421875 1004.987548828125 905.53857421875 806.22576904296875 707.1068115234375 608.2762451171875 509.901947021484375 412.310546875 316.227783203125 223.6067962646484375 141.421356201171875 100 100 100 141.421356201171875 200 223.6067962646484375 282.84271240234375 360.55511474609375 447.213592529296875 538.5164794921875 632.45556640625 728.010986328125 824.62109375 921.9544677734375 1019.80389404296875 1118.033935546875 1216.552490234375 1315.294677734375 1414.213623046875 1513.2745361328125 1612.4515380859375 1711.7242431640625 1811.0771484375 1910.497314453125 2009.97509765625 2109.502197265625 2209.072021484375 2308.67919921875 2408.31884765625 2507.9873046875 2594.224365234375
1612.4515380859375 1513.2745361328125 1414.213623046875 1315.294677734375 1216.552490234375 1118.033935546875 1019.80389404296875 921.9544677734375 824.62109375 728.010986328125 632.45556640625 538.5164794921875 447.213592529296875 360.55511474609375 282.84271240234375 223.6067962646484375 200 200 200 223.6067962646484375 282.84271240234375 316.227783203125 360.55511474609375 424.2640380859375 500 583.09515380859375 670.82037353515625 761.57733154296875 854.40032958984375 948.68328857421875 1044.0306396484375 1140.1754150390625 1236.9317626953125 1334.1663818359375 1431.7821044921875 1529.705810546875 1627.8819580078125 1726.267578125 1824.8287353515625 1923.5384521484375 2022.3748779296875 2121.3203125 2220.3603515625 2319.482666015625 2418.67724609375 2517.935791015625 2617.25048828125
1627.8819580078125 1529.705810546875 1431.7821044921875 1334.1663818359375 1236.9317626953125 1140.1754150390625 1044.0306396484375 948.68328857421875 854.40032958984375 761.57733154296875 670.82037353515625 583.09515380859375 500 424.2640380859375 360.55511474609375 316.227783203125 300 300 300 316.227783203125 360.55511474609375 412.310546875 447.213592529296875 500 565.6854248046875 640.31243896484375 721.1102294921875 806.22576904296875 894.42718505859375 984.88580322265625 1077.032958984375 1170.469970703125 1264.9111328125 1360.1470947265625 1456.02197265625 1552.41748046875 1649.2421875 1746.4248046875 1843.908935546875 1941.64892578125 2039.6077880859375 2137.755859375 2236.06787109375 2334.523681640625 2433.10498046875 2531.7978515625 2630.58935546875
1649.2421875 1552.41748046875 1456.02197265625 1360.1470947265625 1264.9111328125 1170.469970703125 1077.032958984375 984.88580322265625 894.42718505859375 806.22576904296875 721.1102294921875 640.31243896484375 565.6854248046875 500 447.213592529296875 412.310546875 400 400 400 412.310546875 447.213592529296875 500 538.5164794921875 583.09515380859375 640.31243896484375 707.1068115234375 781.02496337890625 860.2325439453125 943.3980712890625 1029.56298828125 1118.033935546875 1208.3045654296875 1300 1392.8388671875 1486.60693359375 1581.1387939453125 1676.305419921875 1772.0045166015625 1868.1541748046875 1964.6883544921875 2061.552734375 2158.703125 2256.102783203125 2353.720458984375 2451.530029296875 2549.509765625 2647.640380859375
1676.305419921875 1581.1387939453125 1486.60693359375 1392.8388671875 1300 1208.3045654296875 1118.033935546875 1029.56298828125 943.3980712890625 860.2325439453125 781.02496337890625 707.1068115234375 640.31243896484375 583.09515380859375 538.5164794921875 509.901947021484375 500 500 500 509.901947021484375 538.5164794921875 583.09515380859375 632.45556640625 670.82037353515625 721.1102294921875 781.02496337890625 848.528076171875 921.9544677734375 1000 1081.6654052734375 1166.1903076171875 1252.9964599609375 1341.6407470703125 1431.7821044921875 1523.1546630859375 1615.5494384765625 1708.8006591796875 1802.775634765625 1897.3665771484375 1992.48583984375 2088.061279296875 2184.032958984375 2280.350830078125 2376.97265625 2473.863525390625 2570.9921875 2668.332763671875
1708.8006591796875 1615.5494384765625 1523.1546630859375 1431.7821044921875 1341.6407470703125 1252.9964599609375 1166.1903076171875 1081.6654052734375 1000 921.9544677734375 848.528076171875 781.02496337890625 721.1102294921875 670.82037353515625 632.45556640625 608.2762451171875 600 600 600 608.2762451171875 632.45556640625 670.82037353515625 721.1102294921875 761.57733154296875 806.22576904296875 860.2325439453125 921.9544677734375 989.94952392578125 1063.0146484375 1140.1754150390625 1220.655517578125 1303.8404541015625 1389.244384765625 1476.4822998046875 1565.2476806640625 1655.2945556640625 1746.4248046875 1838.4776611328125 1931.32080078125 2024.845703125 2118.962158203125 2213.594482421875 2308.67919921875 2404.1630859375 2500 2596.15087890625 2692.582275390625
1746.4248046875 1655.2945556640625 1565.2476806640625 1476.4822998046875 1389.244384765625 1303.8404541015625 1220.655517578125 1140.1754150390625 1063.0146484375 989.94952392578125 921.9544677734375 860.2325439453125 806.22576904296875 761.57733154296875 728.010986328125 707.1068115234375 700 700 700 707.1068115234375 728.010986328125 761.57733154296875 806.22576904296875 854.40032958984375 894.42718505859375 943.3980712890625 1000 1063.0146484375 1131.370849609375 1204.159423828125 1280.6248779296875 1360.1470947265625 1442.220458984375 1526.4337158203125 1612.4515380859375 1700 1788.8543701171875 1878.829345703125 1969.7716064453125 2061.552734375 2154.06591796875 2247.220458984375 2340.93994140625 2435.1591796875 2529.822265625 2624.880859375 2720.294189453125
1788.8543701171875 1700 1612.4515380859375 1526.4337158203125 1442.220458984375 1360.1470947265625 1280.6248779296875 1204.159423828125 1131.370849609375 1063.0146484375 1000 943.3980712890625 894.42718505859375 854.40032958984375 824.62109375 806.22576904296875 800 800 800 806.22576904296875 824.62109375 854.40032958984375 894.42718505859375 943.3980712890625 984.88580322265625 1029.56298828125 1081.6654052734375 1140.1754150390625 1204.159423828125 1272.792236328125 1345.3624267578125 1421.26708984375 1500 1581.1387939453125 1664.3316650390625 1749.2855224609375 1835.755859375 1923.5384521484375 2012.4610595703125 2102.379638671875 2193.17138671875 2284.73193359375 2376.97265625 2469.817626953125 2563.201171875 2657.06591796875 2751.36328125
1835.755859375 1749.2855224609375 1664.3316650390625 1581.1387939453125 1500 1421.26708984375 1345.3624267578125 1272.792236328125 1204.159423828125 1140.1754150390625 1081.6654052734375 1029.56298828125 984.88580322265625 948.68328857421875 921.9544677734375 905.53857421875 900 900 900 905.53857421875 921.9544677734375 948.68328857421875 984.88580322265625 1029.56298828125 1077.032958984375 1118.033935546875 1166.1903076171875 1220.655517578125 1280.6248779296875 1345.3624267578125 1414.213623046875 1486.60693359375 1562.0499267578125 1640.1220703125 1720.465087890625 1802.775634765625 1886.796142578125 1972.308349609375 2059.1259765625 2147.091064453125 2236.06787109375 2325.940673828125 2416.609130859375 2507.9873046875 2600 2692.582275390625 2785.677734375
1886.796142578125 1802.775634765625 1720.465087890625 1640.1220703125 1562.0499267578125 1486.60693359375 1414.213623046875 1345.3624267578125 1280.6248779296875 1220.655517578125 1166.1903076171875 1118.033935546875 1077.032958984375 1044.0306396484375 1019.80389404296875 1004.987548828125 1000 1000 1000 1004.987548828125 1019.80389404296875 1044.0306396484375 1077.032958984375 1118.033935546875 1166.1903076171875 1208.3045654296875 1252.9964599609375 1303.8404541015625 1360.1470947265625 1421.26708984375 1486.60693359375 1555.6348876953125 1627.8819580078125 1702.9385986328125 1780.4493408203125 1860.107666015625 1941.64892578125 2024.845703125 2109.502197265625 2195.44970703125 2282.54248046875 2370.65380859375 2459.6748046875 2549.509765625 2640.07568359375 2731.300048828125 2823.118896484375
1941.64892578125 1860.107666015625 1780.4493408203125 1702.9385986328125 1627.8819580078125 1555.6348876953125 1486.60693359375 1421.26708984375 1360.1470947265625 1303.8404541015625 1252.9964599609375 1208.3045654296875 1170.469970703125 1140.1754150390625 1118.033935546875 1104.5360107421875 1100 1100 1100 1104.5360107421875 1118.033935546875 1140.1754150390625 1170.469970703125 1208.3045654296875 1252.9964599609375 1300 1341.6407470703125 1389.244384765625 1442.220458984375 1500 1562.0499267578125 1627.8819580078125 1697.05615234375 1769.1806640625 1843.908935546875 1920.9373779296875 2000 2080.865234375 2163.330810546875 2247.220458984375 2332.380615234375 2418.67724609375 2505.992919921875 2594.224365234375 2683.281494140625 2773.084716796875 2863.564208984375
2000 1920.9373779296875 1843.908935546875 1769.1806640625 1697.05615234375 1627.8819580078125 1562.0499267578125 1500 1442.220458984375 1389.244384765625 1341.6407470703125 1300 1264.9111328125 1236.9317626953125 1216.552490234375 1204.159423828125 1200 1200 1200 1204.159423828125 1216.552490234375 1236.9317626953125 1264.9111328125 1300 1341.6407470703125 1389.244384765625 1431.7821044921875 1476.4822998046875 1526.4337158203125 1581.1387939453125 1640.1220703125 1702.9385986328125 1769.1806640625 1838.4776611328125 1910.497314453125 1984.943359375 2061.552734375 2140.093505859375 2220.3603515625 2302.1728515625 2385.3720703125 2469.817626953125 2555.386474609375 2641.968994140625 2729.46875 2817.800537109375 2906.888427734375
2061.552734375 1984.943359375 1910.497314453125 1838.4776611328125 1769.1806640625 1702.9385986328125 1640.1220703125 1581.1387939453125 1526.4337158203125 1476.4822998046875 1431.7821044921875 1392.8388671875 1360.1470947265625 1334.1663818359375 1315.294677734375 1303.8404541015625 1300 1300 1300 1303.8404541015625 1315.294677734375 1334.1663818359375 1360.1470947265625 1392.8388671875 1431.7821044921875 1476.4822998046875 1523.1546630859375 1565.2476806640625 1612.4515380859375 1664.3316650390625 1720.465087890625 1780.4493408203125 1843.908935546875 1910.497314453125 1979.8990478515625 2051.828369140625 2126.029296875 2202.271484375 2280.350830078125 2360.084716796875 2441.31103515625 2523.885986328125 2607.680908203125 2692.582275390625 2778.48876953125 2865.309814453125 2952.964599609375
2126.029296875 2051.828369140625 1979.8990478515625 1910.497314453125 1843.908935546875 1780.4493408203125 1720.465087890625 1664.3316650390625 1612.4515380859375 1565.2476806640625 1523.1546630859375 1486.60693359375 1456.02197265625 1431.7821044921875 1414.213623046875 1403.56689453125 1400 1400 1400 1403.56689453125 1414.213623046875 1431.7821044921875 1456.02197265625 1486.60693359375 1523.1546630859375 1565.2476806640625 1612.4515380859375 1655.2945556640625 1700 1749.2855224609375 1802.775634765625 1860.107666015625 1920.9373779296875 1984.943359375 2051.828369140625 2121.3203125 2193.17138671875 2267.15673828125 2343.074951171875 2420.74365234375 2500 2580.69775390625 2662.705322265625 2745.906005859375 2830.1943359375 2915.47607421875 3001.666259765625
2193.17138671875 2121.3203125 2051.828369140625 1984.943359375 1920.9373779296875 1860.107666015625 1802.775634765625 1749.2855224609375 1700 1655.2945556640625 1615.5494384765625 1581.1387939453125 1552.41748046875 1529.705810546875 1513.2745361328125 1503.3297119140625 1500 1500 1500 1503.3297119140625 1513.2745361328125 1529.705810546875 1552.41748046875 1581.1387939453125 1615.5494384765625 1655.2945556640625 1700 1746.4248046875 1788.8543701171875 1835.755859375 1886.796142578125 1941.64892578125 2000 2061.552734375 2126.029296875 2193.17138671875 2262.74169921875 2334.523681640625 2408.31884765625 2483.948486328125 2561.249755859375 2640.07568359375 2720.294189453125 2801.78515625 2884.44091796875 2968.16455078125 3052.867431640625
2262.74169921875 2193.17138671875 2126.029296875 2061.552734375 2000 1941.64892578125 1886.796142578125 1835.755859375 1788.8543701171875 1746.4248046875 1708.8006591796875 1676.305419921875 1649.2421875 1627.8819580078125 1612.4515380859375 1603.1219482421875 1600 1600 1600 1603.1219482421875 1612.4515380859375 1627.8819580078125 1649.2421875 1676.305419921875 1708.8006591796875 1746.4248046875 1788.8543701171875 1835.755859375 1878.829345703125 1923.5384521484375 1972.308349609375 2024.845703125 2080.865234375 2140.093505859375 2202.271484375 2267.15673828125 2334.523681640625 2404.1630859375 2475.8837890625 2549.509765625 2624.880859375 2701.851318359375 2780.287841796875 2860.06982421875 2941.08837890625 3023.243408203125 3106.44482421875
2334.523681640625 2267.15673828125 2202.271484375 2140.093505859375 2080.865234375 2024.845703125 1972.308349609375 1923.5384521484375 1878.829345703125 1838.4776611328125 1802.775634765625 1772.0045166015625 1746.4248046875 1726.267578125 1711.7242431640625 1702.9385986328125 1700 1700 1700 1702.9385986328125 1711.7242431640625 1726.267578125 1746.4248046875 1772.0045166015625 1802.775634765625 1838.4776611328125 1878.829345703125 1923.5384521484375 1969.7716064453125 2012.4610595703125 2059.1259765625 2109.502197265625 2163.330810546875 2220.3603515625 2280.350830078125 2343.074951171875 2408.31884765625 2475.8837890625 2545.58447265625 2617.25048828125 2690.724853515625 2765.863525390625 2842.5341796875 2920.616455078125 3000 3080.584228515625 3106.44482421875
