ForecastVariables/ForestProximity/ForestProximity_Forecast.asc
ncols        529
nrows        344
xllcorner    2700.000000000000
yllcorner    15900.000000000000
cellsize     100.000000000000
[rows 21 to 41 of 344, columns 235 to 281 of 529]
721.1102294921875 670.82037353515625 632.45556640625 608.2762451171875 600 608.2762451171875 632.45556640625 670.82037353515625 721.1102294921875 781.02496337890625 848.528076171875 921.9544677734375 900 800 700 600 500 400 300 200 100 0 0 0 100 100 141.421356201171875 223.6067962646484375 282.84271240234375 200 100 0 100 0 0 0 100 100 141.421356201171875 223.6067962646484375 316.227783203125 412.310546875 447.213592529296875 500 565.6854248046875 640.31243896484375 721.1102294921875
806.22576904296875 761.57733154296875 728.010986328125 707.1068115234375 700 707.1068115234375 728.010986328125 761.57733154296875 806.22576904296875 860.2325439453125 921.9544677734375 989.94952392578125 900 800 700 600 500 400 300 200 100 0 100 0 0 0 100 141.421356201171875 223.6067962646484375 200 100 0 100 100 100 100 100 0 100 200 300 316.227783203125 360.55511474609375 424.2640380859375 500 583.09515380859375 670.82037353515625
894.42718505859375 854.40032958984375 824.62109375 806.22576904296875 800 806.22576904296875 824.62109375 854.40032958984375 894.42718505859375 943.3980712890625 1000 1004.987548828125 905.53857421875 806.22576904296875 707.1068115234375 608.2762451171875 509.901947021484375 412.310546875 316.227783203125 223.6067962646484375 141.421356201171875 100 100 100 100 100 0 100 200 200 100 0 100 200 200 200 141.421356201171875 100 141.421356201171875 223.6067962646484375 200 223.6067962646484375 282.84271240234375 360.55511474609375 447.213592529296875 538.5164794921875 583.09515380859375
806.22576904296875 860.2325439453125 921.9544677734375 905.53857421875 900 905.53857421875 921.9544677734375 948.68328857421875 984.88580322265625 1029.56298828125 1081.6654052734375 1019.80389404296875 921.9544677734375 824.62109375 728.010986328125 632.45556640625 538.5164794921875 447.213592529296875 360.55511474609375 282.84271240234375 200 100 0 100 100 141.421356201171875 100 100 141.421356201171875 200 100 0 100 200 200 200 223.6067962646484375 200 200 141.421356201171875 100 141.421356201171875 223.6067962646484375 316.227783203125 412.310546875 509.901947021484375 500
721.1102294921875 781.02496337890625 848.528076171875 894.42718505859375 943.3980712890625 1000 1019.80389404296875 1044.0306396484375 1077.032958984375 1118.033935546875 1140.1754150390625 1044.0306396484375 948.68328857421875 854.40032958984375 761.57733154296875 670.82037353515625 583.09515380859375 500 400 300 200 100 0 100 0 100 0 0 100 200 141.421356201171875 100 141.421356201171875 141.421356201171875 100 100 141.421356201171875 141.421356201171875 100 100 0 100 200 300 400 500 424.2640380859375
640.31243896484375 707.1068115234375 761.57733154296875 806.22576904296875 860.2325439453125 921.9544677734375 989.94952392578125 1063.0146484375 1131.370849609375 1204.159423828125 1170.469970703125 1077.032958984375 984.88580322265625 894.42718505859375 806.22576904296875 707.1068115234375 608.2762451171875 509.901947021484375 412.310546875 316.227783203125 223.6067962646484375 141.421356201171875 100 0 0 100 0 0 100 141.421356201171875 223.6067962646484375 200 141.421356201171875 100 0 0 100 100 0 100 100 141.421356201171875 223.6067962646484375 316.227783203125 412.310546875 447.213592529296875 360.55511474609375
565.6854248046875 632.45556640625 670.82037353515625 721.1102294921875 781.02496337890625 848.528076171875 921.9544677734375 989.94952392578125 1063.0146484375 1131.370849609375 1204.159423828125 1118.033935546875 1019.80389404296875 921.9544677734375 824.62109375 728.010986328125 632.45556640625 538.5164794921875 447.213592529296875 360.55511474609375 282.84271240234375 223.6067962646484375 141.421356201171875 100 100 0 0 0 0 100 200 141.421356201171875 100 0 100 0 100 100 0 100 141.421356201171875 200 223.6067962646484375 282.84271240234375 316.227783203125 360.55511474609375 316.227783203125
500 538.5164794921875 583.09515380859375 640.31243896484375 707.1068115234375 781.02496337890625 848.528076171875 921.9544677734375 989.94952392578125 1063.0146484375 1131.370849609375 1140.1754150390625 1044.0306396484375 948.68328857421875 854.40032958984375 761.57733154296875 670.82037353515625 583.09515380859375 500 424.2640380859375 360.55511474609375 282.84271240234375 223.6067962646484375 200 141.421356201171875 100 100 100 100 141.421356201171875 100 100 0 0 0 0 0 0 0 0 100 100 141.421356201171875 200 223.6067962646484375 282.84271240234375 300
412.310546875 447.213592529296875 500 565.6854248046875 640.31243896484375 707.1068115234375 781.02496337890625 848.528076171875 921.9544677734375 989.94952392578125 1063.0146484375 1140.1754150390625 1077.032958984375 984.88580322265625 894.42718505859375 806.22576904296875 721.1102294921875 640.31243896484375 565.6854248046875 500 424.2640380859375 360.55511474609375 316.227783203125 282.84271240234375 223.6067962646484375 200 200 200 200 100 0 0 0 0 100 100 0 100 100 100 0 0 100 100 141.421356201171875 223.6067962646484375 300
316.227783203125 360.55511474609375 424.2640380859375 500 565.6854248046875 640.31243896484375 707.1068115234375 781.02496337890625 848.528076171875 921.9544677734375 1000 1081.6654052734375 1118.033935546875 1029.56298828125 943.3980712890625 860.2325439453125 781.02496337890625 707.1068115234375 640.31243896484375 565.6854248046875 500 447.213592529296875 412.310546875 360.55511474609375 316.227783203125 300 300 300 223.6067962646484375 141.421356201171875 100 100 0 100 0 100 0 100 0 0 0 100 100 0 100 200 300
223.6067962646484375 282.84271240234375 360.55511474609375 424.2640380859375 500 565.6854248046875 640.31243896484375 707.1068115234375 781.02496337890625 860.2325439453125 943.3980712890625 1029.56298828125 1118.033935546875 1081.6654052734375 1000 921.9544677734375 848.528076171875 781.02496337890625 707.1068115234375 640.31243896484375 583.09515380859375 538.5164794921875 500 447.213592529296875 412.310546875 400 400 360.55511474609375 282.84271240234375 223.6067962646484375 200 100 0 100 0 100 100 0 0 0 100 100 141.421356201171875 100 141.421356201171875 223.6067962646484375 300
141.421356201171875 223.6067962646484375 282.84271240234375 360.55511474609375 424.2640380859375 500 565.6854248046875 640.31243896484375 721.1102294921875 806.22576904296875 894.42718505859375 984.88580322265625 1077.032958984375 1140.1754150390625 1063.0146484375 989.94952392578125 921.9544677734375 848.528076171875 781.02496337890625 721.1102294921875 670.82037353515625 632.45556640625 583.09515380859375 538.5164794921875 509.901947021484375 500 500 424.2640380859375 360.55511474609375 282.84271240234375 223.6067962646484375 141.421356201171875 100 141.421356201171875 100 100 0 0 0 0 100 0 100 200 223.6067962646484375 200 223.6067962646484375
100 141.421356201171875 223.6067962646484375 282.84271240234375 360.55511474609375 424.2640380859375 500 583.09515380859375 670.82037353515625 761.57733154296875 854.40032958984375 948.68328857421875 1044.0306396484375 1140.1754150390625 1131.370849609375 1063.0146484375 989.94952392578125 921.9544677734375 860.2325439453125 806.22576904296875 761.57733154296875 721.1102294921875 670.82037353515625 632.45556640625 608.2762451171875 600 509.901947021484375 412.310546875 316.227783203125 223.6067962646484375 141.421356201171875 100 141.421356201171875 223.6067962646484375 141.421356201171875 100 0 100 100 100 141.421356201171875 100 141.421356201171875 223.6067962646484375 141.421356201171875 100 141.421356201171875
0 100 141.421356201171875 223.6067962646484375 282.84271240234375 360.55511474609375 447.213592529296875 538.5164794921875 632.45556640625 728.010986328125 824.62109375 921.9544677734375 1019.80389404296875 1118.033935546875 1204.159423828125 1131.370849609375 1063.0146484375 1000 943.3980712890625 894.42718505859375 854.40032958984375 806.22576904296875 761.57733154296875 728.010986328125 700 600 500 400 300 200 100 0 100 141.421356201171875 100 0 100 141.421356201171875 200 200 223.6067962646484375 200 223.6067962646484375 200 100 0 100
0 0 100 141.421356201171875 223.6067962646484375 316.227783203125 412.310546875 509.901947021484375 608.2762451171875 707.1068115234375 806.22576904296875 905.53857421875 989.94952392578125 1063.0146484375 1140.1754150390625 1204.159423828125 1140.1754150390625 1081.6654052734375 1029.56298828125 984.88580322265625 943.3980712890625 894.42718505859375 854.40032958984375 806.22576904296875 707.1068115234375 608.2762451171875 509.901947021484375 412.310546875 316.227783203125 223.6067962646484375 141.421356201171875 100 0 100 100 0 100 200 300 300 282.84271240234375 223.6067962646484375 141.421356201171875 100 100 0 0
0 0 0 100 200 300 400 500 600 700 781.02496337890625 848.528076171875 921.9544677734375 1000 1063.0146484375 1131.370849609375 1204.159423828125 1166.1903076171875 1118.033935546875 1077.032958984375 1029.56298828125 984.88580322265625 921.9544677734375 824.62109375 728.010986328125 632.45556640625 538.5164794921875 447.213592529296875 360.55511474609375 282.84271240234375 200 100 0 100 0 0 100 200 300 282.84271240234375 223.6067962646484375 141.421356201171875 100 0 0 0 100
0 0 0 100 200 300 400 500 583.09515380859375 640.31243896484375 707.1068115234375 781.02496337890625 860.2325439453125 921.9544677734375 989.94952392578125 1063.0146484375 1140.1754150390625 1220.655517578125 1208.3045654296875 1166.1903076171875 1118.033935546875 1044.0306396484375 948.68328857421875 854.40032958984375 761.57733154296875 670.82037353515625 583.09515380859375 500 400 300 200 100 0 0 100 100 141.421356201171875 223.6067962646484375 282.84271240234375 223.6067962646484375 141.421356201171875 100 0 0 0 100 0
0 100 100 141.421356201171875 223.6067962646484375 316.227783203125 412.310546875 447.213592529296875 500 565.6854248046875 640.31243896484375 721.1102294921875 781.02496337890625 848.528076171875 921.9544677734375 1000 1081.6654052734375 1166.1903076171875 1252.9964599609375 1252.9964599609375 1170.469970703125 1077.032958984375 984.88580322265625 894.42718505859375 806.22576904296875 707.1068115234375 608.2762451171875 509.901947021484375 412.310546875 316.227783203125 223.6067962646484375 141.421356201171875 100 100 0 100 200 282.84271240234375 223.6067962646484375 141.421356201171875 100 0 0 0 100 0 0
100 141.421356201171875 200 223.6067962646484375 282.84271240234375 300 316.227783203125 360.55511474609375 424.2640380859375 500 583.09515380859375 640.31243896484375 707.1068115234375 781.02496337890625 860.2325439453125 943.3980712890625 1029.56298828125 1118.033935546875 1208.3045654296875 1280.6248779296875 1208.3045654296875 1118.033935546875 1019.80389404296875 921.9544677734375 824.62109375 728.010986328125 632.45556640625 538.5164794921875 447.213592529296875 360.55511474609375 282.84271240234375 200 100 0 100 100 141.421356201171875 223.6067962646484375 200 100 0 100 0 0 100 0 0
141.421356201171875 223.6067962646484375 282.84271240234375 223.6067962646484375 200 200 223.6067962646484375 282.84271240234375 360.55511474609375 447.213592529296875 500 565.6854248046875 640.31243896484375 721.1102294921875 806.22576904296875 894.42718505859375 984.88580322265625 1077.032958984375 1170.469970703125 1204.159423828125 1140.1754150390625 1081.6654052734375 1029.56298828125 948.68328857421875 854.40032958984375 761.57733154296875 670.82037353515625 583.09515380859375 500 400 300 200 100 0 0 0 100 200 200 100 0 100 0 0 0 0 0
223.6067962646484375 282.84271240234375 223.6067962646484375 141.421356201171875 100 100 141.421356201171875 223.6067962646484375 316.227783203125 360.55511474609375 424.2640380859375 500 583.09515380859375 670.82037353515625 761.57733154296875 854.40032958984375 948.68328857421875 1044.0306396484375 1140.1754150390625 1131.370849609375 1063.0146484375 1000 943.3980712890625 894.42718505859375 854.40032958984375 806.22576904296875 707.1068115234375 608.2762451171875 509.901947021484375 412.310546875 316.227783203125 223.6067962646484375 141.421356201171875 100 100 100 141.421356201171875 223.6067962646484375 223.6067962646484375 141.421356201171875 100 0 0 0 0 100 0
