ForecastVariables/ForestProximity/ForestProximity_Forecast.asc
ncols        529
nrows        344
xllcorner    2700.000000000000
yllcorner    15900.000000000000
cellsize     100.000000000000
[rows 231 to 251 of 344, columns 0 to 46 of 529]
3551.056396484375 3498.571044921875 3448.18798828125 3400 3354.10205078125 3310.589111328125 3269.556396484375 3231.098876953125 3195.30908203125 3162.277587890625 3132.091796875 3104.8349609375 3080.584228515625 3059.41162109375 3041.38134765625 3026.549072265625 3014.962890625 3006.659423828125 3001.666259765625 3000 3001.666259765625 3006.659423828125 3014.962890625 3026.549072265625 3041.38134765625 3059.41162109375 3080.584228515625 3104.8349609375 3132.091796875 3162.277587890625 3195.30908203125 3231.098876953125 3269.556396484375 3310.589111328125 3354.10205078125 3400 3448.18798828125 3498.571044921875 3551.056396484375 3605.55126953125 3661.966796875 3720.21533203125 3780.211669921875 3841.874755859375 3905.124755859375 3969.88671875 4036.0869140625
3635.931884765625 3584.689697265625 3535.533935546875 3488.552734375 3443.8349609375 3401.47021484375 3361.547119140625 3324.15380859375 3289.376953125 3257.29931640625 3228.00244140625 3201.56201171875 3178.049560546875 3157.530517578125 3140.063720703125 3125.699951171875 3114.482421875 3106.44482421875 3101.612548828125 3100 3101.612548828125 3106.44482421875 3114.482421875 3125.699951171875 3140.063720703125 3157.530517578125 3178.049560546875 3201.56201171875 3228.00244140625 3257.29931640625 3289.376953125 3324.15380859375 3361.547119140625 3401.47021484375 3443.8349609375 3488.552734375 3535.533935546875 3584.689697265625 3635.931884765625 3689.173583984375 3744.3291015625 3801.315673828125 3860.0517578125 3920.458984375 3982.46142578125 4045.98583984375 4110.9609375
3721.558837890625 3671.51171875 3623.533935546875 3577.708740234375 3534.119384765625 3492.849609375 3453.9833984375 3417.601318359375 3383.784912109375 3352.61083984375 3324.15380859375 3298.484375 3275.66796875 3255.763916015625 3238.8271484375 3224.903076171875 3214.031494140625 3206.243896484375 3201.56201171875 3200 3201.56201171875 3206.243896484375 3214.031494140625 3224.903076171875 3238.8271484375 3255.763916015625 3275.66796875 3298.484375 3324.15380859375 3352.61083984375 3383.784912109375 3417.601318359375 3453.9833984375 3492.849609375 3534.119384765625 3577.708740234375 3623.533935546875 3671.51171875 3721.558837890625 3773.59228515625 3827.53173828125 3883.2978515625 3940.81201171875 4000 4060.7880859375 4123.10546875 4186.88427734375
3807.886474609375 3758.9892578125 3712.14208984375 3667.424072265625 3624.913818359375 3584.689697265625 3546.82958984375 3511.41015625 3478.50537109375 3448.18798828125 3420.526123046875 3395.585205078125 3373.42578125 3354.10205078125 3337.6640625 3324.15380859375 3313.608154296875 3306.05517578125 3301.514892578125 3300 3301.514892578125 3306.05517578125 3313.608154296875 3324.15380859375 3337.6640625 3354.10205078125 3373.42578125 3395.585205078125 3420.526123046875 3448.18798828125 3478.50537109375 3511.41015625 3546.82958984375 3584.689697265625 3624.913818359375 3667.424072265625 3712.14208984375 3758.9892578125 3807.886474609375 3858.75634765625 3911.521484375 3966.1064453125 4022.43701171875 4080.44140625 4140.04833984375 4201.1904296875 4263.80126953125
3894.868408203125 3847.076904296875 3801.315673828125 3757.65869140625 3716.180908203125 3676.955322265625 3640.05517578125 3605.55126953125 3573.513671875 3544.009033203125 3517.100830078125 3492.849609375 3471.310791015625 3452.53515625 3436.568115234375 3423.448486328125 3413.20947265625 3405.877197265625 3401.47021484375 3400 3401.47021484375 3405.877197265625 3413.20947265625 3423.448486328125 3436.568115234375 3452.53515625 3471.310791015625 3492.849609375 3517.100830078125 3544.009033203125 3573.513671875 3605.55126953125 3640.05517578125 3676.955322265625 3716.180908203125 3757.65869140625 3801.315673828125 3847.076904296875 3894.868408203125 3944.61669921875 3996.248291015625 4049.69140625 4104.875 4161.73046875 4220.189453125 4280.18701171875 4341.65869140625
3982.46142578125 3935.73388671875 3891.01513671875 3848.37646484375 3807.886474609375 3769.615478515625 3733.630859375 3700 3668.787353515625 3640.05517578125 3613.8623046875 3590.264404296875 3569.313720703125 3551.056396484375 3535.533935546875 3522.782958984375 3512.833740234375 3505.70947265625 3501.42822265625 3500 3501.42822265625 3505.70947265625 3512.833740234375 3522.782958984375 3535.533935546875 3551.056396484375 3569.313720703125 3590.264404296875 3613.8623046875 3640.05517578125 3668.787353515625 3700 3733.630859375 3769.615478515625 3807.886474609375 3848.37646484375 3891.01513671875 3935.73388671875 3982.46142578125 4031.128662109375 4081.666259765625 4134.00537109375 4188.078125 4243.81884765625 4301.16259765625 4360.0458984375 4420.4072265625
4070.62646484375 4024.922119140625 3981.205810546875 3939.543212890625 3900 3862.6416015625 3827.53173828125 3794.733154296875 3764.305908203125 3736.308349609375 3710.795166015625 3687.81787109375 3667.424072265625 3649.657470703125 3634.55615234375 3622.154296875 3612.478271484375 3605.55126953125 3601.388671875 3600 3601.388671875 3605.55126953125 3612.478271484375 3622.154296875 3634.55615234375 3649.657470703125 3667.424072265625 3687.81787109375 3710.795166015625 3736.308349609375 3764.305908203125 3794.733154296875 3827.53173828125 3862.6416015625 3900 3939.543212890625 3981.205810546875 4024.922119140625 4070.62646484375 4118.251953125 4167.7333984375 4219.00439453125 4272.001953125 4326.66162109375 4382.92138671875 4440.720703125 4500
4159.3271484375 4114.60791015625 4071.854736328125 4031.128662109375 3992.4931640625 3956.008056640625 3921.734130859375 3889.72998046875 3860.0517578125 3832.753662109375 3807.886474609375 3785.498779296875 3765.63427734375 3748.3330078125 3733.630859375 3721.558837890625 3712.14208984375 3705.401611328125 3701.35107421875 3700 3701.35107421875 3705.401611328125 3712.14208984375 3721.558837890625 3733.630859375 3748.3330078125 3765.63427734375 3785.498779296875 3807.886474609375 3832.753662109375 3860.0517578125 3889.72998046875 3921.734130859375 3956.008056640625 3992.4931640625 4031.128662109375 4071.854736328125 4114.60791015625 4159.3271484375 4205.9482421875 4254.4091796875 4304.6484375 4356.60400390625 4410.21533203125 4465.4228515625 4522.16748046875 4580.39306640625
4248.529296875 4204.75927734375 4162.931640625 4123.10546875 4085.33984375 4049.69140625 4016.217041015625 3984.9716796875 3956.008056640625 3929.376708984375 3905.124755859375 3883.2978515625 3863.935791015625 3847.076904296875 3832.753662109375 3820.99462890625 3811.82373046875 3805.259765625 3801.315673828125 3800 3801.315673828125 3805.259765625 3811.82373046875 3820.99462890625 3832.753662109375 3847.076904296875 3863.935791015625 3883.2978515625 3905.124755859375 3929.376708984375 3956.008056640625 3984.9716796875 4016.217041015625 4049.69140625 4085.33984375 4123.10546875 4162.931640625 4204.75927734375 4248.529296875 4294.18212890625 4341.65869140625 4390.8994140625 4441.8466796875 4494.44091796875 4548.62646484375 4604.345703125 4661.544921875
4338.2021484375 4295.3466796875 4254.4091796875 4215.44775390625 4178.5166015625 4143.669921875 4110.9609375 4080.44140625 4052.159912109375 4026.164306640625 4002.49951171875 3981.205810546875 3962.322509765625 3945.884033203125 3931.920654296875 3920.458984375 3911.521484375 3905.124755859375 3901.28173828125 3900 3901.28173828125 3905.124755859375 3911.521484375 3920.458984375 3931.920654296875 3945.884033203125 3962.322509765625 3981.205810546875 4002.49951171875 4026.164306640625 4052.159912109375 4080.44140625 4110.9609375 4143.669921875 4178.5166015625 4215.44775390625 4254.4091796875 4295.3466796875 4338.2021484375 4382.92138671875 4429.44677734375 4477.72265625 4527.6923828125 4579.30126953125 4632.494140625 4687.216796875 4743.41650390625
4428.31787109375 4386.3427734375 4346.2626953125 4308.1318359375 4272.001953125 4237.92431640625 4205.9482421875 4176.12255859375 4148.49365234375 4123.10546875 4100 4079.215576171875 4060.7880859375 4044.749755859375 4031.128662109375 4019.9501953125 4011.234375 4004.996826171875 4001.249755859375 4000 4001.249755859375 4004.996826171875 4011.234375 4019.9501953125 4031.128662109375 4044.749755859375 4060.7880859375 4079.215576171875 4100 4123.10546875 4148.49365234375 4176.12255859375 4205.9482421875 4237.92431640625 4272.001953125 4308.1318359375 4346.2626953125 4386.3427734375 4428.31787109375 4472.1357421875 4517.7431640625 4565.0849609375 4614.10888671875 4664.76123046875 4716.99072265625 4770.744140625 4825.97119140625
4518.849609375 4477.72265625 4438.46826171875 4401.13623046875 4365.77587890625 4332.43603515625 4301.16259765625 4272.001953125 4244.9970703125 4220.189453125 4197.61865234375 4177.31982421875 4159.3271484375 4143.669921875 4130.37548828125 4119.4658203125 4110.9609375 4104.875 4101.21923828125 4100 4101.21923828125 4104.875 4110.9609375 4119.4658203125 4130.37548828125 4143.669921875 4159.3271484375 4177.31982421875 4197.61865234375 4220.189453125 4244.9970703125 4272.001953125 4301.16259765625 4332.43603515625 4365.77587890625 4401.13623046875 4438.46826171875 4477.72265625 4518.849609375 4561.7978515625 4606.51708984375 4652.9560546875 4701.0634765625 4750.7890625 4802.0830078125 4854.89404296875 4909.17529296875
4609.77197265625 4569.4638671875 4531.00439453125 4494.44091796875 4459.8203125 4427.18896484375 4396.58984375 4368.06591796875 4341.65869140625 4317.40625 4295.3466796875 4275.51171875 4257.93359375 4242.640625 4229.6572265625 4219.00439453125 4210.70068359375 4204.75927734375 4201.1904296875 4200 4201.1904296875 4204.75927734375 4210.70068359375 4219.00439453125 4229.6572265625 4242.640625 4257.93359375 4275.51171875 4295.3466796875 4317.40625 4341.65869140625 4368.06591796875 4396.58984375 4427.18896484375 4459.8203125 4494.44091796875 4531.00439453125 4569.4638671875 4609.77197265625 4651.88134765625 4695.74267578125 4741.3076171875 4788.52783203125 4837.3544921875 4887.73974609375 4939.63525390625 4992.9951171875
4701.0634765625 4661.544921875 4623.8515625 4588.02783203125 4554.119140625 4522.16748046875 4492.21533203125 4464.302734375 4438.46826171875 4414.748046875 4393.1767578125 4373.78515625 4356.60400390625 4341.65869140625 4328.97216796875 4318.564453125 4310.4521484375 4304.6484375 4301.16259765625 4300 4301.16259765625 4304.6484375 4310.4521484375 4318.564453125 4328.97216796875 4341.65869140625 4356.60400390625 4373.78515625 4393.1767578125 4414.748046875 4438.46826171875 4464.302734375 4492.21533203125 4522.16748046875 4554.119140625 4588.02783203125 4623.8515625 4661.544921875 4701.0634765625 4742.3623046875 4785.39453125 4830.11376953125 4876.47412109375 4924.4287109375 4973.931640625 5024.93798828125 5077.40087890625
4792.70263671875 4753.9453125 4716.99072265625 4681.8798828125 4648.65576171875 4617.3583984375 4588.02783203125 4560.70166015625 4535.416015625 4512.20556640625 4491.10205078125 4472.1357421875 4455.33349609375 4440.720703125 4428.31787109375 4418.14404296875 4410.21533203125 4404.54296875 4401.13623046875 4400 4401.13623046875 4404.54296875 4410.21533203125 4418.14404296875 4428.31787109375 4440.720703125 4455.33349609375 4472.1357421875 4491.10205078125 4512.20556640625 4535.416015625 4560.70166015625 4588.02783203125 4617.3583984375 4648.65576171875 4681.8798828125 4716.99072265625 4753.9453125 4792.70263671875 4833.21826171875 4875.44873046875 4919.349609375 4964.87646484375 5011.98583984375 5060.63232421875 5110.77294921875 5162.36376953125
4884.669921875 4846.6484375 4810.4052734375 4775.9814453125 4743.41650390625 4712.74853515625 4684.01513671875 4657.25244140625 4632.494140625 4609.77197265625 4589.1171875 4570.5576171875 4554.119140625 4539.82373046875 4527.6923828125 4517.7431640625 4509.98876953125 4504.4423828125 4501.11083984375 4500 4501.11083984375 4504.4423828125 4509.98876953125 4517.7431640625 4527.6923828125 4539.82373046875 4554.119140625 4570.5576171875 4589.1171875 4609.77197265625 4632.494140625 4657.25244140625 4684.01513671875 4712.74853515625 4743.41650390625 4775.9814453125 4810.4052734375 4846.6484375 4884.669921875 4924.4287109375 4965.8837890625 5008.9921875 5053.71142578125 5100 5147.81494140625 5197.11474609375 5247.8564453125
4976.947265625 4939.63525390625 4904.07958984375 4870.318359375 4838.38818359375 4808.326171875 4780.16748046875 4753.9453125 4729.693359375 4707.44091796875 4687.216796875 4669.04736328125 4652.9560546875 4638.96533203125 4627.09423828125 4617.3583984375 4609.77197265625 4604.345703125 4601.0869140625 4600 4601.0869140625 4604.345703125 4609.77197265625 4617.3583984375 4627.09423828125 4638.96533203125 4652.9560546875 4669.04736328125 4687.216796875 4707.44091796875 4729.693359375 4753.9453125 4780.16748046875 4808.326171875 4838.38818359375 4870.318359375 4904.07958984375 4939.63525390625 4976.947265625 5015.974609375 5056.6787109375 5099.01953125 5142.9560546875 5188.44873046875 5235.4560546875 5283.93798828125 5333.8544921875
5069.5166015625 5032.8916015625 4997.99951171875 4964.87646484375 4933.55859375 4904.07958984375 4876.47412109375 4850.7734375 4827.00732421875 4805.20556640625 4785.39453125 4767.59912109375 4751.841796875 4738.14306640625 4726.52099609375 4716.99072265625 4709.564453125 4704.25341796875 4701.0634765625 4700 4701.0634765625 4704.25341796875 4709.564453125 4716.99072265625 4726.52099609375 4738.14306640625 4751.841796875 4767.59912109375 4785.39453125 4805.20556640625 4827.00732421875 4850.7734375 4876.47412109375 4904.07958984375 4933.55859375 4964.87646484375 4997.99951171875 5032.8916015625 5069.5166015625 5107.83740234375 5147.81494140625 5189.412109375 5232.59033203125 5277.3095703125 5323.53271484375 5371.2197265625 5420.33203125
5162.36376953125 5126.40234375 5092.15087890625 5059.64453125 5028.91650390625 5000 4972.9267578125 4947.72705078125 4924.4287109375 4903.06005859375 4883.64599609375 4866.2099609375 4850.7734375 4837.3544921875 4825.97119140625 4816.6376953125 4809.36572265625 4804.1650390625 4801.04150390625 4800 4801.04150390625 4804.1650390625 4809.36572265625 4816.6376953125 4825.97119140625 4837.3544921875 4850.7734375 4866.2099609375 4883.64599609375 4903.06005859375 4924.4287109375 4947.72705078125 4972.9267578125 5000 5028.91650390625 5059.64453125 5092.15087890625 5126.40234375 5162.36376953125 5200 5239.2744140625 5280.1513671875 5322.59326171875 5366.56298828125 5412.0234375 5458.9375 5507.267578125
5255.47314453125 5220.1533203125 5186.52099609375 5154.60986328125 5124.451171875 5096.0771484375 5069.5166015625 5044.79931640625 5021.95166015625 5001 4981.9677734375 4964.87646484375 4949.74755859375 4936.59814453125 4925.44384765625 4916.29931640625 4909.17529296875 4904.07958984375 4901.0205078125 4900 4901.0205078125 4904.07958984375 4909.17529296875 4916.29931640625 4925.44384765625 4936.59814453125 4949.74755859375 4964.87646484375 4981.9677734375 5001 5021.95166015625 5044.79931640625 5069.5166015625 5096.0771484375 5124.451171875 5154.60986328125 5186.52099609375 5220.1533203125 5255.47314453125 5292.447265625 5331.04150390625 5371.2197265625 5412.947265625 5456.18896484375 5500.9091796875 5547.0712890625 5594.64013671875
5348.83154296875 5314.1318359375 5281.0986328125 5249.76171875 5220.1533203125 5192.3017578125 5166.236328125 5141.984375 5119.5703125 5099.01953125 5080.3544921875 5063.595703125 5048.76220703125 5035.87158203125 5024.93798828125 5015.974609375 5008.9921875 5003.99853515625 5001 5000 5001 5003.99853515625 5008.9921875 5015.974609375 5024.93798828125 5035.87158203125 5048.76220703125 5063.595703125 5080.3544921875 5099.01953125 5119.5703125 5141.984375 5166.236328125 5192.3017578125 5220.1533203125 5249.76171875 5281.0986328125 5314.1318359375 5348.83154296875 5385.16455078125 5423.0986328125 5462.60009765625 5503.63525390625 5546.16943359375 5590.169921875 5635.60107421875 5682.42919921875
