ForecastVariables/ForestProximity/ForestProximity_Forecast.asc
ncols        529
nrows        344
xllcorner    2700.000000000000
yllcorner    15900.000000000000
cellsize     100.000000000000
[rows 84 to 104 of 344, columns 47 to 93 of 529]
1456.02197265625 1360.1470947265625 1264.9111328125 1170.469970703125 1077.032958984375 984.88580322265625 894.42718505859375 806.22576904296875 721.1102294921875 640.31243896484375 565.6854248046875 500 447.213592529296875 400 300 200 100 0 0 0 0 0 0 0 0 0 0 100 200 223.6067962646484375 141.421356201171875 100 0 0 0 0 100 0 0 100 0 0 0 100 0 100 0
1486.60693359375 1392.8388671875 1300 1208.3045654296875 1118.033935546875 1029.56298828125 943.3980712890625 860.2325439453125 781.02496337890625 707.1068115234375 640.31243896484375 565.6854248046875 500 412.310546875 316.227783203125 223.6067962646484375 141.421356201171875 100 100 0 0 0 0 0 0 0 100 141.421356201171875 223.6067962646484375 282.84271240234375 200 100 0 100 100 0 100 100 100 141.421356201171875 100 100 100 0 0 100 0
1442.220458984375 1360.1470947265625 1280.6248779296875 1204.159423828125 1131.370849609375 1044.0306396484375 948.68328857421875 854.40032958984375 761.57733154296875 670.82037353515625 583.09515380859375 500 424.2640380859375 360.55511474609375 316.227783203125 223.6067962646484375 141.421356201171875 100 100 100 0 0 0 0 0 100 141.421356201171875 200 223.6067962646484375 282.84271240234375 200 100 0 100 141.421356201171875 100 141.421356201171875 141.421356201171875 100 141.421356201171875 200 100 0 100 100 0 0
1389.244384765625 1303.8404541015625 1220.655517578125 1140.1754150390625 1063.0146484375 989.94952392578125 921.9544677734375 824.62109375 728.010986328125 632.45556640625 538.5164794921875 447.213592529296875 360.55511474609375 282.84271240234375 223.6067962646484375 200 100 0 0 0 0 0 0 0 100 141.421356201171875 100 100 141.421356201171875 223.6067962646484375 141.421356201171875 100 100 141.421356201171875 200 141.421356201171875 100 100 0 100 100 100 100 141.421356201171875 141.421356201171875 100 100
1341.6407470703125 1252.9964599609375 1166.1903076171875 1081.6654052734375 1000 921.9544677734375 848.528076171875 781.02496337890625 707.1068115234375 608.2762451171875 509.901947021484375 412.310546875 316.227783203125 223.6067962646484375 141.421356201171875 100 100 0 0 0 0 0 0 0 0 100 0 0 100 141.421356201171875 100 0 100 141.421356201171875 100 100 0 100 0 100 0 0 100 141.421356201171875 200 141.421356201171875 100
1300 1208.3045654296875 1118.033935546875 1029.56298828125 943.3980712890625 860.2325439453125 781.02496337890625 707.1068115234375 640.31243896484375 565.6854248046875 500 400 300 200 100 0 100 100 0 0 0 0 0 0 0 0 0 0 0 100 100 0 100 100 0 0 0 0 0 0 0 0 0 100 100 100 0
1264.9111328125 1170.469970703125 1077.032958984375 984.88580322265625 894.42718505859375 806.22576904296875 721.1102294921875 640.31243896484375 565.6854248046875 500 424.2640380859375 360.55511474609375 300 200 100 0 0 100 0 0 0 0 0 0 0 0 0 0 0 0 0 0 0 0 0 0 100 0 0 0 0 0 100 100 0 100 100
1236.9317626953125 1140.1754150390625 1044.0306396484375 948.68328857421875 854.40032958984375 761.57733154296875 670.82037353515625 583.09515380859375 500 424.2640380859375 360.55511474609375 282.84271240234375 223.6067962646484375 141.421356201171875 100 0 0 0 0 0 0 0 0 0 0 0 0 0 0 0 0 0 0 0 100 0 100 0 0 0 0 100 100 0 0 100 200
1216.552490234375 1118.033935546875 1019.80389404296875 921.9544677734375 824.62109375 728.010986328125 632.45556640625 538.5164794921875 447.213592529296875 360.55511474609375 282.84271240234375 223.6067962646484375 141.421356201171875 100 0 0 0 0 100 0 0 0 0 0 0 0 0 0 0 0 0 0 0 100 0 100 100 100 0 0 0 0 100 0 100 141.421356201171875 223.6067962646484375
1204.159423828125 1104.5360107421875 1004.987548828125 905.53857421875 806.22576904296875 707.1068115234375 608.2762451171875 509.901947021484375 412.310546875 316.227783203125 223.6067962646484375 141.421356201171875 100 0 0 0 0 0 0 0 0 0 0 0 0 0 0 0 0 0 100 100 100 0 0 0 0 0 0 0 0 0 100 100 141.421356201171875 223.6067962646484375 282.84271240234375
1200 1100 1000 900 800 700 600 500 400 300 200 100 0 0 0 0 0 0 0 100 100 0 0 0 0 0 0 0 0 0 100 100 0 0 100 100 0 0 0 0 0 100 0 100 200 300 360.55511474609375
1200 1100 1000 900 800 700 600 500 400 300 200 100 0 100 0 0 0 0 0 0 0 0 0 0 0 0 0 0 100 0 0 0 0 0 100 100 0 100 0 100 100 100 100 141.421356201171875 223.6067962646484375 316.227783203125 412.310546875
1140.1754150390625 1104.5360107421875 1004.987548828125 905.53857421875 806.22576904296875 707.1068115234375 608.2762451171875 509.901947021484375 412.310546875 316.227783203125 223.6067962646484375 141.421356201171875 100 0 0 100 100 100 0 100 0 100 100 0 100 0 0 0 0 0 0 100 0 0 100 100 0 100 0 100 100 0 100 141.421356201171875 223.6067962646484375 316.227783203125 412.310546875
1044.0306396484375 1019.80389404296875 1004.987548828125 921.9544677734375 824.62109375 728.010986328125 632.45556640625 538.5164794921875 447.213592529296875 360.55511474609375 282.84271240234375 223.6067962646484375 141.421356201171875 100 100 141.421356201171875 100 0 0 100 100 141.421356201171875 141.421356201171875 100 141.421356201171875 100 100 100 0 100 100 100 0 0 100 141.421356201171875 100 0 0 100 0 0 0 100 200 300 400
948.68328857421875 921.9544677734375 905.53857421875 900 854.40032958984375 761.57733154296875 670.82037353515625 583.09515380859375 500 424.2640380859375 360.55511474609375 282.84271240234375 200 100 0 100 0 100 100 141.421356201171875 200 223.6067962646484375 223.6067962646484375 200 223.6067962646484375 200 200 100 0 100 100 0 0 0 100 200 141.421356201171875 100 0 0 0 0 100 141.421356201171875 223.6067962646484375 316.227783203125 412.310546875
854.40032958984375 824.62109375 806.22576904296875 800 806.22576904296875 806.22576904296875 721.1102294921875 640.31243896484375 565.6854248046875 500 412.310546875 316.227783203125 223.6067962646484375 141.421356201171875 100 141.421356201171875 100 141.421356201171875 200 223.6067962646484375 282.84271240234375 316.227783203125 316.227783203125 300 316.227783203125 300 223.6067962646484375 141.421356201171875 100 100 0 100 0 0 100 200 200 100 0 0 100 0 100 141.421356201171875 223.6067962646484375 316.227783203125 412.310546875
761.57733154296875 728.010986328125 707.1068115234375 700 707.1068115234375 707.1068115234375 700 707.1068115234375 632.45556640625 538.5164794921875 447.213592529296875 360.55511474609375 282.84271240234375 223.6067962646484375 200 223.6067962646484375 200 223.6067962646484375 282.84271240234375 316.227783203125 360.55511474609375 412.310546875 412.310546875 400 412.310546875 360.55511474609375 282.84271240234375 223.6067962646484375 200 100 0 0 0 100 100 100 100 100 0 0 100 0 0 100 200 300 400
670.82037353515625 632.45556640625 608.2762451171875 600 608.2762451171875 608.2762451171875 600 608.2762451171875 632.45556640625 583.09515380859375 500 424.2640380859375 360.55511474609375 316.227783203125 300 316.227783203125 300 316.227783203125 360.55511474609375 412.310546875 447.213592529296875 500 509.901947021484375 500 447.213592529296875 412.310546875 360.55511474609375 282.84271240234375 223.6067962646484375 141.421356201171875 100 100 100 100 0 0 0 100 0 0 100 0 0 100 200 300 400
583.09515380859375 538.5164794921875 509.901947021484375 500 509.901947021484375 509.901947021484375 500 509.901947021484375 538.5164794921875 583.09515380859375 565.6854248046875 500 447.213592529296875 412.310546875 400 412.310546875 400 412.310546875 447.213592529296875 500 538.5164794921875 583.09515380859375 500 424.2640380859375 360.55511474609375 316.227783203125 300 223.6067962646484375 141.421356201171875 100 141.421356201171875 141.421356201171875 100 100 0 0 0 0 0 0 0 0 100 141.421356201171875 223.6067962646484375 316.227783203125 412.310546875
500 447.213592529296875 412.310546875 400 412.310546875 412.310546875 400 412.310546875 447.213592529296875 500 565.6854248046875 583.09515380859375 538.5164794921875 509.901947021484375 500 509.901947021484375 500 509.901947021484375 538.5164794921875 583.09515380859375 600 538.5164794921875 447.213592529296875 360.55511474609375 282.84271240234375 223.6067962646484375 200 200 100 0 100 100 0 100 100 0 0 0 0 0 0 0 100 200 282.84271240234375 360.55511474609375 447.213592529296875
424.2640380859375 360.55511474609375 316.227783203125 300 316.227783203125 316.227783203125 300 316.227783203125 360.55511474609375 424.2640380859375 500 583.09515380859375 608.2762451171875 583.09515380859375 538.5164794921875 509.901947021484375 500 500 500 509.901947021484375 500 500 412.310546875 316.227783203125 223.6067962646484375 141.421356201171875 100 100 100 0 0 0 100 141.421356201171875 100 0 0 0 0 0 100 0 100 200 300 400 500
