ForecastVariables/BuildingHeight_Mean_500m/BuildingHeightFocal_Random1.asc
ncols        529
nrows        344
xllcorner    2700.000000000000
yllcorner    15900.000000000000
cellsize     100.000000000000
NODATA_value  nan
[rows 138 to 160 of 344, columns 156 to 207 of 529]
590.07000732421875 598.39501953125 571.89501953125 541.83502197265625 447.82666015625 343.54571533203125 342.678802490234375 404.7454833984375 453.54046630859375 465.91619873046875 461.39715576171875 466.51904296875 420.586669921875 413.235565185546875 437.67999267578125 373.98333740234375 293.73333740234375 157.3000030517578125 171.5 194.4588775634765625 233.8588714599609375 228.6088714599609375 210.7452392578125 302.345245361328125 338.2166748046875 396.5 322 277.833343505859375 280.333343505859375 317.583343505859375 364.833343505859375 385.8787841796875 414.75 382 367 314 302 280 185 102 25 nan nan 17 61 144 217.8055572509765625 209.8000030517578125 203.9666595458984375 175.35833740234375 236.625 322.958343505859375
573.01165771484375 569.3699951171875 545.01336669921875 430.796661376953125 354.52667236328125 319.535003662109375 338.01239013671875 399.868804931640625 488.532867431640625 486.510467529296875 536.125732421875 504.7457275390625 459.59906005859375 466.746673583984375 520.78997802734375 443.42333984375 290.70001220703125 160.600006103515625 99.76666259765625 163.6666717529296875 156.4588775634765625 165.6619110107421875 204.01190185546875 238.5666656494140625 353.930938720703125 375.916656494140625 338.388885498046875 248.3333282470703125 222.6666717529296875 263.333343505859375 303.212127685546875 315.7537841796875 360.695465087890625 432.75 416 408 422 320 189 115 50 18 42 88 149 175.3055572509765625 211.49444580078125 228.272216796875 272.29998779296875 235.4250030517578125 308.42498779296875 328.625
451.8699951171875 433.420013427734375 420.986663818359375 394.8599853515625 337.84332275390625 299.84332275390625 295.85833740234375 360.585723876953125 447.044769287109375 561.70904541015625 462.605712890625 461.402374267578125 459.47332763671875 493.65667724609375 496.790008544921875 440.649993896484375 310.80999755859375 150.2599945068359375 46.09999847412109375 65.66666412353515625 92.66666412353515625 128.095245361328125 154.5666656494140625 243.9476165771484375 309.48095703125 364.853179931640625 297.924591064453125 227.9388885498046875 156.3333282470703125 161.212127685546875 249.7537841796875 300.820465087890625 349.783416748046875 417.028778076171875 454.75 428 368 323 196 124 43 133 174 220 199.8055572509765625 209.6944427490234375 233.6944427490234375 315.49444580078125 291.772216796875 330.79998779296875 339.625 429.833343505859375
400.470001220703125 396.739990234375 356.633331298828125 346.183319091796875 307.709991455078125 266.75531005859375 287.874237060546875 347.899993896484375 441.79998779296875 424.72332763671875 398.50238037109375 381.4666748046875 430.833343505859375 420.323333740234375 414.51666259765625 403.176666259765625 315.6099853515625 110.0833282470703125 17 nan 87.66666412353515625 134.888458251953125 199.46624755859375 253.24761962890625 340.5364990234375 326.155548095703125 289.3055419921875 197.1746063232421875 159.302520751953125 158.4583282470703125 194.356170654296875 302.783416748046875 379.11676025390625 396.5712890625 429.73333740234375 402 309 235 220.5 128.5 250 256 283.5 264.5 298.388885498046875 232.1944427490234375 277.6944580078125 285.1944580078125 287.68890380859375 309.666656494140625 430.333343505859375 470
413.889984130859375 438.60333251953125 342.32000732421875 323.666656494140625 267.39697265625 234.237884521484375 242.36883544921875 294.44091796875 321.45001220703125 311.79046630859375 312.416656494140625 312.383331298828125 295.149993896484375 318.9666748046875 343.116668701171875 363.3009033203125 266.287506103515625 125.46666717529296875 27 50 105.53845977783203125 175.6904296875 226.3904266357421875 306.35791015625 355.70001220703125 324.3055419921875 262.0704345703125 204.9049072265625 180.9493560791015625 200.4850616455078125 237.3736724853515625 305.6524658203125 365.5712890625 427.6962890625 362.296295166015625 325.333343505859375 249 221.2826080322265625 199.5 271.5 323 372 314 343.5 306 239.388885498046875 157.6944427490234375 257.888885498046875 291 304 361 413.5
479.3599853515625 373.6199951171875 353.586669921875 309.983642578125 282.1212158203125 230.035491943359375 206.3354949951171875 203.018829345703125 232.1813812255859375 244.9547576904296875 257.25714111328125 250.5500030517578125 267.95001220703125 240.26666259765625 354.257568359375 305.4212646484375 259.295074462890625 149.4041748046875 75.6666717529296875 48.53845977783203125 115.0237579345703125 178.623748779296875 257.58209228515625 298.182098388671875 291.34124755859375 305.09820556640625 220.8007354736328125 209.24517822265625 192.5850677490234375 238.41839599609375 301.60174560546875 309.51654052734375 349.982025146484375 356.296295166015625 324.333343505859375 223 238.7826080322265625 167.7826080322265625 206.2826080322265625 231 304.5 310.5 352 274.5 230 188 198.888885498046875 195 255 334.5 356.5 372
447.626678466796875 403.55999755859375 281.133331298828125 326.980010986328125 298.577911376953125 285.1688232421875 225.518829345703125 189.845672607421875 172.2357177734375 201.0714263916015625 221.9547576904296875 268.2071533203125 259.600006103515625 300.590911865234375 327.97125244140625 324.43792724609375 210.637939453125 125.69507598876953125 48.9375 69.25 108.78845977783203125 179.6487579345703125 221.3762054443359375 231.1769561767578125 233.820831298828125 216.787506103515625 220.698211669921875 177.236846923828125 230.9385223388671875 240.785064697265625 251.9642791748046875 351.78094482421875 323.180816650390625 272.76190185546875 208 216.2826080322265625 240.2826080322265625 206.44927978515625 116.11594390869140625 203.6263580322265625 213.5 250 198 197.5 211.5 182 152.5 162 297 297 368.5 397
506.166656494140625 351.44000244140625 315.953338623046875 328.833343505859375 395.333343505859375 363.21124267578125 303.2718505859375 249.611907958984375 232.6714324951171875 219.221435546875 309.921417236328125 361.73095703125 400 375.74285888671875 391.583770751953125 339.97125244140625 254.8379364013671875 100.08036041259765625 60 60 117.25 156.9159088134765625 171.1091766357421875 202.5191192626953125 183.1666717529296875 185.0958251953125 166.797027587890625 214.6558380126953125 233.3616180419921875 273.974273681640625 292.176788330078125 307.967864990234375 298.273101806640625 237.64642333984375 255.9285736083984375 238 250.94927978515625 276.282623291015625 236.79302978515625 160.84375 199.84375 219 123 176 221 176 126.5 204 229.5 352 399.5 471
420.566680908203125 355.746673583984375 281.899993896484375 356.26666259765625 421.833343505859375 453.20001220703125 391.130950927734375 308.54998779296875 281.630950927734375 363.98809814453125 416.98095703125 479.5 485.26666259765625 502.95001220703125 480.592864990234375 497.583770751953125 246.080352783203125 118 60 60 111.29412078857421875 159.4155426025390625 178.0291748046875 169.451263427734375 193.335784912109375 146.7261962890625 169.2986907958984375 218.746795654296875 265.972991943359375 272.70452880859375 298.24273681640625 308.664764404296875 300.65643310546875 296.46356201171875 235.503570556640625 279.595245361328125 307 344.29302978515625 296.677093505859375 254.1770782470703125 269.34375 239.34375 257.5 162 185.5 165.5 189.5 201 312.5 285.5 451.5 423
382.2266845703125 292.226654052734375 275.3599853515625 304.5333251953125 393.366668701171875 450.354766845703125 423.38751220703125 352.239227294921875 374.350006103515625 436.330963134765625 538.25 525.183349609375 535.11663818359375 558.11663818359375 607.45001220703125 466.342864990234375 314.600006103515625 116 48 60 96.5714263916015625 152.22918701171875 173.6898956298828125 174.6898956298828125 159.3416595458984375 170.1761932373046875 156.1118011474609375 193.982513427734375 220.53668212890625 245.4188232421875 268.5396728515625 315.58856201171875 345.33856201171875 288.763580322265625 239.4885711669921875 237 334.333343505859375 328 337.8770751953125 402.010406494140625 343.177093505859375 327.166656494140625 291.5 291 162 168 158.5 207 233 368.5 364 377.5
316.126678466796875 252.3600006103515625 218.6999969482421875 260.333343505859375 329.154754638671875 378.125579833984375 331.36480712890625 352.32672119140625 373.189208984375 433.066680908203125 490.116668701171875 509.833343505859375 498.76666259765625 552.95001220703125 501.70001220703125 368.100006103515625 275 151 24 36 84.3636322021484375 133.2207794189453125 164.514892578125 170.395782470703125 153.691009521484375 158.8035736083984375 168.4345245361328125 163.4784698486328125 175.7063140869140625 200.962982177734375 225.8190460205078125 258.24334716796875 277.24749755859375 252.10107421875 214.100006103515625 181.5 213.1666717529296875 266.20001220703125 299.5333251953125 331.8770751953125 440.166656494140625 367.5 353.5 257.5 227.5714263916015625 120 159.5 179.5 250 267 331.5 338.5
295.05999755859375 273.70001220703125 248.3333282470703125 267.571441650390625 302.592254638671875 266.54815673828125 234.5314788818359375 202.948150634765625 288.126708984375 333.939208984375 359.0333251953125 371.8055419921875 350.166656494140625 332.933319091796875 379.666656494140625 302 127 12 nan 24 72 108.3636322021484375 145.2207794189453125 160.64935302734375 154.1607208251953125 154.5 161.142852783203125 155.125 161.835601806640625 165.09405517578125 159.0833282470703125 208.1125030517578125 252.1725006103515625 235.1999969482421875 173.4333343505859375 99.16666412353515625 127.866668701171875 194.866668701171875 254.116668701171875 297.5333251953125 370.20001220703125 456.833343505859375 346.5 310.571441650390625 235.5714263916015625 180.23809814453125 125.75 160.875 171 233 286 361.5
365.333343505859375 333.333343505859375 316.333343505859375 292.333343505859375 211.5714263916015625 163.592254638671875 133.714813232421875 117.67671966552734375 121.772552490234375 202.0452423095703125 224.105560302734375 242.8055572509765625 243.2222137451171875 233.5666656494140625 230.0666656494140625 198.5666656494140625 43 nan nan 12 48 84 132.3636322021484375 156.2857208251953125 156 156 156 156 150.3333282470703125 162.2083282470703125 200 223.2624969482421875 259.20001220703125 234.26666259765625 176.9333343505859375 121.4333343505859375 94.66666412353515625 126.9499969482421875 203.4499969482421875 301.7833251953125 364.333343505859375 391.333343505859375 408.904754638671875 340.071441650390625 325.404754638671875 247.5436553955078125 177.2916717529296875 135.024993896484375 192.0416717529296875 205.5 339 386.5
420 403.066680908203125 364.666656494140625 288.333343505859375 191.3333282470703125 120.23809814453125 84.6875 44.955883026123046875 65.46190643310546875 99.867462158203125 152.117462158203125 154.855560302734375 196.872222900390625 256.622222900390625 198.5666656494140625 114.5666656494140625 48.40000152587890625 24.5 nan nan 47 130 120 144 144 144 144 144.3333282470703125 161.383331298828125 202.8000030517578125 235.383331298828125 292.75 292.683349609375 299.26666259765625 239.26666259765625 190.3333282470703125 140.9166717529296875 123.75 211.2833404541015625 314.916656494140625 349.916656494140625 387.833343505859375 415.833343505859375 451.73809814453125 363.2103271484375 317.388885498046875 248.0757904052734375 215.7869110107421875 195.35833740234375 230.9416656494140625 298.482757568359375 419
422.066680908203125 424.066680908203125 381.899993896484375 287.666656494140625 209.6666717529296875 141.9166717529296875 61.666667938232421875 38.428569793701171875 60.978572845458984375 79.72856903076171875 111.617462158203125 150.0341339111328125 218.355560302734375 253.0666656494140625 220.0666656494140625 155.0666656494140625 67.16666412353515625 24.5 13 23 119 176 186 147 137 108 108.33333587646484375 114.383331298828125 139.0500030517578125 201.133331298828125 283.383331298828125 321.383331298828125 355.083343505859375 318.48333740234375 281.416656494140625 256.666656494140625 208.5 208.0833282470703125 209.0833282470703125 279.583343505859375 373.833343505859375 363.333343505859375 415.5 395.72222900390625 406.763885498046875 332.742462158203125 306.28411865234375 245.242462158203125 213.4369049072265625 233.6160888671875 333.5494384765625 375.482757568359375
422.73333740234375 401.066680908203125 375.899993896484375 307.899993896484375 224.25 151.4166717529296875 89.41666412353515625 67.66666412353515625 83.4285736083984375 91.97856903076171875 128.47857666015625 156.355560302734375 246 242.1666717529296875 244.5666656494140625 187.1666717529296875 84.16666412353515625 21.666667938232421875 23 107 180 223 260 255 131.642852783203125 101 61.25 70.25 103.883331298828125 175.883331298828125 257.9666748046875 327.75 333.116668701171875 333.7833251953125 315.7833251953125 287.75 264 254 259.583343505859375 301 356.5 352.333343505859375 326 376.541656494140625 322.497222900390625 310.09246826171875 239.5757904052734375 220.2118988037109375 186.5160980224609375 188.216094970703125 231.5494232177734375 325.19525146484375
448.73333740234375 391.316680908203125 364.816680908203125 299.75 231.9166717529296875 147.9166717529296875 130.9166717529296875 106.75 85.33333587646484375 116.4285736083984375 147.3000030517578125 239 209.75 265 241.1666717529296875 195.1666717529296875 96.66666412353515625 21 26 110 281 288 362 275.642852783203125 192.7261962890625 101.45536041259765625 90 60.25 74.25 116.0500030517578125 203.8333282470703125 261.2833251953125 306.350006103515625 280.083343505859375 286.2833251953125 308.95001220703125 306.75 270.5 307.5 339 337.5 329.5 360 331 319.541656494140625 209.8305511474609375 215.2035675048828125 141.4666595458984375 164.23333740234375 136.5494232177734375 138.69525146484375 192.9088897705078125
494.583343505859375 377.73333740234375 383 314.416656494140625 202.9166717529296875 194.9166717529296875 149.5 131.6666717529296875 139.8333282470703125 164.3333282470703125 234.5 236.75 292.75 251.75 235.5 161.6666717529296875 140.5 87 40 133 248 412 373.642852783203125 336.7261962890625 221.0386962890625 167.0386962890625 144.455352783203125 93 91.25 130.6666717529296875 129.73333740234375 200.633331298828125 265.5 295.183319091796875 301.350006103515625 301.149993896484375 312.399993896484375 325 332 350 363 404.5 377.5 405 328 287.875 155.899993896484375 152 119.116668701171875 113.40000152587890625 111.732757568359375 121.677886962890625
416.5 392.666656494140625 379.166656494140625 302.5 234.0833282470703125 203.8333282470703125 197.9166717529296875 165.98809814453125 198.095245361328125 255.3333282470703125 269.583343505859375 289.75 249.75 272.75 192.25 209.5 167.5 115.5 141 160 241 385 412.083343505859375 331.0386962890625 302.0386962890625 219.0386962890625 232.3958282470703125 218.8125 215 179 168.5 236.399993896484375 265.23333740234375 305.600006103515625 322.649993896484375 321.5 305.100006103515625 322 372 383 392 375 452 525.5 469 321 271 161.350006103515625 146.9499969482421875 106.6374969482421875 110.5 113.01923370361328125
372.583343505859375 370.5 349.5 331.916656494140625 238.4166717529296875 194.5833282470703125 193.654754638671875 225.9166717529296875 283.916656494140625 252.095245361328125 325 286.25 281.75 182.25 223.5 224.5 219.5 181.5 172.8333282470703125 232 308 326.5 321.416656494140625 307.22222900390625 252.0386962890625 304.895843505859375 346.3125 434.5 325 262 300 343.5 316.899993896484375 331 329.5 328.100006103515625 344 355 367 412 356 369 519 553 488.5 426.5 294.850006103515625 223.850006103515625 131.537506103515625 131.6374969482421875 118.15673065185546875 118.09751129150390625
339.833343505859375 361.916656494140625 310.333343505859375 287.833343505859375 268.833343505859375 152.154754638671875 153.5833282470703125 199.5833282470703125 247.6666717529296875 286 242.4285736083984375 281 222.25 204 176 212.5 272.166656494140625 292.166656494140625 229.6666717529296875 247.3333282470703125 331.5 259.916656494140625 258.0555419921875 238.0555572509765625 233.72222900390625 300.3125 422.5 469.5 452 405 363 319 353.5 400 387.100006103515625 313 324 364 428 404 358 359.894744873046875 393.840911865234375 474 501 397.399993896484375 310.399993896484375 204.037506103515625 185.537506103515625 145.056732177734375 178.5350189208984375 128.86834716796875
320.333343505859375 313.083343505859375 321.083343505859375 273.25 193.5 114 108.8214263916015625 149.3333282470703125 170 198.4285736083984375 212 178 183 194 177 224.6666717529296875 254.8333282470703125 301.166656494140625 321 288.166656494140625 282.25 229.5555572509765625 210.5555572509765625 169.0555572509765625 197.5555572509765625 283.138885498046875 398 428 410 403.29998779296875 328 339 381 369 336 357 354 454 434 367 313.894744873046875 265.23565673828125 315.826568603515625 405.840911865234375 401 325 282.399993896484375 290.399993896484375 202.287506103515625 210.9930572509765625 240.5956268310546875 205.287994384765625
305.083343505859375 274.75 324.416656494140625 304.25 170.4166717529296875 99.16666412353515625 41 64.5714263916015625 89.4285736083984375 109 108.40000152587890625 114 159 153 191.6666717529296875 204 266.833343505859375 345.166656494140625 386.166656494140625 337.5 289.333343505859375 237.5595245361328125 153.2118072509765625 154.099029541015625 216.638885498046875 264 354.5 343.57501220703125 380.600006103515625 328.73333740234375 364.29998779296875 337 403 361 380 397 425 420 439 379.894744873046875 319.23565673828125 203.8265533447265625 242.8265533447265625 369.326568603515625 377.340911865234375 328.5 366 288.399993896484375 351 340.104156494140625 348.579376220703125 274.5152587890625
