ForecastVariables/BuildingHeight_Mean_500m/BuildingHeightFocal_Random2.asc
ncols        529
nrows        344
xllcorner    2700.000000000000
yllcorner    15900.000000000000
cellsize     100.000000000000
NODATA_value  nan
[rows 138 to 160 of 344, columns 52 to 103 of 529]
nan nan nan nan nan nan nan nan nan nan nan nan nan nan nan nan nan nan nan nan nan nan 4.6666665077209472656 16.666666030883789062 33.666667938232421875 37.75 80.5 155 216.7348480224609375 277.2872314453125 344.127716064453125 319.74285888671875 289.75 250.25 186.378570556640625 129.75555419921875 120.10475921630859375 151.8273773193359375 195.9523773193359375 207.1523895263671875 215.5690460205078125 322.385711669921875 350.753326416015625 380.660003662109375 420.0533447265625 438.638336181640625 406.019989013671875 413.861663818359375 415.998809814453125 420.78045654296875 415.732147216796875 424.541656494140625
nan nan nan nan nan nan nan nan nan nan nan nan nan nan nan nan nan nan nan nan nan 4.6666665077209472656 16.666666030883789062 36.166667938232421875 50.916667938232421875 81.41666412353515625 108.25 199.31817626953125 258.1038818359375 344.50390625 344.02056884765625 335.644378662109375 309.642852783203125 260.01190185546875 194.095245361328125 146.378570556640625 130.125 135.7916717529296875 180.4440460205078125 270.385711669921875 310.869049072265625 276.6199951171875 350.686676025390625 394.86334228515625 446.7066650390625 436.2933349609375 425.39166259765625 407.450469970703125 404.77880859375 406.6588134765625 399.64715576171875 413.643798828125
nan nan nan nan nan nan nan nan nan nan nan nan nan nan nan nan nan nan nan nan nan 5.5 23.666666030883789062 42.916667938232421875 60.416667938232421875 80.75 140.25 208.892852783203125 310.86102294921875 354.670562744140625 364.953887939453125 346.46905517578125 312.94525146484375 256.345245361328125 199.095245361328125 145.5535736083984375 140.5702362060546875 170.8249969482421875 222.1750030517578125 276.1773681640625 342.936676025390625 343.3699951171875 370.480010986328125 408.029998779296875 409.94000244140625 449.5150146484375 456.458343505859375 441.40667724609375 394.817138671875 383.61712646484375 411.6387939453125 445.579986572265625
6 nan nan nan nan nan nan nan nan nan nan nan nan nan nan nan nan nan nan nan nan 7 19 36.166667938232421875 51.25 74.75 122.25 192.5 270.642852783203125 351.394378662109375 359.0523681640625 351.683349609375 296.20001220703125 235.2118988037109375 172.595245361328125 165.9618988037109375 180.3416595458984375 221.1916656494140625 260.10833740234375 320.133331298828125 355.45001220703125 383.53668212890625 361.311676025390625 365.96832275390625 396.311676025390625 449.10333251953125 472.55499267578125 451.2550048828125 432.72833251953125 393.775482177734375 427.90167236328125 477.304779052734375
38 nan nan nan nan nan nan nan nan nan nan nan nan nan nan nan nan nan nan nan nan nan 7 19 26 47.75 75.5 125.5 213.8333282470703125 292.642852783203125 331.73333740234375 307.73333740234375 266.95001220703125 222.75 198.2118988037109375 217.5333251953125 243.616668701171875 277.258331298828125 342.616668701171875 391.399993896484375 394.73333740234375 347.508331298828125 294.958343505859375 335.48834228515625 360.24835205078125 438.26165771484375 453.5 457.288330078125 442.264984130859375 433.2349853515625 438.8997802734375 470.671417236328125
58 nan nan nan nan nan nan nan nan nan nan nan nan nan nan nan nan nan nan nan nan nan nan 7 6.5 6 29 83 140.1666717529296875 203.8000030517578125 245 247.2833404541015625 218.9499969482421875 202.1833343505859375 189.1833343505859375 215.8499908447265625 284.23333740234375 372.95001220703125 391.883331298828125 401.816650390625 383.64166259765625 322.048858642578125 287.878326416015625 301.73834228515625 347.671661376953125 393.318328857421875 477.67333984375 464.45831298828125 445.30499267578125 440.04974365234375 457.593109130859375 449.779754638671875
nan nan nan nan nan nan nan nan nan nan nan nan nan nan nan nan nan nan nan nan nan nan nan nan nan nan nan 38 67.8000030517578125 115.16666412353515625 150.5 160.1666717529296875 139.0833282470703125 115.75 138.51666259765625 167.8000030517578125 267.666656494140625 353.95001220703125 377.4666748046875 375.5 362.3038330078125 306.828857421875 282.5155029296875 293.328338623046875 364.660003662109375 411.14666748046875 421.69000244140625 468.94000244140625 446.9183349609375 450.114990234375 440.816436767578125 425.7314453125
nan nan nan nan nan nan nan nan nan nan nan nan nan nan nan nan nan nan nan nan nan nan nan nan nan nan nan nan 16 56.799999237060546875 63.66666412353515625 63.5 55.200000762939453125 35.25 48.96666717529296875 108.3333282470703125 189.01666259765625 255.73333740234375 307.366668701171875 329.2371826171875 297.453857421875 289.337188720703125 270.1788330078125 285.37384033203125 347.816650390625 400.5966796875 400.71331787109375 398.720001220703125 476.0533447265625 439.51165771484375 437.726654052734375 444.664764404296875
nan nan nan nan nan nan nan nan nan nan nan nan nan nan nan nan nan nan nan nan nan nan nan nan nan nan nan nan nan 16 14.800000190734863281 13.199999809265136719 7 15 nan 49.15000152587890625 112.28333282470703125 170.48333740234375 238.8333282470703125 251.5 222.2038421630859375 201.403839111328125 231.353851318359375 277.0333251953125 323.633331298828125 325.76666259765625 366.959991455078125 403.64666748046875 431.9466552734375 477.546661376953125 458.246673583984375 468.1300048828125
47 20 3 12 nan nan nan nan nan nan nan nan nan nan nan nan nan nan nan nan nan nan nan nan nan nan nan nan nan nan nan nan nan nan nan 16 58.84999847412109375 119.58333587646484375 137.25 152.850006103515625 160.3000030517578125 151.153839111328125 156 287 274.0333251953125 321.066680908203125 373.019989013671875 434.78668212890625 455.246673583984375 493.606658935546875 506.279998779296875 456.329986572265625
93 55 50 30 58 nan nan nan nan nan nan nan nan nan nan nan nan nan nan nan nan nan nan nan nan nan nan nan nan nan nan nan nan nan nan nan 16 58.84999847412109375 62.5 68 90 96 171 250 311.433349609375 382.586669921875 426.2933349609375 445.453338623046875 489.14666748046875 531.52001953125 502.47998046875 482.335235595703125
131 135 101 126 109 58 nan nan nan nan nan nan nan nan nan nan nan nan nan nan nan nan nan nan nan nan nan nan nan nan nan nan nan nan nan nan nan 16 16 15 36 85 175.6666717529296875 255 333.220001220703125 404.453338623046875 428.59332275390625 433.5333251953125 480.373321533203125 480.753326416015625 503.541900634765625 490.715240478515625
218 222 198 181 155 103 57 nan nan nan nan nan nan nan nan nan nan nan nan nan nan nan nan nan nan nan nan nan nan nan nan nan nan nan nan nan nan nan nan nan nan 93.66666412353515625 155 223.4666748046875 310.29998779296875 327.186676025390625 346.519989013671875 365.393341064453125 367.64666748046875 398.97998046875 451.6199951171875 450.681915283203125
275 255 222 209 193 163 75 30 17 36 nan nan nan nan nan nan nan nan nan nan nan nan nan nan nan nan nan nan nan nan nan nan nan nan nan nan nan nan nan nan 24.666667938232421875 64 154.3000030517578125 206.9666748046875 234.9666595458984375 233.383331298828125 253.753326416015625 259.616668701171875 270.806671142578125 308.166656494140625 360.586669921875 378.333343505859375
267.166656494140625 246 218 237 232 186 114 93 104 75 46 5 nan nan nan nan nan nan nan nan nan nan nan nan nan nan nan nan nan nan nan nan nan nan nan nan nan nan nan 12 48 88.09999847412109375 131.6666717529296875 209.633331298828125 181.383331298828125 209.2984771728515625 211.74761962890625 210.883331298828125 218.23333740234375 271.833343505859375 308.5 303.76666259765625
250.4666595458984375 234.6666717529296875 254 185 209 194 193 209 187 150 93 65 15 13 15 nan nan nan nan nan nan nan nan nan 10 10 nan nan nan nan nan nan nan nan nan nan nan nan nan 31.666667938232421875 71.366668701171875 111.66666412353515625 149.633331298828125 164.6666717529296875 171.331817626953125 176.43896484375 185.69610595703125 183.6809539794921875 213.399993896484375 244.8333282470703125 236.1666717529296875 270.833343505859375
213.4666595458984375 255.8000030517578125 183.3333282470703125 206 209 226 245 245 250 205 145 73 72 51 52 22 nan nan nan nan 11 16.5 14.25 26.333333969116210938 35 31.333332061767578125 40.40000152587890625 23 11.666666984558105469 9 13 12.5 15.666666984558105469 12 26 23.5 14 4 34.666667938232421875 50.866668701171875 85.622222900390625 128.024993896484375 154.9166717529296875 148.2889556884765625 140.7722930908203125 142.7889556884765625 152.605621337890625 171.43499755859375 194.9642791748046875 208.75 218.0833282470703125 197.6666717529296875
211.1750030517578125 221.9166717529296875 205.1666717529296875 203.3333282470703125 241.3333282470703125 231 278 279 273 262 166 128 113 125 87 67 32 nan 14 23.75 38.166667938232421875 50.950000762939453125 65.6833343505859375 76.01190185546875 73.66666412353515625 86.5666656494140625 99.73332977294921875 88.3166656494140625 56 42.666667938232421875 47.833332061767578125 54.96666717529296875 52.166667938232421875 66.66666412353515625 89.5 84.83333587646484375 55.5 54 65.40000152587890625 98.622222900390625 99.96389007568359375 131.1638946533203125 133.4154815673828125 134.6738128662109375 123.84610748291015625 124.822296142578125 135.961181640625 149.6960296630859375 154.888885498046875 153.100006103515625 168.9333343505859375 164.1666717529296875
159.850006103515625 209.3000030517578125 208.5 203.5 193.6666717529296875 236.3333282470703125 261 313 271 236 175 139 167 166 137 96 62 56 52.75 78.91666412353515625 82.866668701171875 95.5500030517578125 110.64524078369140625 122.4452362060546875 147.5785675048828125 161.149993896484375 152.48333740234375 161.649993896484375 154.98333740234375 115.33333587646484375 111.96666717529296875 115.3000030517578125 129.9666748046875 152.9166717529296875 165 155.5 143.4333343505859375 126.5 122.5555572509765625 130.3305511474609375 135.497222900390625 114.20436859130859375 111.09484100341796875 109.9202423095703125 110.72142791748046875 119.318328857421875 136.9293670654296875 147.0888824462890625 135.855560302734375 130.9888916015625 130.0833282470703125 135.8333282470703125
142.364288330078125 154.01904296875 173.383331298828125 150.8333282470703125 181.1666717529296875 228.3333282470703125 268.833343505859375 258 284 201 175 189 159 178 173 135 108 99.75 108.91666412353515625 103.616668701171875 122.21666717529296875 131.895233154296875 136.111907958984375 133.97857666015625 142.778564453125 167.9396820068359375 196.0666656494140625 236.23333740234375 233.0833282470703125 199.2166595458984375 145.4666595458984375 152.3000030517578125 165.5500030517578125 183.0500030517578125 191.25 201.100006103515625 187.100006103515625 168.73333740234375 156.625 150.5555572509765625 133.4361114501953125 109.3138885498046875 92.28214263916015625 91.611907958984375 99.883331298828125 117.09761810302734375 138.853179931640625 148.8222198486328125 142.1722259521484375 130.6833343505859375 108.08333587646484375 106.75
133.6904754638671875 128.3166656494140625 132.9357147216796875 136.7166595458984375 157.8333282470703125 224.3333282470703125 219.5 263.5 230 222 159 167 192 188 218 162 162 130.8333282470703125 128.5833282470703125 143.9166717529296875 141.2833404541015625 134.6666717529296875 132.778564453125 136.2452392578125 133.2896881103515625 160.1944427490234375 227.6777801513671875 272.583343505859375 312 290.666656494140625 214.2166595458984375 161.383331298828125 160.7166748046875 161.9166717529296875 191.01666259765625 186.9499969482421875 163.774993896484375 149.5416717529296875 158.969451904296875 141.730560302734375 118.4428558349609375 95.88531494140625 81.09523773193359375 80.39652252197265625 88.59891510009765625 105.28571319580078125 128.366668701171875 143.5555572509765625 141.850006103515625 139.5833282470703125 115.25 111.65000152587890625
120.8238067626953125 117.04285430908203125 118.16904449462890625 127.03571319580078125 158.0833282470703125 177.3333282470703125 256.5 222.6666717529296875 214.5 182 178 155 197 250 215.3333282470703125 209.5 182.8333282470703125 162.6666717529296875 137.6666717529296875 128.1666717529296875 131.27142333984375 126.9238128662109375 124.8000030517578125 129.4230194091796875 124.99444580078125 139.6944427490234375 217.5277862548828125 314.861114501953125 385.083343505859375 331.833343505859375 254.5833282470703125 196.5500030517578125 141.75 159.4166717529296875 168.01666259765625 143.5416717529296875 129.38031005859375 123.4444427490234375 126.3249969482421875 124.6234130859375 99.85753631591796875 84.84920501708984375 82.5496978759765625 80.17401123046875 82.52162933349609375 96.9941558837890625 121.22142791748046875 129.1666717529296875 146.0666656494140625 162.8333282470703125 146.350006103515625 119.53095245361328125
113.95952606201171875 114.65238189697265625 118.9523773193359375 129.149993896484375 154.9333343505859375 192.8333282470703125 206.8333282470703125 233.1666717529296875 175.1666717529296875 234 165 169 215 238.3333282470703125 266.833343505859375 250.1666717529296875 198.1666717529296875 160.1666717529296875 148.5833282470703125 119.0547637939453125 118.7452392578125 124.628570556640625 124.97380828857421875 113.6999969482421875 110.4444427490234375 117.34444427490234375 175.111114501953125 322.5 391.5 363.75 260.25 175.75 158.4166717529296875 157.850006103515625 163.8083343505859375 162.1053009033203125 125.11641693115234375 114.524749755859375 127.6999969482421875 120.58055877685546875 98.98174285888671875 90.40048980712890625 88.300994873046875 86.4906768798828125 88.3621063232421875 116.4954376220703125 144.65606689453125 168.3166656494140625 159.5 187.116668701171875 179.2833251953125 140.5833282470703125
