ForecastVariables/BuildingHeight_Mean_500m/BuildingHeightFocal_Random2.asc
ncols        529
nrows        344
xllcorner    2700.000000000000
yllcorner    15900.000000000000
cellsize     100.000000000000
NODATA_value  nan
[rows 161 to 183 of 344, columns 156 to 207 of 529]
369.833343505859375 273.75 297.916656494140625 275.416656494140625 237.1666717529296875 139 50.5 23 72 68.40000152587890625 101.90000152587890625 116.90000152587890625 127.21428680419921875 126 137 190.1666717529296875 265.5 295.833343505859375 315.5 314.333343505859375 252.142852783203125 209.299102783203125 181.259246826171875 212.6719512939453125 267.543487548828125 371 420.75 441.0150146484375 380.60833740234375 362.0333251953125 379.73333740234375 389.29998779296875 355 402 467 449 497 454 390 402.5 325.48565673828125 275.826568603515625 222.3265533447265625 219.43182373046875 294.090911865234375 341.5 369.5 397 359 346 352.916656494140625 249.5168609619140625
272 298.5 271.25 311.666656494140625 275.5 191.5 93.5 109 124.40000152587890625 120.90000152587890625 116.90000152587890625 81.114288330078125 143.9142913818359375 257.21429443359375 257 212 257.166656494140625 304.161895751953125 345.833343505859375 323.642852783203125 300.799102783203125 238.84259033203125 262.675933837890625 198.1759185791015625 298.33306884765625 361.093475341796875 357.029998779296875 346.823333740234375 429.448333740234375 372.60833740234375 350.0333251953125 313.433319091796875 359 385 474 524 497 452 491 480 325.5 211.9856414794921875 195.43182373046875 172.590911865234375 213 269 333.5 426.5 374 347 317.6875 241.0600433349609375
292.600006103515625 236.3000030517578125 282.5 263 268 214 252.5 204 184.5 191.899993896484375 168.114288330078125 170.9142913818359375 236.0142822265625 342.0142822265625 392.21429443359375 371 344.328582763671875 331.828582763671875 317.328582763671875 393 372.74285888671875 361.532440185546875 297.89593505859375 328.733062744140625 265.15179443359375 326.73834228515625 262.30499267578125 381.529998779296875 369.823333740234375 341.873321533203125 293.433319091796875 353 405 350 361 445 475 497 490.5 421 364.5 274.5 112.090911865234375 140 168.5 248 331 352.5 441 336 254 238.9875030517578125
307.079986572265625 258.5 188.3000030517578125 264.100006103515625 252.875 272 298 283 300.5 252 187.6999969482421875 234.0142822265625 316.5142822265625 355.0142822265625 428.79998779296875 508.828582763671875 527.32855224609375 385.328582763671875 379.34857177734375 409.528564453125 479.399993896484375 437.89617919921875 413.2095947265625 343.496826171875 328.523345947265625 210.339996337890625 335.67999267578125 326.30499267578125 348.779998779296875 292.933319091796875 379 372 358 341 342 351.75 387.75 475.399993896484375 428 419 388 302 178 110.5 114 192 374 347.5 326.5 280.5 219 210.8125
327.55499267578125 252.013336181640625 230.399993896484375 272.07501220703125 368.274993896484375 296.375 303 366 369.5 295 178.8000030517578125 133.3000030517578125 230.5142822265625 351.29998779296875 446 464 427.028564453125 469.34857177734375 464.448577880859375 479.5533447265625 509.1533203125 594.35333251953125 485.019989013671875 394.903350830078125 307.845001220703125 301.364990234375 233.339996337890625 297.904998779296875 310.274993896484375 389 375 422 324.20001220703125 336.600006103515625 313.75 340 366.5 380.316680908203125 453.73333740234375 464 425.5 281.5 247 169.5 133.5 250.5 317.5 362.5 241.5 208.5 207.8125 153.962493896484375
328.48834228515625 318.888336181640625 374.98834228515625 407.774993896484375 404.875 410.274993896484375 318.875 394 350.29998779296875 266.29998779296875 245.8000030517578125 152.600006103515625 111.8000030517578125 225.5 319.5 392.70001220703125 429.720001220703125 422.048583984375 492.953338623046875 545.88665771484375 616.606689453125 644.78668212890625 613.91998291015625 426.1400146484375 348.683349609375 299.57501220703125 317.06500244140625 277.975006103515625 336 320 390 408.5333251953125 408.79998779296875 322.54998779296875 309.26666259765625 338.600006103515625 392.833343505859375 437.5 397 439.23333740234375 433 347.5 220 158.5 214.5 253.5 265.5 274.5 258 164.8125 136.462493896484375 134.662506103515625
327.08831787109375 423.98834228515625 521.10833740234375 545.70831298828125 513.4749755859375 409.774993896484375 359.29998779296875 310.79998779296875 336.100006103515625 307.377777099609375 229.14166259765625 188.100006103515625 125.09999847412109375 110.5 179.6999969482421875 352.20001220703125 417.600006103515625 424.6533203125 404.0533447265625 521.97332763671875 670.79498291015625 646.02001953125 621.30670166015625 528.96002197265625 410.07000732421875 340.23333740234375 326.524993896484375 329.899993896484375 220.1999969482421875 329 381.5333251953125 383.29998779296875 346.4666748046875 343.4666748046875 372.416656494140625 422.79998779296875 452.933349609375 461.76666259765625 432.881256103515625 349.850006103515625 356.333343505859375 344 240.5 140.75 160.1875 236.5 253.5 239 151 126.5 117.5124969482421875 125.34999847412109375
306.48834228515625 422.4083251953125 556.933349609375 583 524.4749755859375 416.899993896484375 336.100006103515625 344.29998779296875 322.452789306640625 310.719451904296875 254.373291015625 214.64166259765625 165.8000030517578125 191.3000030517578125 247 277.70001220703125 351.20001220703125 351 396.67333984375 457.29498291015625 483.69500732421875 582.481689453125 536.9466552734375 492.0433349609375 423.876678466796875 409.00335693359375 340.98333740234375 298.25 296.70001220703125 306.23333740234375 382.5 393.5333251953125 414.399993896484375 384.23333740234375 486.5333251953125 559.95001220703125 562.4666748046875 444.3145751953125 371.04791259765625 337.214599609375 257.350006103515625 295 193.25 162.6374969482421875 144.2610321044921875 160.6875 229 125.5 110.5 110.5 112 129.0124969482421875
200.875 301.23333740234375 357.899993896484375 473.100006103515625 497.366668701171875 376.20001220703125 374.5 288.952789306640625 313.536102294921875 312.648284912109375 258.07330322265625 194.773284912109375 187.3416595458984375 231 261.5 319.5 357.20001220703125 350 324.07501220703125 344.22833251953125 435.53668212890625 423.90167236328125 457.235015869140625 394.093353271484375 422.74334716796875 482.9566650390625 428.350006103515625 351.45001220703125 333.600006103515625 366.066680908203125 375.333343505859375 501.433319091796875 461.633331298828125 482.79522705078125 631.26666259765625 657.0999755859375 566.0958251953125 435.675384521484375 277.381256103515625 229.381256103515625 263.53125 279.75 205.087493896484375 162.086029052734375 149.961029052734375 144.7610321044921875 124.6875 110.5 110.5 110.5 110.5 111.875
102 136.899993896484375 278.20001220703125 328.433349609375 346.4666748046875 358.666656494140625 336.375 348.916656494140625 285.148284912109375 263.38995361328125 217.348297119140625 165.495513916015625 183.153839111328125 252 295.5 330.5 383 331 316.79998779296875 389.29998779296875 366.736663818359375 388.333343505859375 337.1400146484375 394.459991455078125 450.453338623046875 481.5 508.48333740234375 432.95001220703125 378.850006103515625 410.399993896484375 516.26666259765625 541.433349609375 544.028564453125 592.36187744140625 694.69525146484375 627.79791259765625 539.60870361328125 391.523284912109375 237.1753692626953125 158.03125 243.5 271.149993896484375 272.848541259765625 213.5360260009765625 162.086029052734375 154.211029052734375 110.8235321044921875 110.5 110.5 110.5 110.5 110.5
nan 113.90000152587890625 169.899993896484375 250.0833282470703125 268.5047607421875 278.100006103515625 297.541656494140625 299.416656494140625 323.416656494140625 202.848297119140625 155.2371826171875 179.153839111328125 209.5 252 351 385.5 347.20001220703125 344.274993896484375 421.35833740234375 436.024993896484375 402.816680908203125 350.0916748046875 371.491668701171875 394.920013427734375 456.80499267578125 487.9466552734375 479.899993896484375 451.350006103515625 390.75 440.149993896484375 534.5 531.69525146484375 540.36187744140625 637.028564453125 582.4598388671875 594.20391845703125 430.480499267578125 263.275360107421875 135.8566131591796875 180.7941131591796875 206.9499969482421875 250.5749969482421875 290.274993896484375 278.848541259765625 246.7860260009765625 154.4485321044921875 144 133 117 148 110.5 110.5
40 84.3333282470703125 168.850006103515625 179.9214324951171875 260.7880859375 270.171417236328125 243.76666259765625 282.875 261.816680908203125 228.5416717529296875 172.653839111328125 164.4583282470703125 203.925933837890625 282.5 351.378387451171875 376.616668701171875 347.475006103515625 406.208343505859375 440.82501220703125 422.808349609375 392.67498779296875 407.10833740234375 371.6300048828125 359.921661376953125 434.27166748046875 495.838348388671875 456.3800048828125 360.399993896484375 367.25 402.399993896484375 477 499.5 543.028564453125 537.4285888671875 540.87860107421875 454.01971435546875 344.3138427734375 166.64715576171875 125.8441162109375 120.66666412353515625 205.725006103515625 236.4499969482421875 252.5749969482421875 281.274993896484375 293.948516845703125 241.5 206.5 169 203.5 154.5 148 110.625
31.666666030883789062 127.58333587646484375 175.3214263916015625 210.6690521240234375 189.121429443359375 191.7881011962890625 255.73809814453125 240.866668701171875 218.774993896484375 195.399993896484375 173.9583282470703125 141.7056884765625 181.34259033203125 291.304290771484375 298.520050048828125 314.070037841796875 339.875 356.058349609375 403.60833740234375 395.024993896484375 411.600006103515625 333.774993896484375 363.725006103515625 438.121673583984375 436.23834228515625 466.20501708984375 395.32501220703125 361.48333740234375 353.9666748046875 352.899993896484375 371.5 464 426 422.428558349609375 491.0384521484375 386.48846435546875 241.8530426025390625 180.715911865234375 176.138458251953125 142.991668701171875 124.22499847412109375 201.475006103515625 230.4499969482421875 261.125 311.5 343.399993896484375 306.975006103515625 279.149993896484375 215 202.5 154.25 192.2916717529296875
66.66666412353515625 135.8333282470703125 216.99761962890625 199.5690460205078125 185.740478515625 182.104766845703125 179.4416656494140625 206.5333251953125 193.6999969482421875 166.60833740234375 143.43902587890625 115.5806884765625 149.5424041748046875 228.1626434326171875 220.5709686279296875 258.6700439453125 295.820037841796875 328.5916748046875 272.458343505859375 384.82501220703125 332.976654052734375 312.399993896484375 386.524993896484375 476.654998779296875 448.088348388671875 449.925018310546875 423.433349609375 392.416656494140625 358.399993896484375 345.666656494140625 342.70001220703125 341 359 369.20001220703125 429 370.871795654296875 252.4217987060546875 247.638458251953125 236.3249969482421875 221.6583404541015625 188.0749969482421875 134.975006103515625 186.475006103515625 267.75 325.399993896484375 382.274993896484375 334.058349609375 298.625 277.149993896484375 200.125 251.258331298828125 190.0625
97 144.380950927734375 206.380950927734375 214.5690460205078125 197.390472412109375 201.6607208251953125 205.4250030517578125 184.4083404541015625 158.116668701171875 137.3047637939453125 111.23809814453125 158.9140167236328125 179.605682373046875 177.884063720703125 224.4533843994140625 219.81170654296875 310.04998779296875 347.625 375.32501220703125 264.209991455078125 313.376678466796875 360.910003662109375 454.80499267578125 498.23834228515625 452.05499267578125 482.73333740234375 479.316680908203125 450.524993896484375 376.183349609375 408.133331298828125 331.9666748046875 298 336.20001220703125 339.20001220703125 350.866668701171875 380.70001220703125 393.5384521484375 324.933319091796875 291.933319091796875 302.57501220703125 306.975006103515625 259.808319091796875 193.3333282470703125 224.899993896484375 319.85833740234375 345.1583251953125 350.2783203125 321.725006103515625 253.75 279.4083251953125 277.458343505859375 350.758331298828125
91 145.5 186.7857208251953125 190.9523773193359375 193.527374267578125 257.029754638671875 270.1630859375 212.10833740234375 160.1583404541015625 125.616668701171875 138.854766845703125 167.73809814453125 197.430694580078125 187.3249969482421875 220.895050048828125 328.508331298828125 342.600006103515625 415.758331298828125 371.55999755859375 335.43499755859375 249.1100006103515625 360.13165283203125 452.97332763671875 455.954986572265625 535.92999267578125 492.11334228515625 539.75836181640625 459.6583251953125 438.958343505859375 398.649993896484375 340.0333251953125 282.70001220703125 249.1999969482421875 301.366668701171875 330.899993896484375 363.23333740234375 317.616668701171875 345.666656494140625 352.600006103515625 384.5 349.308319091796875 306.833343505859375 320.5 247.6233367919921875 376.116668701171875 320.578338623046875 339.045013427734375 297.894989013671875 305.48333740234375 345.958343505859375 388.458343505859375 446.958343505859375
52 108.33333587646484375 123.5 131.78570556640625 199.98809814453125 256.36309814453125 282.225006103515625 247.1916656494140625 180.350006103515625 146.0666656494140625 123.6999969482421875 150.721435546875 183.274993896484375 232.0583343505859375 260.258331298828125 355.383331298828125 472.625 386.375 370.774993896484375 293.410003662109375 278.55999755859375 289.860015869140625 348.2550048828125 455.30499267578125 559.538330078125 572.50836181640625 490.308349609375 504.89166259765625 423.92498779296875 395.308349609375 304 244.3333282470703125 189.866668701171875 233.399993896484375 310.941650390625 281.616668701171875 310.649993896484375 257.616668701171875 334.333343505859375 376.5 382.333343505859375 421.75 374.073333740234375 488.143341064453125 439.8699951171875 370.69500732421875 334.095001220703125 316.519989013671875 384.536651611328125 466.5 469.458343505859375 455.17333984375
13 30 47.333332061767578125 94.5 144.5714263916015625 192.850006103515625 224.024993896484375 219.0666656494140625 174 116.4499969482421875 125.40000152587890625 133.9166717529296875 169.4499969482421875 236.0500030517578125 306.791656494140625 346.864990234375 399.491668701171875 424.1583251953125 280.883331298828125 222.399993896484375 161.3600006103515625 190.875 336.725006103515625 459.9383544921875 491.083343505859375 537.7833251953125 561.808349609375 488.308349609375 424.958343505859375 297.72222900390625 313.833343505859375 221.8333282470703125 194.0416717529296875 225.6999969482421875 242.8249969482421875 252.60833740234375 243.3166656494140625 265.616668701171875 262.678558349609375 283.30950927734375 454.160003662109375 503.1300048828125 581.15997314453125 560.52001953125 528.79498291015625 451.9283447265625 401.061676025390625 387.0533447265625 328.316680908203125 406.04998779296875 477.17333984375 494.44000244140625
nan nan 13 19.333332061767578125 71.66666412353515625 128.6666717529296875 147.01666259765625 127.0500030517578125 102.58333587646484375 117.9333343505859375 105.9333343505859375 139.48333740234375 199.1666717529296875 252.76666259765625 294.290008544921875 350.1400146484375 369.464996337890625 332.20001220703125 232.4666595458984375 143.5 151.25 187.899993896484375 272.225006103515625 428.5 436.683349609375 555.5333251953125 503.433349609375 440.82501220703125 373.3055419921875 346.8055419921875 270.166656494140625 238.7083282470703125 202.2083282470703125 183.5416717529296875 233.4499969482421875 279.10833740234375 214.4083251953125 215.2952423095703125 225.342864990234375 311.06475830078125 411.05950927734375 548.19500732421875 557.8599853515625 557.9949951171875 510.828338623046875 509.0050048828125 378.7550048828125 303.3416748046875 377.5 309.739990234375 394.040008544921875 381.873321533203125
nan nan 6 18 24 68 78.41666412353515625 60.71666717529296875 80.73333740234375 97.4333343505859375 125.84999847412109375 160.0666656494140625 230.2166748046875 269.556671142578125 312.87335205078125 372.92333984375 364.256683349609375 274.073333740234375 211.82000732421875 183.616668701171875 172.5 190.25 230.9375 307.149993896484375 416.95001220703125 462.2833251953125 429.79998779296875 322.8055419921875 363.234130859375 354.97222900390625 276.291656494140625 202.1666717529296875 174.3333282470703125 170.125 219.625 207.616668701171875 206.378570556640625 171.509521484375 234.5528564453125 342.20953369140625 423.638092041015625 410.884521484375 509.5283203125 437.893341064453125 462.038330078125 354.285003662109375 300.85833740234375 376.0333251953125 309.399993896484375 349.600006103515625 338.37335205078125 337.1400146484375
nan nan 6 18 32 55.5 38 45.166667938232421875 55.366668701171875 91.59999847412109375 139.6999969482421875 171.9166717529296875 238.48333740234375 315.183349609375 371.65667724609375 392.17333984375 355.22332763671875 320.953338623046875 292.769989013671875 244.1366729736328125 178.7166748046875 184.0774993896484375 219.7319488525390625 266.070831298828125 363.9666748046875 329.04998779296875 284.083343505859375 306.76190185546875 343.900787353515625 362.900787353515625 292.72222900390625 182.5694427490234375 116.111114501953125 174 140.75 137.1666717529296875 151.9380950927734375 203.75 207.1595306396484375 395.844512939453125 482.055938720703125 434.29998779296875 369.0150146484375 403.028350830078125 383.59332275390625 270.308319091796875 364.2833251953125 453.899993896484375 420 431.833343505859375 370.933349609375 411.823333740234375
nan nan nan 46 79 85 49.833332061767578125 37.25 45.5 76.116668701171875 124.75 235.0833282470703125 264.416656494140625 336.70001220703125 371.9666748046875 380.42333984375 416.236663818359375 408.5533447265625 355.720001220703125 271.410003662109375 228.364166259765625 203.1886138916015625 218.5552825927734375 274.091949462890625 333.770843505859375 284.816650390625 235.5785675048828125 276.317474365234375 321.067474365234375 354.650787353515625 342.178558349609375 243.345245361328125 132.2916717529296875 92.125 108 101.75 129.9166717529296875 144.8214263916015625 305.899993896484375 442.35595703125 541.1099853515625 492.431671142578125 374.7833251953125 323.083343505859375 358.48333740234375 408.0333251953125 462.5 449.5 487.333343505859375 532.83331298828125 459.083343505859375 348.433349609375
nan 9 40 97 160.5 134.8333282470703125 91.01190185546875 52.483333587646484375 50.25 59.75 137.1666717529296875 263.166656494140625 329.333343505859375 318.5 339.350006103515625 371.899993896484375 411.7166748046875 437.136688232421875 383.86834716796875 321.7166748046875 260.257781982421875 261.788604736328125 282.6986083984375 324.615264892578125 320.654449462890625 322.133331298828125 274.399993896484375 249.8285675048828125 269.817474365234375 377.06744384765625 422.378570556640625 276.678558349609375 195.0952301025390625 102.41666412353515625 81 103.8000030517578125 72 222.725006103515625 368.77142333984375 448.475006103515625 499.35833740234375 546.95001220703125 462.92498779296875 372.7833251953125 361.75 491.649993896484375 551 528 479 474.583343505859375 491.083343505859375 472.083343505859375
