ForecastVariables/BuildingHeight_Mean_500m/BuildingHeightFocal_Random5.asc
ncols        529
nrows        344
xllcorner    2700.000000000000
yllcorner    15900.000000000000
cellsize     100.000000000000
NODATA_value  nan
[rows 138 to 160 of 344, columns 260 to 311 of 529]
298.666656494140625 314.666656494140625 294.816680908203125 267.095245361328125 354.76190185546875 335.178558349609375 337.178558349609375 231.0752410888671875 293.746673583984375 311.825836181640625 378.57916259765625 338.3172607421875 382.078582763671875 450.165252685546875 408.62213134765625 364.755828857421875 359.076080322265625 375.765594482421875 399.99725341796875 362.739166259765625 287.2166748046875 183.4166717529296875 111.84999847412109375 111 102 110.5 110.5 137 125 129.390625 154.4432525634765625 118.8869781494140625 122.89874267578125 124.85327911376953125 137.591064453125 174.24566650390625 225.1321563720703125 223.967193603515625 201.5664215087890625 199.1434478759765625 237.05535888671875 157.88128662109375 154.145233154296875 162.5819091796875 160.8132171630859375 155.3981781005859375 149.500762939453125 145.1170501708984375 132.7837066650390625 144.0170440673828125 177.741302490234375 241.3333282470703125
309.833343505859375 334.666656494140625 331.166656494140625 285.23333740234375 305.428558349609375 349.328582763671875 340.678558349609375 329.20001220703125 268.996673583984375 280.066650390625 292.8458251953125 400.00714111328125 392.258575439453125 401.42047119140625 411.44049072265625 305.02215576171875 365.16082763671875 405.6439208984375 397.45916748046875 347.258331298828125 273.791656494140625 182.75 134.600006103515625 87.09999847412109375 102 110.5 137 212 196.890625 195.9432525634765625 262.386993408203125 182.3155517578125 161.0046844482421875 141.4225616455078125 140.5155029296875 163.230010986328125 178.6179656982421875 176.735321044921875 193.5089263916015625 237.5124969482421875 232.194976806640625 217.1430511474609375 160.137298583984375 151.0494232177734375 149.089263916015625 143.2881011962890625 142.555145263671875 135.3965911865234375 131.82537841796875 157.9295501708984375 207.54583740234375 260.445831298828125
402.5 382.666656494140625 326.5 292 281.399993896484375 327.79522705078125 330.166656494140625 267.20001220703125 301.100006103515625 274.616668701171875 320.54998779296875 367.191680908203125 384.19049072265625 383.65380859375 371.650482177734375 357.796661376953125 399.376678466796875 417.879180908203125 449.038330078125 398.225006103515625 275.01666259765625 194.600006103515625 146.100006103515625 112 102 137 212.5 294.5 306.5 348.07244873046875 342.05364990234375 332.0546875 262.41790771484375 196.127777099609375 168.0167694091796875 198.9536895751953125 198.4137115478515625 208.5459442138671875 292.69677734375 280.369140625 250.0537567138671875 248.74444580078125 246.343475341796875 159.9113311767578125 146.507537841796875 149.77838134765625 142.0113067626953125 126.59918975830078125 125.50909423828125 154.8404693603515625 228.3458251953125 256.8458251953125
477.5 461.399993896484375 321.28570556640625 187.6666717529296875 236.666656494140625 338.23333740234375 330.5333251953125 298.041656494140625 262.29998779296875 342.149993896484375 340.225006103515625 399.60833740234375 400.541656494140625 375.47381591796875 360.3466796875 395.013336181640625 493.38336181640625 554.26336669921875 557.691650390625 480.48333740234375 351.399993896484375 258.20001220703125 184 152 119 163 276.5 309 427 433.5 434.57244873046875 402.763031005859375 357.71142578125 275.421539306640625 243.2554779052734375 260.899078369140625 271.514984130859375 290.2254638671875 307.00274658203125 321.253753662109375 299.5 271.70001220703125 208.0444488525390625 183.114898681640625 157.227996826171875 159.47381591796875 195.4991912841796875 115.40871429443359375 112.1113128662109375 148.6196441650390625 213.702972412109375 274.3458251953125
475.399993896484375 476.29681396484375 333.185699462890625 273.952362060546875 230.5 292.758331298828125 342.633331298828125 353.883331298828125 319.491668701171875 365.241668701171875 417.441680908203125 373.10833740234375 402.941680908203125 364.291656494140625 323.383331298828125 405.933349609375 498.14666748046875 635.54998779296875 617.08331298828125 491.7166748046875 384.916656494140625 286.100006103515625 193.5 146.3333282470703125 84.5 129 230.5 377 448 436 449 449.68182373046875 337.528564453125 314.839141845703125 310.75384521484375 303.3125 353.272735595703125 365.5384521484375 336.46429443359375 318 313 265 243 228.4444427490234375 223.5454559326171875 201.5238037109375 178.3712158203125 174.2113037109375 99.10713958740234375 116.75714111328125 191.65911865234375 245.890472412109375
483.27301025390625 416.29681396484375 342.596832275390625 247.152374267578125 265.477386474609375 312.1583251953125 377.493316650390625 370.975006103515625 356.26666259765625 391.3416748046875 377.8416748046875 379.14166259765625 366.258331298828125 366.083343505859375 316.76666259765625 354.600006103515625 455.766693115234375 531.79669189453125 548.3499755859375 483.899993896484375 373.883331298828125 275.649993896484375 199 103.33333587646484375 82.33333587646484375 102.5 208 379 453 461 471 380 418 302.600006103515625 320 346 404.5 362 340 257 307 339 303 266 248 202 158.6666717529296875 156.25 159.357147216796875 126.14661407470703125 161.00958251953125 250.208526611328125
372.30279541015625 330.130157470703125 288.096832275390625 257.055145263671875 307.45001220703125 356.15167236328125 385.079986572265625 397.426666259765625 406.29833984375 383.0716552734375 365.166656494140625 379.39166259765625 402.54998779296875 337.883331298828125 317.20001220703125 286.166656494140625 411.046661376953125 398.17999267578125 433.779998779296875 432.433319091796875 328.758331298828125 285.2933349609375 192.5 137.5 100.83333587646484375 86.83333587646484375 206 344 397 501 493 404 416 382 308 391.5 298.5 312.5 318 314 256 285 310 240 173 188 176 191.5 120.2894744873046875 138.5262451171875 187.171478271484375 210.106781005859375
231.736114501953125 241.969451904296875 269.73016357421875 311.5 369.9183349609375 379.730010986328125 407.288330078125 493.5716552734375 499.02166748046875 422.003326416015625 396.14666748046875 417.333343505859375 382.524993896484375 400.010009765625 368.996673583984375 355.246673583984375 397.14666748046875 402.72998046875 390.279998779296875 411.605010986328125 399.2349853515625 335.709991455078125 271.7933349609375 210.5 147 96.6999969482421875 146.6999969482421875 266 354 396 435 426.5 400 385.5 432 345.5 336 254.5 285.5 236 222 202 222 162 73 67 167 195.8333282470703125 219.2546234130859375 171.5881500244140625 181.4234466552734375 184.0734405517578125
300.625 307.5694580078125 341.024993896484375 393.833343505859375 386.920013427734375 471.654998779296875 542.3883056640625 564.43499755859375 544.91668701171875 477.236663818359375 415.503326416015625 398.388336181640625 401.9183349609375 430.524993896484375 470.06500244140625 439.03668212890625 407.346649169921875 429.029998779296875 451.77166748046875 442.42498779296875 466.1099853515625 423.459991455078125 337.26666259765625 259.3599853515625 198.5333404541015625 216.6999969482421875 167.100006103515625 140.6999969482421875 258 250 332.5 415.166656494140625 411 478.600006103515625 378 373.5 349 356 234 236 161 147 87 26 33 104.366668701171875 182.0333404541015625 241.625 283.225006103515625 278.889923095703125 246.4234466552734375 218.011749267578125
365.125 411.625 439.933349609375 462.29998779296875 473.66668701171875 612.1199951171875 658.53997802734375 544.03668212890625 517.14666748046875 482.796661376953125 443.671661376953125 432.11834716796875 439.774993896484375 447.833343505859375 455.94000244140625 488.05499267578125 452.095001220703125 435.763336181640625 434.30999755859375 458.97332763671875 509.48333740234375 432.366668701171875 339.061676025390625 288.09832763671875 271.433349609375 269.433349609375 197.399993896484375 170.100006103515625 157 231.5 247.1666717529296875 345.666656494140625 436.76666259765625 412.600006103515625 411.100006103515625 399.5 383.5 313.5 334.5 248 175 70 nan 40.75 81.16666412353515625 152.3333282470703125 270.17498779296875 330.208343505859375 351.274993896484375 344.1583251953125 311.726043701171875 323.2154541015625
487.125 382 413.5 481.333343505859375 631.5733642578125 645.65667724609375 619.44000244140625 681.96002197265625 511.23333740234375 463.2166748046875 442.727783203125 491.818328857421875 484.53668212890625 450.839996337890625 424.84832763671875 458.3133544921875 468.431671142578125 403.241668701171875 355.510009765625 449.709991455078125 469.166656494140625 422.96832275390625 304.4183349609375 256.0433349609375 287.573333740234375 289.5333251953125 260.433349609375 252 205.5 228.866668701171875 341.166656494140625 324.76666259765625 423.76666259765625 409.76666259765625 419.100006103515625 412.600006103515625 348.5 353.5 397 285 142.5833282470703125 52.5 49.25 152.616668701171875 219.149993896484375 283.20001220703125 334.5333251953125 426.39166259765625 408.791656494140625 397.5 403.9368896484375 402.169036865234375
436 417 406 487.540008544921875 672.5733642578125 682.84332275390625 716.20050048828125 713.8782958984375 646.10333251953125 520.23443603515625 565.1177978515625 557.3778076171875 531.00164794921875 486.894989013671875 443.87335205078125 413.3316650390625 430.510009765625 378.383331298828125 391.101654052734375 418.046661376953125 409.5 362.704986572265625 322.74334716796875 280.193328857421875 278.0533447265625 332.133331298828125 374.25 320.20001220703125 253.1999969482421875 330.20001220703125 390.833343505859375 442.0333251953125 420.02667236328125 379.600006103515625 352.600006103515625 408.5 450.5 399 331 263.020843505859375 172.5833282470703125 136.8333282470703125 150.75 199.1833343505859375 323.510009765625 427.2166748046875 461.45416259765625 461.75 421.354766845703125 411.512664794921875 434.251190185546875 418.40118408203125
366 326 365.70001220703125 441.5 554.6766357421875 761.36712646484375 784.83380126953125 696.98883056640625 614.3294677734375 647.937744140625 605.314453125 569.246337890625 592.9111328125 448.6199951171875 417.2933349609375 423 428.829986572265625 456.610015869140625 394.078338623046875 400.6966552734375 387.586669921875 353.47332763671875 328.079986572265625 328.1199951171875 333.633331298828125 362.70001220703125 391.399993896484375 340.75 363.333343505859375 389.76666259765625 418.5533447265625 423.260009765625 439.226654052734375 405.3599853515625 371.5 406 451 368 304.020843505859375 241.059295654296875 148.5208282470703125 118.28333282470703125 162.5333404541015625 258.926666259765625 365.27667236328125 438.91656494140625 445.63751220703125 448.6871337890625 409.159088134765625 385.498382568359375 388.819793701171875 369.69287109375
347 326 296.100006103515625 416.416656494140625 538.35711669921875 684.30047607421875 767.0438232421875 688.0721435546875 645.442138671875 606.8194580078125 568.92633056640625 578.986328125 504.900238037109375 453.99334716796875 371.010009765625 427.306671142578125 475.5333251953125 560.2650146484375 471.80999755859375 394.850006103515625 386.19000244140625 429.13665771484375 360.1199951171875 411.399993896484375 397.70001220703125 409.20001220703125 355.350006103515625 333.350006103515625 378 426.720001220703125 422.563323974609375 442.246673583984375 399.2933349609375 421.726654052734375 397.760009765625 435.5 393.5 357.9375 250.4759674072265625 178.059295654296875 129.559295654296875 116.42082977294921875 152.77667236328125 234.4178924560546875 294.847503662109375 334.01654052734375 363.7161865234375 344.60455322265625 330.97198486328125 315.064453125 321.30511474609375 338.730926513671875
310 366 337.99285888671875 359.333343505859375 513.89166259765625 583.56549072265625 633.7021484375 594.94879150390625 554.4849853515625 529.29522705078125 520.29632568359375 431.830230712890625 421.59356689453125 398.846893310546875 377.71832275390625 354.828338623046875 467.339996337890625 531.806640625 539.18524169921875 400.563323974609375 380.7733154296875 430.19500732421875 515.70001220703125 372.20001220703125 360.95001220703125 307.850006103515625 298.45001220703125 322.600006103515625 329.9033203125 362.91998291015625 424.328338623046875 432.596649169921875 399.279998779296875 379.07110595703125 389.100006103515625 408.5 364.5 296.0384521484375 196.9759674072265625 133.9759674072265625 113.559295654296875 113.255126953125 130.7412261962890625 173.0059814453125 191.567901611328125 223.8090362548828125 232.7430877685546875 234.33270263671875 226.83984375 233.2953948974609375 269.165252685546875 286.2293701171875
383 334.44287109375 384.342864990234375 418.97857666015625 475.824981689453125 544.1766357421875 492.923797607421875 465.08831787109375 442.9716796875 400.345001220703125 369.7735595703125 432.486907958984375 389.01690673828125 382.713348388671875 262.260009765625 313.92498779296875 399.834991455078125 440.426910400390625 456.358551025390625 461.8187255859375 402.19500732421875 486.628326416015625 483.4949951171875 422.5 250.600006103515625 222.9666748046875 198.366668701171875 258.083343505859375 280.149993896484375 316.47833251953125 341.23388671875 332.050537109375 326.454437255859375 261.1385498046875 285.611114501953125 302 323 186 129.745361328125 113.3605804443359375 110.8610382080078125 117.00789642333984375 140.1602783203125 173.7602691650390625 144.3059844970703125 154.8495635986328125 143.2755584716796875 156.7922210693359375 163.3191986083984375 165.979095458984375 187.6283416748046875 268.51092529296875
354.44287109375 363.409515380859375 410.595245361328125 454.453582763671875 487.86358642578125 462.93499755859375 385.876678466796875 318.82501220703125 290.6683349609375 267.160003662109375 318.76666259765625 328.1302490234375 349.36834716796875 269.60833740234375 236.508331298828125 220.7083282470703125 305.736907958984375 367.721893310546875 342.61541748046875 320.710418701171875 441.160400390625 414.394989013671875 425.60833740234375 320.225006103515625 241.649993896484375 110.09999847412109375 120.76666259765625 155.4333343505859375 232.125 288.563873291015625 282.639434814453125 247.497222900390625 213.6857757568359375 226.480224609375 188.9052276611328125 219.611114501953125 230 181.0957794189453125 119.629974365234375 134.4525604248046875 143.7238616943359375 169.910675048828125 204.9793243408203125 202.8602752685546875 188.310272216796875 123.413848876953125 153.142425537109375 122.1130523681640625 127.9140167236328125 150.969573974609375 195.3954315185546875 273.908905029296875
327.76666259765625 390.4952392578125 553.42022705078125 498.21356201171875 423.070709228515625 375.537384033203125 307.535003662109375 193.68499755859375 131.6833343505859375 229.2433319091796875 230.513336181640625 174.1433258056640625 250.258331298828125 223.883331298828125 198.125 181.4250030517578125 203.9333343505859375 304.44873046875 234.135406494140625 233.5820770263671875 332.998504638671875 417.845184326171875 318.6583251953125 282.7833251953125 111.90000152587890625 86 170.350006103515625 132.76666259765625 175.386322021484375 244.1861114501953125 260.002777099609375 224.96356201171875 161.591339111328125 165.1453094482421875 190.7021026611328125 178.9492950439453125 195.7386474609375 196.4188690185546875 208.8414459228515625 190.4692230224609375 244.26409912109375 289.80718994140625 287.56781005859375 295.517425537109375 276.152374267578125 224.0666656494140625 183.409088134765625 179.742431640625 123.45984649658203125 153.447021484375 230.840087890625 327.759521484375
247.899993896484375 428.066680908203125 568.72857666015625 602.2607421875 490.566558837890625 377.7349853515625 205.176666259765625 124.0500030517578125 140.649993896484375 242.73333740234375 260.463348388671875 194.399993896484375 225.163330078125 248.9000091552734375 206.64166259765625 260.17498779296875 210.616668701171875 273.10333251953125 223.602081298828125 237.24017333984375 269.18682861328125 325.975006103515625 383.943328857421875 264.100006103515625 166.6999969482421875 213.3333282470703125 224.9499969482421875 214.98077392578125 152.902191162109375 208.96966552734375 227.9611053466796875 205.6861114501953125 156.0341949462890625 113.84496307373046875 139.6390228271484375 206.3171234130859375 237.6253814697265625 275.927093505859375 259.335540771484375 293.049774169921875 325.5123291015625 370.174957275390625 431.828582763671875 420.347625732421875 391.4381103515625 343.4666748046875 265.166656494140625 237.409088134765625 199.61785888671875 187.74285888671875 267.55950927734375 373.163421630859375
348 500.23333740234375 659.3499755859375 657.8392333984375 630.82086181640625 389.92584228515625 279.38031005859375 239.666656494140625 300.149993896484375 334.399993896484375 377.877777099609375 374.9439697265625 303.90106201171875 285.6966552734375 360.683349609375 316.07501220703125 336.00927734375 284.170013427734375 269.920013427734375 256.823516845703125 272.186676025390625 332.893341064453125 388.635009765625 364.959991455078125 402.7833251953125 377.816650390625 279.19744873046875 234.2164764404296875 236.1633148193359375 198.0549774169921875 197.0779876708984375 156.490081787109375 137.439727783203125 129.1390228271484375 171.8210906982421875 245.346099853515625 312.092132568359375 305.958709716796875 350.802093505859375 386.3980712890625 388.816619873046875 404.338104248046875 457.621429443359375 488.02618408203125 453.359527587890625 433.73809814453125 389 275.5 288.833343505859375 281.876190185546875 302.782867431640625 395.6495361328125
293.5 507.316680908203125 648.1868896484375 720.72021484375 540.5068359375 396.296142578125 355.996124267578125 352.993927001953125 402.166656494140625 426.54443359375 446.90509033203125 432.7498779296875 408.173370361328125 426.284393310546875 362.5966796875 372.039276123046875 371.797607421875 338.55096435546875 286.836669921875 281.170013427734375 327.19000244140625 394.394989013671875 416.1099853515625 431.818328857421875 491.87664794921875 451.944427490234375 370.19683837890625 315.80853271484375 215.1192626953125 167.0660858154296875 165.8075408935546875 130.4583282470703125 154.017852783203125 180.0230712890625 202.8032379150390625 289.886566162109375 347.7813720703125 388.723419189453125 410.763458251953125 406.8369140625 392.301177978515625 392.08929443359375 400.369049072265625 455.121429443359375 441.619049072265625 411.46429443359375 405.21429443359375 390 333.5 340.47332763671875 338.066192626953125 395.7108154296875
212.2781982421875 328.532684326171875 517.224365234375 509.040191650390625 428.28717041015625 354.737152099609375 369.047271728515625 290.113922119140625 308.58837890625 451.02508544921875 451.51153564453125 363.931732177734375 379.792724609375 383.3233642578125 375.8714599609375 370.739288330078125 379.0029296875 354.53094482421875 405.950958251953125 321.0966796875 348.589996337890625 380.100006103515625 395.91998291015625 455.7933349609375 418.66943359375 380.19482421875 362.078582763671875 236.95184326171875 194.6680755615234375 177.35516357421875 134.84722900390625 146.90277099609375 145.5 191.392852783203125 248.8385467529296875 312.07183837890625 383.80950927734375 422.433319091796875 428.9083251953125 406.2059326171875 390.717864990234375 379.342864990234375 362.21429443359375 369.583343505859375 411.96429443359375 339.547607421875 358.96429443359375 340.142852783203125 394.5 336.76666259765625 392.12750244140625 402.6441650390625
139.4365386962890625 208.4907073974609375 314.378143310546875 312.54229736328125 278.773529052734375 332.630615234375 290.2305908203125 320.37725830078125 325.830291748046875 357.840118408203125 405.539764404296875 396.694580078125 371.31195068359375 378.07373046875 374.510040283203125 348.1973876953125 342.175140380859375 476.85626220703125 484.8133544921875 468.915008544921875 408.4566650390625 381.06500244140625 391.75 361.304443359375 355.28887939453125 301.686492919921875 259.894317626953125 207.6149444580078125 196.6425323486328125 162.454925537109375 152.39166259765625 186.4666748046875 122.83333587646484375 189.5833282470703125 269 292.333343505859375 365.416656494140625 414.416656494140625 422.7833251953125 430.9083251953125 401.99761962890625 363.7261962890625 359.380950927734375 337.547607421875 302.797607421875 300.46429443359375 231.892852783203125 342.142852783203125 376.642852783203125 402.79998779296875 330.23333740234375 347.620819091796875
