ForecastVariables/BuildingHeight_Mean_500m/BuildingHeightFocal_Random4.asc
ncols        529
nrows        344
xllcorner    2700.000000000000
yllcorner    15900.000000000000
cellsize     100.000000000000
NODATA_value  nan
[rows 92 to 114 of 344, columns 208 to 259 of 529]
nan nan nan nan nan nan nan nan nan nan nan nan nan nan nan nan nan nan nan nan nan nan nan nan nan nan nan 39 179 219 266 364 421 368 349.5 360.5 340.666656494140625 271.23333740234375 232.98333740234375 244.9396820068359375 358.981353759765625 321.27301025390625 392.428558349609375 434.428558349609375 444 353 285 242 202 156 156 186.524993896484375
nan nan nan nan nan nan nan nan nan nan nan nan nan nan nan nan nan nan nan nan nan nan nan nan nan nan nan nan 73 154 182 280 399 404.5 363.5 324 296.5 271 245.399993896484375 221.35833740234375 205.5646820068359375 324.803558349609375 375.428558349609375 409 397 362 275 364 280 202 192.1916656494140625 267.239288330078125
nan nan nan nan nan nan nan nan nan nan nan nan nan nan nan nan nan nan nan nan nan nan nan nan nan nan nan nan nan 47 164 185 213 283 299 301.666656494140625 287.083343505859375 243.8333282470703125 231.4305572509765625 202.247222900390625 198.125 268.13690185546875 387.625 350 336 311 412 385 348 257.066680908203125 308.364288330078125 325.517852783203125
nan nan nan nan nan nan nan nan nan nan nan nan nan nan nan nan nan nan nan nan nan nan nan nan nan nan nan nan nan nan 34 99 108 171 164.3333282470703125 216.0833282470703125 259.583343505859375 254.9930572509765625 219.9316253662109375 211.486114501953125 268.263885498046875 334.958343505859375 355.333343505859375 399 324 384 391 415 365.666656494140625 371.71429443359375 293.142852783203125 337.7261962890625
nan nan nan nan nan nan nan nan nan nan nan nan nan nan nan nan nan nan nan nan nan nan nan nan nan nan nan nan nan nan nan nan 48 43 96 167 192.9930572509765625 226.535797119140625 206.035797119140625 255.51495361328125 335.5694580078125 361.888885498046875 411 440 412 337 412 397 415.083343505859375 252.4499969482421875 249.5942840576171875 341.44287109375
nan nan nan nan nan nan nan nan nan nan nan nan nan nan nan nan nan nan nan nan nan nan nan nan nan nan nan nan nan nan nan nan nan nan 50 99.1875 136.341339111328125 171.813568115234375 230.6191253662109375 243.45245361328125 285.542724609375 376.5 454 460 380 368 409 447.649993896484375 249.372222900390625 235.8383331298828125 260.029998779296875 324.744293212890625
nan nan nan nan nan nan nan nan nan nan nan nan nan nan nan nan nan nan nan nan nan nan nan nan nan nan nan nan nan nan nan nan nan nan nan 39 80.1875 128.0080108642578125 171.563568115234375 211.28082275390625 248 319 361 367 447 380.5 377.75 344.1722412109375 285.83721923828125 224.6772308349609375 255.9949951171875 297.105010986328125
nan nan nan nan nan nan nan nan nan nan nan nan nan nan nan nan nan nan nan nan nan nan nan nan nan nan nan nan nan nan nan nan nan nan nan nan 69 90.35416412353515625 151.891937255859375 193.23809814453125 212.849212646484375 241.5 259.5 336.5 361 385 316.6722412109375 313.932220458984375 291.882232666015625 233.2272186279296875 252.98388671875 274.4283447265625
nan nan nan nan nan nan nan nan nan nan nan nan nan nan nan nan nan nan nan nan nan nan nan nan nan nan nan nan nan nan nan nan nan nan nan nan 22.666666030883789062 101.23809814453125 136.73809814453125 206.515869140625 208.515869140625 166.349212646484375 246.5 272.5 239.600006103515625 298.5 318.285003662109375 272.148895263671875 275.8638916015625 299.2388916015625 275.7550048828125 293.061676025390625
nan nan nan nan nan nan nan nan nan nan nan nan nan nan nan nan nan nan nan nan nan nan nan nan nan nan nan nan nan nan nan nan nan nan nan nan 21 64.66666412353515625 153.515869140625 181.015869140625 180.849212646484375 160.27777099609375 147.27777099609375 211 196 179.991668701171875 207.0894012451171875 256.383331298828125 287.865570068359375 317.4083251953125 358.911651611328125 350.57000732421875
nan nan nan nan nan nan nan nan nan nan nan nan nan nan nan nan nan nan nan nan nan nan nan nan nan nan nan nan nan nan nan nan nan nan nan nan nan 61.5 130.6439361572265625 149.849212646484375 144.77777099609375 140.77777099609375 132 120 166.1212158203125 116.43939208984375 154.137725830078125 246.12939453125 296.866668701171875 340.6300048828125 381.220001220703125 397.046661376953125
nan nan nan nan nan nan nan nan nan nan nan nan nan nan nan nan nan nan nan nan nan nan nan nan nan nan nan nan nan nan nan nan nan nan nan nan 20.5 49.97727203369140625 105.034088134765625 129.672393798828125 133.93402099609375 120.5 105.5 112.6212158203125 118.56060791015625 133.533935546875 154.9460601806640625 237.404388427734375 312.53271484375 361.431671142578125 387.73834228515625 392.579986572265625
nan nan nan nan nan nan nan nan nan nan nan nan nan nan nan nan nan nan nan nan nan nan nan nan nan nan nan nan nan nan nan nan nan nan nan 12 32.97727203369140625 69.034088134765625 93.4273223876953125 127.2972259521484375 123.60137176513671875 105.65625 111.4545440673828125 116.12120819091796875 126.30454254150390625 151.5772705078125 210.0839385986328125 261.90771484375 334.768341064453125 372.628326416015625 379.475006103515625 366.913330078125
nan nan nan nan nan nan nan nan nan nan nan nan nan nan nan nan nan nan nan nan nan nan nan nan nan nan nan nan nan nan nan nan nan nan nan 12 43.05681610107421875 77.9273223876953125 112.49533843994140625 116.6986236572265625 112.092681884765625 111.6240997314453125 112.98958587646484375 117.63787841796875 125.47121429443359375 207.237884521484375 278.59271240234375 336.07666015625 358.061676025390625 368.76165771484375 334.00665283203125 336.298797607421875
nan nan nan nan nan nan nan nan nan nan nan nan nan nan nan nan nan nan nan nan nan nan nan nan nan nan nan nan nan nan nan nan nan nan nan 10 39.19811248779296875 86.16669464111328125 109.5423736572265625 113.40885162353515625 109.02167510986328125 110.634857177734375 111.6227264404296875 127.1833343505859375 186.63787841796875 244.8285675048828125 316.054168701171875 372.02667236328125 410.786651611328125 339.9566650390625 293.014892578125 238.7339630126953125
nan nan nan nan nan nan nan nan nan nan nan nan nan nan nan nan nan nan nan nan nan nan nan nan nan nan nan nan nan nan nan nan nan nan nan 8.5 35.5 73.12866973876953125 103.78475189208984375 109.55292510986328125 106.37476348876953125 107.30454254150390625 109.29412078857421875 138.350006103515625 188.5619049072265625 253.7769927978515625 311.006072998046875 384.73980712890625 371.64666748046875 323.93988037109375 240.4390106201171875 200.368927001953125
nan nan nan nan nan nan nan nan nan nan nan nan nan nan nan nan nan nan nan nan nan nan nan nan nan nan nan nan nan nan nan nan nan nan nan 8.5 25.5 60.6875 83.173309326171875 107.612457275390625 106.54053497314453125 105.053466796875 107.10125732421875 116.722686767578125 158.2421417236328125 220.781097412109375 290.340972900390625 319.7279052734375 333.20257568359375 301.29840087890625 254.004425048828125 179.2779083251953125
nan nan nan nan nan nan nan nan nan nan nan nan nan nan nan nan nan nan nan nan nan nan nan nan nan nan nan nan nan nan nan nan nan nan nan nan 17 43.5 74.11887359619140625 89.76535797119140625 107.00391387939453125 106.649749755859375 108.508819580078125 133.45941162109375 136.3187408447265625 220.4135589599609375 247.564605712890625 311.95526123046875 324.512481689453125 327.972930908203125 277.563934326171875 248.8746185302734375
nan nan nan nan nan nan nan nan nan nan nan nan nan nan nan nan nan nan nan nan nan nan nan nan nan nan nan nan nan nan nan nan nan nan nan nan nan 32.166667938232421875 80.0754547119140625 106.02765655517578125 90.14730072021484375 100.9592742919921875 145.4156036376953125 167.562591552734375 209.0351715087890625 227.70660400390625 285.252838134765625 306.07928466796875 356.041839599609375 369.8101806640625 336.46746826171875 269.00457763671875
nan nan nan nan nan nan nan nan nan nan nan nan nan nan nan nan nan nan nan nan nan nan nan nan nan nan nan nan nan nan nan nan nan nan nan nan 5.5 35.625 140.2916717529296875 130.0754547119140625 122.84015655517578125 141.3587799072265625 176.5 260.18182373046875 274.2625732421875 323.86016845703125 287.26861572265625 326.883514404296875 346.56787109375 391.0250244140625 362.37982177734375 287.81683349609375
nan nan nan nan nan nan nan nan nan nan nan nan nan nan nan nan nan nan nan nan nan nan nan nan nan nan nan nan nan nan nan nan nan nan nan nan 23 106.5 138.625 234.7916717529296875 182.408782958984375 218 264.5 249 333.8568115234375 318.805755615234375 343.670013427734375 274.142852783203125 340.9000244140625 336.975006103515625 350.95001220703125 311.22918701171875
nan nan nan nan nan nan nan nan nan nan nan nan nan nan nan nan nan nan nan nan nan nan nan nan nan nan nan nan nan nan nan nan nan nan nan nan 53 101 209.5 237.125 275.5 252.5 331.5 340 255.0500030517578125 290.125 282.524993896484375 322.375 324.7750244140625 366.1500244140625 331.926666259765625 294.2833251953125
nan nan nan nan nan nan nan nan nan nan nan nan nan nan nan nan nan nan nan nan nan nan nan nan nan nan nan nan nan nan nan nan nan nan nan nan nan 105 172 238 262 315 293 280 259.899993896484375 226.649993896484375 243.725006103515625 264.850006103515625 322.300018310546875 386.21002197265625 341.676666259765625 278.067138671875
