ForecastVariables/BuildingHeight_Mean_500m/BuildingHeightFocal_Random3.asc
ncols        529
nrows        344
xllcorner    2700.000000000000
yllcorner    15900.000000000000
cellsize     100.000000000000
NODATA_value  nan
[rows 207 to 229 of 344, columns 208 to 259 of 529]
21 38 49.333332061767578125 52.983333587646484375 66.25 81 77 108.08333587646484375 158.600006103515625 317.3023681640625 501.52459716796875 536.96795654296875 438.047210693359375 299.5966796875 251.9166717529296875 338.79998779296875 343.75 328.376190185546875 315.438873291015625 301.26666259765625 301.760009765625 288.583343505859375 347.6583251953125 362.894989013671875 346.785003662109375 303.301666259765625 274.459991455078125 271.1683349609375 357.364990234375 405.350006103515625 408.991668701171875 386.875 401.475006103515625 465.633331298828125 521.719970703125 685.9949951171875 776.5616455078125 750.606689453125 741.41497802734375 711.4866943359375 528.9180908203125 385.326416015625 252.15142822265625 171.489166259765625 141.0144500732421875 141.84454345703125 258.209991455078125 353.510009765625 394.816650390625 461.25 383.666656494140625 294
34.33333587646484375 25 32.666667938232421875 49.333332061767578125 64 69.83333587646484375 77 94.133331298828125 188.4690399169921875 336.49127197265625 517.9412841796875 557.95794677734375 498.657928466796875 369.872222900390625 343.9666748046875 362.79998779296875 429.73333740234375 371.76666259765625 251.926666259765625 211.8766632080078125 209.8600006103515625 215.7599945068359375 231.22332763671875 330.60833740234375 251.5616607666015625 227.426666259765625 218.785003662109375 248.0816650390625 340.125 414.85833740234375 447.99285888671875 480.308319091796875 436.73333740234375 407.48333740234375 562.48333740234375 691.7366943359375 784.3983154296875 764.239990234375 738.57000732421875 710.0230712890625 620.33355712890625 582.05645751953125 376.964752197265625 275.964752197265625 163.0322265625 200.529998779296875 298.023345947265625 385.51666259765625 432.916656494140625 429.416656494140625 366 272
68.03787994384765625 53 34.666667938232421875 52.166667938232421875 60.583332061767578125 58.166667938232421875 75.96666717529296875 72.26667022705078125 134.1833343505859375 265.96905517578125 384.391265869140625 507.041259765625 412.372222900390625 368.116668701171875 320.366668701171875 340.149993896484375 381.100006103515625 412.82666015625 298.0533447265625 193.0699920654296875 197.459991455078125 269.633331298828125 300.5333251953125 275.44000244140625 216.024993896484375 131.486663818359375 125.8816680908203125 218.8083343505859375 302.07501220703125 389.0428466796875 443.259521484375 436.409515380859375 377.183349609375 477.083343505859375 535.70001220703125 598.5333251953125 625.02001953125 677.41998291015625 681.71002197265625 709.7587890625 780.13525390625 640.89691162109375 525.93145751953125 394.209991455078125 300.91888427734375 261.413330078125 322.95001220703125 366.116668701171875 414.95001220703125 390.01666259765625 297.416656494140625 313.75
122.77954864501953125 99.03787994384765625 67 55.666667938232421875 67.41666412353515625 66.41666412353515625 63.5 71.0500030517578125 78.26667022705078125 145.4333343505859375 349.669036865234375 351.95556640625 317.066680908203125 192.5666656494140625 225.4166717529296875 280.48333740234375 333.676666259765625 287.05999755859375 263.410003662109375 221.1533355712890625 275.55999755859375 367.466644287109375 413.17333984375 307.03997802734375 227.44000244140625 108.6999969482421875 95.66666412353515625 206.625 317.99285888671875 401.926177978515625 400.392852783203125 392.142852783203125 412.509521484375 389.70001220703125 428.45001220703125 451.76666259765625 526.5 510.52667236328125 515.345458984375 673.53045654296875 707.3221435546875 650.318603515625 611.13714599609375 449.41668701171875 323.61334228515625 338.04998779296875 338.04998779296875 386.133331298828125 368.54998779296875 269.54998779296875 343.26666259765625 291.361114501953125
160.784088134765625 146.662872314453125 84.1212158203125 69.41666412353515625 95.75 115.08333587646484375 100.33333587646484375 112.41666412353515625 107.46666717529296875 203.133331298828125 297 246.5 218.649993896484375 166.9166717529296875 54.416667938232421875 225.4666748046875 215.0666656494140625 166.709991455078125 125.1266632080078125 165.660003662109375 230.2933349609375 324.97332763671875 356.839996337890625 317.839996337890625 197.899993896484375 104.09999847412109375 141.399993896484375 241.0666656494140625 364.51666259765625 421.759521484375 400.034515380859375 396.702850341796875 403.366668701171875 356.816680908203125 292.76666259765625 376.616668701171875 378.850006103515625 399.116668701171875 471.693328857421875 499.1588134765625 560.0137939453125 621.25714111328125 542.86669921875 396 327.01666259765625 318.01666259765625 346.383331298828125 433.2166748046875 383.29998779296875 272.26666259765625 220.4611053466796875 274.582916259765625
198.7045440673828125 174.7462158203125 142.2916717529296875 112.41666412353515625 153.4166717529296875 216.75 253.5833282470703125 213.0833282470703125 260.083343505859375 270.666656494140625 305.166656494140625 251 208.899993896484375 66.75 124.96666717529296875 204.720001220703125 231.3000030517578125 189.1666717529296875 74.6100006103515625 93.600006103515625 107.133331298828125 171.899993896484375 242.6399993896484375 199.899993896484375 74.09999847412109375 45.40000152587890625 173.0666656494140625 290.899993896484375 379.5 395.301666259765625 387.9862060546875 388.508331298828125 366.143341064453125 316.5333251953125 271.083343505859375 239.3166656494140625 284.850006103515625 348.29998779296875 422.48333740234375 448.876678466796875 549.7071533203125 514.95001220703125 368.600006103515625 342.7166748046875 340.333343505859375 276.850006103515625 365.75 404.95001220703125 370.142852783203125 298.3543701171875 221.4201507568359375 205.8573760986328125
214.62835693359375 216.9166717529296875 224.5833282470703125 246.6666717529296875 284.75 356.75 346 360 389.916656494140625 436.916656494140625 329.166656494140625 311.066680908203125 137.8000030517578125 128.6999969482421875 221.720001220703125 334.02001953125 391.38665771484375 353.48333740234375 276.316680908203125 156.5500030517578125 106.40000152587890625 103.399993896484375 106.1999969482421875 74.09999847412109375 19 61.633331298828125 134.76666259765625 292.399993896484375 466.18499755859375 445.989990234375 444.25665283203125 415.98333740234375 388.6583251953125 352.393341064453125 301.916656494140625 254.6666717529296875 263.066650390625 332.26666259765625 406.48333740234375 482.51666259765625 471 428.683349609375 392.083343505859375 388.316650390625 249.883331298828125 256.833343505859375 347.25 327.5428466796875 298.03057861328125 286.7943115234375 239.7344970703125 243.947296142578125
242.864288330078125 267.798797607421875 289.458343505859375 319.416656494140625 387.066680908203125 395.5 427.833343505859375 413 460.916656494140625 494.416656494140625 384.816680908203125 242.8000030517578125 126.8000030517578125 104.4199981689453125 298.1199951171875 544.52001953125 603.11285400390625 539.5616455078125 409.550018310546875 360.316680908203125 255.0099945068359375 198.225006103515625 114.0333251953125 69.8000030517578125 19 57 118.33333587646484375 282.52667236328125 393.0050048828125 476.683349609375 447.376678466796875 448.9566650390625 411.958343505859375 379.306671142578125 319.5 261.600006103515625 263.899993896484375 303.76666259765625 374.26666259765625 444.633331298828125 458.383331298828125 456.083343505859375 483.316650390625 386.149993896484375 300.149993896484375 269.883331298828125 264.70953369140625 320.197235107421875 274.86932373046875 250.310150146484375 288.92681884765625 377.367828369140625
236.65594482421875 308.048797607421875 308.9476318359375 342.23333740234375 430.149993896484375 458.98333740234375 449.666656494140625 473.666656494140625 485.5 476.916656494140625 410.649993896484375 198.3000030517578125 102.5500030517578125 136.600006103515625 286.019989013671875 509.39617919921875 640.837890625 619.58453369140625 600.04168701171875 445.709991455078125 387.411651611328125 275.443328857421875 241.058319091796875 175.4333343505859375 69.8000030517578125 19 128.3000030517578125 210.453338623046875 272.2933349609375 361.8516845703125 408.149993896484375 407.625 435.41998291015625 391.20001220703125 278.29998779296875 249.1666717529296875 299.76666259765625 295 317.850006103515625 395.350006103515625 470.433349609375 521.5999755859375 430.48333740234375 434.149993896484375 454.7166748046875 392.666656494140625 295.899993896484375 291.57684326171875 367.22705078125 293.2318115234375 385.117279052734375 521.19622802734375
186.4654693603515625 268.397613525390625 310.9476318359375 378.28094482421875 454.399993896484375 486.566680908203125 467.816680908203125 562.83331298828125 580.91668701171875 523.5 390.833343505859375 226.899993896484375 93.59999847412109375 119.98332977294921875 232.6761932373046875 455.9378662109375 514.31787109375 568.9178466796875 507.077850341796875 528.07000732421875 415.786651611328125 389.35333251953125 322.743316650390625 204.5583343505859375 122.23333740234375 37.700000762939453125 19 101.3000030517578125 192.2866668701171875 253.9600067138671875 294.85833740234375 329.6199951171875 359 345.26666259765625 293.26666259765625 329.29998779296875 303.5333251953125 308.51666259765625 316.316680908203125 350.649993896484375 418 446 477.433319091796875 456.04998779296875 448.666656494140625 479 378.441680908203125 447.60833740234375 392.843505859375 371.9091796875 442.29290771484375 609.69635009765625
130.98095703125 208.1642913818359375 298.830963134765625 341.4476318359375 372.4476318359375 414.98333740234375 493.833343505859375 544.83331298828125 682.16668701171875 523.33331298828125 379.583343505859375 186.133331298828125 115.1999969482421875 82.125 190.399993896484375 355.392852783203125 494.984527587890625 399.00537109375 439.035003662109375 473.861663818359375 426.336669921875 377.436676025390625 322.993316650390625 225.9083251953125 127.33333587646484375 48.700000762939453125 nan 14 113.8000030517578125 161.8199920654296875 276.21331787109375 359.133331298828125 341.433349609375 330.980010986328125 381.4666748046875 363.166656494140625 371.54998779296875 340.366668701171875 354.95001220703125 348.25 430.649993896484375 372 442 454 456 416 503.76666259765625 440.708343505859375 413.60833740234375 387.10064697265625 516.629150390625 479.683319091796875
138.5333404541015625 163.0809478759765625 196.99761962890625 255.4142913818359375 273.899993896484375 352.899993896484375 422.75 524.66668701171875 540 532.25 354.383331298828125 241.133331298828125 178.258331298828125 229.541656494140625 196.258331298828125 330.01666259765625 408.947021484375 473.5958251953125 415.9708251953125 428.65167236328125 400.045013427734375 289.376678466796875 249.3416595458984375 199.23333740234375 104.03333282470703125 18.333333969116210938 11 5 51.9333343505859375 151.8333282470703125 252.6999969482421875 333.4666748046875 376.11334228515625 390.11334228515625 391.213348388671875 357.333343505859375 378.649993896484375 384.933319091796875 344.20001220703125 394.149993896484375 413.100006103515625 415 374 430 443 437.666656494140625 432.666656494140625 447.76666259765625 369.708343505859375 409.26666259765625 346.20001220703125 436.73333740234375
108.1999969482421875 146.5333404541015625 176.74761962890625 192.5 278.73333740234375 256.566650390625 343.399993896484375 429.416656494140625 499.416656494140625 508.333343505859375 379.833343505859375 251.008331298828125 245.8416595458984375 288.0916748046875 371.491668701171875 402.945831298828125 457.70416259765625 439.287506103515625 460.979156494140625 399.962493896484375 345.485015869140625 281.041656494140625 178.1761932373046875 143.1999969482421875 47.833332061767578125 32.833332061767578125 12.333333969116210938 11 57.09999847412109375 154.9333343505859375 200.4333343505859375 281.913330078125 421.17999267578125 429.58001708984375 353.213348388671875 361.263336181640625 375.183319091796875 370.95001220703125 362.399993896484375 361.25 438.5 507 436 353.5 343.166656494140625 356.333343505859375 402.333343505859375 342.666656494140625 383.26666259765625 289 276 291.20001220703125
67 113.1999969482421875 145.1666717529296875 178.5666656494140625 217.0666656494140625 268.066650390625 295.066650390625 429.399993896484375 483 458.5 348.833343505859375 369.5 365.92498779296875 324.791656494140625 402.791656494140625 559.20001220703125 457.1875 471.04583740234375 442.679168701171875 421.82501220703125 337.541656494140625 230.751190185546875 179.4428558349609375 94.51786041259765625 83.66666412353515625 28.583333969116210938 15.25 25 57.5 101.09999847412109375 192.73333740234375 282 322.08001708984375 378.17999267578125 344.83001708984375 374.0333251953125 292.850006103515625 279.75 319.649993896484375 428.79998779296875 421 416 343 294.666656494140625 248.8333282470703125 225.8333282470703125 182.3333282470703125 253.3333282470703125 216.6666717529296875 213 176 191
7 51 122 154.1666717529296875 186.0666656494140625 269.23333740234375 358.066650390625 388.5 410.333343505859375 411 385.5 393 341 342.125 437.166656494140625 460.5 510.333343505859375 404.92083740234375 372.958343505859375 387.35833740234375 339.6011962890625 263.44287109375 202.1845245361328125 160.3511962890625 96.26786041259765625 49.083332061767578125 14 53.5 90 88 145.9333343505859375 204.5333404541015625 264.70001220703125 318.33001708984375 330.54998779296875 260.95001220703125 246.1999969482421875 270.04998779296875 300.79998779296875 383 354 263 238 169 104.66666412353515625 82.83333587646484375 50.33333587646484375 83.66666412353515625 103 68 111 53
5 15 38 92.66666412353515625 141.3333282470703125 210.0666656494140625 268.166656494140625 307 360.333343505859375 325.333343505859375 340 265 320 412 376 457 403 367.333343505859375 363.600006103515625 330.125 324.133331298828125 259.017852783203125 280.8511962890625 223.6845245361328125 160.7916717529296875 59.375 48.166667938232421875 41 77.5 102.33333587646484375 90.16666412353515625 136.1666717529296875 184.883331298828125 241.9499969482421875 216.649993896484375 200.25 249.850006103515625 290.29998779296875 316 287 283 175 90 34 14 12.666666984558105469 12.666666984558105469 14 20 20 20 20
5 10 15 25 102.66666412353515625 132.3333282470703125 162 191.3333282470703125 199.3333282470703125 222 234 266 296 334 421 429 435 367 381 330 308 333.5 286.8511962890625 282.791656494140625 214.875 149.1999969482421875 83.83333587646484375 67 61.333332061767578125 96.16666412353515625 80.66666412353515625 64.16666412353515625 130.6666717529296875 139.8333282470703125 162.75 172.75 228.5 344.5 316 247 165 114 10 nan nan nan nan nan nan nan nan nan
nan 5 10 10 10 54.66666412353515625 93 89.33333587646484375 83 102 155 235 281 345 425 495 477 462 428 426.399993896484375 348 294 315.75 308.958343505859375 277.95001220703125 205.6999969482421875 170.1999969482421875 116.5 140 74.16666412353515625 72.16666412353515625 71.66666412353515625 95.08333587646484375 130.75 102 175.5 220.5 241.5 274.5 201 108 nan nan nan nan nan nan nan nan nan nan nan
nan nan 5 nan nan 10 33 38 17 54 85 158 266 363 454 463 538 543 553.4000244140625 522.4000244140625 335.399993896484375 268.75 307.75 364.2833251953125 324.04998779296875 296.866668701171875 270.366668701171875 263.20001220703125 236.8333282470703125 183.6666717529296875 136.6666717529296875 129.5833282470703125 144.25 144.4166717529296875 126.25 142.25 190.7857208251953125 219.5 136 138 nan nan nan nan nan nan nan nan nan nan nan nan
nan nan nan nan nan nan nan 5 10 5 53 136 239 343 421 478 533 571.4000244140625 519.4000244140625 401.399993896484375 349.899993896484375 264.399993896484375 260.583343505859375 276.350006103515625 351.29998779296875 342.7166748046875 395.116668701171875 397 361.26666259765625 336.166656494140625 291.666656494140625 231.6666717529296875 224.9166717529296875 224.4166717529296875 204.4166717529296875 185.2857208251953125 211.7857208251953125 178.2857208251953125 117 19 11 nan nan nan nan nan nan nan nan nan nan nan
nan nan nan nan nan nan nan nan 5 nan 42 124 190 333.666656494140625 408 440 354 382 406.399993896484375 330.399993896484375 223.399993896484375 187.8333282470703125 175.9333343505859375 200.9333343505859375 252.350006103515625 320.54998779296875 421.51666259765625 478.183319091796875 537.76666259765625 449.26666259765625 361.5 320.333343505859375 320.5 312.416656494140625 283.452392578125 250.4523773193359375 186.7857208251953125 166.7857208251953125 87.28571319580078125 49 nan nan nan nan nan nan nan nan nan nan nan nan
nan nan nan nan nan nan nan nan nan nan nan 54 200.6666717529296875 237.6666717529296875 251.6666717529296875 259 232 166 205 193.399993896484375 150 107 136.3333282470703125 127.9333343505859375 160.6833343505859375 261.01666259765625 343.350006103515625 451.100006103515625 485.933319091796875 509.600006103515625 401.76666259765625 354.833343505859375 301 296.5 262.666656494140625 207.7857208251953125 167.2857208251953125 121.28571319580078125 75 nan nan nan nan nan nan nan nan nan nan nan nan nan
nan nan nan nan nan nan nan nan nan nan nan 20.666666030883789062 92.66666412353515625 153.6666717529296875 143.6666717529296875 127.66666412353515625 71 72 68 111 120 123 80 89.83333587646484375 96.09999847412109375 137.75 234 292.600006103515625 427.100006103515625 407.433319091796875 404.833343505859375 259.333343505859375 238.8333282470703125 192.1666717529296875 169 138 98.28571319580078125 64 nan nan nan nan 14 15 16 nan nan nan nan nan nan nan
