ForecastVariables/BuildingHeight_Mean_500m/BuildingHeightFocal_Random1.asc
ncols        529
nrows        344
xllcorner    2700.000000000000
yllcorner    15900.000000000000
cellsize     100.000000000000
NODATA_value  nan
[rows 92 to 114 of 344, columns 104 to 155 of 529]
nan nan nan nan nan nan nan nan nan nan nan nan nan nan nan nan nan nan nan nan nan nan nan nan 10 19.444444656372070312 27 32.416667938232421875 35.866664886474609375 31.666666030883789062 14.666666984558105469 3.6666667461395263672 nan 11.5 19.833333969116210938 23.133333206176757812 28.133333206176757812 18.799999237060546875 4 nan nan nan nan nan 40.5 143.899993896484375 316.7166748046875 448.23333740234375 480.023345947265625 440.149993896484375 387.333343505859375 315.333343505859375
nan nan nan nan nan nan nan nan nan nan nan nan nan nan nan nan nan nan nan nan nan nan nan 10 25.144443511962890625 34.4444427490234375 36.1944427490234375 42.950000762939453125 44.616664886474609375 35.866664886474609375 20.666666030883789062 4 7 18.333333969116210938 27.333333969116210938 24.333333969116210938 23.133333206176757812 12.833333969116210938 4.5 nan nan 13 7.6666665077209472656 nan nan 158.8333282470703125 309.212493896484375 437.49334716796875 434.616668701171875 394.133331298828125 399.25 333.833343505859375
nan nan nan nan nan nan nan nan nan nan nan nan nan nan nan nan nan nan nan nan nan nan 5 15.144444465637207031 37.144443511962890625 39.894443511962890625 42.394443511962890625 39.394443511962890625 36.950000762939453125 38.016666412353515625 26.422222137451171875 19 14 14 18.333333969116210938 27.333333969116210938 19.833333969116210938 4.5 nan nan 26 33.666667938232421875 33.666667938232421875 7.6666665077209472656 110.3000030517578125 176.1925048828125 314.9658203125 351.63916015625 392.24334716796875 359.633331298828125 350.383331298828125 305.48333740234375
nan nan nan nan nan nan nan nan nan nan nan nan nan nan nan nan nan nan nan nan nan nan 5.6999998092651367188 22.700000762939453125 27.144443511962890625 37.144443511962890625 29.894443511962890625 27.950000762939453125 45.34999847412109375 40.822223663330078125 40.622222900390625 20.22222137451171875 15 14 14 11.333333969116210938 4.5 nan nan 26 54 72.66666412353515625 46.666667938232421875 123.5666656494140625 173.6758270263671875 259.29583740234375 325.179168701171875 396.23248291015625 318.9224853515625 321.84332275390625 348.7166748046875 365.850006103515625
nan nan nan nan nan nan nan nan nan nan nan nan nan nan nan nan nan nan nan nan nan nan 6 11.699999809265136719 22.700000762939453125 22.144443511962890625 17 23.149999618530273438 57.822223663330078125 80.622222900390625 64.622222900390625 34.622222900390625 10.222222328186035156 10 7 nan nan nan 13 33.333332061767578125 75.33333587646484375 114.15000152587890625 157.616668701171875 164.513336181640625 240.739990234375 324.802490234375 418.5091552734375 379.245819091796875 353.6533203125 332.683319091796875 361.04998779296875 427.916656494140625
nan nan nan nan nan nan nan nan nan nan nan nan nan nan nan nan nan nan nan nan nan nan nan 6 11.699999809265136719 12 20 45 83.65000152587890625 116.622222900390625 89.622222900390625 50.22222137451171875 21 3 5.5 nan nan nan 7.3333334922790527344 36.333332061767578125 98.48333740234375 189 226.366668701171875 240.083343505859375 285.121673583984375 400.536651611328125 417.974151611328125 410.633331298828125 401.166656494140625 379.066650390625 393.09332275390625 417.801666259765625
nan nan nan nan nan nan nan nan nan nan nan nan nan nan nan nan nan nan nan nan nan nan nan nan 6 5 25 64.25 108.5 120.15000152587890625 92.22222137451171875 51 18 5.5 10 5.5 nan nan 3 105.58333587646484375 180.4250030517578125 244.6666717529296875 298.399993896484375 335.241668701171875 391.2550048828125 411.301666259765625 432.614990234375 456.20501708984375 418.579986572265625 369.334991455078125 421.394989013671875 415.10333251953125
nan nan nan nan nan nan nan nan nan nan nan nan nan nan nan nan nan nan nan nan nan nan nan nan 5 10 19.25 62.5 99 103 75.75 37 11.5 14 14.25 10 5.5 nan 107.1999969482421875 162.6316680908203125 282.921661376953125 351.42498779296875 402.14166259765625 406.208343505859375 426.508331298828125 452.008331298828125 469.334991455078125 444.72833251953125 418.143341064453125 389.698333740234375 381.153350830078125 402
nan nan nan nan nan nan nan nan nan nan nan nan nan nan nan nan nan nan nan nan nan nan nan nan nan 5 23.25 43 71 62 52.75 16.5 18.5 24.25 23.25 14.25 4.5 92.1999969482421875 205.964996337890625 289.411651611328125 344.211669921875 480.121673583984375 472.0283203125 446.375 431.503326416015625 467.774993896484375 478.295013427734375 440.561676025390625 422.851654052734375 386.02166748046875 375.029998779296875 412.80999755859375
nan nan nan nan nan nan nan nan nan nan nan nan nan nan nan nan nan nan nan nan nan nan nan nan nan 4 13 25.25 36 45.75 23.5 17 18.25 27.75 29.25 17.75 50.34999847412109375 129.94000244140625 302.82000732421875 390.361663818359375 482.10498046875 470.764984130859375 467.834991455078125 436.53167724609375 435.274993896484375 444.256683349609375 461.74835205078125 460.86834716796875 427.981658935546875 397.8599853515625 392.23834228515625 412.66998291015625
nan nan nan nan nan nan nan nan nan nan nan nan nan nan nan nan nan nan nan nan nan nan nan nan nan nan 4 8 20.25 13.5 7 10 19 19.25 17.75 57.25 100.09999847412109375 233.5999908447265625 301.323333740234375 471.163330078125 488.441650390625 468.81500244140625 443.13165283203125 415.86749267578125 416.17333984375 423.6583251953125 452.79833984375 459.8416748046875 428.452850341796875 391.44500732421875 375.2501220703125 379.86016845703125
nan nan nan nan nan nan nan nan nan nan nan nan nan nan nan nan nan nan nan nan nan nan nan nan nan nan 5 9 4 3 nan 4 6 9 76.25 140 213.100006103515625 271.883331298828125 372.5433349609375 399.48333740234375 487.203338623046875 472.28668212890625 454.8408203125 411.14178466796875 413.76416015625 444.22833251953125 456.95166015625 458.52117919921875 433.95452880859375 374.684661865234375 341.1802978515625 333.4453125
nan nan nan nan nan nan nan nan nan nan nan nan nan nan nan nan nan nan 4 4 nan nan 5 12 14 27 16 42 12 6 nan nan nan 75 211.5 275 263 345.100006103515625 433.183319091796875 418.86334228515625 392.92333984375 484.462493896484375 460.053466796875 454.9227294921875 471.7117919921875 465.725830078125 464.5811767578125 474.1295166015625 444.251312255859375 383.6829833984375 363.782257080078125 401.066253662109375
nan nan nan nan nan nan nan nan nan nan nan nan nan nan nan nan nan 4 8 8 4 5 31 45 76 71.5 83 72 55 18 6 nan 27 171.5 262.5 335.5 422 396 403.70001220703125 331.48333740234375 347.579986572265625 412.22760009765625 465.764404296875 503.52606201171875 471.716064453125 465.90594482421875 464.16998291015625 430.08953857421875 457.086181640625 429.391326904296875 413.823455810546875 394.456085205078125
nan nan nan nan nan nan nan nan nan nan nan nan nan nan nan nan 4 8 8 8 13 35 73 121.25 138.5 170 149.5 113 73 45 13 14 140.5 246.5 336.5 403.5 465.5 400.5 314 358.70001220703125 330.933319091796875 288.967620849609375 397.546905517578125 437.849395751953125 436.753570556640625 438.87261962890625 446.18499755859375 409.313323974609375 404.4761962890625 431.730010986328125 425.39178466796875 424.85333251953125
nan nan nan nan nan nan nan nan nan nan nan nan nan nan nan nan nan 4 8 8 18 47 113.25 173.350006103515625 214.25 206 181 108.5 75 30 6 80 150 278.5 387 436.5 373.5 384.5 369 320 268.70001220703125 235.633331298828125 327.4476318359375 304.6868896484375 367.6392822265625 406.018341064453125 423.126678466796875 390.693328857421875 408.666656494140625 400.126678466796875 430.7066650390625 402.11334228515625
nan nan nan nan nan nan nan nan nan nan nan nan nan nan nan nan nan nan 4 4 14 59.25 134.350006103515625 208.01666259765625 235.850006103515625 223.25 157 105.5 33 6 26 58 168 270.5 383 358 376 424.5 457.5 331 259.5 285.100006103515625 302.133331298828125 314.5142822265625 368.125 402.9666748046875 397.82666015625 463.2933349609375 433.05999755859375 449.79998779296875 427.133331298828125 458.73333740234375
nan nan nan nan nan nan nan nan nan nan nan nan nan nan nan nan nan nan nan nan 14 61.09999847412109375 128.01666259765625 208.6833343505859375 250.01666259765625 198.600006103515625 131.5 74 32 nan nan 38 167.5 280.5 257 342.5 357.5 403 440.5 405 315 283 277 356.600006103515625 387.333343505859375 370 424.9666748046875 419.32666015625 471.433319091796875 463.166656494140625 455.333343505859375 449
nan nan nan nan nan nan nan nan nan nan nan nan nan nan nan nan nan nan nan nan 15.5 46.16666412353515625 113.4333343505859375 178.6833343505859375 205.4333343505859375 185.1666717529296875 125 75 58 41 nan 116 196 230 287 333 357 356 423 397 287 242 262.5 313.333343505859375 294.833343505859375 369 391.5 375.9666748046875 363.20001220703125 471.866668701171875 502.20001220703125 499.5
nan nan nan nan nan nan nan nan nan nan nan nan nan nan nan nan nan nan nan nan nan 42.166667938232421875 99.83333587646484375 135.4333343505859375 151.3333282470703125 172.6666717529296875 157 126 100 90 142 197 230 263 359 334.5 389.5 413.5 391 296 226 144.5 190.8333282470703125 198.3333282470703125 234.5 258.5 332 280.5 357 429.5 554.5 474.5
nan nan nan nan nan nan nan nan nan nan nan nan nan nan nan nan nan nan 16 20 23 43 92.16666412353515625 144.3333282470703125 177.6666717529296875 166 191 204 210 179.5 159 231 320 398 346 340.5 509 464 360 268 145 84 106 117 152 220 216.1666717529296875 324.666656494140625 365 520.5 491.5 515
nan nan nan nan nan nan nan nan nan nan nan nan nan nan 8 21 16 30 60 73 97 103 122 151.6666717529296875 186 243 244 267.5 231 206.5 210.5 249 408 368 353 472 501 453 370.5 276 142 55 29 33 155.5 247.1666717529296875 277.166656494140625 329.5 414.5 429 539.5 542
nan nan nan nan nan nan nan nan nan nan nan nan 31 31.5 44.5 67.5 73 105.5 124 136 139 150 177 188 217 197 258 248.5 270.5 205 213 339 363 358 424 460 449 455.5 397.5 293.5 175 132 87 69 166.5 281.166656494140625 345 361 402 416.5 436.5 561.5
