ForecastVariables/BuildingHeight_Mean_500m/BuildingHeightFocal_Random5.asc
ncols        529
nrows        344
xllcorner    2700.000000000000
yllcorner    15900.000000000000
cellsize     100.000000000000
NODATA_value  nan
[rows 23 to 45 of 344, columns 156 to 207 of 529]
nan nan nan nan nan nan nan nan nan nan nan nan nan nan nan nan nan nan nan nan nan nan nan nan nan nan nan 4.5 40.333332061767578125 43.328571319580078125 39.5666656494140625 28 nan nan nan 10 84 188 310 386 409 406.833343505859375 324.333343505859375 383.833343505859375 395.166656494140625 408.666656494140625 325.666656494140625 355.5 257.5 286.5 266.166656494140625 251.6666717529296875
nan nan nan nan nan nan nan nan nan nan nan nan nan nan nan nan nan nan nan nan nan nan nan nan nan nan 4.5 40.333332061767578125 132.6619110107421875 106.8285675048828125 62.895236968994140625 45.5666656494140625 28 nan nan 38 120 245 367 418 396 351.5 400.333343505859375 327.166656494140625 374.666656494140625 331.166656494140625 382.166656494140625 281.166656494140625 312.5 250 245.5 189.4444427490234375
nan nan nan nan nan nan nan nan nan nan nan nan nan nan nan nan nan nan nan nan nan nan nan nan nan nan 26.433332443237304688 108.26190185546875 182.72857666015625 197.128570556640625 133.9285736083984375 60.66190338134765625 28.166667938232421875 27 nan 56.5 166 269 441 465 428 403 325.5 316 241.1666717529296875 341.666656494140625 304.166656494140625 307 248 254 222.9444427490234375 199.873016357421875
nan nan nan nan nan nan nan nan nan nan nan nan nan nan nan nan nan nan nan nan nan nan nan nan nan nan 88.90000152587890625 170.23333740234375 250.786895751953125 223.8285675048828125 224.9619140625 115.1666717529296875 72.73333740234375 62.5 46 53.5 114.5 255 369 446 437 352.5 276 201.5 260.5 198.6666717529296875 328.5 282 313.5 292.5 248.5 216.4444427490234375
nan nan nan nan nan nan nan nan nan nan nan nan nan nan nan nan nan nan nan nan nan nan nan nan nan 26 90 226.125 297.791656494140625 319.770233154296875 240.9666748046875 186.9000091552734375 145.866668701171875 113.83333587646484375 125 95.66666412353515625 120.16666412353515625 226.5 283 313 357.5 344.5 285.166656494140625 267.75 183.75 255.5 297 401 372.5 316.339996337890625 311.980010986328125 298.606658935546875
nan nan nan nan nan nan nan nan nan nan nan nan nan nan nan nan nan nan nan nan nan nan nan nan 19 48 150.225006103515625 219.35833740234375 362.008331298828125 365.941650390625 315.875 264.20001220703125 221.0500030517578125 157 137.866668701171875 134.5833282470703125 108.73333740234375 156.3333282470703125 182 252.5 281.5 324.166656494140625 339.416656494140625 265.833343505859375 313.666656494140625 348.25 457 459.5 415.2542724609375 392.470001220703125 376.459991455078125 368.33428955078125
nan nan nan nan nan nan nan nan nan nan nan nan nan nan nan nan nan nan nan nan nan nan nan nan 19 76 135.133331298828125 264.808319091796875 378.9083251953125 404.50164794921875 366.649993896484375 333.133331298828125 281.7833251953125 182.9499969482421875 157.7833404541015625 151.1833343505859375 126.65000152587890625 113.0666656494140625 188.0833282470703125 200.3333282470703125 245.5666656494140625 314.916656494140625 355.833343505859375 365.5 339.5 450.100006103515625 495.75 500.854278564453125 444.934295654296875 404.8509521484375 378.44500732421875 352.686676025390625
nan nan nan nan nan nan nan nan nan nan nan nan nan nan nan nan nan nan nan nan nan nan nan nan 19 57 132.6999969482421875 233.4333343505859375 403.068328857421875 422.84332275390625 452.726654052734375 396.616668701171875 276.26666259765625 266 202.5666656494140625 212.7166595458984375 201.0416717529296875 172.149993896484375 140.149993896484375 193.149993896484375 232.9476165771484375 295.73333740234375 341.75 352.5 401.566650390625 409.416656494140625 479.74761962890625 455.414276123046875 449.020965576171875 372.77593994140625 316.532623291015625 367.008819580078125
nan nan nan nan nan nan nan nan nan nan nan nan nan nan nan nan nan nan nan nan nan nan nan nan nan 36.5 97.5 208.3600006103515625 340.09332275390625 462.5433349609375 483.55999755859375 375.99334716796875 353.79998779296875 316.058319091796875 316.316680908203125 304.1583251953125 298.85833740234375 250.8416595458984375 184.649993896484375 163.5976104736328125 191.1976165771484375 248.4476165771484375 308.23333740234375 327.316650390625 324.7166748046875 374.013336181640625 419.54998779296875 420.364288330078125 353.755950927734375 313.142608642578125 341.92547607421875 358.19049072265625
nan nan nan nan nan nan nan nan nan nan nan nan nan nan nan nan nan nan nan nan nan nan nan 27 17.5 42.5 102.1999969482421875 257.899993896484375 345.760009765625 425.426666259765625 452.610015869140625 400.7833251953125 390.491668701171875 383.241668701171875 396.816680908203125 461.991668701171875 374.008331298828125 275.7166748046875 216.972625732421875 168.3309478759765625 167.9309539794921875 238.614288330078125 277.0142822265625 303.366668701171875 320.413330078125 333.279998779296875 374.579986572265625 360.72332763671875 315.810943603515625 328.678802490234375 345.43048095703125 339.11712646484375
nan nan nan nan nan nan nan nan nan nan nan nan nan nan nan nan nan nan nan nan nan nan 54 71.5 96.5 82.5 226.5 345.20001220703125 410.899993896484375 418.05999755859375 412.70001220703125 406.508331298828125 395.541656494140625 401.35833740234375 490.625 523.2833251953125 439.09332275390625 305.933349609375 212.258331298828125 151.5559539794921875 169.9142913818359375 231.864288330078125 267.5 323.279998779296875 313.013336181640625 325.279998779296875 326.486663818359375 306.926666259765625 326.029998779296875 338.013336181640625 363.2454833984375 376.26214599609375
nan nan nan nan nan nan nan 7 10 nan nan nan nan nan nan nan nan nan nan nan nan 81 108 160 190.5 262.5 307.5 370 489.70001220703125 497.70001220703125 426.29998779296875 347.600006103515625 345.10833740234375 430.524993896484375 511.558319091796875 504.15167236328125 463.52667236328125 351.68499755859375 217.6666717529296875 169.339996337890625 179.6892852783203125 236.649993896484375 294.25 321.5 342.813323974609375 310.986663818359375 275.686676025390625 304.61334228515625 320.540008544921875 345.70001220703125 379.50665283203125 409.09332275390625
nan nan nan nan nan 30 26 30 27 10 7 6 nan nan nan nan nan nan nan nan 59 135 216 228 259 263.5 349 397 457 459 367.70001220703125 333 319.20001220703125 387.0916748046875 466.33331298828125 481.3800048828125 439.368316650390625 365.82666015625 259.883331298828125 239.6150054931640625 268.31500244140625 297.67498779296875 336 329.5 368.5 289.013336181640625 274.00665283203125 360.94000244140625 338.019989013671875 352.566650390625 399.986663818359375 423.066650390625
28.333332061767578125 15.5 nan nan 30 69 107 73 74 42 30.142856597900390625 19.200000762939453125 12 7 nan nan nan nan nan 42 95.28571319580078125 195.5 270 325.5 248 280 235 351 393 364 340 261.899993896484375 306.67498779296875 307.44476318359375 363.0533447265625 424.519989013671875 378.36334228515625 344.875 304.79833984375 341.09832763671875 348.5150146484375 365.739990234375 368.29998779296875 378 360 336.5 355.133331298828125 328.980010986328125 385.746673583984375 391.9466552734375 420.02667236328125 445.50665283203125
82.58333587646484375 59.333332061767578125 30.5 39.5 69 111 148 165 131.75 104.89286041259765625 51.509521484375 39.509521484375 39 26.75 16.5 9 nan nan 31 65.28571319580078125 137.7857208251953125 219.7857208251953125 335 331.5 306.5 234 269 290 353 346.79998779296875 320.54998779296875 302.714996337890625 296.2064208984375 367.4664306640625 374.044769287109375 378.786651611328125 303.91998291015625 312.1533203125 349.273345947265625 366.665008544921875 350.739990234375 354 378 409 311.5 387 390.239990234375 349.67999267578125 404.779998779296875 454.579986572265625 413.239990234375 426.88665771484375
137.7833251953125 104.41666412353515625 81.83333587646484375 65 108.5 155 182 169.75 153.142852783203125 122.509521484375 106.6761932373046875 75.85118865966796875 61.77381134033203125 57.25 46.25 37.5 9 26 68.28571319580078125 100.78571319580078125 146.7857208251953125 246.2857208251953125 326.28570556640625 370 343.5 319.5 358 356 409.79998779296875 414.350006103515625 392.31500244140625 341.173095703125 382.333099365234375 460.153106689453125 484.519775390625 374.87811279296875 306.58001708984375 268.133331298828125 295.79998779296875 285.540008544921875 292 291.29998779296875 296.899993896484375 320.399993896484375 339.76666259765625 326.933319091796875 358.739990234375 409.980010986328125 404.188323974609375 358.8216552734375 392.373321533203125 403.29998779296875
190.5500030517578125 159.75 120.58333587646484375 93.25 117.83333587646484375 162.8333282470703125 152.75 155 132 125.22618865966796875 102.4345245361328125 94.8154754638671875 93.005950927734375 102.9309539794921875 88.0500030517578125 68.25 46.5 70 85 124.28571319580078125 180.7857208251953125 250.7857208251953125 259 300.5 377 444 413 462.79998779296875 484.649993896484375 475.040008544921875 389.426666259765625 389.438323974609375 474.2264404296875 541.35308837890625 517.8614501953125 440.133331298828125 295.019989013671875 245.25 224.1999969482421875 229.5333251953125 215.899993896484375 249.899993896484375 267.70001220703125 291.32666015625 380.428558349609375 357.23333740234375 332.399993896484375 443.54833984375 388.529998779296875 351.4566650390625 372.394989013671875 387.449981689453125
192.5500030517578125 183.8000030517578125 145.8214263916015625 137.6666717529296875 125.91666412353515625 132.3333282470703125 140.3333282470703125 115.08333587646484375 117.08333587646484375 112.95833587646484375 112.39881134033203125 103.83928680419921875 106.8892822265625 121.47261810302734375 133.9642791748046875 103.16666412353515625 82 93 116 146 189.2857208251953125 200.5 241 254 389.5 456.5 502 527 498.25 449.566680908203125 427.160003662109375 382.70501708984375 469.388336181640625 504.544769287109375 504.996673583984375 387.970001220703125 261.98333740234375 202.8499908447265625 209.6833343505859375 226.0333404541015625 230.73333740234375 238.20001220703125 296.28668212890625 327.78857421875 359.99334716796875 382.47857666015625 407.475006103515625 373.183349609375 339.90667724609375 359.786651611328125 359.524749755859375 335.704986572265625
187.8000030517578125 174.371429443359375 147.359527587890625 132.642852783203125 139.1666717529296875 145.5833282470703125 117.16666412353515625 82.66666412353515625 93.41666412353515625 112.16666412353515625 113.95833587646484375 112.1726226806640625 101.5559539794921875 131.2976226806640625 144.25 134.6666717529296875 95.66666412353515625 119 142 207 155 207 210.5 294.5 293.5 398.5 491.5 524 436.45001220703125 379.38665771484375 344.2783203125 320.235015869140625 394.214996337890625 452.3699951171875 423.07000732421875 328.35333251953125 243.8000030517578125 239.5833282470703125 213.5999908447265625 241.6833343505859375 271.5333251953125 381.453338623046875 383.1485595703125 378.8699951171875 357.010009765625 389.709991455078125 377.44525146484375 325.458343505859375 355.078338623046875 356.35809326171875 352.759765625 358.634765625
150.7880859375 167.27618408203125 141.630950927734375 128.630950927734375 143.6761932373046875 140.0833282470703125 89 65.5 107.33333587646484375 106.33333587646484375 112.25 75.70833587646484375 88.0476226806640625 128.25 144.4166717529296875 126.7023773193359375 126.33333587646484375 100.66666412353515625 165 178 220 188 221 218.5 304.5 330.5 437 376.333343505859375 414.166656494140625 316.64166259765625 231.861663818359375 300.1783447265625 345.51165771484375 391.975006103515625 355.62237548828125 313.670013427734375 260.95001220703125 250.866668701171875 281.933319091796875 326.449981689453125 363.693328857421875 436.260009765625 444.8414306640625 438.57000732421875 424.977142333984375 389.48333740234375 307.471435546875 306.39166259765625 329.854766845703125 347.474761962890625 366.708099365234375 387.5430908203125
110.621429443359375 122.1976165771484375 137.0476226806640625 133.5809478759765625 127.9261932373046875 110.77143096923828125 82.16666412353515625 95.5 94.5 128.1666717529296875 111 80.66666412353515625 81.25 116.41666412353515625 132.5357208251953125 160.869049072265625 118.369049072265625 139.6666717529296875 142 190 201 243 207.5 192 198.5 315 312.333343505859375 332.73333740234375 337.85833740234375 285.976654052734375 265.89166259765625 258.345001220703125 318.558319091796875 353.1390380859375 372.83905029296875 307.0523681640625 290.859527587890625 311.760009765625 328.17498779296875 365.149993896484375 419.8466796875 436.385009765625 484.55999755859375 492.048583984375 461.0821533203125 388.061920166015625 338.82501220703125 309.82501220703125 297.475006103515625 335.229766845703125 396.79144287109375 405.8797607421875
68.23332977294921875 105.42142486572265625 119.147613525390625 126.84285736083984375 120.33809661865234375 99.6999969482421875 120.6999969482421875 109.5 128.5 152.1666717529296875 145.1666717529296875 99.66666412353515625 96.26667022705078125 108.4357147216796875 150.102386474609375 144.369049072265625 113.4523773193359375 104.9523773193359375 170.1666717529296875 167.3333282470703125 201.3333282470703125 196.5 199.5 149.5 156 172.3333282470703125 227.73333740234375 299.85833740234375 323.068328857421875 291.11834716796875 272.459991455078125 293.82501220703125 284.8023681640625 318.145965576171875 316.56390380859375 323.520233154296875 282.980224609375 314.964111328125 304.919158935546875 326.5716552734375 380.0050048828125 422.05499267578125 463.492156982421875 494.232147216796875 453.3892822265625 411.3321533203125 348.19049072265625 310.64166259765625 322.8416748046875 367.6583251953125 390.138092041015625 390.58831787109375
90.9333343505859375 89.09999847412109375 113.7547607421875 118.65476226806640625 114.9452362060546875 129.100006103515625 118.5 138 171 214.5 172.6666717529296875 127.76667022705078125 108.5 132.899993896484375 144.00238037109375 129.01904296875 91.9523773193359375 96.66666412353515625 102.16666412353515625 158.6666717529296875 151.1666717529296875 164.8333282470703125 139.5 130 85 65.5 124.85833740234375 233.318328857421875 310.46832275390625 321.86834716796875 325.86834716796875 303.316680908203125 308.989654541015625 264.47418212890625 267.65869140625 257.166778564453125 276.9307861328125 269.409942626953125 295.6182861328125 327.427490234375 307.6966552734375 344.5716552734375 382.92999267578125 410.892852783203125 427.234527587890625 378.484527587890625 311.60833740234375 319.383331298828125 368.14166259765625 374.100006103515625 391.71331787109375 388.3599853515625
