ForecastVariables/BuildingHeight_Mean_500m/BuildingHeightFocal_Random1.asc
ncols        529
nrows        344
xllcorner    2700.000000000000
yllcorner    15900.000000000000
cellsize     100.000000000000
NODATA_value  nan
[rows 161 to 183 of 344, columns 260 to 311 of 529]
128.9907073974609375 144.79449462890625 219.591827392578125 196.8614044189453125 242.7452239990234375 242.003326416015625 348.27728271484375 395.263641357421875 432.8636474609375 419.232635498046875 440.535308837890625 423.519989013671875 425.962432861328125 370.983245849609375 333.61651611328125 325.008392333984375 402.496246337890625 450.105865478515625 492.008636474609375 557.6383056640625 516.231689453125 418.19000244140625 355.2349853515625 344.149993896484375 282.0111083984375 267.41375732421875 226.2036895751953125 239.209991455078125 182.842926025390625 187.058502197265625 220.0211944580078125 271.186676025390625 272.225006103515625 254.0333251953125 287.11334228515625 314.5 352.916656494140625 418.25 419 405.2833251953125 416.25 392.21429443359375 334.333343505859375 322.333343505859375 268.75 250.2142791748046875 305.0428466796875 310.642852783203125 345.928558349609375 351.845245361328125 376.551666259765625 344.34332275390625
126.19449615478515625 140.591827392578125 160.256500244140625 176.7337799072265625 163.562652587890625 334.54522705078125 355.23333740234375 398.530303955078125 394.742431640625 455.675750732421875 410.8477783203125 444.472686767578125 440.6978759765625 404.659698486328125 287.506317138671875 242.425048828125 291.748931884765625 408.382537841796875 498.85888671875 492.19500732421875 448.404998779296875 442.70166015625 391.958343505859375 331 314.528564453125 273.851043701171875 242.77294921875 204.632080078125 228.4635009765625 303.108856201171875 289.156005859375 334.856658935546875 413.961669921875 394.628326416015625 332.61334228515625 365.4466552734375 383 388.75 390.916656494140625 367 372.583343505859375 348.583343505859375 315.583343505859375 279.75 251.404754638671875 240.0547637939453125 256.114288330078125 351.47857666015625 376.678558349609375 413.535003662109375 291.65167236328125 341.176666259765625
123.9671478271484375 141.8391876220703125 144.819671630859375 136.602081298828125 285.428009033203125 367.865936279296875 437.977264404296875 368.166656494140625 457.333343505859375 395.57574462890625 485.675750732421875 419.8477783203125 408.124664306640625 357.80633544921875 279.180999755859375 247.8134002685546875 262.80169677734375 361.048065185546875 405.3800048828125 398.95001220703125 427.791656494140625 460.893341064453125 421.82501220703125 392.9468994140625 333.36492919921875 260.8927001953125 213.7393798828125 194.49334716796875 240.5896759033203125 284.463775634765625 445.079864501953125 465.2298583984375 492.556671142578125 429.84832763671875 384.01165771484375 411.36334228515625 400.61334228515625 370.083343505859375 339.5 313.416656494140625 284.75 269.583343505859375 255.75 239.654754638671875 227.0547637939453125 255.471435546875 291.621429443359375 360.79998779296875 455.125 345.058319091796875 324.49334716796875 328.35333251953125
123.7960968017578125 139.88916015625 141.2800445556640625 205.8437957763671875 310.7464599609375 445.19036865234375 504.97332763671875 515.55950927734375 388.166656494140625 394.833343505859375 377.07574462890625 406.433319091796875 387.419921875 354.1934814453125 322.799896240234375 311.43597412109375 344.37615966796875 324.720001220703125 419.6533203125 373.586669921875 404.34332275390625 424.223876953125 498.295013427734375 470.144989013671875 362.996917724609375 261.7816162109375 180.2927093505859375 210.4191436767578125 232.7487945556640625 359.31817626953125 485.3115234375 568.86834716796875 476.4666748046875 438.095001220703125 392.66168212890625 340.3033447265625 374.29998779296875 371.333343505859375 323.5 253.3333282470703125 193.0833282470703125 222.75 188.75 160.3333282470703125 195.8214263916015625 228.121429443359375 294.821441650390625 420.550018310546875 421.75 384.75 332.5 290.1300048828125
122.25464630126953125 135.2429962158203125 160.801544189453125 269.150726318359375 403.628570556640625 513.54876708984375 644.8634033203125 462.78570556640625 367.759521484375 298.333343505859375 311.333343505859375 356 405.615386962890625 349.573486328125 370.51348876953125 414.725982666015625 392.65203857421875 447.44000244140625 437.019989013671875 387.160003662109375 349.3155517578125 468.30889892578125 556.01055908203125 488.388336181640625 368.6878662109375 290.378570556640625 250.4930419921875 223.9677886962890625 323.89666748046875 436.999847412109375 516.8900146484375 531.35833740234375 468.77166748046875 375.20501708984375 352.611663818359375 331.35833740234375 361.383331298828125 344 325 219 199 144.75 111 101 112 156.471435546875 258.75 362.600006103515625 437.20001220703125 414.91668701171875 331.486663818359375 265.845001220703125
129.510528564453125 144.1896209716796875 232.772857666015625 334.335784912109375 462.004638671875 682.96337890625 629.952392578125 492.202392578125 302.81903076171875 250.2064971923828125 252.77777099609375 331.375 368 378.31536865234375 395.773468017578125 356.992034912109375 440.60333251953125 483.63665771484375 459.816680908203125 358.2388916015625 363.948883056640625 452.1422119140625 515.06890869140625 525.8934326171875 413.669525146484375 305.273345947265625 264.720001220703125 313.996673583984375 389.16094970703125 508.756683349609375 505.921661376953125 529.22998046875 454.388336181640625 363.4716796875 358.498321533203125 329.758331298828125 362.975006103515625 380 361.29998779296875 239 168.5 123 106 66 35 114.90000152587890625 240.600006103515625 325.100006103515625 421.600006103515625 432 351.26666259765625 294.954986572265625
146.719635009765625 196.5211334228515625 302.643310546875 388.1376953125 567.68023681640625 744.05950927734375 657.702392578125 514.5523681640625 399.416015625 221.65093994140625 280.04974365234375 336.486114501953125 342.375 349.70001220703125 284.9820556640625 304.753326416015625 378.183319091796875 390.5 377.23333740234375 396.316680908203125 367.45556640625 392.51556396484375 469.02508544921875 481.636199951171875 417.948333740234375 323.611663818359375 303.048583984375 343.234283447265625 395.2109375 418.3609619140625 481.773345947265625 510.029998779296875 451.823333740234375 435.5150146484375 404.758331298828125 404.975006103515625 391 379.0181884765625 343.55999755859375 256.79998779296875 220.9499969482421875 171.975006103515625 132.6666717529296875 60.266666412353515625 52.16666412353515625 151 263.350006103515625 332.866668701171875 396.566680908203125 428.07501220703125 391.453338623046875 373.260009765625
148.315093994140625 231.7858734130859375 369.738555908203125 473.373046875 645.16058349609375 749.08282470703125 683.20953369140625 549.24932861328125 380.550933837890625 328.616424560546875 392.01641845703125 401.8497314453125 349.68609619140625 325.57501220703125 262.866668701171875 243.8190460205078125 248.850006103515625 286.899993896484375 357.683349609375 395.01666259765625 302.316680908203125 386.45556640625 464.399993896484375 441.93499755859375 382.426666259765625 312.366912841796875 338.5283203125 318.529998779296875 316.20428466796875 333.297607421875 420.320953369140625 409.0333251953125 479.44000244140625 461.399993896484375 466.975006103515625 440 395.96820068359375 364.45819091796875 296.0281982421875 312.610015869140625 264.225006103515625 249.7166748046875 212.4583282470703125 195.0333251953125 205.8333282470703125 230.39666748046875 276.800018310546875 360.816680908203125 393.408355712890625 406.16168212890625 435.70501708984375 437.790008544921875
241.33831787109375 296.360504150390625 407.426605224609375 579.37249755859375 719.41058349609375 734.00506591796875 735.62725830078125 545.87615966796875 448.63031005859375 454.64141845703125 459.1097412109375 449.852783203125 450.375 383.07501220703125 291.4857177734375 215.8708953857421875 216.01904296875 254.133331298828125 361.01666259765625 304.32916259765625 364.189361572265625 402 460.041656494140625 479.60333251953125 434.106903076171875 386.554046630859375 337.650726318359375 286.057861328125 274.609527587890625 305.53094482421875 325.933319091796875 392.583343505859375 427.333343505859375 498 461 460.7681884765625 348.141510009765625 292.224853515625 325.108184814453125 281.553192138671875 294.662384033203125 325.0533447265625 320.433319091796875 307.625 285.496673583984375 298.27581787109375 313.14666748046875 327.274993896484375 311.111663818359375 354.4954833984375 429.714996337890625 436.15167236328125
351.044036865234375 429.112884521484375 526.2861328125 646.50225830078125 727.521728515625 722.24395751953125 666.66668701171875 563.9000244140625 454.166656494140625 460.623626708984375 438.53778076171875 435.801666259765625 439.041656494140625 318.66070556640625 275.0792236328125 297.504241943359375 178.7727508544921875 226.690887451171875 253.9691619873046875 278.623077392578125 304.53656005859375 390.33935546875 469.38775634765625 533.66998291015625 482.7783203125 404.139801025390625 341.3985595703125 306.653564453125 252.3142852783203125 272.54998779296875 313.383331298828125 339.7833251953125 425.083343505859375 428.666656494140625 484.989990234375 371.36334228515625 347.57318115234375 305.7581787109375 306.374847412109375 228.30072021484375 306.55572509765625 395.705718994140625 400.470001220703125 359.00262451171875 332.23138427734375 341.25830078125 328.05084228515625 275.8800048828125 272.732147216796875 316.04547119140625 376.1387939453125 408.10546875
509.40118408203125 562.058349609375 655.875 727.55279541015625 736.7689208984375 736.36663818359375 578.0999755859375 471.875 420.3599853515625 382.426666259765625 390.08050537109375 375.001678466796875 359.876678466796875 301.0601806640625 321.479248046875 296.9810791015625 221.0090789794921875 131.54803466796875 206.55157470703125 237.4596710205078125 288.607757568359375 310.6654052734375 426.273773193359375 493.887725830078125 457.979095458984375 410.529083251953125 329.3626708984375 277.45001220703125 314.166656494140625 274.7166748046875 294.45001220703125 334.426177978515625 313.4083251953125 428.4566650390625 444.0233154296875 385.32501220703125 370.704986572265625 300.82318115234375 241.8757171630859375 244.0723876953125 310.93072509765625 345.531890869140625 371.66168212890625 350.602325439453125 333.40521240234375 319.505523681640625 284.287139892578125 262.2113037109375 266.340484619140625 299.93212890625 310.310943603515625 329.33831787109375
721.6881103515625 743.2249755859375 807.9749755859375 796.058349609375 802.9000244140625 686.4666748046875 523.17498779296875 398.975006103515625 390.403564453125 338.463836669921875 315.2662353515625 311.5255126953125 314.1966552734375 369.95001220703125 374.245361328125 280.05908203125 276.88336181640625 223.31939697265625 159.780670166015625 210.0053253173828125 233.6385345458984375 275.807464599609375 331.363555908203125 352.6934814453125 372.546844482421875 342.13409423828125 277.55908203125 300.32574462890625 305.416656494140625 314.366668701171875 260.426177978515625 261.217864990234375 341.82452392578125 394.5816650390625 414.058319091796875 453.98834228515625 455.524993896484375 342.30499267578125 291.14166259765625 267.085723876953125 266.972381591796875 260.46405029296875 300.309356689453125 291.2100830078125 281.75439453125 257.0673828125 242.7126922607421875 230.3702850341796875 242.3870391845703125 251.9792022705078125 290.63739013671875 270.178314208984375
789.26666259765625 777.26666259765625 766.04168701171875 767.08001708984375 673.1500244140625 604.70831298828125 427.975006103515625 322.503570556640625 284.735992431640625 275.793121337890625 285.194549560546875 314.1312255859375 281.9288330078125 357.529998779296875 395.72283935546875 370.988189697265625 322.7581787109375 240.560089111328125 196.536590576171875 255.291900634765625 269.492095947265625 262.161834716796875 247.2955169677734375 267.828857421875 278.675750732421875 240.05908203125 302.659088134765625 298.75 324.666656494140625 298.30950927734375 255.134521484375 261.884521484375 329.68450927734375 469.551177978515625 513.52166748046875 527.7216796875 459.29833984375 467.834991455078125 396.45001220703125 296.350006103515625 194.4285736083984375 231.6895294189453125 228.1058807373046875 218.3179779052734375 183.3985595703125 209.160614013671875 198.8695831298828125 210.5093841552734375 203.2705078125 214.9445037841796875 214.178558349609375 208.02105712890625
454.28570556640625 468.2166748046875 553.24664306640625 528.14227294921875 498.39666748046875 391.583343505859375 317.736907958984375 237.0821380615234375 239.36785888671875 257.31671142578125 303.368133544921875 266.16455078125 325.06072998046875 350.07501220703125 355.8800048828125 363.94781494140625 327.269683837890625 232.2634735107421875 308.712371826171875 334.940277099609375 301.434539794921875 268.77130126953125 254.583831787109375 227.616668701171875 215.9742431640625 255.784088134765625 325.75 333 332.5 311.416656494140625 281.309539794921875 298.1678466796875 441.90118408203125 496.8216552734375 581.49664306640625 569.4566650390625 532.06500244140625 477.15618896484375 393.840484619140625 269.5 263.936187744140625 204.392486572265625 185.2258148193359375 174.497650146484375 173.4195556640625 170.98828125 191.585784912109375 176.5639495849609375 179.6222991943359375 174.499359130859375 190.12371826171875 181.01251220703125
190.7023773193359375 246.3490447998046875 286.942291259765625 340.942291259765625 280.8756103515625 258.746673583984375 197.76190185546875 289.232147216796875 308.2071533203125 372.892852783203125 344.238128662109375 333.4857177734375 305.57501220703125 362.829986572265625 311.95001220703125 353 251.4478302001953125 291.769989013671875 308.765472412109375 372.238739013671875 345.167327880859375 302.527984619140625 214.8105316162109375 196.1911163330078125 216.3249969482421875 307.390899658203125 384.375 431.5 372.75 361.916656494140625 332.416656494140625 391.809539794921875 483.024993896484375 526.16668701171875 482.096649169921875 476.94000244140625 456.856201171875 396.826202392578125 268.409515380859375 265.25714111328125 194.9089202880859375 186.156890869140625 175.5729522705078125 184.641693115234375 174.1436767578125 174.448272705078125 174.469635009765625 184.0070953369140625 151.8839111328125 162.564849853515625 210.6400299072265625 200.4205780029296875
117.58571624755859375 144.2646636962890625 197.34466552734375 194.475616455078125 261.0589599609375 180.4122772216796875 238.5 348.428558349609375 447.857147216796875 433.178558349609375 445.78570556640625 403.6199951171875 391.329986572265625 258.95001220703125 323.5408935546875 283 272.707550048828125 274.26959228515625 343.5 345.569915771484375 378.66632080078125 263.288665771484375 194.758575439453125 194.9777374267578125 273.147186279296875 340.53460693359375 494.840911865234375 513.95831298828125 484.416656494140625 381.416656494140625 398.916656494140625 373.916656494140625 439.166656494140625 506.899993896484375 407.4666748046875 312.9228515625 323.576202392578125 233.6761932373046875 275.27618408203125 196.2303619384765625 202.889739990234375 195.6079864501953125 194.32562255859375 174.3221588134765625 200.543701171875 176.5440673828125 178.411041259765625 166.7662811279296875 195.4252471923828125 218.8057403564453125 232.071441650390625 240.2530364990234375
224.9857177734375 167.9857177734375 192.6456146240234375 229.39227294921875 181.9122772216796875 218.5 249 349 482.928558349609375 525 446 435 334.95001220703125 312.5408935546875 263.650909423828125 239.5760498046875 229.884033203125 281.2449951171875 287.87890625 335.768157958984375 316.25067138671875 273.592864990234375 199.739959716796875 208.5229644775390625 292.11456298828125 489.44891357421875 581.87701416015625 591.20831298828125 503.583343505859375 459.916656494140625 385.916656494140625 440.166656494140625 392 372.5 284.70001220703125 270.5 281.5428466796875 248.6761932373046875 195.3095245361328125 236.3784332275390625 187.4437103271484375 217.1285552978515625 195.393890380859375 200.42022705078125 184.745086669921875 183.12493896484375 165.4091644287109375 221.0482025146484375 273.78369140625 324.73291015625 311.210296630859375 331.73248291015625
365.9857177734375 255.0333251953125 233.1999969482421875 202.47894287109375 165.5 135.5 202.5 293 454 510 511 388.5 317.594573974609375 284.319091796875 253.62152099609375 180.2785797119140625 194.8306884765625 178.1090545654296875 250.25811767578125 273.681610107421875 274.053497314453125 228.4470977783203125 233.04937744140625 265.812744140625 337.48638916015625 483.675262451171875 665.9786376953125 632.71795654296875 535.83331298828125 430.083343505859375 399.166656494140625 405.5 421 281 243 254 303 281.642852783203125 265 238.4444427490234375 310.14105224609375 191.4730072021484375 180.752166748046875 201.384307861328125 175.2338714599609375 164.450653076171875 217.8006591796875 289.33612060546875 361.48052978515625 385.22100830078125 418.92340087890625 407.1776123046875
468.652374267578125 290.866668701171875 180.73333740234375 162.1666717529296875 108.5 79.5 107 279.600006103515625 399.5 484 476.5 407.343658447265625 317.324951171875 264.509063720703125 189.6341552734375 175.2827301025390625 158.4544830322265625 156.5194854736328125 169.01177978515625 250.6049346923828125 229.3739471435546875 239.1788177490234375 285.4476318359375 309.75677490234375 399.551910400390625 555.95782470703125 580.4161376953125 644.1190185546875 528.83331298828125 418.5 427.5 372 314 269 221 242 262 337 290.5 314.31817626953125 297.929290771484375 251.841064453125 171.2070770263671875 158.529296875 150.356536865234375 182.2601776123046875 225.4587249755859375 349.313079833984375 400.884033203125 404.446746826171875 408.18475341796875 361.713104248046875
439.16448974609375 287.664886474609375 184.1666717529296875 97.66666412353515625 61.5 nan 67.59999847412109375 249.100006103515625 342.76666259765625 437.5 425.843658447265625 395.37994384765625 303.156524658203125 202.21722412109375 159.90087890625 158.1548919677734375 141.3918304443359375 165.733917236328125 200.57928466796875 241.2543792724609375 275.409912109375 288.53448486328125 313.81695556640625 340.943939208984375 468.658203125 510.34283447265625 568.3690185546875 579.08331298828125 500 383.5 375 363 248 160 113 162 249 249.8333282470703125 338.5 315.5 253.31817626953125 196.26263427734375 181.4848480224609375 125.861114501953125 125.66666412353515625 152.2111053466796875 229.2142791748046875 288.52667236328125 376.313079833984375 366.909759521484375 317.47808837890625 283.3131103515625
452.39129638671875 278.260345458984375 101.7648773193359375 45.5 nan 12.600000381469726562 44.09999847412109375 135.9666748046875 300.100006103515625 337.806671142578125 353.82476806640625 304.094512939453125 249.1385498046875 142.3341522216796875 139.197601318359375 132.873138427734375 167.4755859375 240.081451416015625 285.263214111328125 295.961517333984375 302.18212890625 358.2655029296875 371.78143310546875 409.410003662109375 366.9224853515625 449.265716552734375 600.09332275390625 529.08331298828125 422.5 364 344 287 195 70 21.666666030883789062 93.66666412353515625 213.3333282470703125 192.6666717529296875 192.8333282470703125 262.833343505859375 213.8333282470703125 147.81817626953125 67.66666412353515625 51.333332061767578125 82.08333587646484375 98.08333587646484375 153.943328857421875 237.51666259765625 294.26666259765625 303.713104248046875 222.77142333984375 272.419769287109375
352.425323486328125 194.1079559326171875 71.1079559326171875 13.3125 nan 16 72.46666717529296875 119.633331298828125 200.5500030517578125 259.458343505859375 259.391204833984375 259.3465576171875 180.282989501953125 177.17205810546875 125.313934326171875 147.037689208984375 216.611724853515625 246.4031982421875 370.821319580078125 344.359466552734375 403.89410400390625 328 338.278564453125 339.21417236328125 412.263336181640625 421.3599853515625 485.3800048828125 449.513336181640625 434.258331298828125 431.600006103515625 231 171 152 72.66666412353515625 48.333332061767578125 87.16666412353515625 138.3333282470703125 169.1666717529296875 171 161.5 162.6666717529296875 96.33333587646484375 10 13 25.333332061767578125 39.75 93.5 185.318328857421875 215.225006103515625 198.9666595458984375 233.7614288330078125 236.1833343505859375
279.801239013671875 170.614227294921875 83.89583587646484375 31.75 nan 29.200000762939453125 77.866668701171875 132.105560302734375 170.7833251953125 172.5833282470703125 224.9210357666015625 195.999298095703125 205.991607666015625 175.4992523193359375 160.2655181884765625 164.7156829833984375 223.042694091796875 321.703765869140625 345.07818603515625 431.428558349609375 352.928558349609375 374.778564453125 297.524993896484375 339.16571044921875 352.7197265625 428.433319091796875 426.6199951171875 491.980010986328125 449.204986572265625 309.32501220703125 241.100006103515625 125 72.66666412353515625 35.333332061767578125 62.833332061767578125 91.16666412353515625 125 142.6666717529296875 165.1666717529296875 136.3333282470703125 123.41666412353515625 71.66666412353515625 33.333332061767578125 nan 5 28 52 129.25 177.5099945068359375 181.1483306884765625 181.24761962890625 229.850006103515625
