ForecastVariables/BuildingHeight_Mean_500m/BuildingHeightFocal_Random1.asc
ncols        529
nrows        344
xllcorner    2700.000000000000
yllcorner    15900.000000000000
cellsize     100.000000000000
NODATA_value  nan
[rows 184 to 206 of 344, columns 312 to 363 of 529]
207.960784912109375 175.25 216.399993896484375 217.194122314453125 219.4163360595703125 150.5072479248046875 130.2429656982421875 119.0665740966796875 112.6645050048828125 110.52272796630859375 161.9068145751953125 330.906829833984375 393.679534912109375 462.933319091796875 357.681121826171875 365.150909423828125 305.842987060546875 252.252105712890625 285.435821533203125 288.133209228515625 325.552032470703125 309.205718994140625 326.790863037109375 357.882904052734375 361.152008056640625 407.59063720703125 425.998809814453125 368.339996337890625 412.885009765625 409.63165283203125 445.67999267578125 390.920013427734375 400.58001708984375 450.86334228515625 429.12335205078125 378.75 291.70001220703125 196.8166656494140625 228.149993896484375 200.5 189.3333282470703125 71.66666412353515625 8.5 8.5 3 nan 4.5 8.5 12.5 12 8 4
124.8209075927734375 129.0441131591796875 116.75 163.899993896484375 134.694122314453125 118.9163360595703125 118.71836090087890625 112.70995330810546875 110.840911865234375 109.67954254150390625 164.4068145751953125 220.6795501708984375 396.725006103515625 508.475006103515625 579.8499755859375 488.3841552734375 355.29815673828125 356.669158935546875 436.29510498046875 434.364288330078125 399.333343505859375 356.169647216796875 330.466552734375 352.31298828125 430.687286376953125 476.438812255859375 431.683807373046875 398.288818359375 429.5050048828125 493.458343505859375 438.47833251953125 408.420013427734375 319.67999267578125 296.37335205078125 303.683349609375 275.2833251953125 201.7166748046875 78.15000152587890625 20 80 70 5 nan nan nan nan nan 4.5 4 4 4 nan
89.10662078857421875 101.43994903564453125 115.91912078857421875 110.25 111.40000152587890625 111.29412078857421875 111.83333587646484375 110.840911865234375 110.5 111 121.67954254150390625 285.225006103515625 491.975006103515625 634.75 563.7197265625 550.77923583984375 554.25701904296875 537.2498779296875 464.412567138671875 571.70953369140625 508.28631591796875 403.395843505859375 305.479156494140625 335.010833740234375 407.817962646484375 388.17547607421875 373.623809814453125 370.691680908203125 374.998321533203125 343.438323974609375 334.17333984375 273.573333740234375 225.7400054931640625 155 116.83333587646484375 106.20000457763671875 43.15000152587890625 15 5 5 5 nan nan nan nan nan nan nan nan nan nan nan
80.273284912109375 119.41912078857421875 150.758331298828125 116.1964263916015625 110.5 110.5 110.5 110.5 110.5 110.5 174.5 311.725006103515625 619.5 641.08331298828125 659.5 555.33636474609375 606.729248046875 552.06256103515625 619.2357177734375 645.68212890625 537.99169921875 419.695831298828125 329.495849609375 295.20916748046875 310.5433349609375 282.490478515625 231.100006103515625 218.899993896484375 200.4583282470703125 233.97332763671875 186.833343505859375 105.8000030517578125 50.299999237060546875 34.90000152587890625 34.90000152587890625 nan nan nan nan 5 nan nan nan nan nan nan nan nan nan nan nan nan
152.569122314453125 194.758331298828125 187.2964324951171875 156.8297576904296875 118.6964263916015625 110.5 110.5 113.90000152587890625 114.75 110.5 189 400.916656494140625 586.5 676.66668701171875 671.41668701171875 553.75 394.08636474609375 494.259521484375 639.20001220703125 574.25 453.808349609375 331.60833740234375 222.04583740234375 186.883331298828125 189.0666656494140625 180.6999969482421875 107.5 48.5 67.6999969482421875 67.3333282470703125 87.3000030517578125 8 nan nan nan nan nan nan nan nan nan nan nan nan nan nan nan nan nan nan nan nan
283.512115478515625 287.029754638671875 229.9214324951171875 195.1449127197265625 150.996429443359375 110.3214263916015625 113.90000152587890625 124.9499969482421875 138.274993896484375 151.4166717529296875 202.2738037109375 412.416656494140625 681.41668701171875 641.66668701171875 540.83331298828125 413.666656494140625 400.416656494140625 383.70001220703125 384 366 372.5 233.8083343505859375 104.633331298828125 72.9333343505859375 76.1999969482421875 45.5 40.5 nan 8 16 8 nan nan nan nan nan nan nan nan nan nan nan nan nan nan nan nan nan nan nan nan nan
320.412109375 401.837127685546875 376.169921875 236.603240966796875 146.978240966796875 123.18408966064453125 150.350006103515625 243.0749969482421875 238.991668701171875 244.38214111328125 289.44049072265625 408.2738037109375 568.08331298828125 583.58331298828125 375.666656494140625 276.333343505859375 238.1666717529296875 218 200 235 146 57 49.03333282470703125 36 10 nan nan nan nan 8 nan nan nan nan nan nan nan nan nan nan nan nan nan nan nan nan nan nan nan nan nan nan
385.070465087890625 424.84014892578125 538.61517333984375 373.103240966796875 223.890899658203125 232.965911865234375 302.00909423828125 460.39166259765625 493.515472412109375 327.865478515625 352.982147216796875 353.19049072265625 370.7738037109375 363.666656494140625 257.166656494140625 153.1666717529296875 79 60 90 91 22 20 25 20 5 nan nan nan nan nan nan nan nan nan nan nan nan nan nan nan nan nan nan nan nan nan nan nan nan nan nan nan
387.066650390625 434.45831298828125 488.40679931640625 501.05755615234375 447.33258056640625 428.484100341796875 505.159088134765625 596.55078125 624.4083251953125 489.81549072265625 262.69049072265625 253.6904754638671875 260.75 148 63.666667938232421875 27 27 11 14 7 5 15 15 5 nan nan nan nan nan nan nan nan nan nan nan nan nan nan nan nan nan nan nan nan nan nan nan nan nan nan nan nan
283.333343505859375 383 433.291656494140625 449.148468017578125 423.584075927734375 452.609100341796875 553.80908203125 538.95001220703125 509.541656494140625 427.333343505859375 235.2738037109375 61.75 105.5 5 nan nan 4 nan 7 nan nan 5 5 nan nan nan nan nan nan nan nan nan nan nan nan nan nan nan nan nan nan nan nan nan nan nan nan nan nan nan nan nan
nan 158 240.666656494140625 263 249.3000030517578125 197.909088134765625 250.899993896484375 350.5 272.75 165.166656494140625 44.75 8.5 nan nan nan nan nan nan nan nan nan nan nan nan nan nan nan nan nan nan nan nan nan nan nan nan nan nan nan nan nan nan nan nan nan nan nan nan nan nan nan nan
nan nan 79 82 70 73.5 37 106.5 100.5 nan nan nan nan nan nan nan nan nan nan nan nan nan nan nan nan nan nan nan nan nan nan nan nan nan nan nan nan nan nan nan nan nan nan nan nan nan nan nan nan nan nan nan
nan nan nan nan nan nan nan nan nan nan nan nan nan nan nan nan nan nan nan nan nan nan nan nan nan nan nan nan nan nan nan nan nan nan nan nan nan nan nan nan nan nan nan nan nan nan nan nan nan nan nan nan
nan nan nan nan nan nan nan nan nan nan nan nan nan nan nan nan nan nan nan nan nan nan nan nan nan nan nan nan nan nan nan nan nan nan nan nan nan nan nan nan nan nan nan nan nan nan nan nan nan nan nan nan
nan nan nan nan nan nan nan nan nan nan nan nan nan nan nan nan nan nan nan nan nan nan nan nan nan nan nan nan nan nan nan nan nan nan nan nan nan nan nan nan nan nan nan nan nan nan nan nan nan nan nan nan
nan nan nan nan nan nan nan nan nan nan nan nan nan nan nan nan nan nan nan nan nan nan nan nan nan nan nan nan nan nan nan nan nan nan nan nan nan nan nan nan nan nan nan nan nan nan nan nan nan nan nan nan
nan nan nan nan nan nan nan nan nan nan nan nan nan nan nan nan nan nan nan nan nan nan nan nan nan nan nan nan nan nan nan nan nan nan nan nan nan nan nan nan nan nan nan nan nan nan nan nan nan nan nan nan
nan nan nan nan nan nan nan nan nan nan nan nan nan nan nan nan nan nan nan nan nan nan nan nan nan nan nan nan nan nan nan nan nan nan nan nan nan nan nan nan nan nan nan nan nan nan nan nan nan nan nan nan
nan nan nan nan nan nan nan nan nan nan nan nan nan nan nan nan nan nan nan nan nan nan nan nan nan nan nan nan nan nan nan nan nan nan nan nan nan nan nan nan nan nan nan nan nan nan nan nan nan nan nan nan
nan nan nan nan nan nan nan nan nan nan nan nan nan nan nan nan nan nan nan nan nan nan nan nan nan nan nan nan nan nan nan nan nan nan nan nan nan nan nan nan nan nan nan nan nan nan nan nan nan nan nan nan
nan nan nan nan nan nan nan nan nan nan nan nan nan nan nan nan nan nan nan nan nan nan nan nan nan nan nan nan nan nan nan nan nan nan nan nan nan nan nan nan nan nan nan nan nan nan nan nan nan nan nan nan
nan nan nan nan nan nan nan nan nan nan nan nan nan nan nan nan nan nan nan nan nan nan nan nan nan nan nan nan nan nan nan nan nan nan nan nan nan nan nan nan nan nan nan nan nan nan nan nan nan nan nan nan
nan nan nan nan nan nan nan nan nan nan nan nan nan nan nan nan nan nan nan nan nan nan nan nan nan nan nan nan nan nan nan nan nan nan nan nan nan nan nan nan nan nan nan nan nan nan nan nan nan nan nan nan
