ForecastVariables/BuildingHeight_Mean_500m/BuildingHeightFocal_Random4.asc
ncols        529
nrows        344
xllcorner    2700.000000000000
yllcorner    15900.000000000000
cellsize     100.000000000000
NODATA_value  nan
[rows 69 to 91 of 344, columns 312 to 363 of 529]
nan nan nan nan nan nan 146 252 301 331.70001220703125 366.100006103515625 465.79998779296875 433.5 523.79998779296875 485.899993896484375 607.33331298828125 502.899993896484375 323.100006103515625 253.600006103515625 224.399993896484375 336.20001220703125 284.32501220703125 240.600006103515625 154 179.0800018310546875 237 328.5 442.666656494140625 442.79998779296875 478.899993896484375 431 510.5 417 388.5 344 336 384 430 318 295 245 178 131.5 54 10 nan nan nan nan nan nan nan
nan nan nan nan nan 161 278 342 420.5 469 429.480010986328125 395 475.20001220703125 427.300018310546875 549.82220458984375 515.9000244140625 420.5 380.70001220703125 280.100006103515625 326.399993896484375 342.524993896484375 367.975006103515625 298.605010986328125 262.279998779296875 195.80499267578125 269.008575439453125 382.98095703125 444.866668701171875 469.32666015625 400.67999267578125 408 346.5 416 356.5 388 345 354 368 371 320 431 310.5 189.5 101.5 51 24 nan nan nan nan nan nan
nan nan nan 16 95.5 177 358 429.5 489.5 442.279998779296875 398.4466552734375 485.3466796875 393 459.66668701171875 504.147216796875 508.242218017578125 370.100006103515625 306.79998779296875 329.100006103515625 377.524993896484375 480.07501220703125 375.635009765625 385.6099853515625 342.589996337890625 324.366912841796875 362.5145263671875 424.549530029296875 437.240966796875 449.106658935546875 415.106658935546875 381.67999267578125 367 319.5 362.5 334 390 372 419 392 488 420.5 474 277.5 173.5 98.5 51 29 10 8 3 nan nan
nan nan 25 96.5 214.5 222.5 288 453 401.279998779296875 409.9466552734375 440.246673583984375 436.413330078125 491.913330078125 442.991668701171875 513.41168212890625 448.7672119140625 407.34222412109375 282.066680908203125 248.6999969482421875 432.149993896484375 471.318328857421875 489.643341064453125 428.6483154296875 435.451904296875 432.941192626953125 450.474517822265625 431.354522705078125 452.509521484375 443.02093505859375 467.139984130859375 441.94000244140625 363.579986572265625 369.160003662109375 308 353.5 398.5 413.5 360 470 485 528.5 391 346 194.5 108 60 68 71 43 21 3 nan
nan 49 115.5 214.5 266.5 319 336.5 319.5 325.76666259765625 382.8466796875 459.246673583984375 466.69110107421875 511.002777099609375 554.038330078125 481.44500732421875 477.711669921875 375.911651611328125 241.7866668701171875 340.046661376953125 414.96331787109375 451.481658935546875 480.540008544921875 522.7650146484375 478.073333740234375 500.998565673828125 440.224517822265625 465.989532470703125 435.40093994140625 436.399993896484375 460.44000244140625 473.779998779296875 441.3599853515625 377.3599853515625 377.3599853515625 338.1199951171875 344 371 406 328 459.5 421.5 437.5 251 134.5 95 100 126 138 98 97 21 3
33 127 254 354.5 302 364.5 365 353.833343505859375 310.67333984375 402.29998779296875 449.066650390625 542.40667724609375 538.0794677734375 534.66278076171875 548.70501708984375 502.01165771484375 380.64666748046875 357.746673583984375 431.029998779296875 465.3900146484375 479.510009765625 518.7349853515625 525.13165283203125 528.1383056640625 492.154998779296875 451.60858154296875 415.1776123046875 453.213348388671875 422.260009765625 456.980010986328125 453.05999755859375 473.05999755859375 441.779998779296875 420.660003662109375 365.980010986328125 361.6199951171875 369.5 339 375 316.5 412.5 304.5 287.5 124 84 115 154 171 185 127 79 10
101 191 322 417 462.5 376.5 328.833343505859375 355.67333984375 431.073333740234375 421.7933349609375 521.1600341796875 538.39501953125 533.50836181640625 503.94610595703125 513.818359375 526.1400146484375 470.186676025390625 438.806671142578125 469.50665283203125 531.6766357421875 589.69189453125 554.72998046875 510.671661376953125 487.11334228515625 459.336669921875 467.836669921875 458.76666259765625 405.8699951171875 444.019989013671875 417.20001220703125 454.899993896484375 439.980010986328125 458.67999267578125 404.779998779296875 448.4666748046875 387.38665771484375 391.32000732421875 337.666656494140625 273.5 312.5 302.5 348.5 267 137 53 83 121 187 173 111 60 56
105 256 394.100006103515625 427.100006103515625 493.70001220703125 397.833343505859375 383.17333984375 394.97332763671875 400.193328857421875 474.833343505859375 488.708343505859375 586.5350341796875 534.5533447265625 510.941680908203125 491.5616455078125 478.17333984375 478.5233154296875 461.0533447265625 488.101654052734375 588.65521240234375 597.153564453125 562.0618896484375 514.0233154296875 466.470001220703125 439.083343505859375 455.290008544921875 464.17333984375 483.779998779296875 465.833343505859375 434.54998779296875 430.17999267578125 473.160003662109375 413.459991455078125 492.306671142578125 461.693328857421875 518.63336181640625 396.1533203125 348.366668701171875 329.166656494140625 250.5 288.5 293.5 234 140 43 28 71 89 146 114 69 47
85 209.100006103515625 427.29998779296875 493.29998779296875 443.366668701171875 367.600006103515625 385.633331298828125 349.47332763671875 347.87335205078125 369.860015869140625 499.360015869140625 537.193359375 547.40667724609375 489.02667236328125 467.14666748046875 470.489990234375 456.28997802734375 456.264984130859375 509.6102294921875 555.57855224609375 577.58355712890625 549.2635498046875 511.981903076171875 470.633331298828125 451.106658935546875 443.5533447265625 497.213348388671875 531.52667236328125 528.818359375 484.0576171875 444.670013427734375 428.139984130859375 468.032379150390625 463.393341064453125 545.760009765625 510.55999755859375 438.6199951171875 384.953338623046875 336.366668701171875 267.666656494140625 237.5 200 161 111 54 nan 40 84 125 181 109 108
63.09999847412109375 255.399993896484375 362.5 484.066650390625 437.866668701171875 392.366668701171875 303.600006103515625 280.633331298828125 179.6399993896484375 265.5 416.644989013671875 473.68499755859375 461.73333740234375 444.291656494140625 455.808319091796875 476.39666748046875 437.864990234375 457.21832275390625 483.22998046875 538.8502197265625 565.6485595703125 548.50689697265625 512.64501953125 497.3699951171875 464.253326416015625 463.163330078125 535.87664794921875 548.318359375 537.172607421875 531.3326416015625 418.817626953125 420.575714111328125 465.105712890625 520.9190673828125 499.9228515625 536.780029296875 495.893341064453125 444.38665771484375 358.986663818359375 280.5 238 238 111 54 7 41 78 166 178 190 208 197
112.1999969482421875 255.79998779296875 381.566650390625 465.600006103515625 475.9666748046875 397.666656494140625 297.566650390625 263.899993896484375 235.1999969482421875 220.4499969482421875 319.6199951171875 399.811676025390625 463.864990234375 424.45831298828125 426.693328857421875 448.54998779296875 478.529998779296875 458.875 451.996673583984375 548.625 571.028564453125 553.3021240234375 539.056640625 509.2066650390625 505.686676025390625 519.86334228515625 541.21502685546875 513.962646484375 499.11260986328125 516.3326416015625 478.545013427734375 375.1400146484375 463.152374267578125 499.075225830078125 569.02191162109375 479.7362060546875 493.986663818359375 443.686676025390625 429 367 268 167 160 17 64 102 128 185 227 234 214 202
143.1999969482421875 259.399993896484375 393.33331298828125 472.17498779296875 468.399993896484375 376.666656494140625 340 343 336.95001220703125 373.720001220703125 362.236663818359375 446.40667724609375 424.89166259765625 392.91998291015625 415.084991455078125 474.959991455078125 522.0999755859375 458.648345947265625 481.683349609375 474.05499267578125 575.99383544921875 559.4854736328125 551.2838134765625 533.31048583984375 515.46331787109375 534.056640625 477.086669921875 474.7972412109375 463.955963134765625 445.539276123046875 460.9371337890625 467.265716552734375 517.6485595703125 541.63525390625 509.56951904296875 498.109527587890625 491.662841796875 486.5 427 388 260 195 121 136 114 157 201 216 257 213 168 196
183.100006103515625 300.958343505859375 424.20831298828125 416.5916748046875 392.04998779296875 371.633331298828125 436.100006103515625 392.649993896484375 434.29998779296875 447.633331298828125 487.50665283203125 500.7166748046875 417.64666748046875 408.351654052734375 437.649993896484375 461.510009765625 444.76666259765625 483.763336181640625 485.915008544921875 496.87213134765625 493.09881591796875 540.25048828125 548.70428466796875 538.48760986328125 526.163818359375 490.4033203125 454.485565185546875 428.742218017578125 462.665557861328125 438.81549072265625 446.267852783203125 574.42950439453125 591.17236328125 578.162841796875 521.6094970703125 465.842864990234375 433.5 427 378 279 276 178 154 140 182 203 256 257 239 206 158 196
246.225006103515625 377.899993896484375 424.616668701171875 388.433319091796875 378.691650390625 422.25 403.79998779296875 387.45001220703125 405.366668701171875 468.76666259765625 509.99334716796875 479.836669921875 422.5916748046875 388.010009765625 422.28167724609375 442.394989013671875 464.77667236328125 430.013336181640625 483.19000244140625 483.421661376953125 499.67047119140625 501.537628173828125 499.277618408203125 511.56048583984375 513.5054931640625 483.912689208984375 456.71221923828125 431.417236328125 431.590087890625 505.30340576171875 574.71783447265625 591.6011962890625 610.4962158203125 553.16668701171875 568.64288330078125 453.5 381 342 350 267 175 188 219 178 218 289 259 225 214 243 226 138
371.5050048828125 413.808319091796875 431.024993896484375 464.258331298828125 417.637481689453125 379.383331298828125 326.714996337890625 349.9666748046875 403.7166748046875 411.166656494140625 443.816650390625 431.453338623046875 417.508331298828125 390.188323974609375 395.5050048828125 430.318817138671875 471.926666259765625 520.2783203125 462.0533447265625 484.183349609375 478.1400146484375 502.927154541015625 489.427154541015625 471.9521484375 479.192138671875 484.464996337890625 490.41387939453125 460.583892822265625 463.74554443359375 503.62286376953125 539.7261962890625 617.0345458984375 596.70831298828125 540.23333740234375 369.566650390625 368 341 301 248 182 159 222 232 244 248 280 238 243 224 187 155 143
396.904998779296875 499.171661376953125 500.67498779296875 448.89581298828125 446.120819091796875 383.619171142578125 321.264984130859375 345.139984130859375 307.366668701171875 380.566680908203125 428.32666015625 413.74334716796875 425.536651611328125 418.73834228515625 395.362152099609375 398.8704833984375 459.970184326171875 501.393341064453125 501.943328857421875 474.7166748046875 475.93499755859375 465.3466796875 469.834991455078125 486.178802490234375 469.551666259765625 485.7216796875 508.25665283203125 493.908905029296875 473.0150146484375 534.0999755859375 551.94287109375 542.816650390625 592.39166259765625 434.883331298828125 344.100006103515625 272 329 262 226 127 227 220 228 267 295 264 271 241 212 166 106 103
410.829986572265625 520.77996826171875 494.3175048828125 433.869171142578125 413.69415283203125 403.802490234375 408.623931884765625 320.19000244140625 292.089996337890625 372.876678466796875 470.464752197265625 482.643341064453125 433.6533203125 415.0771484375 427.70880126953125 412.31683349609375 414.11517333984375 432.775177001953125 452.3836669921875 438.47802734375 476.8216552734375 447.871673583984375 496.47381591796875 490.6583251953125 476.714996337890625 499.621673583984375 489.073333740234375 452.660003662109375 475.991668701171875 519.07501220703125 610.73333740234375 515.094970703125 407.586669921875 344.199981689453125 295.01666259765625 291 207 237 182 197 147 198 216 258 251 262 282 217 198 173 124 29
396.72998046875 465.388336181640625 489.921661376953125 452.614166259765625 421.919158935546875 424.704864501953125 391.71142578125 341.844757080078125 335.600006103515625 394.02142333984375 429.81475830078125 485.35809326171875 458.0533447265625 439.50164794921875 409.515167236328125 379.636138916015625 337.00018310546875 363.228363037109375 346.793060302734375 376.315032958984375 429.618011474609375 478.885467529296875 493.530242919921875 505.58380126953125 519.6116943359375 469.433319091796875 405.0433349609375 430.866668701171875 419.64166259765625 533.25 542.6783447265625 502.644989013671875 406.824981689453125 232.2166595458984375 228.1666717529296875 184.6666717529296875 255 211 228 180 172 163 191 169 221.5 262 225 219 191 171 124 55
389.038330078125 439.084991455078125 469.781646728515625 471.60833740234375 440.464874267578125 427.6590576171875 414.4090576171875 331.121429443359375 364.77618408203125 368.904754638671875 379.654754638671875 431.914764404296875 470.8564453125 457.768341064453125 408.9659423828125 337.4111328125 329.117645263671875 287.456390380859375 327.023345947265625 331.735504150390625 377.458831787109375 465.17547607421875 490.38189697265625 538.1485595703125 518.64715576171875 434.625 384.416656494140625 299.20001220703125 460.70001220703125 473.95001220703125 524.844970703125 456.708343505859375 336.2166748046875 183.1666717529296875 168.1666717529296875 202.5 201 237 241 208 163 166 182.5 168 179.5 212 188.5 183 239 184 132 66
411.7208251953125 447.97833251953125 478.76165771484375 437.352630615234375 413.404296875 448.119049072265625 423.53570556640625 399.06903076171875 358.24334716796875 358.979766845703125 399.05474853515625 422.64642333984375 449.50164794921875 444.809295654296875 401.74761962890625 386.297607421875 344.12066650390625 336.48626708984375 337.6405029296875 352.133819580078125 371.795501708984375 446.334136962890625 518.54913330078125 513.0518798828125 497.12738037109375 459.851654052734375 370.725006103515625 374.51666259765625 393 484.79998779296875 447.92498779296875 431.70001220703125 286.5 193.1666717529296875 163.5 177 214 233 238 221 190 168.5 183.5 215.5 196.5 204.5 178 208.5 221 249 158 129
395.29833984375 449.5716552734375 461.75164794921875 417.640960693359375 397.229278564453125 414.327606201171875 442.799041748046875 454.24334716796875 419.9183349609375 429.964996337890625 467.963104248046875 475.8416748046875 457.741668701171875 450.25164794921875 460.29595947265625 423.472625732421875 433.929290771484375 431.48046875 409.032470703125 408.58740234375 438.2193603515625 474.782470703125 497.70245361328125 527.97625732421875 506.25262451171875 457.07928466796875 454.191650390625 407.524993896484375 481.54998779296875 450 459 314 205 205.5 183 175 197 205 208 183 203.5 194 206 209 241.5 212.5 256.5 204.5 210.5 232 257 196
312.75 383.68499755859375 447.580963134765625 439.03594970703125 409.169281005859375 385.169281005859375 425.339996337890625 491.10833740234375 527.864990234375 527.20501708984375 512.356689453125 522.01666259765625 510.475006103515625 487.6966552734375 476.336669921875 475.73095703125 482 517.14501953125 466.940460205078125 447.048797607421875 497.70269775390625 500.14056396484375 533.041259765625 525.894287109375 532.0426025390625 493.5859375 459.33929443359375 507.649993896484375 463.79998779296875 485.70001220703125 390 300 205 167 192 191 165 176 183 171 161 208.5 198.5 222 238 236.5 183.5 212 245.5 269 231 215
226.69000244140625 322.034271240234375 366.969268798828125 460.68927001953125 407.402618408203125 398.50262451171875 473.221649169921875 492.86334228515625 535.3883056640625 573.33001708984375 556.10333251953125 556.0716552734375 527.41668701171875 477.30999755859375 468.60498046875 505.39666748046875 513.11334228515625 480.3699951171875 475.759979248046875 469.167144775390625 499.110015869140625 541.07891845703125 535.52166748046875 541.9676513671875 477.852630615234375 467.36761474609375 501.16998291015625 486.79998779296875 474.70001220703125 412 388 272 240 157 203 194 193 151 154 144 167 184.5 194.5 204 221 200 196 203.5 237 228 236 220
