ForecastVariables/BuildingHeight_Mean_500m/BuildingHeightFocal_Random3.asc
ncols        529
nrows        344
xllcorner    2700.000000000000
yllcorner    15900.000000000000
cellsize     100.000000000000
NODATA_value  nan
[rows 184 to 206 of 344, columns 260 to 311 of 529]
271.17816162109375 175.198638916015625 118.06578826904296875 20 19 42.333332061767578125 92.50555419921875 158.8452911376953125 190.772216796875 195.1587677001953125 167.82330322265625 232.074066162109375 224.1699981689453125 231.8231658935546875 229.1538848876953125 273.75634765625 286.25341796875 388.17919921875 319 344.70001220703125 266.72857666015625 248.225006103515625 288.149871826171875 283.349609375 335.1319580078125 399.483062744140625 443.97332763671875 546.66998291015625 501.649993896484375 341.32501220703125 154.9250030517578125 79.09999847412109375 25 38.166667938232421875 44.833332061767578125 74.33333587646484375 115.5 125 129.5333251953125 153.25 132.75 97.08333587646484375 35 20 10 26.666666030883789062 48 130.0749969482421875 193.64166259765625 191.7881011962890625 141.9476165771484375 121.4934539794921875
206.1705169677734375 219.727935791015625 148.2727203369140625 68 9 84.47222137451171875 122.39530181884765625 180.770294189453125 200.974700927734375 208.984466552734375 246.6118011474609375 249.33477783203125 263.90142822265625 286.43365478515625 349.726104736328125 369.459197998046875 435.8375244140625 420.666656494140625 440 375.333343505859375 293.4136962890625 180.1015625 205.28070068359375 243.656982421875 280.831024169921875 413.276123046875 428.2872314453125 475.176666259765625 466.889984130859375 309.54998779296875 192.899993896484375 42.5 12 20 37.166667938232421875 44.666667938232421875 73.33333587646484375 102.03333282470703125 124.116668701171875 145.616668701171875 167.9166717529296875 128.0833282470703125 58.75 15 19.166666030883789062 25.666666030883789062 111.491668701171875 183.774993896484375 225.0797576904296875 191.9630889892578125 137.3755950927734375 116.037567138671875
285.19970703125 282.912017822265625 219.3125 130.5 86.25 120.1730804443359375 196.270294189453125 206.044158935546875 225.577484130859375 269.928253173828125 303.245147705078125 327.4141845703125 340.935699462890625 386.4306640625 378.32989501953125 464.356414794921875 465.051177978515625 499.991668701171875 478.333343505859375 378.4761962890625 386.595367431640625 205.821258544921875 151.91754150390625 173.6187744140625 370.662689208984375 495.994476318359375 420.509033203125 413.79833984375 355.616668701171875 267.899993896484375 146.5 70 nan 7 15 25 52.53333282470703125 104.366668701171875 153.6999969482421875 188.116668701171875 169.9499969482421875 141.9166717529296875 84 48.5 28.166666030883789062 147.76666259765625 160.9166717529296875 228.4321441650390625 244.365478515625 224.1922607421875 172.511383056640625 84.511383056640625
357.71771240234375 417.105224609375 310.272735595703125 251 161.5 179.6583404541015625 255.6925201416015625 284.5814208984375 312.67193603515625 357.086944580078125 385.34326171875 401.932159423828125 454.544952392578125 493.79656982421875 420.069183349609375 374.535858154296875 432.806732177734375 461.105743408203125 446.301177978515625 439.415374755859375 496.6795654296875 440.0262451171875 138.20196533203125 324.944061279296875 572.0855712890625 516.95806884765625 453.02069091796875 274.32501220703125 247.3000030517578125 181.1666717529296875 70 6 6 nan nan 18.333332061767578125 59.16666412353515625 109.366668701171875 179.366668701171875 202.866668701171875 173.75 130 102.33333587646484375 52.833332061767578125 148.5 218.116668701171875 278.649993896484375 259.48333740234375 286.965484619140625 267.8321533203125 201.717254638671875 115.10662078857421875
353.505218505859375 429.38702392578125 458.20001220703125 314.642852783203125 265.0333251953125 236.0333404541015625 290.82501220703125 373.8092041015625 376.457550048828125 470.4786376953125 482.979766845703125 494.1031494140625 504.6517333984375 472.458465576171875 479.644195556640625 391.46112060546875 341.04620361328125 341.23907470703125 400.952484130859375 629.40594482421875 836.59515380859375 702.6129150390625 646.56671142578125 604.1690673828125 547.7547607421875 525.71405029296875 426.5 288 90.6666717529296875 65 36 6 nan nan nan 17 75.33333587646484375 133.1666717529296875 162.366668701171875 166 159 117.83333587646484375 95.33333587646484375 147.8333282470703125 231.8333282470703125 366.5 294 359.433319091796875 341.274993896484375 343.31549072265625 260.024993896484375 172.3412933349609375
332.080047607421875 435.414276123046875 420.9571533203125 337.9761962890625 241.9761962890625 308.20001220703125 328.366668701171875 376.07501220703125 428.31109619140625 456.17974853515625 540.56072998046875 562.09405517578125 471.522613525390625 424.85943603515625 413.5308837890625 373.84344482421875 301.16009521484375 288.848907470703125 448.5858154296875 897.43463134765625 925.23931884765625 1193.03564453125 928.7808837890625 693.183349609375 569.96405029296875 503.75 294.833343505859375 58.666667938232421875 14 84 61 54 61 41 35.799999237060546875 46 116 158.3333282470703125 160.3333282470703125 169.5 157.3000030517578125 102 120.33333587646484375 187.3333282470703125 324.833343505859375 379 424.100006103515625 369.92498779296875 408.708343505859375 393.524993896484375 375.77044677734375 277.870452880859375
346.70550537109375 337.639068603515625 357.434906005859375 284.657135009765625 235.3095245361328125 274.80950927734375 337.20001220703125 324.333343505859375 402.333343505859375 468.5333251953125 471.61309814453125 429.83929443359375 413.63031005859375 417.2508544921875 395.737060546875 380.177703857421875 314.66778564453125 303.063995361328125 474.76220703125 676.92291259765625 1163.646728515625 1114.346435546875 948.41668701171875 550.01666259765625 455.25 358.5 14 14 84 148.5 134 177 187 227.8000030517578125 172.133331298828125 182.5142822265625 175.8000030517578125 159 227 279.79998779296875 244.8000030517578125 146.8000030517578125 177 305.333343505859375 342 416 409.5 519.5 511.541656494140625 561.103759765625 519.603759765625 384.945465087890625
221.861053466796875 269.915008544921875 267.79302978515625 292.25396728515625 219.3095245361328125 228.866668701171875 262.333343505859375 297.333343505859375 321.166656494140625 390.666656494140625 397.583343505859375 358.699371337890625 321.078643798828125 398.20770263671875 482.7132568359375 484.883026123046875 387.9859619140625 291.422515869140625 279.793792724609375 547.3826904296875 768.6011962890625 863.625 540.16668701171875 415.25 181.5 nan 23 54 118.5 227.357147216796875 330.928558349609375 331 359.79998779296875 368.133331298828125 430.24761962890625 350.9476318359375 315.06427001953125 332.79998779296875 373.79998779296875 369.79998779296875 267.79998779296875 303.79998779296875 257.79998779296875 253 378 425.5 490.5 528.16668701171875 639.66668701171875 714.7249755859375 667.04547119140625 431.778778076171875
244.2062835693359375 261.390655517578125 256.482635498046875 261.342864990234375 270.74444580078125 205.1666717529296875 228.3333282470703125 251.1666717529296875 251.3333282470703125 292.916656494140625 342.566650390625 327.48333740234375 318.8343505859375 413.107696533203125 524.41436767578125 538.97381591796875 438.043304443359375 351.9903564453125 255.6207427978515625 229.091094970703125 581.2537841796875 538.22222900390625 449.350006103515625 129 16 32 32 62.5 148.357147216796875 297.78570556640625 416.5 442.928558349609375 409.333343505859375 491.24761962890625 508.347625732421875 475.097625732421875 418.897613525390625 433.2642822265625 456.79998779296875 386.79998779296875 372.79998779296875 275.79998779296875 258 247 270.5 357.5 426.833343505859375 558.33331298828125 680.66668701171875 698.566650390625 528.5 463.212127685546875
317.39398193359375 256.40484619140625 274.692169189453125 250.86993408203125 245.5333404541015625 246.26666259765625 186.8333282470703125 211 198.1666717529296875 262.083343505859375 282.666656494140625 294.183319091796875 325.600006103515625 400.127685546875 499.238250732421875 499.94189453125 440.023406982421875 319.274169921875 314.396087646484375 386.228546142578125 428.75 548.40557861328125 380.772216796875 232.350006103515625 88 80 48 78.857147216796875 196.78570556640625 304.5 360.5 334 430.828582763671875 429.0333251953125 455.297607421875 424.297607421875 390.96429443359375 358.850006103515625 327.75 395 365.79998779296875 206 140 176 174 236.5 297 404.333343505859375 523.83331298828125 509.166656494140625 396.5 225.3333282470703125
351.44122314453125 292.933563232421875 279.57550048828125 286.6690673828125 282.992156982421875 197.8333282470703125 186 142.5 192.25 241.9166717529296875 271.9666748046875 267.96429443359375 279.51666259765625 350.20001220703125 417.13665771484375 498.61865234375 382.09564208984375 300.15008544921875 389.091644287109375 518.40478515625 598.4888916015625 610.60552978515625 513.98052978515625 357.772216796875 174.600006103515625 100 80 83 139.5714263916015625 246.5 246 264.142852783203125 224.71429443359375 262.399993896484375 226.0333251953125 249.1642913818359375 240.850006103515625 172.75 231 228 174 80 92 80 68 88 120.5 196.5 224.8333282470703125 232.5 208 82
370.408599853515625 298.137115478515625 345.58575439453125 369.08575439453125 294.410247802734375 234 115.5 100.5 138.5 216.9666595458984375 259.875396728515625 277.7642822265625 295.166656494140625 311.366668701171875 402.858978271484375 413.902313232421875 397.675323486328125 388.460693359375 413.45819091796875 507.083343505859375 660.65557861328125 735.43890380859375 604.98052978515625 354.92498779296875 174.9499969482421875 73 79 47 35 126.5714263916015625 156.142852783203125 103.71428680419921875 75 87 123.40000152587890625 94.3000030517578125 53.75 58 87 117 60 60 50 10 26 13 13 81 43.5 44 82 nan
348.22747802734375 343.299652099609375 412.82513427734375 457.426910400390625 361.426910400390625 222.0769195556640625 160.3333282470703125 90.5 112.0500030517578125 158.2087249755859375 249.7087249755859375 351.74444580078125 335.98333740234375 357 401.833343505859375 351.94232177734375 333.108978271484375 427.347076416015625 516.33331298828125 578.9000244140625 634.4000244140625 724.57220458984375 617.54998779296875 427.4083251953125 200.125 91.75 77 45 15 35 44.71428680419921875 31 22 37 65 25 14 nan nan 30 60 30 nan nan nan nan nan nan nan nan nan nan
366.9385986328125 385.9385986328125 427.06024169921875 483.826934814453125 423.076934814453125 289.666656494140625 117.83333587646484375 106.58333587646484375 111.361114501953125 179.9111175537109375 301.51824951171875 388.594451904296875 395.74444580078125 357.885711669921875 337.702392578125 318.083343505859375 301.275634765625 332 447.23333740234375 573.35833740234375 705.0250244140625 660.566650390625 576.683349609375 367.333343505859375 230.083343505859375 137.5 70.66666412353515625 75 45 15 4 11 19 33 29 25 22 11 nan nan 30 nan nan nan nan nan nan nan nan nan nan nan
377.846923828125 391.627777099609375 427.54443359375 390.176910400390625 398.666656494140625 219.9166717529296875 144.8333282470703125 115.79999542236328125 202 328.21826171875 376.784912109375 413.9349365234375 433.75238037109375 390.75238037109375 258.433319091796875 240.25 273.333343505859375 294.166656494140625 435 532.066650390625 599.441650390625 591.5250244140625 494.416656494140625 326.833343505859375 150.25 102.66666412353515625 115.16666412353515625 97.66666412353515625 60 15 4 8 8 19 29 22 11 nan nan nan nan nan nan nan nan nan nan nan nan nan nan nan
402.04443359375 384.27777099609375 367.433349609375 347.492431640625 247.5833282470703125 174.9166717529296875 197.0500030517578125 268.29998779296875 332.68743896484375 411.5238037109375 455.668243408203125 449.157135009765625 415.359527587890625 312.633331298828125 219.5333404541015625 181.6666717529296875 210.6666717529296875 310.333343505859375 376.166656494140625 466.833343505859375 474.73333740234375 436.875 354.916656494140625 216.5833282470703125 102.66666412353515625 116.16666412353515625 143.1666717529296875 112.16666412353515625 52.666667938232421875 15 nan 4 8 4 11 11 nan nan nan nan nan nan nan nan nan nan nan nan nan nan nan nan
445.561126708984375 409.333343505859375 372.492431640625 277.742431640625 208.742431640625 233.02618408203125 349.4666748046875 430.346954345703125 425.14849853515625 439.718963623046875 467.288299560546875 447.30712890625 340.933319091796875 252.6999969482421875 203 163 160 230.8333282470703125 329.833343505859375 332.666656494140625 347.833343505859375 282 208.25 123.16666412353515625 110.16666412353515625 115.16666412353515625 130.1666717529296875 100.66666412353515625 47 15 nan nan 4 nan nan nan nan nan nan nan nan nan nan nan nan nan nan nan nan nan nan nan
477.366668701171875 451.609100341796875 396.142425537109375 328.32574462890625 294.9686279296875 357.185272216796875 364.906494140625 388.6651611328125 463.276611328125 442.607635498046875 378.100128173828125 300.981170654296875 256.333343505859375 182.8000030517578125 154.3333282470703125 137.8333282470703125 134.5 161.3333282470703125 166.8333282470703125 191 182.1666717529296875 165 105.66666412353515625 87.66666412353515625 74 77.5 87.66666412353515625 81 32 nan nan nan nan nan nan nan nan nan nan nan nan nan nan nan nan nan nan nan nan nan nan nan
522.14166259765625 480.20001220703125 480.7091064453125 435.635284423828125 457.935272216796875 428.70953369140625 443.444366455078125 388.169464111328125 377.4542236328125 346.870880126953125 265.61322021484375 230.8460235595703125 177.6478271484375 292.9666748046875 247.9666595458984375 114.33333587646484375 101.33333587646484375 77 68.33333587646484375 52 80.6666717529296875 99.6666717529296875 75.9523773193359375 55.25 41 48 51 32 nan nan nan nan nan nan nan nan nan nan nan nan nan nan nan nan nan nan nan nan nan nan nan nan
458.561676025390625 537.24169921875 508.166656494140625 566.54241943359375 567.4984130859375 553.19287109375 523.02276611328125 481.019561767578125 347.314727783203125 316.59552001953125 294.824981689453125 233.596832275390625 394.26666259765625 478.411102294921875 457.9761962890625 224.5 97.83333587646484375 54 13 15 74.6666717529296875 167.9523773193359375 132.9523773193359375 99.78571319580078125 98.25 39 17 30 30 nan nan nan nan nan nan nan nan nan nan nan nan nan nan nan nan nan nan nan nan nan nan nan
383.441680908203125 483.833343505859375 572.83331298828125 555.0555419921875 620.419677734375 626.1900634765625 617.91473388671875 515.67279052734375 446.430145263671875 420.360076904296875 421.65399169921875 544.86920166015625 725.572021484375 746.053955078125 637.4622802734375 438.80950927734375 201.5 42.5 12 53.666667938232421875 167.9523773193359375 281.952392578125 271.202392578125 262.53570556640625 145.7857208251953125 101.25 79.33333587646484375 90 83.33333587646484375 60 nan nan nan nan nan nan nan nan nan nan nan nan nan nan nan nan nan nan nan nan nan nan
274.416656494140625 396.333343505859375 492.22222900390625 537.692138671875 517.76373291015625 551.64129638671875 507.897369384765625 518.87811279296875 501.003326416015625 497.26318359375 567.01409912109375 754.46246337890625 952.178955078125 1007.35394287109375 896.3873291015625 512.4622802734375 159.4761962890625 42.333332061767578125 30 129 233.4166717529296875 322.952392578125 454.28570556640625 424.869049072265625 239.5833282470703125 201.5833282470703125 174.3333282470703125 140.6666717529296875 154.9333343505859375 133.3333282470703125 69 nan nan nan nan nan nan nan nan nan nan 37 37 nan nan nan nan nan nan nan nan nan
324 356 371.03240966796875 380.3466796875 384.941131591796875 341.768798828125 350.210296630859375 317.465789794921875 372.6512451171875 408.881134033203125 582.87713623046875 846.63531494140625 976.22698974609375 1076.8837890625 959.178955078125 444.642852783203125 164.375 23.5 33 129 251 382.833343505859375 502.96905517578125 439.333343505859375 383.916656494140625 261.666656494140625 181.6666717529296875 212.51666259765625 213.01666259765625 184.4333343505859375 91.33333587646484375 48 9 nan nan nan nan nan nan nan 37 111 111 37 nan nan nan nan nan nan nan nan
