ForecastVariables/BuildingHeight_Mean_500m/BuildingHeightFocal_Random2.asc
ncols        529
nrows        344
xllcorner    2700.000000000000
yllcorner    15900.000000000000
cellsize     100.000000000000
NODATA_value  nan
[rows 161 to 183 of 344, columns 312 to 363 of 529]
396.380828857421875 395.55999755859375 387.73333740234375 366.23333740234375 325.0333251953125 335.600006103515625 316.633331298828125 350.48333740234375 370.70001220703125 376.899993896484375 365.894439697265625 379.2166748046875 344.833343505859375 368.73333740234375 419.26666259765625 445.083343505859375 421.133331298828125 399.4666748046875 407.959991455078125 365.926666259765625 295.459991455078125 207.0333251953125 176.8333282470703125 173.7642822265625 174.3829193115234375 205.2922515869140625 241.112579345703125 220.418243408203125 210.572113037109375 183.333465576171875 166.6646881103515625 156.27777099609375 178 258.384613037109375 306 408 439.5 442.01165771484375 437.878326416015625 407.095001220703125 358.670013427734375 348.273345947265625 345.056671142578125 388.30999755859375 384.49334716796875 364.800018310546875 344.16668701171875 323.496673583984375 253.2383270263671875 208.503326416015625 209.6783294677734375 299.916656494140625
400.4033203125 430.753326416015625 460.126678466796875 412.20001220703125 387.5 361.51666259765625 349.04998779296875 297.23333740234375 306.350006103515625 290.407135009765625 303.366668701171875 295.7833251953125 300.916656494140625 343.166656494140625 401.73333740234375 442.366668701171875 407.399993896484375 457.8599853515625 444.55999755859375 416.860015869140625 309.09332275390625 228.4600067138671875 183.8000030517578125 157.8333282470703125 160.380279541015625 180.7346343994140625 205.8936309814453125 218.211578369140625 242.2003021240234375 234.4708404541015625 191.1402740478515625 166 156 183 282 280.633331298828125 357.558319091796875 400.6583251953125 422.7783203125 380.515838623046875 356.66168212890625 332.40667724609375 333.040008544921875 331.915679931640625 329.08001708984375 307.11334228515625 301.399993896484375 251.725006103515625 220.0883331298828125 205.4799957275390625 233.69500732421875 331.806671142578125
350.15667724609375 417.943328857421875 448.459991455078125 432.893341064453125 375.5333251953125 357.633331298828125 288.29998779296875 232.0666656494140625 175.0738067626953125 213.390472412109375 202.27142333984375 186.0333251953125 213.616668701171875 273.75 303.26666259765625 347.333343505859375 450.225006103515625 442.100006103515625 452.1400146484375 383.126678466796875 319.226654052734375 242.6999969482421875 180.73333740234375 156 156 163.25445556640625 207.131134033203125 242.7936248779296875 268.29986572265625 272.450958251953125 240.6999969482421875 188 166 156 183 218 282.99444580078125 335.89166259765625 339.662506103515625 330.4658203125 296.500823974609375 254.2299957275390625 251.33233642578125 273.40234375 234.8356781005859375 210.75 187.76666259765625 207.8000030517578125 198.758331298828125 197.7550048828125 244.73333740234375 324.764984130859375
290.971649169921875 338.38165283203125 361.726654052734375 366.583343505859375 372.066680908203125 289.383331298828125 237.649993896484375 158.623809814453125 164.607147216796875 162.6880950927734375 142.9380950927734375 109.02143096923828125 118.58333587646484375 157.98095703125 209.0523834228515625 358.1583251953125 372.510711669921875 399.964996337890625 382.00665283203125 363.97332763671875 277.399993896484375 217.100006103515625 167.633331298828125 157.894744873046875 156 156.5933380126953125 181.6977996826171875 235.437347412109375 277.66650390625 310.29888916015625 266.45001220703125 195 158 155.34375 153.5 168.52777099609375 213.02777099609375 236.43194580078125 251.445831298828125 253.42083740234375 210.3874969482421875 178.020660400390625 173.4723358154296875 175.9356689453125 173.7756805419921875 134.6756744384765625 151 193.5500030517578125 183.26666259765625 192.225006103515625 265.23809814453125 337.0916748046875
262.7550048828125 262.94000244140625 253.3300018310546875 302.083343505859375 283.133331298828125 311.75 246.75 185.4166717529296875 200.48809814453125 164.48809814453125 133.9380950927734375 106.630950927734375 100.361907958984375 103.09999847412109375 223.725006103515625 264.696441650390625 356.41070556640625 334.837371826171875 363.83831787109375 285.073333740234375 201.8133392333984375 153.0666656494140625 158.9947357177734375 158.4780731201171875 159.394744873046875 156 168.7077178955078125 216.1040191650390625 282.465545654296875 288.74365234375 261.75555419921875 205.3419342041015625 168.07708740234375 149.34375 144.87152099609375 139.2909393310546875 146.02777099609375 176.52777099609375 185.298614501953125 163.6875 139.3983154296875 124.72747802734375 127.21648406982421875 124.07567596435546875 133.1756744384765625 131.25 160.1666717529296875 182.8333282470703125 180 200.98809814453125 241.121429443359375 354.871429443359375
253.013336181640625 229.14666748046875 272.0433349609375 295.443328857421875 297.083343505859375 329.5 343.75 336.25 257 240.5714263916015625 179.380950927734375 156.153564453125 149.2833404541015625 184.85333251953125 202.6390533447265625 253.4107208251953125 287.83642578125 364.777374267578125 256.092376708984375 184.513336181640625 133.426666259765625 140.666168212890625 162.7180633544921875 160.2352142333984375 157.65863037109375 159.9535675048828125 160.204437255859375 191.5796356201171875 241.8836517333984375 253.6603240966796875 228.370361328125 194.519012451171875 150.9190216064453125 136.340240478515625 137.44024658203125 133.8846893310546875 121.7909393310546875 128.52777099609375 134.5217437744140625 123.33013153076171875 116.735809326171875 120.860809326171875 122.490814208984375 116.24802398681640625 116.75 135 165.5 193.5 187.73809814453125 174.4380950927734375 244.02142333984375 360.671417236328125
336.1300048828125 291.296661376953125 313.126678466796875 337.683319091796875 406.75 417 400.25 383.5 362.833343505859375 314 280.60595703125 201.008331298828125 203.8092803955078125 232.92333984375 260.21331787109375 245.0247650146484375 292.217376708984375 266.672393798828125 156.866668701171875 83.46666717529296875 106.31809234619140625 163.594757080078125 156.24664306640625 155.61383056640625 152.4465179443359375 158.4969024658203125 161.0386810302734375 170.1877899169921875 196.607269287109375 209.4370269775390625 192.4036865234375 150.4370269775390625 134.582183837890625 129.1786651611328125 130.186737060546875 126.34648895263671875 119.5409393310546875 112.7848968505859375 116.20355987548828125 123.02022552490234375 140.0176239013671875 147.4158172607421875 139.8190155029296875 126.03699493408203125 121.861541748046875 133.25 162.75 192.0625 211.5 202.3214263916015625 240.104766845703125 319.27142333984375
389.230010986328125 386.20501708984375 401.35333251953125 418.68572998046875 440.25 453 439.166656494140625 456.5 390.166656494140625 339.725006103515625 287.67498779296875 297.76165771484375 316.81500244140625 329.842620849609375 284.489044189453125 292.246673583984375 266.5946044921875 208.6923828125 144.9333343505859375 79.45809173583984375 114.86856842041015625 143.568572998046875 258.990509033203125 152.957183837890625 145.9985504150390625 155.473846435546875 168.3878173828125 165.52410888671875 164.251312255859375 172.965423583984375 154.67034912109375 131.42041015625 121.86208343505859375 124.92357635498046875 123.609649658203125 122.609649658203125 123.36823272705078125 121.95355987548828125 121.72022247314453125 138.17022705078125 179.05023193359375 197.975830078125 166.0953216552734375 144.3536529541015625 121.644683837890625 132.2115325927734375 160.9646759033203125 194.9375 196.5625 178.0833282470703125 164.27142333984375 216.1999969482421875
418.385009765625 412.603485107421875 401.178955078125 395.05572509765625 394.53570556640625 431.901519775390625 445.333343505859375 327.166656494140625 367.5 335.666656494140625 277.89166259765625 282.541656494140625 347.470001220703125 366.080474853515625 318.996917724609375 298.613128662109375 258.08734130859375 195.0412750244140625 164.645294189453125 152.132232666015625 107.46856689453125 241.569488525390625 260.931884765625 261.2196044921875 152.5666656494140625 164.0106964111328125 171.4482421875 167.6519927978515625 159.5529937744140625 149.7476654052734375 138.458343505859375 121.91725921630859375 115.22148895263671875 116.09648895263671875 121.84648895263671875 121.84648895263671875 116.25 166.5634002685546875 157.2452239990234375 190.7202301025390625 217.815155029296875 222.02545166015625 248.3203277587890625 160.27801513671875 132.481353759765625 120.04608154296875 158.5896759033203125 184.5896759033203125 176.9375 206.0124969482421875 159.7357177734375 163.366668701171875
402.085693359375 347.4207763671875 322.744110107421875 358.875640869140625 341.712860107421875 347.074615478515625 321.901519775390625 300.333343505859375 300.333343505859375 328.220001220703125 270.191650390625 270.399993896484375 286.282135009765625 287.569976806640625 294.60052490234375 248.959259033203125 225.5809478759765625 206.3368377685546875 154.64752197265625 100.9797515869140625 231.5202484130859375 263.16143798828125 268.951904296875 244.8527984619140625 256.65386962890625 172.9591827392578125 170.8439788818359375 162.1343994140625 152.2674713134765625 139.8728790283203125 129.5605621337890625 127.14850616455078125 115.52500152587890625 112.38816070556640625 115.33333587646484375 116.25 162.4117584228515625 224 260.56341552734375 241.223480224609375 236.1572418212890625 277.083343505859375 259.56646728515625 215.4480133056640625 134.147613525390625 130.01312255859375 133.6256256103515625 170.0896759033203125 208.2896728515625 249.8607177734375 194.652374267578125 165.402374267578125
318.86822509765625 272.811279296875 258.921722412109375 259.7105712890625 259.903411865234375 228.5169219970703125 248.3722381591796875 310.31817626953125 311.486663818359375 245.822784423828125 270.040008544921875 286.01715087890625 246.1833038330078125 246.9605865478515625 221.348297119140625 177.69757080078125 163.428436279296875 185.7818756103515625 121.76636505126953125 126.2047882080078125 136.5308990478515625 264.756561279296875 253.6709442138671875 258.276275634765625 169.1747894287109375 168.3621826171875 155.9510498046875 146.348876953125 134.3937530517578125 130.100433349609375 133.94586181640625 129.608856201171875 118.3050689697265625 110.5 110.5 162.4117584228515625 222.933502197265625 273.121429443359375 347.5 317.715576171875 298.8739013671875 282.64056396484375 244.383331298828125 202.4954376220703125 194.2547454833984375 145.3354949951171875 143.2054290771484375 188.31793212890625 253.1607208251953125 239.152374267578125 254.402374267578125 230.50238037109375
224.1323089599609375 212.682586669921875 209.0503082275390625 190.8171539306640625 200.1894683837890625 248.60516357421875 226.0169219970703125 267.374053955078125 267.92279052734375 309.60943603515625 307.89508056640625 273.9742431640625 217.718231201171875 207.2793731689453125 167.3829193115234375 146.4899139404296875 154.6533966064453125 126.3385772705078125 131.5195465087890625 137.1502227783203125 148.17340087890625 151.887420654296875 258.27313232421875 167.8114471435546875 167.00341796875 161.5920562744140625 148.6455535888671875 137.6089935302734375 131.70361328125 135.7244415283203125 143.481475830078125 141.622161865234375 130.649993896484375 117.2954559326171875 109.91176605224609375 142.933502197265625 220.6431884765625 307.1431884765625 380.79534912109375 339.8739013671875 247.013916015625 236.3739166259765625 205.997039794921875 205.8149566650390625 160.3714141845703125 172.447052001953125 158.777801513671875 202.3249969482421875 236.642852783203125 247.6746063232421875 264.25238037109375 253.6232147216796875
192.5450439453125 182.8463134765625 172.1018218994140625 193.28863525390625 213.935577392578125 224.489471435546875 301.861328125 270.79681396484375 266.48919677734375 338.695068359375 340.1617431640625 292.501922607421875 257.1683349609375 179.090423583984375 137.760284423828125 156.200164794921875 145.8859100341796875 146.7154083251953125 135.71405029296875 145.651702880859375 149.7678070068359375 163.7789154052734375 169.2829437255859375 166.66766357421875 164.5925750732421875 160.7579498291015625 153.9278564453125 146.8084564208984375 150.277984619140625 154.9638214111328125 162.403228759765625 160.8000030517578125 145.625762939453125 124.61678314208984375 111.56719207763671875 109.14318084716796875 194.1431884765625 319.1431884765625 315.431427001953125 284.6446533203125 240.138916015625 177.2563323974609375 198.4711151123046875 192.390716552734375 191.431610107421875 188.813720703125 188.77142333984375 157.392852783203125 196.7984161376953125 240.48175048828125 229.8246002197265625 204.899993896484375
181.8721771240234375 175.0652313232421875 187.3248748779296875 238.199127197265625 309.377044677734375 270.5780029296875 302.84405517578125 327.509368896484375 317.49444580078125 355.97894287109375 375.142822265625 335.654449462890625 281.556610107421875 186.3431243896484375 159.463348388671875 151.6110382080078125 159.499755859375 156.29034423828125 162.2813568115234375 145.3349761962890625 153.18408203125 162.50311279296875 163.1442108154296875 164.9288482666015625 167.643218994140625 165.3630218505859375 164.8215179443359375 169.0080413818359375 168.596923828125 173.1500244140625 176.339691162109375 172.548492431640625 157.1834564208984375 133.0001220703125 115.17132568359375 110.02173614501953125 129.6431884765625 228.000640869140625 247.470733642578125 235.6860504150390625 190.602386474609375 156.498016357421875 181.9008026123046875 230.887786865234375 250.390716552734375 227.7342529296875 187.009521484375 169.2626953125 138.8269805908203125 190.4484100341796875 154.8234100341796875 212.0805511474609375
199.3459930419921875 195.8498687744140625 214.2122955322265625 317.56719970703125 371.827972412109375 384.477386474609375 297.3343505859375 304.78314208984375 339.60821533203125 331.23583984375 369.272552490234375 391.18792724609375 305.9583740234375 206.375335693359375 151.14569091796875 161.534637451171875 163.4970245361328125 162.1115570068359375 138.344451904296875 140.5467987060546875 145.4473876953125 152.047332763671875 152.2416534423828125 160.1563568115234375 163.7293701171875 169.7255706787109375 175.1044769287109375 177.9235992431640625 176.6447296142578125 178.765106201171875 181.1907806396484375 179.109130859375 162.03363037109375 145.684967041015625 119.96538543701171875 111.641021728515625 113.27245330810546875 135.0999603271484375 201.815277099609375 184.3193817138671875 147.263824462890625 174.784027099609375 212.769134521484375 239.8441314697265625 281.6365966796875 270.866668701171875 212.73095703125 151.402374267578125 137.2912750244140625 126.06562042236328125 150.1555633544921875 192.6666717529296875
293.85455322265625 239.952484130859375 328.59954833984375 347.97308349609375 368.191680908203125 407.429595947265625 314.678375244140625 235.26239013671875 243.0563201904296875 266.416259765625 325.05194091796875 343.896759033203125 262.006103515625 185.2382354736328125 156.2558441162109375 138.8017730712890625 157.172119140625 134.819671630859375 127.62933349609375 126.14339447021484375 128.6169891357421875 129.3435821533203125 138.050018310546875 146.1995391845703125 158.4817657470703125 167.577545166015625 173.2475738525390625 176.72802734375 176.3499755859375 173.02984619140625 173.316375732421875 178.75970458984375 176.2171783447265625 157.48980712890625 147.0873565673828125 145.3017425537109375 121.7840423583984375 126.75070953369140625 149.9902801513671875 148.1152801513671875 144.4304962158203125 169.6138916015625 222.181304931640625 255.0000762939453125 251.545928955078125 250.17987060546875 204.392852783203125 158.99285888671875 118.9743499755859375 128.6120452880859375 174.8255462646484375 266.649993896484375
350.866668701171875 379.5 340.75640869140625 405 429.9666748046875 381.1875 289.10723876953125 169.9935302734375 157.99609375 230.286590576171875 254.89935302734375 252.220367431640625 202.1721343994140625 170.0749664306640625 129.7929840087890625 127.76660919189453125 123.58570098876953125 125.3715362548828125 118.65712738037109375 117.31775665283203125 114.0829620361328125 122.6898345947265625 124.0957183837890625 136.2965240478515625 156.1121063232421875 170.8586883544921875 172.9030303955078125 171.5213623046875 175.7366790771484375 168.9666290283203125 172.8979644775390625 183.094329833984375 185.5535430908203125 185.11956787109375 195.7152557373046875 216.8711395263671875 168.020965576171875 139.2840423583984375 144.2507171630859375 146.7210540771484375 152.225006103515625 157.3277740478515625 192.6539306640625 234.536407470703125 247.9829864501953125 212.1258392333984375 192.17987060546875 198.256500244140625 191.7064971923828125 199.03387451171875 305.546966552734375 406.88031005859375
411.066680908203125 410.0333251953125 427.899993896484375 412.29998779296875 443 358.100006103515625 274.070831298828125 223.3601837158203125 144.704498291015625 171.8040771484375 198.784759521484375 198.725189208984375 195.6248931884765625 166.4815673828125 125.3292388916015625 114.7528228759765625 117.9146270751953125 112.706878662109375 115.5973052978515625 116.08730316162109375 120.4255828857421875 119.668670654296875 125.06233978271484375 155.6108856201171875 151.9268798828125 170.573944091796875 173.4771575927734375 168.709442138671875 164.9593353271484375 169.9858856201171875 177.21307373046875 188.2405242919921875 200.9026641845703125 222.295684814453125 244.984893798828125 257.110076904296875 251.4690399169921875 184.7132720947265625 158.866668701171875 175.100006103515625 155.5500030517578125 187.0238037109375 188.378509521484375 221.947265625 227.7329864501953125 265.399658203125 276.884613037109375 279.52197265625 410.62554931640625 441.13031005859375 363.50531005859375 461.14166259765625
409.75 446.800018310546875 400.45001220703125 442.0428466796875 434.29998779296875 347.5 279.39459228515625 185.91973876953125 178.092529296875 156.0967864990234375 173.1823883056640625 173.5441131591796875 206.84674072265625 185.68359375 134.0067138671875 111.9312591552734375 114.447235107421875 116.01833343505859375 114.190704345703125 126.41738128662109375 129.807037353515625 119.75672149658203125 145.1425628662109375 188.3875885009765625 165.1693115234375 193.6587066650390625 179.4056854248046875 170.7076873779296875 170.2578582763671875 167.8871002197265625 175.6059417724609375 189.1685333251953125 210.7156219482421875 256.9656982421875 278.16192626953125 282.18756103515625 273.12738037109375 231.76922607421875 242.5692291259765625 232.2166595458984375 217.7166595458984375 215.1666717529296875 215.98809814453125 227.981689453125 262.98895263671875 325.134613037109375 371.30767822265625 443.5 521.5 554.69696044921875 475.433319091796875 356.166656494140625
421.73809814453125 393.083343505859375 430.02618408203125 434.2928466796875 384.0428466796875 336.79998779296875 227.6999969482421875 184.0252838134765625 136.6114959716796875 154.263458251953125 192.168853759765625 213.97772216796875 259.20574951171875 234.7009429931640625 178.61334228515625 138.5575103759765625 116.14678192138671875 116.04926300048828125 123.08570098876953125 122.2479248046875 127.97078704833984375 149.1350555419921875 169.1212158203125 169.6760711669921875 219.798095703125 238.964202880859375 235.5975799560546875 181.5721588134765625 169.4496917724609375 178.861236572265625 198.52349853515625 216.9613800048828125 229.0978851318359375 251.866668701171875 288.475006103515625 296.2958984375 267.5025634765625 291.7525634765625 368.54998779296875 338.7166748046875 322.7166748046875 241.597625732421875 205.380950927734375 222.11309814453125 224.6662139892578125 213.64697265625 312 415 418.5 387 372.833343505859375 272.5
337.67498779296875 441.392852783203125 427.95953369140625 407.759521484375 385.19287109375 289.431732177734375 213.2624969482421875 130.6933746337890625 118.8704376220703125 159.433563232421875 207.516815185546875 306.736083984375 322.166656494140625 289.921844482421875 220.2408294677734375 152.9648895263671875 119.7178192138671875 119.85984039306640625 124.55139923095703125 126.627777099609375 122.6007537841796875 158.4017181396484375 165.8917236328125 197.2602691650390625 245.4232330322265625 271.61810302734375 265.47491455078125 253.9996795654296875 196.5780792236328125 201.202239990234375 241.171234130859375 270.050262451171875 270.66845703125 263.4041748046875 277.4666748046875 318.433349609375 313.652557373046875 372.399993896484375 401.149993896484375 525.04998779296875 436.7166748046875 271.416656494140625 197.6726226806640625 144.5892791748046875 125.83928680419921875 132.625 113.625 191.5 229 229 154 40.5
304.616668701171875 409.916656494140625 469.95953369140625 372.19287109375 305.831756591796875 272.94549560546875 181.5204315185546875 124.63912200927734375 152.1933746337890625 176.50311279296875 241.9178924560546875 315.06060791015625 376.5 325.054840087890625 294.0721435546875 160.235443115234375 131.6792144775390625 126.9967803955078125 128.976409912109375 154.55029296875 146.1188507080078125 179.3306732177734375 156.8974151611328125 209.493255615234375 305.6536865234375 286.244384765625 300.44891357421875 285.21832275390625 260.15045166015625 243.6926116943359375 283.248443603515625 311.3751220703125 341.87750244140625 323.149993896484375 334.79998779296875 370.04998779296875 370.416656494140625 346.649993896484375 442.350006103515625 516.29998779296875 464.75 272.166656494140625 146.5 67.005950927734375 46.625 51.125 44.5 8.5 87.5 87 8 8.5
268.29998779296875 316.166656494140625 316.04998779296875 319.631744384765625 269.3330078125 202.9020538330078125 151.65545654296875 128.3613433837890625 117.6663970947265625 167.862701416015625 213.68182373046875 282.406829833984375 325.160614013671875 352.82000732421875 242.8286895751953125 195.1907196044921875 177.92852783203125 169.9097747802734375 163.1631622314453125 191.8902740478515625 247.954681396484375 218.8694610595703125 210.3977203369140625 261.693572998046875 298.6151123046875 377.0086669921875 350.456817626953125 332.779998779296875 289.10333251953125 308.260009765625 329.047607421875 352.6541748046875 400.829986572265625 416.040008544921875 435.54998779296875 389.350006103515625 329.616668701171875 353.366668701171875 400.866668701171875 382.833343505859375 267.5 239.5 96.66666412353515625 32 18.125 7.5 8.5 12.5 16.5 16.5 12 8
