ForecastVariables/BuildingHeight_Mean_500m/BuildingHeightFocal_Random5.asc
ncols        529
nrows        344
xllcorner    2700.000000000000
yllcorner    15900.000000000000
cellsize     100.000000000000
NODATA_value  nan
[rows 69 to 91 of 344, columns 156 to 207 of 529]
165.3333282470703125 148.25 138.1666717529296875 140.0916595458984375 136.741668701171875 137.4583282470703125 140.4166717529296875 132.9499969482421875 115.5 104 187.6666717529296875 273 327 297.833343505859375 241.73333740234375 218.73333740234375 162 102 41 11 nan nan nan nan nan 4 16 31 nan nan nan nan nan nan nan nan nan nan nan nan nan nan nan nan nan nan nan 4.6666665077209472656 12.84523773193359375 13.34523773193359375 15.428571701049804688 5
165.9166717529296875 149.6666717529296875 144.9166717529296875 141.3166656494140625 143.491668701171875 146.7166748046875 146.5833282470703125 149.883331298828125 134.8333282470703125 86.83333587646484375 124.5 250.8333282470703125 304.76666259765625 286.166656494140625 289.166656494140625 226.73333740234375 160.399993896484375 135 56 9 nan nan nan nan nan nan nan nan nan nan nan nan nan nan nan nan nan nan nan nan nan nan nan nan nan nan 12.666666030883789062 20.84523773193359375 21.09523773193359375 36.428569793701171875 34.84523773193359375 15.428571701049804688
175.48333740234375 183.2166595458984375 174.4466705322265625 164.1666717529296875 179.883331298828125 197.1833343505859375 159.4166717529296875 164.9166717529296875 128.5833282470703125 111.33333587646484375 139.76666259765625 226.5333251953125 258.0333251953125 307.100006103515625 294.666656494140625 268 204 119 57 18 nan nan nan nan nan nan nan nan nan nan nan nan nan nan nan nan nan nan nan nan nan nan nan nan nan 8 27.75 40.666667938232421875 43.428569793701171875 54.928569793701171875 50.761905670166015625 32.25
207.4333343505859375 251.1133270263671875 257.8466796875 247.8133392333984375 281.833343505859375 279.850006103515625 272.48333740234375 137.1833343505859375 119.83333587646484375 112.9333343505859375 148.1999969482421875 184.866668701171875 302.0333251953125 291.866668701171875 269.600006103515625 258 211 138 54 24 10 nan nan nan nan nan nan nan nan nan nan nan nan nan nan nan nan nan nan nan nan nan nan nan 8 30.399999618530273438 42 53.583332061767578125 77 78.47618865966796875 59.458332061767578125 61.708332061767578125
297.2833251953125 366.503326416015625 390.0333251953125 432.513336181640625 417.513336181640625 423.433319091796875 357.316680908203125 221.3000030517578125 123.9333343505859375 126.47499847412109375 134.6833343505859375 223.1999969482421875 256.866668701171875 288.20001220703125 261 242 206 135 67 18 nan nan nan nan nan nan nan nan nan nan nan nan nan nan nan nan nan nan nan nan nan nan nan nan 14.399999618530273438 36.40000152587890625 49.90000152587890625 73 90.630950927734375 88.6726226806640625 80.2976226806640625 62.25
411.605224609375 445.23382568359375 488.323333740234375 534.48333740234375 586.2066650390625 520.306640625 427.76666259765625 256.866668701171875 170.375 103.5583343505859375 178.0583343505859375 208.350006103515625 245.600006103515625 247.3333282470703125 251 218 179 127 47 18 nan nan nan nan nan nan nan nan nan nan nan nan nan nan nan nan nan nan nan nan nan nan nan 6.4000000953674316406 12.399999618530273438 25.899999618530273438 58.40000152587890625 77.4476165771484375 83.9226226806640625 90.130950927734375 87.46428680419921875 61.46428680419921875
439.330718994140625 490.15570068359375 530.9471435546875 563.683349609375 605.79669189453125 638.70001220703125 461.339996337890625 272.875 130.8249969482421875 129.125 167.0583343505859375 204.9583282470703125 242.25 250.6666717529296875 192 185 164 117 61 nan nan nan nan nan nan nan nan nan nan nan nan nan nan nan nan nan nan nan nan nan nan nan nan nan 6.4000000953674316406 20.399999618530273438 41.233333587646484375 50.333332061767578125 53.047618865966796875 75.4226226806640625 80.7976226806640625 56.25
427.4757080078125 479.20404052734375 561.029052734375 574.38714599609375 629.0633544921875 631.4100341796875 504.566650390625 258.7066650390625 140.8083343505859375 133.7083282470703125 152.625 194.5833282470703125 227 205 206 187 132 110 39 20 nan nan nan nan nan nan nan nan nan nan nan nan nan nan nan nan nan nan nan nan nan nan nan nan nan 6.4000000953674316406 14 25.833333969116210938 45.833332061767578125 51.047618865966796875 50.875 47.375
414.527374267578125 486.67572021484375 534.6405029296875 609.54998779296875 644.193359375 623.25164794921875 486.10333251953125 287.38665771484375 168.883331298828125 115.79166412353515625 140.3333282470703125 184.5 194.5 197 200 166 158 100 52 10 nan nan nan nan nan nan nan nan nan nan nan nan nan nan nan nan nan nan nan nan nan nan nan nan nan nan nan 13 27.333333969116210938 42 35 30
398.4619140625 425.8321533203125 507.02667236328125 574.143310546875 653.19500732421875 629.97833251953125 530.50836181640625 275.013336181640625 158.4357147216796875 125.383331298828125 126.91666412353515625 140.75 179.5 197 160 180 163 115 46 15 nan nan nan nan nan nan nan nan nan nan nan nan nan nan nan nan nan nan nan nan nan nan nan nan nan nan nan nan 5 20 30 20
357.725006103515625 383.485015869140625 467.9949951171875 574.95831298828125 624.768310546875 657.39166259765625 538.5050048828125 295.994049072265625 142.5523834228515625 123.50238037109375 124.0500030517578125 124.5 181 180 169 176 159 145 63 14 nan nan nan nan nan nan nan nan nan nan nan nan nan nan nan nan nan nan nan nan nan nan nan nan nan nan nan nan nan 5 10 10
328.666656494140625 388.7449951171875 476.711669921875 550.76165771484375 651.20831298828125 642.2550048828125 508.59405517578125 351.46905517578125 179.4857177734375 116.40238189697265625 129.619049072265625 152.5 171 185 193 197 170 140 75 15 nan nan nan nan nan nan nan nan nan nan nan nan nan nan nan nan nan nan nan nan nan nan nan nan nan nan nan nan nan nan nan nan
313.93499755859375 352.144989013671875 461.038330078125 571.77667236328125 627.48663330078125 611.2750244140625 460.7833251953125 299.352386474609375 192.652374267578125 105.51905059814453125 138.23333740234375 162.3333282470703125 193 189 212 199 212 127 76 34 nan nan nan nan nan nan nan nan nan nan nan nan nan nan nan nan nan nan nan nan nan nan nan nan nan nan nan nan nan nan nan nan
335.383331298828125 357.105010986328125 468.470001220703125 538.47833251953125 580.614990234375 561.36663818359375 459.7166748046875 211.73333740234375 132.01904296875 137.23333740234375 111.33333587646484375 171.6666717529296875 178 203 162 174 177 166 80 19 nan nan nan nan nan nan nan nan nan nan nan nan nan nan nan nan nan nan nan nan nan nan nan nan nan nan nan nan nan nan nan nan
356.37664794921875 396.883331298828125 429.394989013671875 524.316650390625 502.941650390625 490.498321533203125 377.316650390625 211.1666717529296875 111.40000152587890625 74.33333587646484375 86.66666412353515625 100.66666412353515625 143.6666717529296875 110 150 138 128 107 62 30 13 nan nan nan nan nan nan nan nan nan nan nan nan nan nan nan nan nan nan nan nan nan nan nan nan nan nan nan nan nan nan nan
368.0433349609375 352.90167236328125 411.833343505859375 455.60833740234375 558.0150146484375 413.044036865234375 281.583343505859375 189.3000030517578125 90.5 52.666667938232421875 45.666667938232421875 70.66666412353515625 94.66666412353515625 76.66666412353515625 46 74 54 62 30 13 nan nan nan nan nan nan nan nan nan nan nan nan nan nan nan nan nan nan nan nan nan nan nan nan nan nan nan nan nan nan nan nan
358.056671142578125 366.51666259765625 390.126678466796875 402.611663818359375 355.077392578125 379.210723876953125 247.6523895263671875 154.7916717529296875 26 5 44.666667938232421875 89.66666412353515625 97.66666412353515625 82 36 10 26 17 13 nan nan nan nan nan nan nan nan nan nan nan nan nan nan nan nan nan nan nan nan nan nan nan nan nan nan nan nan nan nan nan nan nan
410.092376708984375 364.38165283203125 359.86334228515625 314.8990478515625 316.7073974609375 262.452392578125 217.744049072265625 77.41071319580078125 41.125 31 86 115.66666412353515625 124 101 71 26 9 nan nan nan nan nan nan nan nan nan nan nan nan nan nan nan nan nan nan nan nan nan nan nan nan nan nan nan nan nan nan nan nan nan nan nan
445.01739501953125 394.28070068359375 316.16168212890625 287.029998779296875 224.890716552734375 200.5740509033203125 132.4107208251953125 96.125 54 50 73 138 148 147 53 19 nan nan nan 13 24 24 24.5 35.833332061767578125 51.700000762939453125 nan 56 35.65000152587890625 11.266666412353515625 25.799999237060546875 nan nan 19 nan nan nan nan nan nan nan nan nan nan nan nan nan nan nan nan nan nan nan
366.150726318359375 369.384033203125 302.807373046875 221.0883331298828125 165.496673583984375 156.2857208251953125 144.125 108 54 36 79 126 172 97 59 53 26 33 44 89 79 94.5 105.8333282470703125 153.9333343505859375 131.393341064453125 149.82000732421875 145.621429443359375 136.51666259765625 110.83889007568359375 77.9466705322265625 60.700000762939453125 24 28 73 17 nan nan nan nan nan nan nan nan nan nan nan nan nan nan nan nan nan
277.650726318359375 270.1773681640625 221.2916717529296875 159.296661376953125 139 132 132 96 118 104 105 119 104 92 99 145 141 123 175 196 184.5 197.633331298828125 272.213348388671875 278.193328857421875 331.746673583984375 361.31475830078125 326.48809814453125 292.110321044921875 286.618896484375 222.5855560302734375 161.6666717529296875 115.6999969482421875 133 127 96 17 nan nan nan nan nan nan nan nan nan nan nan nan nan nan nan nan
185.9523773193359375 133.5916748046875 98.96666717529296875 79 72 84 84 133 200 187 156 93 90.3000030517578125 157.23333740234375 180.3333282470703125 210 252 301 272 277 300.459991455078125 306.20501708984375 346.816192626953125 416.739166259765625 442.05810546875 480.144775390625 473.3836669921875 470.290313720703125 425.1427001953125 339.70556640625 268.872222900390625 255.600006103515625 250.899993896484375 195 121 77 17 nan nan nan nan nan nan nan nan nan nan nan nan nan nan nan
157.6999969482421875 75.46666717529296875 31 12 24 36 109 200 229 330 229 196.3000030517578125 178.4333343505859375 226.5666656494140625 308.0333251953125 296.5333251953125 329.5 346 338 342.459991455078125 355.864990234375 340.8411865234375 369.043701171875 440.88201904296875 510.900848388671875 489.604766845703125 539.28472900390625 514.4560546875 445.6712646484375 458.057952880859375 375.45001220703125 254.07000732421875 244.82000732421875 220 180 58 6 nan nan nan nan nan nan nan nan nan nan nan nan nan nan nan
