ForecastVariables/BuildingHeight_Mean_500m/BuildingHeightFocal_Random4.asc
ncols        529
nrows        344
xllcorner    2700.000000000000
yllcorner    15900.000000000000
cellsize     100.000000000000
NODATA_value  nan
[rows 184 to 206 of 344, columns 104 to 155 of 529]
86 83.48333740234375 110.28333282470703125 149.5547637939453125 152.3047637939453125 152.471435546875 123.66666412353515625 76.16666412353515625 30.666666030883789062 10.333333015441894531 nan nan nan nan nan nan nan nan nan 8 52.666667938232421875 7 27.5 51 99 152.25 144.75 123.75 112 80.16666412353515625 68 74 104 209 242 202.4166717529296875 144.6666717529296875 114.41666412353515625 106.76666259765625 177.6666717529296875 216.9499969482421875 239.1833343505859375 217.600006103515625 177.1722259521484375 126.33889007568359375 112.6722259521484375 122.122222900390625 105.52222442626953125 80.4875030517578125 49.24615478515625 33 30.666666030883789062
58.5 57 77.0547637939453125 94.638092041015625 120.47142791748046875 130.73809814453125 105.23809814453125 49.16666412353515625 31.166666030883789062 10.333333015441894531 nan nan nan nan nan nan nan nan 8 68.6666717529296875 119.5 101.26666259765625 14 35.5 63.25 103.25 136.75 137.25 114.41666412353515625 78.16666412353515625 57.166667938232421875 66 100 144 158 150 140.4166717529296875 115.26666259765625 153.26666259765625 274.600006103515625 342.5 283.45001220703125 221.8000030517578125 186.4166717529296875 154.633331298828125 130.4555511474609375 143.655548095703125 146.7494049072265625 120.14794158935546875 92.43365478515625 79.78781890869140625 101.16666412353515625
59 35.5 41.833332061767578125 56.804759979248046875 68.90476226806640625 79.5714263916015625 60.333332061767578125 42.66666412353515625 10.333333015441894531 nan nan nan nan nan nan nan nan 8 68.6666717529296875 135.5 210.850006103515625 202.76666259765625 149.600006103515625 21 28 56.25 96.75 105.41666412353515625 76.66666412353515625 85.16666412353515625 69.66666412353515625 46.166667938232421875 81 92 116.5 123.5 102.59999847412109375 129.01666259765625 211.100006103515625 280.100006103515625 336.350006103515625 333.149993896484375 235.98333740234375 171.6777801513671875 118.5111083984375 134.133331298828125 166.1493988037109375 172.7098388671875 169.576507568359375 134.689605712890625 145.4503173828125 130.877105712890625
49.5 17 7 26.333332061767578125 38.0714263916015625 29.5 22 10.333333015441894531 nan nan nan nan nan nan nan nan nan 8 82.8333282470703125 218.850006103515625 260.51666259765625 292.850006103515625 204.4333343505859375 110.9333343505859375 14 22 50.25 53 61.166667938232421875 76.66666412353515625 60.666667938232421875 43 48.5 64 77 76.5 67.5 103.59999847412109375 187.850006103515625 243.100006103515625 281.649993896484375 267.149993896484375 226.344451904296875 143.0777740478515625 144.127777099609375 154.656341552734375 178.0539703369140625 175.1303558349609375 153.5848388671875 143.426513671875 144.7905731201171875 161.6916656494140625
17 nan nan 7 10 11.5 nan nan nan nan nan nan nan nan nan nan nan 8 50.75 159.25 307.850006103515625 261.183319091796875 194.350006103515625 104 62.333332061767578125 7 15 30.5 45.5 44.666667938232421875 37 21.5 20 39 39 21 26.5 32 77.84999847412109375 165.25 196.25 163.149993896484375 149.5500030517578125 153.49444580078125 165.0944366455078125 194.3111114501953125 182.7952423095703125 146.109527587890625 131.705352783203125 148.653656005859375 147.6606903076171875 146.980133056640625
nan nan nan nan nan nan nan nan nan nan nan nan nan nan nan nan nan nan 15 64.75 157.25 194.350006103515625 118 76.3333282470703125 21 7 nan 8 15 21.5 21.5 7 nan 13 13 nan 8 8 8 68.25 96.25 98.25 123.40000152587890625 146.149993896484375 167.5111083984375 168.23333740234375 158.9666595458984375 137.095245361328125 113.8241729736328125 128.7071075439453125 130.648773193359375 154.5356903076171875
nan nan nan nan nan nan nan nan nan nan nan nan nan nan nan nan nan nan nan 15 48.75 55.666667938232421875 69.3333282470703125 21 7 nan nan nan nan 7 7 nan nan nan nan nan nan nan nan nan 21.25 42 65.5 103.5 114.40000152587890625 109.16666412353515625 94.3333282470703125 92.5714263916015625 95.79364776611328125 91.33211517333984375 131.2071075439453125 133.1987762451171875
nan nan nan nan nan nan nan nan nan nan nan nan nan nan nan nan nan nan nan nan 7 7 7 7 nan nan nan nan nan nan nan nan nan nan nan nan nan nan nan nan nan 14 19 24 43 58 56.66666412353515625 37 43.238094329833984375 71.126983642578125 95.998779296875 100.22222137451171875
nan nan nan nan nan nan nan nan nan nan nan nan nan nan nan nan nan nan nan nan nan nan nan nan nan nan nan nan nan nan nan nan nan nan nan nan nan nan nan nan nan nan nan nan nan 19 19 nan 18 43.238094329833984375 43.5555572509765625 32.66666412353515625
nan nan nan nan nan nan nan nan nan nan nan nan nan nan nan nan nan nan nan nan nan nan nan nan nan nan nan nan nan nan nan nan nan nan nan nan nan nan nan nan nan nan nan nan nan nan nan nan nan 18 6.6666665077209472656 6.6666665077209472656
nan nan nan nan nan nan nan nan nan nan nan nan nan nan nan nan nan nan nan nan nan nan nan nan nan nan nan nan nan nan nan nan nan nan nan nan nan nan nan nan nan nan nan nan nan nan nan nan nan nan nan nan
nan nan nan nan nan nan nan nan nan nan nan nan nan nan nan nan nan nan nan nan nan nan nan nan nan nan nan nan nan nan nan nan nan nan nan nan nan nan nan nan nan nan nan nan nan nan nan nan nan nan nan nan
nan nan nan nan nan nan nan nan nan nan nan nan nan nan nan nan nan nan nan nan nan nan nan nan nan nan nan nan nan nan nan nan nan nan nan nan nan nan nan nan nan nan nan nan nan nan nan nan nan nan nan nan
nan nan nan nan nan nan nan nan nan nan nan nan nan nan nan nan nan nan nan nan nan nan nan nan nan nan nan nan nan nan nan nan nan nan nan nan nan nan nan nan nan nan nan nan nan nan nan nan nan nan nan nan
nan nan nan nan nan nan nan nan nan nan nan nan nan nan nan nan nan nan nan nan nan nan nan nan nan nan nan nan nan nan nan nan nan nan nan nan nan nan nan nan nan nan nan nan nan nan nan nan nan nan nan nan
nan nan nan nan nan nan nan nan nan nan nan nan nan nan nan nan nan nan nan nan nan nan nan nan nan nan nan nan nan nan nan nan nan nan nan nan nan nan nan nan nan nan nan nan nan nan nan nan nan nan nan nan
nan nan nan nan nan nan nan nan nan nan nan nan nan nan nan nan nan nan nan nan nan nan nan nan nan nan nan nan nan nan nan nan nan nan nan nan nan nan nan nan nan nan nan nan nan nan nan nan nan nan nan nan
nan nan nan nan nan nan nan nan nan nan nan nan nan nan nan nan nan nan nan nan nan nan nan nan nan nan nan nan nan nan nan nan nan nan nan nan nan nan nan nan nan nan nan nan nan nan nan nan nan nan nan nan
nan nan nan nan nan nan nan nan nan nan nan nan nan nan nan nan nan nan nan nan nan nan nan nan nan nan nan nan nan nan nan nan nan nan nan nan nan nan nan nan nan nan nan nan nan nan nan nan nan nan nan nan
nan nan nan nan nan nan nan nan nan nan nan nan nan nan nan nan nan nan nan nan nan nan nan nan nan nan nan nan nan nan nan nan nan nan nan nan nan nan nan nan nan nan nan nan nan nan nan nan nan nan nan nan
nan nan nan nan nan nan nan nan nan nan nan nan nan nan nan nan nan nan nan nan nan nan nan nan nan nan nan nan nan nan nan nan nan nan nan nan nan nan nan nan nan nan nan nan nan nan nan nan nan nan nan nan
nan nan nan nan nan nan nan nan nan nan nan nan nan nan nan nan nan nan nan nan nan nan nan nan nan nan nan nan nan nan nan nan nan nan nan nan nan nan nan nan nan nan nan nan nan nan nan nan nan nan nan nan
nan nan nan nan nan nan nan nan nan nan nan nan nan nan nan nan nan nan nan nan nan nan nan nan nan nan nan nan nan nan nan nan nan nan nan nan nan nan nan nan nan nan nan nan nan nan nan nan nan nan nan nan
