ForecastVariables/BuildingHeight_Mean_500m/BuildingHeightFocal_Random5.asc
ncols        529
nrows        344
xllcorner    2700.000000000000
yllcorner    15900.000000000000
cellsize     100.000000000000
NODATA_value  nan
[rows 46 to 68 of 344, columns 156 to 207 of 529]
89.9333343505859375 132.51666259765625 113.25 113.5785675048828125 110.46904754638671875 112.5785675048828125 130.399993896484375 167.5 219.5 201.5 185.600006103515625 170.5 142.5666656494140625 157.399993896484375 149.5666656494140625 120.91904449462890625 100.0666656494140625 76.83333587646484375 80 112 130.6666717529296875 121.16666412353515625 109.33333587646484375 93.5 53 26.5 80 151.4083251953125 295.135009765625 373.4283447265625 378.32666015625 335.90301513671875 282.346771240234375 244.70953369140625 213.22418212890625 208.6042327880859375 209.654815673828125 244.8049468994140625 312.65374755859375 316.5654296875 298.809173583984375 294.5050048828125 285.16070556640625 337.077392578125 340.484527587890625 331.12738037109375 281.25238037109375 325.933319091796875 364.350006103515625 442.1533203125 389.32000732421875 383.33001708984375
117.6999969482421875 139.0333251953125 147.8452301025390625 106.0690460205078125 109.2357177734375 115.6857147216796875 123.9285736083984375 152.5 184 183 209 187.600006103515625 164.3333282470703125 150.899993896484375 154.4666595458984375 124.23333740234375 87.66666412353515625 71.66666412353515625 63.66666412353515625 81 73.5 73.33333587646484375 77.5 61 42 33 35 127.96666717529296875 275.301666259765625 392.6199951171875 404.212738037109375 353.75830078125 286.008544921875 216.363433837890625 181.9976348876953125 174.628204345703125 194.9824371337890625 247.3287506103515625 305.868743896484375 312.004180908203125 300.6300048828125 274.375 237.5 227.2857208251953125 258.827392578125 289.75238037109375 313.166656494140625 323 406.0333251953125 405.316680908203125 409.60333251953125 361.13665771484375
129.600006103515625 152.225006103515625 119.09047698974609375 110.33571624755859375 97.4857177734375 96.08571624755859375 104.35713958740234375 141 133 164 161 150.8333282470703125 158.9333343505859375 155.5666656494140625 132.399993896484375 100.66666412353515625 61.666667938232421875 54 55.666667938232421875 44.16666412353515625 33.833332061767578125 24 34.5 33 33 14.5 34.366668701171875 122.12667083740234375 245.6366729736328125 365.626678466796875 382.072235107421875 334.018310546875 271.5416259765625 204.656646728515625 164.50518798828125 146.479766845703125 160.3249969482421875 219.7062530517578125 273.037506103515625 277.70001220703125 232.5 170.5 174.5 194.5 214.2857208251953125 238.6666717529296875 277 365 400 391.5 366.683349609375 361.8033447265625
153.975006103515625 114.36785888671875 106.27500152587890625 98.00714111328125 89.58571624755859375 78.10713958740234375 105.5 104 113 104 113 104 136.3333282470703125 124.33333587646484375 98.16666412353515625 73.16666412353515625 71.66666412353515625 91.33333587646484375 48.333332061767578125 42.5 14 8 nan 15.5 14.5 6 34.90000152587890625 90.21666717529296875 188.3766632080078125 270.88665771484375 337.52667236328125 284.578887939453125 222.02972412109375 171.1603240966796875 143.5381011962890625 122.5714263916015625 133.5714263916015625 135 158 190 133.5 69.5 60.5 111 157 174 212 276 346 343.333343505859375 371.833343505859375 291.183349609375
110.260711669921875 96.26786041259765625 90.7011871337890625 83.9250030517578125 82.52381134033203125 99.0500030517578125 90.25 72 56 67 59 76 74 67.83333587646484375 62.5 73.33333587646484375 116.33333587646484375 116 125 80 34 6 nan nan 6 nan nan 53.90000152587890625 124.71666717529296875 181.510009765625 199.660003662109375 216.356658935546875 162.088897705078125 119.53809356689453125 86.5714263916015625 72.5714263916015625 60 73 75 63 36 10.5 10 19 54 100 145 174 189 293 272.833343505859375 300.333343505859375
90.89405059814453125 90.5654754638671875 83.41785430908203125 87.39286041259765625 86.71666717529296875 85.96666717529296875 87.5500030517578125 60.75 51 8 14 25 29 54.5 60 95 97 178 218 182 56 15 nan nan 3 nan nan nan 74.40000152587890625 93.9499969482421875 111.3000030517578125 107.4499969482421875 101.46666717529296875 74 48.5714263916015625 24 12 12 37 nan nan nan nan nan nan 35 30 50 131 176.5 199.5 214.8333282470703125
99.9238128662109375 80.46547698974609375 82.9238128662109375 88.366668701171875 100.3000030517578125 93.71666717529296875 77.71666717529296875 73.3000030517578125 24.5 nan 26 18 43 55 70 75 187 247 283 163 112 34 nan 6 6 3 nan nan nan 39.5 48 56.5 36 24 12 nan nan nan nan nan nan nan nan nan nan nan nan nan 25 81 100.5 126.5
79.5642852783203125 79.364288330078125 82.638092041015625 85.98809814453125 95.133331298828125 100.41666412353515625 87.3000030517578125 56.5 18 26 81 102 133 108 105 153 216.6666717529296875 309.5 245 204 97 34 9 12 12 6 3 nan nan nan 20.5 12 12 nan nan nan nan nan nan nan nan nan nan nan nan nan nan nan nan nan 44 22.5
80.744049072265625 83.76905059814453125 83.47023773193359375 88.33333587646484375 92.116668701171875 96.5 87.866668701171875 51.5 46 108 202 234 246 193 187 197.6666717529296875 222.1666717529296875 222.1666717529296875 239.72222900390625 175 68 6 15 21 18 12 3 nan nan nan nan nan nan nan nan nan nan nan nan nan nan nan nan nan nan nan nan nan nan nan nan nan
83.77024078369140625 86.25 92.02262115478515625 94.7988128662109375 93.51666259765625 88.366668701171875 82.08095550537109375 52.866664886474609375 83.5 240 338 371 285 232 214.6666717529296875 173.1666717529296875 163.1666717529296875 200.388885498046875 142.2979736328125 92.72222137451171875 13 15 23.5 29.5 24 12 3 nan nan nan nan nan nan nan nan nan nan nan nan nan nan nan nan nan nan nan nan nan nan nan 30 nan
96.378570556640625 95.27024078369140625 99.60356903076171875 99.09880828857421875 96.020233154296875 93.48094940185546875 84.91428375244140625 81.880950927734375 172.6666717529296875 295.5 409 415 328 258 237 152.6666717529296875 115.388885498046875 115.29798126220703125 94.631317138671875 32.631313323974609375 26.72222137451171875 28.75 37.333332061767578125 37 23.5 9 3 nan nan nan nan nan nan nan nan nan nan nan nan nan nan nan nan nan nan nan nan nan nan 51 37 41
104.4547576904296875 103.52024078369140625 101.34880828857421875 100.83690643310546875 98.1999969482421875 97.77619171142578125 92.614288330078125 117.29761505126953125 160.2142791748046875 291.5 431 512 356 266 239 217 164.5757598876953125 68.631317138671875 67.631317138671875 58.131313323974609375 44.659091949462890625 42.833332061767578125 40.583332061767578125 39.333332061767578125 25 8.5 nan nan nan nan nan nan nan nan nan nan nan nan nan nan nan nan nan nan nan nan nan nan 67 75 93 96
109.21428680419921875 98.29047393798828125 103.270233154296875 99.10237884521484375 102.3023834228515625 106.28095245361328125 97.60951995849609375 99.505950927734375 180.6666717529296875 340.5 547 463 425 333 313 314 224 111.409088134765625 65.131317138671875 65.159088134765625 54.333332061767578125 45.833332061767578125 43.833332061767578125 28.583333969116210938 18.833333969116210938 5 nan nan nan nan nan nan nan nan nan nan nan nan nan nan nan nan nan nan nan nan nan 54 84 132 176 177
101.0749969482421875 93.78333282470703125 83.90714263916015625 91.869049072265625 100.3222198486328125 107.8000030517578125 101.37738037109375 112.879547119140625 196.4583282470703125 405.333343505859375 462.857147216796875 438 430 404 356 283 184 122 81.409088134765625 46.75 38 35.833332061767578125 28.833333969116210938 19.583333969116210938 5 nan nan nan nan nan nan nan nan nan nan nan nan nan nan nan nan nan nan nan nan nan 33 86 146 177 244 222
84.866668701171875 76.73332977294921875 82.58333587646484375 87.96865081787109375 97.9472198486328125 102.73531341552734375 112.010498046875 134.3438262939453125 180.9628753662109375 253.232147216796875 382.5238037109375 409.857147216796875 349 251 272 215 117 75 35 24.5 20.25 13 9.0833339691162109375 5 nan nan nan nan nan nan nan nan nan nan nan nan nan nan nan nan nan nan nan nan nan 17 53 97 150 227 217 222
81.6999969482421875 59.133331298828125 73.64722442626953125 95.2007904052734375 110.16031646728515625 113.399383544921875 116.71605682373046875 120.629547119140625 130.6033477783203125 180.9783477783203125 240.5238037109375 283.5238037109375 173.857147216796875 179 178 119 82 24 8 6 5 3.75 nan nan nan nan nan nan nan nan nan nan nan nan nan nan nan nan nan nan nan nan nan nan nan 13 52 93 146 172 177 160
104.73332977294921875 82.29166412353515625 83.111907958984375 98.7674560546875 118.6984100341796875 134.253173828125 133.0795440673828125 119.8128814697265625 106.3712158203125 112.27381134033203125 107.52381134033203125 110.52381134033203125 126.66666412353515625 124 96 60 36 nan nan nan nan nan nan nan nan nan nan nan nan nan nan nan nan nan nan nan nan nan nan nan nan nan nan nan nan nan 13 52 76 77 91 89
134.6999969482421875 114.128570556640625 114.0535736083984375 111.8261871337890625 119.6817474365234375 137.65118408203125 142.149993896484375 124.504547119140625 90.51667022705078125 60.666667938232421875 29.523809432983398438 42.666667938232421875 76 85 78 41 16 nan nan nan nan nan nan nan nan 21 14 25 nan nan nan nan nan nan nan nan nan nan nan nan nan nan nan nan nan nan nan 13 22 18 31 24
151.9499969482421875 133.8333282470703125 126.3095245361328125 131.1845245361328125 117.001190185546875 124.114288330078125 129.3142852783203125 118.9333343505859375 84.26666259765625 40.59999847412109375 11.666666030883789062 17.666667938232421875 69 85 106 72 46 24 nan nan nan nan nan nan 21 37 70 62 25 nan nan nan nan nan nan nan nan nan nan nan nan nan nan nan nan nan nan nan nan nan nan nan
159.6666717529296875 140.8333282470703125 135.4166717529296875 122.65952301025390625 118.99761962890625 111.0476226806640625 117.6833343505859375 112.5666656494140625 90.58333587646484375 47.96666717529296875 73.26667022705078125 97.66666412353515625 127 142 141 171 111 75 24 nan nan nan nan 21 37 76 111 124 62 25 nan nan nan nan nan nan nan nan nan nan nan nan nan nan nan nan nan nan nan nan nan nan
149.6666717529296875 136.9166717529296875 131 118.73332977294921875 118.755950927734375 116.1999969482421875 112.76666259765625 120.73332977294921875 103.633331298828125 113.883331298828125 144.366668701171875 209 228.5 213 244 191 159 109 54 8 nan nan nan 2 37 90 146 121 89 23 nan nan nan nan nan nan nan nan nan nan nan nan nan nan nan nan nan nan nan nan nan nan
147.0833282470703125 137.9166717529296875 136.75 124.375 119.35832977294921875 118.0749969482421875 125.66666412353515625 128.9333343505859375 154.4666595458984375 146.116668701171875 212.1666717529296875 302.5 315.166656494140625 312.166656494140625 241.3333282470703125 213 178 118 47 21 nan nan nan 4 22 84 100 109 70 31 nan nan nan nan nan nan nan nan nan nan nan nan nan nan nan nan nan nan nan nan nan nan
159.1666717529296875 141.8333282470703125 134.7916717529296875 138.5416717529296875 124.991668701171875 126.10832977294921875 131.9083404541015625 125.40000152587890625 107.01667022705078125 162.1666717529296875 247 294.166656494140625 332.833343505859375 304.166656494140625 245.23333740234375 202 177 93 52 12 nan nan nan nan 4 22 61 70 31 nan nan nan nan nan nan nan nan nan nan nan nan nan nan nan nan nan nan nan 4.6666665077209472656 4.4285712242126464844 nan 5
