ForecastVariables/BuildingHeight_Mean_500m/BuildingHeightFocal_Random4.asc
ncols        529
nrows        344
xllcorner    2700.000000000000
yllcorner    15900.000000000000
cellsize     100.000000000000
NODATA_value  nan
[rows 23 to 45 of 344, columns 104 to 155 of 529]
nan nan nan nan nan nan nan nan nan nan nan nan nan nan 4 4 nan nan nan nan nan nan nan nan nan nan nan nan nan nan nan nan nan nan nan nan nan nan nan nan nan nan nan nan nan nan nan nan nan nan nan nan
nan nan nan nan nan nan nan nan nan nan nan nan nan 4 13 13 4 nan 4.6666665077209472656 4.3333334922790527344 4.5 nan nan nan nan nan nan nan nan nan nan nan nan nan nan nan nan nan nan nan nan nan nan nan nan nan nan nan nan nan nan nan
nan nan nan nan nan nan nan nan nan nan nan nan 4 16 25 25 19 12.166666030883789062 13.666666030883789062 17.833333969116210938 8.8333339691162109375 4.5 nan nan nan nan nan nan nan nan nan nan 4 4 nan nan nan nan nan nan nan nan nan nan nan nan nan nan nan nan nan nan
nan nan nan nan nan nan nan nan nan nan nan nan 8 28.666666030883789062 40.59999847412109375 43 38.916667938232421875 31.416666030883789062 26 22.5 17.833333969116210938 8.8333339691162109375 4.5 nan nan nan nan nan nan nan nan 4 8 8 4 nan nan nan nan nan nan nan nan nan nan nan nan nan nan nan nan nan
nan nan nan nan nan nan nan nan nan nan nan 3 14.666666030883789062 37.266666412353515625 56.980953216552734375 59.1833343505859375 48.366664886474609375 40.5 34.75 26 17.833333969116210938 8.8333339691162109375 4 nan nan nan nan nan nan nan 4 8 8 11 11.5 8 4 nan nan nan nan nan nan nan nan nan nan nan nan nan nan nan
nan nan nan nan nan nan nan nan nan nan 6 4.6666665077209472656 22.266666412353515625 38.730953216552734375 59.0642852783203125 63.34761810302734375 48.21666717529296875 40.700000762939453125 31.5 20.583333969116210938 8.8333339691162109375 4 8 7 nan nan 4 4 nan nan nan 4 11 14.5 14.5 15.5 11.399999618530273438 4 nan nan nan nan nan nan nan nan nan nan nan nan nan nan
nan nan nan nan nan nan nan 10 10 6 12 19.28571319580078125 26.130952835083007812 43.0642852783203125 55.09761810302734375 57.014286041259765625 52.330951690673828125 32.616668701171875 29.450000762939453125 11.666666984558105469 8 8 11 11 11.5 4 8 8 4 nan nan 3 10.5 14.5 18.5 21.899999618530273438 18.899999618530273438 11.399999618530273438 4 nan nan nan nan nan nan nan nan nan nan nan nan nan
nan nan nan nan nan nan 20 27.333333969116210938 34 30 26.28571319580078125 31.03571319580078125 38.202381134033203125 45.297618865966796875 54.480953216552734375 51.74761962890625 37.366668701171875 35.53333282470703125 21.583333969116210938 15 4 11 11 19.5 19.5 15.5 8 8 8 4 nan nan 3 10.5 17.899999618530273438 18.899999618530273438 15.399999618530273438 14.399999618530273438 3.4000000953674316406 nan nan nan nan nan nan nan nan nan nan nan nan nan
nan nan nan nan nan 30 46.733333587646484375 53 49.333332061767578125 58.28571319580078125 51.952381134033203125 43.852382659912109375 42.78571319580078125 51.369049072265625 47.297618865966796875 39.083332061767578125 36.950000762939453125 25.25 18.666666030883789062 7 7 4 23.5 23.5 15.5 12.5 12.5 8 4 nan nan nan 3.3333332538604736328 7.3333334922790527344 7.5 15.399999618530273438 17.542858123779296875 9.5428571701049804688 6 5 6 nan nan nan nan nan nan nan nan nan nan nan
nan nan 7 nan 20 36.733333587646484375 71.40000152587890625 78.0666656494140625 75 61.5 57.269046783447265625 53.60237884521484375 49.269046783447265625 44.083332061767578125 34.333332061767578125 30.833333969116210938 22.916666030883789062 18.666666030883789062 7 7 3 11.714285850524902344 24 23.5 16.5 12.5 8 4 nan nan nan 7.3333330154418945312 11.166666984558105469 10.666666984558105469 11.333333969116210938 19.142856597900390625 18.6857147216796875 15.285714149475097656 14.142856597900390625 22 16.75 6 nan nan nan nan nan nan nan nan nan nan
nan 13 13.800000190734863281 17 19.399999618530273438 50.0666656494140625 70.0666656494140625 96.0666656494140625 79.23332977294921875 58.983333587646484375 52.0666656494140625 47.85237884521484375 39.90000152587890625 34.733333587646484375 30.166666030883789062 27.833333969116210938 15.666666984558105469 4 7 7 14.547618865966796875 22.714284896850585938 19.714284896850585938 20 20.5 8 nan nan nan nan 11.333333015441894531 18.666666030883789062 18.166666030883789062 21.166666030883789062 29.8095245361328125 29.119047164916992188 29.28571319580078125 26.28571319580078125 31.28571319580078125 31.292858123779296875 24.75 16.75 6 nan nan nan nan nan nan nan nan nan
13 19.799999237060546875 19.799999237060546875 13.800000190734863281 30 61.0666656494140625 90.23332977294921875 75.5666656494140625 62.583332061767578125 46.083332061767578125 46.8166656494140625 46.8166656494140625 36.65000152587890625 28.666666030883789062 29.583333969116210938 19.75 12 8 11 18.547618865966796875 26.547618865966796875 26.547618865966796875 22.714284896850585938 19.714284896850585938 12 nan nan nan nan 8 19 25 24.666666030883789062 33.166667938232421875 33.333332061767578125 34.642856597900390625 30.78571319580078125 30.28571319580078125 30.292858123779296875 31.149999618530273438 25.149999618530273438 16.75 5.75 nan nan nan nan nan 11 9.5 nan nan
16.299999237060546875 23.299999237060546875 19.799999237060546875 23.799999237060546875 31.799999237060546875 68 73.3166656494140625 64.83333587646484375 42.166667938232421875 37.75 33.916667938232421875 30.649999618530273438 25.5 21.583333969116210938 14.75 15 12 12 15.833333015441894531 26.833333969116210938 30.547618865966796875 30.547618865966796875 23.547618865966796875 12 nan nan nan nan 4 11.5 19.166666030883789062 22.666666030883789062 32 28.833333969116210938 25.5 25.5 24.642856597900390625 19.042858123779296875 17.399999618530273438 19.149999618530273438 20.149999618530273438 9.1499996185302734375 nan nan nan nan nan 11 31.5 29.5 18.666667938232421875 14
16.5 23.299999237060546875 23.299999237060546875 18.799999237060546875 37 52.75 72.75 58.916667938232421875 31 23.5 28.75 24.5 18 10.75 7 8 8 15 24.333333969116210938 32.833332061767578125 34.833332061767578125 26.547618865966796875 16 4 nan nan nan 3 7 11.666666984558105469 15.166666984558105469 22.166666030883789062 17.666666030883789062 13.666666984558105469 14.5 19.5 9.5 6 3.4000000953674316406 8.3999996185302734375 9.1499996185302734375 nan nan nan nan nan 11 31.5 40.5 62.416667938232421875 66.866668701171875 46
14 20 17.299999237060546875 18 39.25 57.75 60.75 46.25 25.75 30 34.5 31.899999618530273438 16 12 4 7 14.666666984558105469 22.583333969116210938 30.833333969116210938 38.1904754638671875 40.833332061767578125 23 7 nan 4 4 3 9 9 7 11.666666984558105469 11.166666984558105469 6.6666669845581054688 3 7 4.5 3 nan nan 3.4000000953674316406 nan nan nan nan nan nan 11 31 62.416667938232421875 114.616668701171875 109.616668701171875 88.03333282470703125
14 14 16.5 15.5 24.5 47.25 45.75 28.75 30.5 36.5 39.90000152587890625 37.90000152587890625 25.899999618530273438 18 15 17.666666030883789062 21.25 29.75 41.9404754638671875 52.02381134033203125 38.6904754638671875 21 7 7 12 15 16 15 15 9 7 3.6666667461395263672 nan 3 7 nan nan nan nan nan nan nan nan nan nan nan nan 23.75 81.9499969482421875 119.616668701171875 149.4499969482421875 157.1999969482421875
10.5 10.5 3.5 6 12 24.5 20.75 18 20 31.899999618530273438 35.90000152587890625 45.90000152587890625 34.90000152587890625 26.899999618530273438 26.166666030883789062 24.916666030883789062 23.416666030883789062 31.607143402099609375 46.9404754638671875 44.77381134033203125 33.1904754638671875 24.357143402099609375 15 12 16 22 27 29 22 12 3 nan nan 7 14 7 nan nan nan nan nan nan nan nan nan nan nan 24 64.41666412353515625 98.616668701171875 145.366668701171875 204.9499969482421875
3.5 3.5 nan nan 6 6 4 4 10 27 40.40000152587890625 35 27.899999618530273438 27 32.833332061767578125 27.166666030883789062 22.916666030883789062 27.75 31.4404754638671875 33.1904754638671875 32.6904754638671875 25.833333969116210938 17.5 15 19 22 28 33.5 30 13 3 nan 7 14 14 14 7 nan nan nan nan nan nan nan nan nan nan nan 32 78.41666412353515625 131.5333251953125 179.2166595458984375
nan nan nan nan nan nan nan 4 7.5 22 35.09999847412109375 32.59999847412109375 24.100000381469726562 30.333333969116210938 32.166667938232421875 26.666666030883789062 24.666666030883789062 21.916666030883789062 27 36.357143402099609375 30.833333969116210938 23.166666030883789062 12 13 15 19 24.5 31.25 24.5 15 4 nan 7 14 14 14 7 nan nan nan nan nan nan nan nan nan nan nan nan 49 100.46666717529296875 143.9666595458984375
nan nan nan nan nan nan nan 3.5 15 24.600000381469726562 34.200000762939453125 34.700000762939453125 29.78333282470703125 30.266666412353515625 39 37 30.333333969116210938 28.166666030883789062 36.416667938232421875 32.5 32.833332061767578125 22.666666030883789062 18.666666030883789062 9 7 10.5 25.25 29.25 22.25 11.5 4 nan nan 7 14 7 nan nan nan nan nan nan nan nan nan nan nan nan nan 24 62 113.5500030517578125
nan nan nan nan 21 nan nan 3.5 18.5 34.877777099609375 38.200000762939453125 36.450000762939453125 39.78333282470703125 40.84999847412109375 36.5 37 32.166667938232421875 37.75 33.583332061767578125 31.28333282470703125 22.166666030883789062 19.666666030883789062 11.666666984558105469 5.6666669845581054688 3 10.75 22.25 26.25 22.25 7.75 nan nan nan nan 7 nan nan nan nan nan nan nan nan nan nan nan nan nan nan nan 37 78.5
nan nan nan 27 34.333332061767578125 36.200000762939453125 19.5 20.5 20.206348419189453125 38.27777862548828125 41.127777099609375 42.950000762939453125 42.135715484619140625 42.583332061767578125 36.25 34.166667938232421875 31.583333969116210938 28.666666030883789062 32.450000762939453125 27.450000762939453125 18.116666793823242188 5.6666669845581054688 5.6666669845581054688 4 4 15 18.75 22.25 15.75 4 nan nan nan nan nan nan nan nan nan nan nan nan nan nan nan nan nan nan nan nan nan 47
nan nan 27 51.333332061767578125 62.53333282470703125 83.03333282470703125 74.6999969482421875 47.40634918212890625 37.706348419189453125 28.206348419189453125 35.27777862548828125 38.41349029541015625 40.53571319580078125 33.53571319580078125 36.833332061767578125 32.333332061767578125 28.25 31.53333282470703125 30.866666793823242188 26.616666793823242188 10.699999809265136719 5.8666667938232421875 4 4 8 8 15 15.75 8 nan nan nan nan nan nan nan nan nan nan nan nan nan nan nan nan nan nan nan nan nan nan 9.3999996185302734375
