ForecastVariables/BuildingHeight_Mean_500m/BuildingHeightFocal_Random3.asc
ncols        529
nrows        344
xllcorner    2700.000000000000
yllcorner    15900.000000000000
cellsize     100.000000000000
NODATA_value  nan
[rows 115 to 137 of 344, columns 156 to 207 of 529]
513.5 444.5 458 402 371.26666259765625 390.100006103515625 505.44000244140625 503.839996337890625 355.839996337890625 213.9000091552734375 71.3000030517578125 nan nan nan nan nan 34 144 168 161 107 85 188.5555572509765625 232.2355499267578125 300.8546142578125 322.8546142578125 407.54278564453125 455.413330078125 501 408 329.5 293 307.5 370 235 217 132 146 92 71 12 nan nan nan nan nan nan nan nan nan nan nan
438.888580322265625 522.433349609375 425.29998779296875 342 346.4666748046875 446.97332763671875 546.6199951171875 610.5400390625 415.740020751953125 214.44000244140625 71.3000030517578125 nan nan nan nan 34 144 223 278 283 316 277.5 257 262.22222900390625 287.9022216796875 370.93792724609375 378.42999267578125 495 420 298 226 238.5 301 273 284 200 169 89 76 47 13 nan nan nan nan nan nan nan nan nan nan nan
412.8118896484375 415.921905517578125 387.20001220703125 339.5 341.0333251953125 380.11334228515625 551.85333251953125 605.22003173828125 412.94000244140625 142.600006103515625 nan nan nan nan nan 28 110 284 407 446.5 379 379.75 381 314.666656494140625 310.3055419921875 303.42999267578125 372.5 366.75 320 202 171.5 186 204 244 221 168 125 109 47 13 nan nan nan nan nan nan nan nan nan nan nan nan
382.806915283203125 368.899993896484375 352.5533447265625 345.333343505859375 324.546661376953125 440.013336181640625 586.74664306640625 567.78668212890625 337.17999267578125 75.5 nan nan nan nan nan 27 135 239 399.5 458.5 489.25 420.25 339.75 328.25 231.9499969482421875 234.0833282470703125 288.149993896484375 252.5 190.75 132 75 99 97 122 126 103 55 22 13 nan nan nan nan nan nan nan nan nan nan nan nan nan
365.601654052734375 381.461669921875 364.606658935546875 351.05999755859375 385.433319091796875 464.846649169921875 550.71331787109375 496.47998046875 314.5999755859375 79.6999969482421875 nan nan 10 27 8.5 76 177 294.5 335 444.75 466.25 460.5 340.75 241.866668701171875 181.25555419921875 155.111907958984375 165.48333740234375 163.399993896484375 117 43 nan 13 50 20 36 55 nan nan nan nan nan nan nan nan nan nan nan nan nan nan nan nan
363.301666259765625 374.306671142578125 379.26666259765625 372.066650390625 368.226654052734375 439.9666748046875 437.11334228515625 381.600006103515625 201.29998779296875 79.6999969482421875 nan 10 104 99.5 110 171.5 210 276 397.5555419921875 413.333343505859375 453.75 409.666656494140625 370.866668701171875 223.4222259521484375 168.00079345703125 152.5841217041015625 108.361907958984375 78.73332977294921875 58.40000152587890625 8 nan nan nan 3 6.5 3 nan nan nan nan nan nan nan nan nan nan nan nan nan nan nan nan
358.3466796875 372.2066650390625 372.128326416015625 355.579986572265625 333.726654052734375 290.20001220703125 334.433319091796875 253 79.6999969482421875 nan 10 104 175 213.5 193.5 211.5 282 341.0555419921875 321.27777099609375 373.5555419921875 435.5 435.583343505859375 317.3055419921875 252.2674560546875 196.350799560546875 146.00079345703125 80.884124755859375 42.828571319580078125 16 nan nan nan 3 10.5 10 6.5 3 nan nan nan nan nan nan nan nan nan nan nan nan nan nan nan
276.839996337890625 374.77667236328125 356.5966796875 339.875 307.260009765625 243.4199981689453125 189.600006103515625 159.9333343505859375 28 nan 67 139.5 192 237 295 248 239.0555572509765625 271.146209716796875 344.6944580078125 372.861114501953125 435.47222900390625 369.5 330.333343505859375 239.0555572509765625 195.0174560546875 125.484130859375 70.82857513427734375 28 nan nan nan nan 7.5 18 18 10 3.5 nan nan nan nan nan nan nan nan nan nan nan nan nan nan nan
335.489990234375 293.30499267578125 332.491668701171875 311.959991455078125 294.2783203125 225.6866607666015625 152.453338623046875 83.08333587646484375 38.333332061767578125 14 8.5 92.5 182 226.1451568603515625 177.23333740234375 182.925933837890625 201.661163330078125 263.8128662109375 318.479522705078125 406.515869140625 393.555572509765625 412.683349609375 343.333343505859375 218.6666717529296875 145.72222900390625 115.4285736083984375 56 12 nan nan nan 4 11.5 19 22 15 3.5 nan nan nan nan nan nan nan nan nan nan nan nan nan nan nan
337.54998779296875 332.491668701171875 290.84832763671875 361.561676025390625 311.51165771484375 238.883331298828125 168.0500030517578125 126.28333282470703125 53.25 14 8.5 34 128.1451568603515625 176.3784942626953125 143.13775634765625 165.8600921630859375 236.1981964111328125 287.161163330078125 365.80096435546875 423.412078857421875 477.171417236328125 414.433349609375 325.683319091796875 237.6666717529296875 143 96 48 12 nan nan nan 4 12 15.5 19 11.5 4 nan nan nan nan nan nan nan nan nan nan nan nan nan nan nan
334.508331298828125 331.70001220703125 366.4083251953125 409.875 381.413330078125 315.3466796875 282.160003662109375 238.3166656494140625 80.9499969482421875 23.75 15.5 27.145160675048828125 88.3784942626953125 160.13775634765625 211.1368408203125 253.37017822265625 286.526763916015625 335.436279296875 445.399261474609375 479.088104248046875 459.5047607421875 414.338104248046875 324.683319091796875 267.877777099609375 177.6666717529296875 60 36 12 nan nan nan nan 4 12 11.5 4 nan nan nan nan nan nan nan nan nan nan nan nan nan nan nan nan
378.9666748046875 357.92498779296875 394.024993896484375 399.393341064453125 433.893341064453125 445.931671142578125 417.686676025390625 347.010009765625 226.649993896484375 53.700000762939453125 nan 42.5 113.97849273681640625 193.80706787109375 262.299652099609375 314.058349609375 365.991668701171875 430.0341796875 489.23809814453125 468.48809814453125 422.338104248046875 411.183319091796875 337.96112060546875 245.52777099609375 211.8111114501953125 107 12 nan nan nan nan nan nan 4 4 nan nan nan nan nan nan nan nan nan nan nan nan nan nan nan nan nan
329 350.4666748046875 336.6300048828125 368.0966796875 450.464996337890625 508.291656494140625 481.07501220703125 435.790008544921875 343.980010986328125 180.5 16 17 105.66666412353515625 187.545166015625 271.5618896484375 308.06402587890625 390.315765380859375 435.399993896484375 487.833343505859375 430.071441650390625 417.75 359.29443359375 362.52777099609375 255.8111114501953125 204.644439697265625 137.3111114501953125 34 nan nan nan nan nan nan nan nan nan nan nan nan nan nan nan nan nan nan nan nan nan nan nan nan nan
359 352 301.566650390625 324.33831787109375 377.165008544921875 439.375 533.681640625 484.364990234375 347.926666259765625 188.975006103515625 196.5 85 82 166.1666717529296875 222.389007568359375 301.05474853515625 344.45953369140625 455.75 430 517.66668701171875 398.833343505859375 339.25 340.81109619140625 328.644439697265625 231.5111083984375 139.616668701171875 54.866668701171875 nan nan nan nan nan nan nan nan nan nan nan nan nan nan nan nan nan nan nan nan nan nan nan nan nan
446 356 309.833343505859375 305.2833251953125 320.98834228515625 332.301666259765625 401.3316650390625 453.5433349609375 300.45166015625 290.1541748046875 269.39166259765625 265 173.4285736083984375 183.989013671875 247.0723419189453125 239.8056793212890625 346.05950927734375 377.392852783203125 493.25 436 453 367 372 370.5111083984375 285.316680908203125 165.149993896484375 63.41666412353515625 17.666666030883789062 nan nan nan nan nan nan 39 nan nan nan nan nan nan nan nan nan nan nan nan 33 36 nan nan nan
449.916656494140625 404.166656494140625 346.98333740234375 378.649993896484375 322.116668701171875 279.725006103515625 264.5433349609375 290.118316650390625 398.330841064453125 371.814178466796875 360.320831298828125 379.3802490234375 404.324737548828125 335.98138427734375 277.5556640625 286.8056640625 223.405670166015625 341.416656494140625 369 377 334 419 384.20001220703125 357.45001220703125 315.649993896484375 183.4499969482421875 82.9499969482421875 13.75 nan nan nan nan nan 39 78 39 nan nan nan nan nan nan nan nan nan nan 57 105 112 122 nan nan
414.850006103515625 444.725006103515625 444.683319091796875 337.07666015625 312.8416748046875 247.48333740234375 186.8766632080078125 184.9558258056640625 271.96417236328125 429.294158935546875 453.03607177734375 487.3177490234375 440.79522705078125 376.864715576171875 336.581390380859375 273.355682373046875 214.8166656494140625 110 210 172 255 258 291.5 286.0333251953125 257.7833251953125 161.4499969482421875 70.58333587646484375 25.833333969116210938 nan nan nan nan 39 78 78 78 39 nan nan nan nan nan nan nan nan 57 179 206 275 234 122 nan
404.42999267578125 495.3416748046875 463.18499755859375 399.17498779296875 300.068328857421875 200.8583221435546875 145.5333404541015625 191.693328857421875 270.9525146484375 335.13751220703125 486.702484130859375 444.7452392578125 412.928558349609375 417.438568115234375 364.23614501953125 274.17333984375 137.70001220703125 76.90000152587890625 22 83 71 108 161 181.5 143.0333404541015625 70.58333587646484375 25.833333969116210938 15.300000190734863281 41.5 nan 30.5 26.75 39 78 78 78 39 nan nan nan nan nan nan nan 24 121 259 403 391 297 165 86
437.404998779296875 458.056671142578125 518.66668701171875 466 326.558319091796875 197.7516632080078125 172.875 240.4300079345703125 306.023345947265625 363.592498779296875 371.25665283203125 373.40667724609375 376.105224609375 394.816680908203125 376.4666748046875 260.76666259765625 158.5666656494140625 34.90000152587890625 nan nan 8 29 71 55 36.5 25.833333969116210938 15.300000190734863281 71.8000030517578125 80.5 92.5 89.25 78.25 60.75 45 84 39 nan nan nan nan nan nan nan nan 61 175 329 395 449 357 201 41
444.2650146484375 515.41998291015625 540.0966796875 493.4083251953125 363.958343505859375 290.7650146484375 271 277.649993896484375 341.6966552734375 368.71331787109375 346.663330078125 314.286651611328125 324.376678466796875 338.822235107421875 341.49334716796875 313.2266845703125 178.0666656494140625 59.96666717529296875 nan 19 12 14 13 14 41 9.8000001907348632812 83.8000030517578125 122.5 183 216 204.25 191.25 156.25 85.75 51 6 nan nan nan nan nan nan nan 11 67 223 326 401 390.375 363.933319091796875 185 69
474.96331787109375 537.538330078125 550.181640625 488.491668701171875 434.3900146484375 363.899993896484375 321.20001220703125 313.4466552734375 345.399993896484375 317.963348388671875 300.16998291015625 317.5333251953125 261.448883056640625 309.982208251953125 350.8155517578125 303.73333740234375 163.9666748046875 75 45 66 47.363636016845703125 39.40000152587890625 44.75 81 101 84.5 121 213 258.75 316.116668701171875 340.70001220703125 317.25 254.75 161 95 30 49 nan nan nan nan nan nan 17 114 200 308 387.375 372.308319091796875 302.308319091796875 222.9333343505859375 189
467.58831787109375 558.60833740234375 571.25836181640625 533.16497802734375 463.649993896484375 387.79998779296875 343.67999267578125 342.249053955078125 326.40142822265625 358.170013427734375 308.816680908203125 284.35888671875 283.672210693359375 289.632232666015625 338.355560302734375 295.888885498046875 192.5 86 74 91.3636322021484375 120.76363372802734375 120.94220733642578125 158.149993896484375 176.75 212 212.5 224 266.25 332.116668701171875 351.95001220703125 403.416656494140625 386.5 323.5 276 208 179 120 91 41 nan nan nan nan 12 59 168 257.375 286.308319091796875 296.308319091796875 308.308319091796875 272.433319091796875 250.4333343505859375
552.88336181640625 564.35333251953125 588.8416748046875 536.79998779296875 487.535003662109375 415.029998779296875 362.8323974609375 319.570465087890625 421.390472412109375 450.54144287109375 384.26904296875 297.48333740234375 353.175567626953125 360.195556640625 336.24554443359375 333.633331298828125 234.8000030517578125 102.5 73.3636322021484375 123.76363372802734375 181.6088714599609375 190.94219970703125 205.94219970703125 291.316680908203125 332.75 407 294.5 289.666656494140625 322.95001220703125 330.583343505859375 367.75 403.166656494140625 405 364 344 334 299 227 216 41 nan nan nan 12 36 98 223 230.375 247.10833740234375 276.100006103515625 255.39166259765625 292.625
