ForecastVariables/BuildingHeight_Mean_100m/BuildingHeightMean_Random4.asc
ncols        529
nrows        344
xllcorner    2700.000000000000
yllcorner    15900.000000000000
cellsize     100.000000000000
NODATA_value  -99999
[rows 140 to 167 of 344, columns 192 to 255 of 529]
24 19 -99999 -99999 -99999 -99999 -99999 41 17 28 11.805555343627929688 25 18 8 33 21 14 35 72 46 16 20 21 31 18 15 -99999 -99999 -99999 -99999 -99999 -99999 -99999 -99999 -99999 -99999 -99999 -99999 -99999 -99999 -99999 -99999 -99999 -99999 -99999 -99999 -99999 -99999 -99999 -99999 -99999 -99999 -99999 -99999 -99999 -99999 -99999 -99999 -99999 -99999 -99999 -99999 -99999 -99999
43 25 -99999 -99999 -99999 23 23 40 31 8.5 8.888889312744140625 29 24 23 33 73 26 21 60 27 73 39 49 40 49 81 29 -99999 -99999 -99999 -99999 -99999 -99999 -99999 -99999 -99999 -99999 -99999 -99999 -99999 -99999 -99999 -99999 -99999 -99999 -99999 -99999 -99999 -99999 -99999 -99999 -99999 -99999 -99999 -99999 -99999 -99999 -99999 -99999 -99999 -99999 -99999 -99999 -99999
7 18 -99999 42 31 20 32 42 8.5 8.5 8.5 48 37 42 38 32 48 43 30 26 32 16 13 23 75 15 14 17 -99999 -99999 -99999 -99999 -99999 -99999 -99999 11 11 -99999 -99999 -99999 -99999 -99999 -99999 -99999 -99999 -99999 -99999 -99999 -99999 -99999 -99999 -99999 -99999 -99999 -99999 -99999 -99999 -99999 -99999 -99999 -99999 -99999 8 8.25
-99999 8 8.5 8.5 15 28 8.5 8.5 38 8.5 8.5 34 14 31 31 15 54 34 19 13 14 11 26 19 25 18 24 27 25 18 16 13 36 29 14 11 11 -99999 -99999 -99999 -99999 -99999 -99999 -99999 -99999 -99999 -99999 -99999 -99999 -99999 -99999 -99999 -99999 -99999 -99999 -99999 -99999 -99999 -99999 -99999 -99999 -99999 -99999 4
-99999 7.7826085090637207031 8.5 8.5 8.5 8.5 8.5 8.5 43 8.5 8.5 8.5 8.5 22 42 39 60 44 28 35 22 41 49 31 16 55 38 15 27 23 30 17 26 36 36 37 17 -99999 -99999 -99999 -99999 -99999 -99999 -99999 -99999 -99999 -99999 -99999 -99999 -99999 -99999 -99999 -99999 -99999 -99999 -99999 -99999 -99999 8.5 8.5 -99999 8.5 8.5 6.5
57.5 17.5 8.5 8.5 8.5 8.5 8.5 8.5 32 8.5 8.5 8.5 8.5 61 22 29 6 30 38 44 44 53 45 33 45 22 35 22 33 42 27 58 27 26 37 26 33 9 -99999 -99999 -99999 -99999 -99999 -99999 -99999 -99999 8.5 8.5 8.5 -99999 -99999 -99999 -99999 -99999 -99999 -99999 -99999 -99999 8.5 8.5 8.5 8.5 8.3500003814697265625 8.4375
37 31.666666030883789062 23.333333969116210938 10.34375 36 8.5 8.5 8.5 47 8.5 8.5 23 69 24 22 20 25 20 38 19 37 5 26 115 13 95 25 14 20 38 28 56 35 26 18 31 45 16 16 7 31 -99999 -99999 -99999 -99999 -99999 8.5 8.5 -99999 -99999 -99999 -99999 -99999 -99999 -99999 -99999 -99999 8.5 8.5 13.833333015441894531 11.666666984558105469 9.7777776718139648438 5.6428570747375488281 8.5
37 45 37.666667938232421875 21.666666030883789062 14 25 8.5 8.5 12 8.5 8.5 40 35 8.5 31 68 40 19 56 29 7 50 15 9 45 64 -99999 8.5 8.5 8.5 19 42 54 17 31 30 28 7 33 30 41 39 -99999 -99999 -99999 8.5 8.5 -99999 -99999 -99999 -99999 -99999 -99999 -99999 -99999 -99999 -99999 8.5 8.5 17.25 21.799999237060546875 15.6875 6.5625 8.5
-99999 17 27 28 28 44 18 8.5 8.5 8.5 8.5 8.5 36 8.5 24 20 24 29 31 55 53 44 55 17 8.5 9.25 10 8.5 8.5 9.8125 28 33 29 41 90 17 51 27 47 37 17 42 33 -99999 -99999 8.5 8.5 -99999 -99999 -99999 -99999 -99999 -99999 -99999 -99999 -99999 -99999 -99999 42 14 14.916666984558105469 10.5625 8.5 8.5
8.5 14.166666984558105469 11.699999809265136719 37.5 41 24 33 29 8.5 8.5 8.5 8.5 8.5 8.5 35 21 41 33 37 18 43 15 21 8.5 8.5 8.5 8.5 8.5 8.5 10.833333015441894531 23 14 8.5 20.833333969116210938 19 41 12 12 39 8 46 30 11 17 24 8.5 8.5 -99999 -99999 -99999 -99999 -99999 -99999 -99999 11 22 9 50 28 45 57 15 8.5 8.5
8.5 8.5 8.5 29 32 47 37 37 12.571428298950195312 8.5 8.5 8.5 8.5 8.5 36 22 44 38 6 43 9 21 84 8.5 8.5 8.5 8.5 8.5 8.5 10.5 9.75 8.5 8.5 21.600000381469726562 37 33 14 21 29 33 44 16 14 39 46 8.5 -99999 -99999 -99999 -99999 -99999 -99999 -99999 -99999 17 63 33 66 27 20 18 12 22 30
8.5 8.5 7.5833334922790527344 14 10 31.333333969116210938 32 37.5 38.5 38.666667938232421875 23.75 9.875 8.5 8.5 31 32 32 15 45 43 10 8 8.5 8.5 8.5 8.5 8.5 8.5 8.5 8.6750001907348632812 8.5 8.5 8.5 14.357142448425292969 28 46 67 36 41 39 25 9 5 28 20 22 10 -99999 -99999 -99999 -99999 -99999 -99999 39 37 42 66 8 27 31 28 44 17 48
8.5 8.5 8.5 13 13 28 31.5 36 37.666667938232421875 37.5555572509765625 24.428571701049804688 16.399999618530273438 35.666667938232421875 16.5 18 39 39 15 25 23 31 53 8.5 8.5 8.5 8.5 8.5 8.5 8.5 8.5 8.5 8.5 8.5 11.199999809265136719 12.625 21.333333969116210938 39 -99999 -99999 -99999 -99999 -99999 -99999 18 16 63 62 16 -99999 -99999 -99999 -99999 -99999 20 30 44 15 16 45 37 18 30 44 37
36 28 25 29 41 16.5 30 29 14 31.375 16.399999618530273438 16 23.166666030883789062 11.399999618530273438 8.4827585220336914062 8.5 28 26 32 14 4 18 8.5 9.1333332061767578125 11.444444656372070312 9 8.5 8.5 11.142857551574707031 10.8125 8.5 8.5 8.5 8.5 11.125 12 7 -99999 7 7 -99999 -99999 -99999 35 22 12 30 31 24 -99999 -99999 -99999 -99999 39 22 43 36 25 19 69 44 23 34 14
35 54 31 58 47 47 59 18 21 8.5 10 8.5 8.5 8.5 8.5 9 15.8125 15.363636016845703125 12.333333015441894531 11.899999618530273438 28 40 8.5 9.0277776718139648438 10.388889312744140625 11.357142448425292969 9.888889312744140625 11.166666984558105469 27 27 8.5 8.5 8.5 8.5 9.1999998092651367188 11.533333778381347656 11 8.6666669845581054688 7 7 -99999 -99999 40 33 41 16 34 22 23 -99999 -99999 52 19 55 13 14 16 14 23 32 73 72 21 14
24 10 20 43 32 26 49 60 8.5 8.5 8.5 8.5 8.5 8.5 8.5 8.5 9.25 11.115385055541992188 10.038461685180664062 11.5 8 -99999 7.6666665077209472656 8.5 8.5 12.666666984558105469 21 17.5 20.5 27 26.5 10.666666984558105469 8.5 8.9375 12 12 12.5 9.6666669845581054688 7 7 -99999 16.5 16 29 10 7 21 45 47 -99999 -99999 18 8 35 25 32 24 28 23 38 35 35 18 25
15 23 30 22 29 77 81 4 36 76 17 -99999 8.5 8.5 8.5 8.5 8.5 8.5 11.333333015441894531 11.142857551574707031 6.5 8.5 8.2727270126342773438 10.4375 9.1428575515747070312 10.333333015441894531 21 21 27 27.5 24 12.928571701049804688 8.5 8.5 9 12.666666984558105469 16.666666030883789062 16.25 7 7 8.5 8.5 8.5555553436279296875 8.5 8.5 8.5 8.5 -99999 -99999 -99999 -99999 -99999 37 39 35 32 28 14 31 18 17 30 16 45
17 47 19 17 20 40 33 30 46 35 44 79 10.949999809265136719 8.5 8.5 8.5 8.5 8.5 8.5 8.1428575515747070312 3.7999999523162841797 8.5 8.5 8.5 8.0454549789428710938 8.8125 10 -99999 -99999 -99999 -99999 9.5454549789428710938 8.5 8.5 10.03125 13 15.800000190734863281 22 21 7.25 8.5 8.5 8.5 8.5 8.5 8.5 25 32 39 41 88 20 29 32 34 34 33 35 12 27 24 37 28 19
29 33 20 65 22 70 7 11 11 46 32 9.3999996185302734375 10 10.6875 8.5 9.7692308425903320312 11.272727012634277344 8.5 8.5 8.0833330154418945312 8.0833330154418945312 8.5 8.5 8.5 8.5 9.875 13 -99999 -99999 -99999 8.5 8.5 8.5 8.5 11.34375 12 13.214285850524902344 19.714284896850585938 22.600000381469726562 10.166666984558105469 8.5 8.5 8.5 8.5 8.5 8.5 8.5 22 41 60 18 39 57 41 32 28 18 23 -99999 21 23 24 32 8
34 23 33 20 60 12 41 23 22 44 -99999 -99999 12 12 10.25 12.055555343627929688 11.666666984558105469 8.5 8.5 8.5 8.5 8.5 8.5 8.5 8.5 18.333333969116210938 14.166666984558105469 11 -99999 -99999 -99999 -99999 8.5 8.5 11.078947067260742188 12.636363983154296875 16.200000762939453125 25.799999237060546875 21.333333969116210938 8.5 8.5 8.5 8.5 8.5 8.5 8.5 8.5 8.5 8.5 8.5 8.5 20 26 46 19 -99999 29 22 28 69 54 26 38 34
7 42 18 8 6 10.89473724365234375 11.840909004211425781 22 16 19 50 21 20 26 18 12.166666984558105469 9.6071424484252929688 8.5 8.5 8.5 8.5 8.5 8.5 13.5 20.166666030883789062 24.333333969116210938 17.25 15.333333015441894531 13 17.333333969116210938 18 15 -99999 8.5 12 12.636363983154296875 22.5 21.166666030883789062 16.25 8.5 8.25 7.4285712242126464844 7.6666665077209472656 8.5 6.5 7.25 8.5 8.5 8.5 8.5 8.5 8.5 31 17 5 -99999 -99999 35 41 50 33 18 22 22
20 6 13 31 32 8.5 10.090909004211425781 20 61 23 24 52 30 6 40 24 8.5 8.5 8.5 8.5 8.5 8.5 8.5 11.875 17.666666030883789062 23.875 16.875 17.333333969116210938 17 15.666666984558105469 17.5 17.333333969116210938 19 10.333333015441894531 11.199999809265136719 14.399999618530273438 16 15.888889312744140625 14.75 8.5 8 6 6 8.5 8.6666669845581054688 7 8 8.5 8.5 8.5 8.5 9.8571424484252929688 9.875 31 5 26 26 87 26 31 10 18 23 22
26 37 27 97 31 8.5 8.5 8.5 8.5 8.5 27 26 39 18 17 19 10.6875 8.7058820724487304688 8.5 8.5 8.5 8.5 8.5 13.5 14.875 22 11.75 13.111110687255859375 12.818181991577148438 13.111110687255859375 11.600000381469726562 14.333333015441894531 10.458333015441894531 8.8000001907348632812 9.9444446563720703125 20.333333969116210938 11 17.5 17.5 8.8999996185302734375 8.2307691574096679688 5.8421053886413574219 6 8.5 8.5 8.5 8.5 8.5 8.5 8.5 8.5 9 12.142857551574707031 17 5 19 32 36 27 22 15 58 21 15
31 20 24 16 8.5 8.5 8.5 8.5 8.5 8.5 13 28 20 20 21 12 12 11.300000190734863281 8.9117650985717773438 8.5 8.5 8.5 8.5 12.954545021057128906 12.235294342041015625 12 12 12 12 12 12 11.350000381469726562 9.25 8.5 9.2941179275512695312 10.346154212951660156 14.600000381469726562 17.5 -99999 14 9.5 5.8000001907348632812 5.9499998092651367188 8.5 8.5 8.5 8.5 8.5 8.5 8.5 8.5 10.333333015441894531 11.100000381469726562 9.125 16.5 17 17 7 18 33 50 52 27 4
11 39 16 29 25 8.5 8.5 8.5 8.5 8.5 41 48 14 34 44 12 12 12 11.222222328186035156 9.7727270126342773438 8.5 8.5 8.5 10.384614944458007812 12 10.949999809265136719 9.25 8.5 9.59375 12 11.805555343627929688 9.052631378173828125 8.5 8.5 8.5 8.4411764144897460938 9.5882349014282226562 12.181818008422851562 -99999 15.5 10 5 -99999 4.4000000953674316406 5 -99999 8.5 8.5 8.5 17.958333969116210938 14.473684310913085938 14.75 16.5 8 5.5 11 14 28 54 41 47 51 22 44
71 30 11 21 37 32 8.5 8.5 8.5 8.5 25 60 46 46 12 12 12 12 12 10.90625 8.5 8.5 8.5 8.9375 9.8999996185302734375 8.888889312744140625 8.5 8.5 9.136363983154296875 10.384614944458007812 9.6666669845581054688 10.090909004211425781 17 11.083333015441894531 8.5 10.642857551574707031 11.222222328186035156 27.799999237060546875 14.6875 8.5 -99999 -99999 -99999 4.5 5 -99999 7 8.5 23.25 30 14 26 16.5 11.5 16.5 18 14 59 32 42 18 29 8.5 8.5
27.75 39.40000152587890625 21 51 17 37 -99999 8.5 8.5 15 9 27 8.5 8.5 10 9.8125 11.649999618530273438 12 51 7 8.5 8.5 8.5 8.5 8.5 8.5 8.5 8.5 8.5 8.5 8.5 9.4722223281860351562 13.833333015441894531 10.571428298950195312 9.6875 17.333333969116210938 10 8.5 8.5 8.5 5.5 -99999 -99999 5 7 5.5 -99999 8.1499996185302734375 12.846154212951660156 13.590909004211425781 25.299999237060546875 52.666667938232421875 -99999 15 16.5 18 43 14 31 22 8.5 8.5 9.2708330154418945312 9.2115383148193359375
38.59999847412109375 46.166667938232421875 23.333333969116210938 20 25 33 43 8.5 8.5 26 24 8.5 8.5 8.5 8.5 8.5 9.1999998092651367188 13.1875 19 19 23 8.5 8.5 8.5 8.5 8.5 8.5 8.5 8.5 8.5 8.5 8.5 8.5 12.488888740539550781 16 11.666666984558105469 8.5 8.5 8.5 8.5 8.5 5 19.166666030883789062 19.571428298950195312 12.5 -99999 -99999 10 8.5 8.5 13.227272987365722656 19.549999237060546875 15.75 10.375 18.5 21 15 28 65 19 8.5 8.5 12.033333778381347656 25.666666030883789062
