ForecastVariables/BuildingHeight_Mean_100m/BuildingHeightMean_Random1.asc
ncols        529
nrows        344
xllcorner    2700.000000000000
yllcorner    15900.000000000000
cellsize     100.000000000000
NODATA_value  -99999
[rows 168 to 195 of 344, columns 64 to 127 of 529]
11 12 10.181818008422851562 10.25 9.5 12.142857551574707031 11.25 11.333333015441894531 23.75 18.399999618530273438 11.399999618530273438 11.666666984558105469 14.666666984558105469 9.8000001907348632812 12.75 14 8.75 11.5 11.5 10 11 11 6 9 15 15 11 23.333333969116210938 55 33.5 13 10.714285850524902344 10 11.25 12.5 19 12 6 13 20 20 16 30 9 15 12 10.5 13.666666984558105469 14.428571701049804688 10.5 -99999 -99999 7.5 7.5 10.5 6.5 7 10 10 12 12 7.5 9 11
9.3999996185302734375 7 6.3333334922790527344 8.5 9.6000003814697265625 11.833333015441894531 10.800000190734863281 7 17 14.5 10.666666984558105469 10 8.75 9.5 9.5 11 13 10.5 7.5999999046325683594 11 10.666666984558105469 8.5 5.6666665077209472656 13 11 14 13.25 8 55 24.666666030883789062 22.25 10 9.75 12.5 12.600000381469726562 13.666666984558105469 9 13 11 20 20 -99999 -99999 12 20 4 16.5 16.5 19 15 -99999 -99999 28 9 10.5 7 -99999 10 30 43.333332061767578125 40 26 26 12.666666984558105469
8.3333330154418945312 7.6666665077209472656 7.1999998092651367188 7.75 9.2857141494750976562 8.5 7 9.5 8.6666669845581054688 10.333333015441894531 10.5 9.5 11.5 7.6666665077209472656 6.5 11.5 12.5 7 5.75 10.333333015441894531 11.846154212951660156 12 -99999 -99999 -99999 25 10.800000190734863281 5.3333334922790527344 5.5 10 9 8.6666669845581054688 5 15.5 15.333333015441894531 15 46 37 7 -99999 -99999 25 25 19 21 -99999 23 23 23 15 -99999 50 50 50 -99999 -99999 -99999 60 60 60 55 22.5 40 16
7.75 8.25 8.5714282989501953125 7.8000001907348632812 8 8 7.75 9 14.199999809265136719 13.333333015441894531 9 10.5 11 7.6666665077209472656 8 12 12 11 9.6666669845581054688 9.5 10.699999809265136719 11 -99999 -99999 10 10 8 9 9.6666669845581054688 11.333333015441894531 15 22 22 14 -99999 -99999 -99999 -99999 -99999 -99999 -99999 30 30 12 8 -99999 -99999 -99999 -99999 -99999 -99999 44.5 44.5 50 -99999 -99999 -99999 70 70 70 28.666666030883789062 5.25 6 7.5
7.75 14 18.666666030883789062 9 8.3999996185302734375 7 8 10.5 22.5 15.5 9.5 11 10.25 9.1999998092651367188 5 25 14 8.5 7.1999998092651367188 8 17 -99999 10 6.6666665077209472656 8 7.5 9.5 9 10.333333015441894531 11.333333015441894531 22 22 17.5 30.5 51 51 -99999 -99999 -99999 -99999 -99999 35 8 10 18 29 21 10 9.5 8 6 23.5 39 -99999 -99999 -99999 -99999 70 70 70 41 10 11.25 9.5
9.1666669845581054688 13.5 20.5 7.3333334922790527344 11.199999809265136719 12 20.75 19.5 8.5 10 10.5 11 9.8000001907348632812 8.6000003814697265625 11 22 16 11 10.666666984558105469 7.3333334922790527344 -99999 12 10 -99999 10 -99999 -99999 -99999 -99999 -99999 -99999 29 16 30.666666030883789062 51 51 58 58 -99999 -99999 -99999 -99999 5 11 35 29 13.75 10 11.333333015441894531 8.6666669845581054688 7.3333334922790527344 8 -99999 -99999 -99999 -99999 8 12 35 26 12 8 32 9.6666669845581054688
9.2857141494750976562 10 6.5 20.333333969116210938 29.5 50 50 28 9.3333330154418945312 14 12 9 8 7.1666665077209472656 29 14 6 8.5 12.600000381469726562 13.5 19 7.5 4 9 9 -99999 -99999 -99999 -99999 -99999 -99999 29 29 20.5 51 51 58 58 -99999 -99999 -99999 -99999 11 5 19 6 7.7777776718139648438 11 10.399999618530273438 11 10.5 14 -99999 -99999 -99999 -99999 40 13 7 18 15 8 58 60.5
10 10.800000190734863281 18.333333969116210938 29 50 50 50 50 11.5 14 14 7.5 7.5 9 4 15 8 7.3333334922790527344 9.4285717010498046875 11.5 -99999 -99999 6 -99999 -99999 -99999 -99999 -99999 -99999 -99999 -99999 29 29 -99999 51 25 35 58 58 -99999 9 3 10 9 21 6.4000000953674316406 7 12 12.5 13.75 12.800000190734863281 14.199999809265136719 4 4 -99999 -99999 22 18 19 6 17.5 12.75 58 40
9.75 10 8.3333330154418945312 7.5 8 11.5 18 18.5 18.5 18.5 7 7.5 26.5 28.5 24.5 44.333332061767578125 36.5 11.333333015441894531 7.5999999046325683594 7 -99999 -99999 -99999 -99999 -99999 -99999 -99999 -99999 -99999 -99999 -99999 -99999 13 15 26 9 28 58 58 37 13 8 25 32 20 9 10.5 -99999 13 13 7 8.6666669845581054688 6 13.25 22.5 23.5 19 6.5 -99999 9 11.25 6.5 58 10
8.3333330154418945312 10 11.666666984558105469 12.399999618530273438 8 9.5 18 11.600000381469726562 8.5 8.5 8.5 7.5 26.5 32.333332061767578125 43.799999237060546875 55.666667938232421875 60 12.5 11 -99999 -99999 -99999 -99999 -99999 -99999 -99999 -99999 -99999 -99999 -99999 -99999 -99999 8 13 31 19 7 38 58 37 15 3 25 -99999 -99999 9.5 9 -99999 13 13 7.5 6 6 9.5 15 11 8 6.5 -99999 -99999 8 6 11 20
10.75 11 13.5 15.333333015441894531 10 7.3333334922790527344 8 6.6666665077209472656 10 10 10 27 36 42.5 43.5 47 -99999 14 15 8 -99999 -99999 -99999 -99999 -99999 -99999 -99999 -99999 -99999 -99999 -99999 -99999 -99999 16 15 15 9 12 -99999 18 14 17 24 -99999 -99999 5.5 8 7 -99999 -99999 -99999 14 14 9.5 -99999 -99999 -99999 -99999 -99999 9 10 8.5 11 31
13.166666984558105469 7 9.5 11 11 8 8 7 8.5 13.5 14 14 14 10.5 10 -99999 -99999 7.3333334922790527344 10 -99999 -99999 5.5 10 13 -99999 -99999 -99999 -99999 -99999 -99999 -99999 -99999 -99999 6 17 56 19 27 7 12.333333015441894531 11.600000381469726562 17 11.25 7.5 -99999 7 20.5 19 19 14 14 14 14 -99999 -99999 7 7 6 6 7 8 10.333333015441894531 17 19
13 10.5 12.666666984558105469 15 15 8 10 9 8.5 11.666666984558105469 11.5 10.714285850524902344 12.666666984558105469 17.5 7.8000001907348632812 14 9 5.75 3 -99999 -99999 5 9.3333330154418945312 10.333333015441894531 -99999 -99999 -99999 -99999 -99999 -99999 -99999 -99999 -99999 19 20 21 8 13.5 12 12.25 10.666666984558105469 16.333333969116210938 15.5 13.666666984558105469 12.333333015441894531 10.600000381469726562 20.5 24 19 14 14 14 -99999 -99999 -99999 -99999 -99999 -99999 -99999 7 6.5 5 6 17
13 13 14 12.600000381469726562 11 8 8 -99999 11 -99999 13 10 15.5 21 12.333333015441894531 10.333333015441894531 9 19 16 13 -99999 -99999 13 13 -99999 -99999 -99999 -99999 -99999 -99999 -99999 -99999 26 24 16 -99999 9 -99999 9.5 10.666666984558105469 10.399999618530273438 10 16 15 9 11.5 17 -99999 -99999 -99999 -99999 -99999 -99999 -99999 -99999 -99999 -99999 -99999 -99999 -99999 6 6 15 15
16 15.5 13 11 10 8 -99999 -99999 -99999 -99999 16 17 13.5 9 7.6666665077209472656 6.6666665077209472656 8.5 16 16 13 -99999 -99999 9 9 -99999 -99999 -99999 -99999 -99999 -99999 -99999 -99999 35 12 -99999 17 11.600000381469726562 13 -99999 7 9.5 10.5 11.800000190734863281 15 8 11 11 -99999 -99999 -99999 -99999 -99999 -99999 -99999 -99999 -99999 -99999 -99999 -99999 -99999 -99999 -99999 6 7
20.333333969116210938 12 -99999 11 9.5 8 -99999 -99999 -99999 -99999 15 21.666666030883789062 16.25 8.6666669845581054688 6 7 10.333333015441894531 11.25 13.5 16 -99999 -99999 13 13 -99999 -99999 -99999 -99999 -99999 -99999 -99999 11 11 12 10 9.6666669845581054688 8.75 8.5 -99999 6.6666665077209472656 9.6666669845581054688 12.166666984558105469 13.25 12.333333015441894531 8.6666669845581054688 15 12 -99999 -99999 -99999 -99999 -99999 -99999 -99999 -99999 -99999 -99999 -99999 -99999 -99999 -99999 -99999 -99999 7.5
15.666666984558105469 7.25 6.5 7 12 13 -99999 -99999 -99999 -99999 15 21 16.333333969116210938 8 11 9 8.3333330154418945312 11.428571701049804688 19 21 -99999 -99999 13 18 5 23 27 -99999 -99999 6 28 29 12.5 14 10 10 9 24 12.5 -99999 -99999 13 15.5 9.3999996185302734375 13.5 23 10 10.333333015441894531 -99999 -99999 -99999 -99999 -99999 -99999 -99999 -99999 -99999 -99999 -99999 -99999 -99999 -99999 -99999 7
24.5 6.6666665077209472656 6 9 12 13 -99999 -99999 -99999 -99999 -99999 -99999 -99999 -99999 10.666666984558105469 9.75 12 15.333333015441894531 19 21 -99999 -99999 -99999 13.5 -99999 12 2 6 6 8 4 14 14 14 -99999 6 7 11.5 13.333333015441894531 7 -99999 -99999 -99999 9.3333330154418945312 9.5714282989501953125 8 10.5 10.333333015441894531 -99999 -99999 -99999 -99999 -99999 -99999 -99999 -99999 -99999 -99999 -99999 -99999 -99999 -99999 -99999 -99999
9 6 7 11 15 11 -99999 -99999 -99999 -99999 -99999 -99999 -99999 -99999 9 7.6666665077209472656 8.3333330154418945312 12 33.5 48 -99999 -99999 15 14 -99999 15 10 7.6666665077209472656 9 -99999 -99999 -99999 -99999 -99999 -99999 -99999 9 11 19.5 15.5 -99999 -99999 -99999 7 10 11.5 -99999 -99999 -99999 -99999 -99999 -99999 -99999 -99999 -99999 -99999 -99999 -99999 -99999 8 52.666667938232421875 -99999 -99999 -99999
9.6666669845581054688 9.1999998092651367188 7 11.666666984558105469 13.5 13.5 -99999 -99999 -99999 -99999 -99999 -99999 -99999 17 17 8 10.5 13 32.5 24.333333969116210938 -99999 -99999 15 14.333333015441894531 -99999 -99999 14.5 14.5 10 -99999 -99999 -99999 -99999 -99999 -99999 -99999 10 10 17 17 -99999 -99999 -99999 -99999 -99999 -99999 -99999 -99999 -99999 -99999 -99999 -99999 -99999 -99999 -99999 -99999 -99999 -99999 -99999 8 58.833332061767578125 48.59999847412109375 -99999 -99999
9 12.5 10 -99999 11 11 -99999 -99999 -99999 -99999 -99999 -99999 -99999 17 17 -99999 -99999 -99999 14.199999809265136719 12 -99999 -99999 15 13.666666984558105469 13 13.333333015441894531 13.333333015441894531 5 -99999 -99999 -99999 -99999 -99999 -99999 -99999 -99999 -99999 -99999 -99999 -99999 -99999 -99999 -99999 -99999 -99999 -99999 -99999 -99999 -99999 -99999 -99999 -99999 -99999 -99999 -99999 -99999 -99999 -99999 -99999 8 34.75 34.666667938232421875 48.333332061767578125 7
10 10 -99999 14 12 9 12.5 16 -99999 -99999 -99999 -99999 -99999 17 17 -99999 -99999 -99999 12 -99999 -99999 -99999 -99999 -99999 -99999 21 15.666666984558105469 5 -99999 -99999 -99999 -99999 -99999 -99999 -99999 -99999 -99999 -99999 -99999 -99999 -99999 -99999 -99999 -99999 -99999 -99999 -99999 -99999 -99999 -99999 -99999 -99999 -99999 -99999 -99999 -99999 -99999 -99999 -99999 -99999 7 7 7 7
-99999 8 9.3999996185302734375 14.333333015441894531 15 12.5 12 9.6666669845581054688 15 -99999 -99999 -99999 -99999 -99999 -99999 -99999 -99999 -99999 -99999 15 -99999 -99999 -99999 -99999 -99999 -99999 -99999 -99999 -99999 -99999 -99999 -99999 -99999 -99999 -99999 -99999 -99999 -99999 -99999 -99999 -99999 -99999 -99999 -99999 -99999 -99999 -99999 -99999 -99999 -99999 -99999 -99999 -99999 -99999 -99999 -99999 -99999 -99999 -99999 -99999 -99999 -99999 -99999 -99999
-99999 10 10.333333015441894531 15 13.5 19 9.3333330154418945312 10.800000190734863281 15 -99999 -99999 -99999 -99999 -99999 -99999 -99999 -99999 -99999 -99999 -99999 -99999 -99999 -99999 -99999 -99999 -99999 -99999 -99999 -99999 -99999 -99999 -99999 -99999 -99999 -99999 -99999 -99999 -99999 -99999 -99999 -99999 -99999 -99999 -99999 -99999 -99999 -99999 -99999 -99999 -99999 -99999 -99999 -99999 -99999 -99999 -99999 -99999 -99999 -99999 -99999 -99999 -99999 -99999 -99999
-99999 -99999 6 -99999 19 19.333333969116210938 11.5 13.166666984558105469 15 14.666666984558105469 -99999 -99999 -99999 -99999 -99999 -99999 -99999 -99999 -99999 -99999 -99999 -99999 -99999 -99999 -99999 -99999 -99999 -99999 -99999 -99999 -99999 -99999 -99999 -99999 -99999 -99999 -99999 -99999 -99999 -99999 -99999 -99999 -99999 -99999 -99999 -99999 -99999 -99999 -99999 -99999 -99999 -99999 -99999 -99999 -99999 -99999 -99999 -99999 -99999 -99999 -99999 -99999 -99999 -99999
-99999 -99999 -99999 14 12 16.666666030883789062 11.5 5.5 10.75 13 14 -99999 -99999 -99999 -99999 -99999 -99999 -99999 -99999 -99999 -99999 -99999 -99999 -99999 -99999 -99999 -99999 -99999 -99999 -99999 -99999 -99999 -99999 -99999 -99999 -99999 -99999 -99999 -99999 -99999 -99999 -99999 -99999 -99999 -99999 -99999 -99999 -99999 -99999 -99999 -99999 -99999 -99999 -99999 -99999 -99999 -99999 -99999 -99999 -99999 -99999 -99999 -99999 -99999
-99999 -99999 15 12.666666984558105469 11.800000190734863281 19.200000762939453125 18.285715103149414062 8.5 6.1999998092651367188 9.1666669845581054688 10 -99999 -99999 -99999 -99999 -99999 -99999 -99999 -99999 -99999 -99999 -99999 -99999 -99999 -99999 -99999 -99999 -99999 -99999 -99999 -99999 -99999 -99999 -99999 -99999 -99999 -99999 -99999 -99999 -99999 -99999 -99999 -99999 -99999 -99999 -99999 -99999 -99999 -99999 -99999 -99999 -99999 -99999 -99999 -99999 -99999 -99999 -99999 -99999 -99999 -99999 -99999 -99999 -99999
-99999 -99999 -99999 12.5 9.6000003814697265625 18 22 14 10.800000190734863281 11.666666984558105469 12.666666984558105469 -99999 -99999 -99999 -99999 -99999 -99999 -99999 -99999 -99999 -99999 -99999 -99999 -99999 -99999 -99999 -99999 -99999 -99999 -99999 -99999 -99999 -99999 -99999 -99999 -99999 -99999 -99999 -99999 -99999 -99999 -99999 -99999 -99999 -99999 -99999 -99999 -99999 -99999 -99999 -99999 -99999 -99999 -99999 -99999 -99999 -99999 -99999 -99999 -99999 -99999 -99999 -99999 -99999
