ForecastVariables/BuildingHeight_Mean_100m/BuildingHeightMean_Random1.asc
ncols        529
nrows        344
xllcorner    2700.000000000000
yllcorner    15900.000000000000
cellsize     100.000000000000
NODATA_value  -99999
[rows 84 to 111 of 344, columns 256 to 319 of 529]
-99999 -99999 -99999 -99999 -99999 -99999 -99999 -99999 -99999 -99999 -99999 -99999 -99999 -99999 -99999 -99999 -99999 -99999 -99999 -99999 -99999 -99999 -99999 -99999 8 11 17 7 7 9 14 35 24 9 9 15 19 16 15 35 22 74.09999847412109375 51.700000762939453125 60.0800018310546875 51.700000762939453125 51.233333587646484375 48.340000152587890625 31.166666030883789062 88 76 70 -99999 -99999 -99999 -99999 48.90000152587890625 48.90000152587890625 46.09999847412109375 39.09999847412109375 19.666666030883789062 26.024999618530273438 46.09999847412109375 40.5 -99999
-99999 -99999 -99999 -99999 -99999 -99999 -99999 -99999 -99999 -99999 -99999 -99999 -99999 -99999 -99999 -99999 -99999 -99999 -99999 -99999 -99999 -99999 -99999 -99999 4 17 13 20 13 14 5 14 18.5 12 19.5 5 26 38 27 9 27 60.09999847412109375 48.4333343505859375 43.700000762939453125 41.3142852783203125 54.46666717529296875 53.09999847412109375 51.233333587646484375 -99999 70 70 -99999 30 35 -99999 33.5 42.18000030517578125 46.09999847412109375 37.700000762939453125 38.375 15.412500381469726562 30.700000762939453125 34.340000152587890625 -99999
-99999 -99999 -99999 -99999 -99999 -99999 -99999 -99999 -99999 -99999 -99999 -99999 -99999 -99999 -99999 -99999 -99999 -99999 -99999 -99999 -99999 -99999 -99999 -99999 10 5 17 19 17 13 40 7 4 28 14 14.5 27 40 33 22 29 57.299999237060546875 12.050000190734863281 40.97499847412109375 52.424999237060546875 56.75714111328125 50.299999237060546875 57.299999237060546875 73.66666412353515625 70.8000030517578125 -99999 12 35 41 38 15 23.799999237060546875 39.09999847412109375 46.09999847412109375 36.28333282470703125 25.28333282470703125 39.09999847412109375 36.09999847412109375 37
21.333333969116210938 22 -99999 -99999 -99999 -99999 -99999 -99999 -99999 -99999 -99999 -99999 -99999 10 21 21 12 12 12 46 -99999 -99999 -99999 -99999 -99999 15 22 14 9 15 9 16 20 13 15 5.5 8 65 39 38.5 15 71.3000030517578125 40.96666717529296875 34.159999847412109375 29.600000381469726562 21 17 45.166667938232421875 50.700000762939453125 54.5 62.90000152587890625 18 53 55 20 25 20.549999237060546875 40.5 46.09999847412109375 39.939998626708984375 25.133333206176757812 25.766666412353515625 39.97142791748046875 24.649999618530273438
40.799999237060546875 14.9375 12 12 -99999 -99999 -99999 -99999 -99999 -99999 -99999 31 28 17.5 18.666666030883789062 26 91 12 24 35 52 14 26 12 -99999 34 15 24 31 30 29 28 20 14 10 13 16 22 22 27 8 76.90000152587890625 60.09999847412109375 37.700000762939453125 28 25 13 18 50.299999237060546875 51.700000762939453125 61.5 -99999 -99999 51.700000762939453125 39.66249847412109375 43.583332061767578125 15 30.875 31.54000091552734375 44.4199981689453125 37.700000762939453125 33.514286041259765625 43.299999237060546875 32.733333587646484375
24.333333969116210938 14.846154212951660156 12 12 12 -99999 -99999 -99999 -99999 -99999 18 25.5 31 24 32 40 19 12 14 31 20 12 40 15.333333015441894531 17 19 11.125 22 14 6 17 20.5 18 11 8 8 22 7 42 19 -99999 17 17 15.5 56.59999847412109375 50.299999237060546875 33 33 62.90000152587890625 60.09999847412109375 -99999 -99999 -99999 -99999 40.5 36.5800018310546875 30.350000381469726562 34.479999542236328125 31.54000091552734375 34.46666717529296875 31.840000152587890625 26.5 36.299999237060546875 32.09999847412109375
12 12 12 12 12 12 -99999 -99999 24 16 16 13 18 9 32 30 22 38 20 38 22 12 12 12.727272987365722656 15 14.166666984558105469 8.9722223281860351562 8.5 8.5 8.5 8.5 21 16 22 24 22 27 31 34 41 -99999 55.25 47.59999847412109375 35.03333282470703125 61.5 50.299999237060546875 48.90000152587890625 48.90000152587890625 63.333332061767578125 60.09999847412109375 -99999 -99999 -99999 -99999 -99999 32.09999847412109375 39.799999237060546875 39.939998626708984375 46.09999847412109375 14 14 31.840000152587890625 34.90000152587890625 32.09999847412109375
12 12 12 12 12 12 30 29 30 18.333333969116210938 8.4285717010498046875 58 9 14 20 20 11 23.600000381469726562 18.200000762939453125 27 12.909090995788574219 12 12 12 12 9.25 8.5 8.5 8.5 8.5 8.5 8.5 8.5 8.5 7 25 22.5 36 63 34 15.300000190734863281 59.049999237060546875 48.09999847412109375 59.40000152587890625 41.90000152587890625 12.071428298950195312 12.75 15 38.25 37.549999237060546875 -99999 11 36 -99999 -99999 -99999 -99999 38.40000152587890625 46.09999847412109375 31.114286422729492188 35.97499847412109375 32.09999847412109375 25.799999237060546875 41.700000762939453125
12 12 12 12 12 12 8 13 21 23.799999237060546875 9.7142858505249023438 13 10 12 15.5 23 17 20.666666030883789062 15 23.5 15.333333015441894531 12 12 12 12 8.5 8.5 8.5 8.5 8.5 8.5 8.5 8.5 8.5 8.5 8.5 10.928571701049804688 20.333333969116210938 22 44 9.3500003814697265625 15.300000190734863281 21.260000228881835938 12 12 12 12.1875 15 12.5 9.3999996185302734375 23.700000762939453125 41 15 11 -99999 -99999 -99999 -99999 46.09999847412109375 37.700000762939453125 38.633335113525390625 36.299999237060546875 33.6399993896484375 46.450000762939453125
13 12 12 12 16.125 25.75 14 19 26 27.5 23 -99999 7.5 8.3333330154418945312 10 14 -99999 -99999 -99999 -99999 -99999 12 12 12 12 8.5 8.5 8.5 8.5 8.5 8.5 8.5 8.5 8.5 8.5 8.5 11.136363983154296875 22.666666030883789062 10.649999618530273438 8.5 8.5 8.5 11.078947067260742188 12 12 12 12 12.75 12.047618865966796875 9.3999996185302734375 38.633335113525390625 42.366664886474609375 20 15 28 19 -99999 -99999 -99999 42 35 22 40.016666412353515625 36.733333587646484375
26 12 12 38.40000152587890625 53.25 44.333332061767578125 50 16 15 20 26 -99999 8 9 14.5 -99999 -99999 -99999 -99999 -99999 -99999 -99999 12 12 12 10.875 10.882978439331054688 11.243243217468261719 10.600000381469726562 10.600000381469726562 9.4130430221557617188 8.5 8.5 8.5 8.5 8.5 8.5 10.884614944458007812 9.6481485366821289062 8.5 8.5 8.5 8.5 10.074999809265136719 12 12 12 12 12 37.666667938232421875 39.77500152587890625 46.09999847412109375 46.47142791748046875 25 24 22 35 17 -99999 19 33 23.5 40.488887786865234375 36.97499847412109375
11 12 17.666666030883789062 37.71428680419921875 43.428569793701171875 29.333333969116210938 46.75 14 31 25 15.333333015441894531 19.666666030883789062 23 21 22.5 -99999 -99999 -99999 -99999 -99999 -99999 -99999 -99999 -99999 -99999 12 12 12 12 12 12 10.90625 10.25 9.6666669845581054688 8.5 8.5 8.5 8.5 8.5 8.5 8.5 8.5 8.5 8.5 10.090909004211425781 12 12 7.0999999046325683594 14.112500190734863281 37.119998931884765625 46.77500152587890625 47.75 46.619998931884765625 23 12 17 25 23 6 20 22 5 27 32
31 91 33.333332061767578125 14.600000381469726562 17.5 21.5 15 23.5 24.5 32 12 11 18 17 18 20 -99999 -99999 -99999 -99999 -99999 -99999 -99999 -99999 -99999 12 12 12 12 12 12 12 12 12 12 11.611110687255859375 8.5 8.5 8.5 8.5 8.5 8.5 8.5 8.5 8.5 9.6666669845581054688 9.375 23 8 35 46.09999847412109375 46.09999847412109375 39.733333587646484375 27 27 -99999 34 32 19 17 41 70 31 12
41 18 18 16.5 34.90000152587890625 34.90000152587890625 24 14.833333015441894531 44 10 10 11 -99999 -99999 19 19.666666030883789062 -99999 -99999 25 18 24 -99999 -99999 -99999 -99999 53 28 12 12 12 71 7 12 12 12 11.416666984558105469 20 29 30 8.5 8.5 8.5 8.5 8.5 8.5 8.1428575515747070312 18 11 12 14 46.09999847412109375 33 27 27 27 21.333333969116210938 25 13 29 22 6 14 85 18
16.75 12.850000381469726562 12.279999732971191406 34.90000152587890625 35.833332061767578125 29.424999237060546875 23.760000228881835938 14.600000381469726562 23 28 36 9.5 10 19 21.666666030883789062 14 43 23 6 49 28 30 -99999 -99999 -99999 24 8 12 12 12 42 26 12 12 12 12 12 34 24 29 16 15 20 28 11 8.5 14 28.5 29.5 38.75 40 26 27 27 27 21.333333969116210938 18.5 -99999 27 18 2 51.674999237060546875 11 63
13.772222518920898438 12.125 12 16.28333282470703125 24.633333206176757812 17.433332443237304688 22.700000762939453125 36.299999237060546875 37.700000762939453125 10 10 15 15 23 18.5 17.75 12 23 22 31 13 13 -99999 -99999 -99999 20 25.5 43 70 60 9 32 12 12 12 46 12 14 17 10 15 22 29 18 32 26 20 25.5 29 24.633333206176757812 35 18 27 38 24 21.666666030883789062 12 34.90000152587890625 29.299999237060546875 28.366666793823242188 42.866664886474609375 54.875 53 43
21.159999847412109375 12 17.1399993896484375 34.90000152587890625 8.3000001907348632812 10.524999618530273438 25.1399993896484375 36.020000457763671875 37.700000762939453125 -99999 40 30 16.5 25 18.333333969116210938 22 28 54 31 38 42 40 -99999 -99999 -99999 13 22 48.5 17 8 12 -99999 12 12 12 37 33 18 12 12 12 15 28 39 10 27 43.75 39.759998321533203125 35.366664886474609375 39.380001068115234375 39 44 37 21 19.5 24 52 32.96666717529296875 27.700000762939453125 26.587499618530273438 32.09999847412109375 56 -99999 58
27.424999237060546875 33.96666717529296875 32.09999847412109375 32.09999847412109375 27.200000762939453125 25.733333587646484375 24.585714340209960938 31.200000762939453125 37.700000762939453125 22.350000381469726562 16.22222137451171875 13.571428298950195312 13 24.5 17 19.666666030883789062 32 17 16 18 35 49 33.5 36.666667938232421875 -99999 33 36 26.5 45 39 12 12 12 12 12 29 23 25 12 12 12 -99999 -99999 -99999 -99999 56.15000152587890625 42.22499847412109375 46.799999237060546875 44.700000762939453125 43.299999237060546875 47 35 71 19 43.299999237060546875 43.299999237060546875 25.799999237060546875 17.159999847412109375 26.219999313354492188 31.600000381469726562 26.5 38.625 45.46666717529296875 36.299999237060546875
22.399999618530273438 34.90000152587890625 31.399999618530273438 30.979999542236328125 32.09999847412109375 16 18.5 28.100000381469726562 37.700000762939453125 37.700000762939453125 13.600000381469726562 10.800000190734863281 -99999 28.5 22 25.5 18 50 21 49 19 14 36.833332061767578125 40.25 -99999 55 33 34 27.5 16 -99999 -99999 22 22 26.5 31 31 36 36 36 33 19.5 6 56 56 46.09999847412109375 37 43.299999237060546875 33.5 19.924999237060546875 16 28.375 32.380001068115234375 37 31.899999618530273438 33.380001068115234375 45.720001220703125 36.799999237060546875 40.5 49.375 36.766666412353515625 34.5 33.5 34.46666717529296875
22.850000381469726562 26.46666717529296875 32.799999237060546875 28.366666793823242188 37.700000762939453125 30.46666717529296875 16 60.09999847412109375 32.84999847412109375 37.700000762939453125 10 9.5 -99999 33 32.25 29.399999618530273438 59 36 45 36 22 81 36.28571319580078125 36.40000152587890625 -99999 30 37 -99999 -99999 -99999 23 22.5 26.666666030883789062 25.75 26.5 25.666666030883789062 28 35 40 37.666667938232421875 33 19.5 25.5 56.5 56 46.09999847412109375 30.420000076293945312 43.299999237060546875 36.40000152587890625 25.200000762939453125 13.666666984558105469 18 27.399999618530273438 38.40000152587890625 18 16.649999618530273438 36.766666412353515625 47.95999908447265625 47.333332061767578125 40.5 34.90000152587890625 27.899999618530273438 24.81999969482421875 32.47499847412109375
26.766666412353515625 23.674999237060546875 26.5 26.5 34.90000152587890625 34.90000152587890625 34.90000152587890625 32.59999847412109375 24 -99999 -99999 62.5 62.666667938232421875 -99999 30 17.333333969116210938 43 40 18 6 87 37 39 40 -99999 -99999 6 7 7 -99999 -99999 28.25 28 17.799999237060546875 10.199999809265136719 20 25 33.333332061767578125 37.5 35.333332061767578125 28.5 22.666666030883789062 37.200000762939453125 40.333332061767578125 30.5 -99999 40.03333282470703125 38.228572845458984375 43.299999237060546875 36.4333343505859375 36.5800018310546875 49.049999237060546875 34.700000762939453125 38.075000762939453125 28.600000381469726562 28.600000381469726562 24.399999618530273438 28.366666793823242188 39.799999237060546875 36.119998931884765625 21.53333282470703125 32.09999847412109375 33.5 34.90000152587890625
31.31999969482421875 34.200000762939453125 33.5 22.299999237060546875 25.566667556762695312 33.5 -99999 28 -99999 -99999 -99999 40.333332061767578125 48 34.90000152587890625 34.90000152587890625 33.5 21 21 24 16 20 46 25.950000762939453125 17 17 -99999 7 7 7 -99999 -99999 34.5 36.333332061767578125 26.666666030883789062 14 23.333333969116210938 10.666666984558105469 22.333333969116210938 31 26 27.5 32.5 34.5 36.5 40 40 39.380001068115234375 37.1399993896484375 48 36.4333343505859375 37.700000762939453125 39.1857147216796875 41.049999237060546875 32.34999847412109375 27.433332443237304688 31.166666030883789062 28.3600006103515625 35.366664886474609375 43.95999908447265625 27.899999618530273438 26.5 24.280000686645507812 37.700000762939453125 32.09999847412109375
33.5 25.799999237060546875 32.09999847412109375 9.2250003814697265625 19.03333282470703125 -99999 -99999 -99999 -99999 -99999 12 -99999 -99999 33.5 33.5 34.90000152587890625 30.266666412353515625 21 34.90000152587890625 33.5 45.166667938232421875 31.166666030883789062 30.424999237060546875 17 25.950000762939453125 34.90000152587890625 6.6666665077209472656 6.75 7 -99999 31 24.333333969116210938 31.5 24 17.5 33.5 36 30.100000381469726562 40 37.759998321533203125 29.299999237060546875 24.133333206176757812 24.133333206176757812 30.700000762939453125 41.875 36.09999847412109375 49.366664886474609375 30.975000381469726562 32.09999847412109375 36.27500152587890625 46.0666656494140625 34.18000030517578125 38.950000762939453125 37.700000762939453125 33.450000762939453125 18.100000381469726562 25.566667556762695312 47.96666717529296875 13.957142829895019531 10.5 30.700000762939453125 27.3600006103515625 14 36.766666412353515625
30.233333587646484375 23.700000762939453125 10.520000457763671875 10.607142448425292969 11.581818580627441406 12 -99999 -99999 -99999 -99999 30.700000762939453125 30.700000762939453125 -99999 30.700000762939453125 29.299999237060546875 32.799999237060546875 39.40000152587890625 46.15000152587890625 34.90000152587890625 34.90000152587890625 21.174999237060546875 15.850000381469726562 32.09999847412109375 34.90000152587890625 40.5 41.325000762939453125 7 7 7.4000000953674316406 7.5 18.75 14.199999809265136719 23.25 14 15 25 21 25.649999618530273438 34.90000152587890625 28.239999771118164062 25.45999908447265625 34.27500152587890625 28.81999969482421875 23.566667556762695312 30.633333206176757812 29.3600006103515625 39.333332061767578125 30.159999847412109375 32.09999847412109375 37.700000762939453125 35.59999847412109375 33.220001220703125 30.420000076293945312 27.433332443237304688 22.559999465942382812 12.5 12.5 23.700000762939453125 17.100000381469726562 17 30 26.799999237060546875 25.850000381469726562 26.5
33.03333282470703125 12.25 12.02941131591796875 12 12 12 -99999 -99999 -99999 -99999 9.6999998092651367188 6.9000000953674316406 39.25 15.449999809265136719 30.700000762939453125 32.09999847412109375 46.659999847412109375 40.5 35.833332061767578125 18.659999847412109375 6.9000000953674316406 7.8333334922790527344 34.200000762939453125 35.45999908447265625 29.424999237060546875 14 7.5 7.2857141494750976562 7.2857141494750976562 7.1999998092651367188 9.25 15 13.25 12.833333015441894531 11 13 23 21.825000762939453125 36.825000762939453125 25.100000381469726562 35.59999847412109375 32.799999237060546875 24 35.520000457763671875 42.833332061767578125 16.5 6.5 20.5 19 40.5 27.059999465942382812 29.075000762939453125 24.950000762939453125 23.233333587646484375 17.399999618530273438 12.5 25.566667556762695312 27.059999465942382812 21.239999771118164062 19.225000381469726562 18.133333206176757812 47 27 21
34.90000152587890625 30.700000762939453125 16.892307281494140625 13.272222518920898438 12 12 22.299999237060546875 25.566667556762695312 32.09999847412109375 -99999 12.5 7.5999999046325683594 10.460000038146972656 13.449999809265136719 14.225000381469726562 40.53333282470703125 63.59999847412109375 15.649999618530273438 47.674999237060546875 53.380001068115234375 25.100000381469726562 24.399999618530273438 23.700000762939453125 46.47499847412109375 25.725000381469726562 15 15 7 6.625 7 7.8333334922790527344 14.800000190734863281 16 21 22.666666030883789062 30 34 25.266666412353515625 36.299999237060546875 39.5666656494140625 26.024999618530273438 29.916666030883789062 27.975000381469726562 31.780000686645507812 35.59999847412109375 15.574999809265136719 11 13.699999809265136719 21 29.149999618530273438 27.620000839233398438 25.816667556762695312 20 29.616666793823242188 29.299999237060546875 24.399999618530273438 31.166666030883789062 36.299999237060546875 24.399999618530273438 31.54000091552734375 95 18 7 9
34.90000152587890625 33.5 34.90000152587890625 34.90000152587890625 12.673529624938964844 13.404000282287597656 16.979999542236328125 22.100000381469726562 32.09999847412109375 33.03333282470703125 34.200000762939453125 24.5 13.577777862548828125 20.933332443237304688 7 7 -99999 53.450000762939453125 53.939998626708984375 62.340000152587890625 62.90000152587890625 40.5 29.299999237060546875 27.433332443237304688 37.700000762939453125 30.133333206176757812 37.700000762939453125 7 7 7 7 9.6666669845581054688 12.5 10 14.833333015441894531 18 12.774999618530273438 26.5 25.100000381469726562 19.5 33.96666717529296875 34.90000152587890625 23.159999847412109375 27.116666793823242188 29.299999237060546875 16 14.333333015441894531 19.440000534057617188 28.719999313354492188 33.016666412353515625 26.840000152587890625 23.5 20 28.600000381469726562 23.6399993896484375 20.840000152587890625 32.09999847412109375 27.975000381469726562 28.46666717529296875 39.09999847412109375 14 42 62 10.5
28.825000762939453125 34.90000152587890625 19.700000762939453125 34.90000152587890625 14.862500190734863281 12.508571624755859375 20.899999618530273438 28.739999771118164062 32.09999847412109375 33.96666717529296875 33.28333282470703125 25.68000030517578125 12.212499618530273438 60.450000762939453125 63.5 13 -99999 34.90000152587890625 34.90000152587890625 34.90000152587890625 34.90000152587890625 34.90000152587890625 25.566667556762695312 22.299999237060546875 37.700000762939453125 37.700000762939453125 37.700000762939453125 -99999 6.3333334922790527344 8.3333330154418945312 9.8333330154418945312 8.1499996185302734375 8.5 -99999 8.5 9.4499998092651367188 20 33.27500152587890625 29.700000762939453125 21.760000228881835938 7.2750000953674316406 10.199999809265136719 27.75 23.700000762939453125 29.299999237060546875 16 12 28.016666412353515625 28.600000381469726562 31.399999618530273438 25.383333206176757812 24.600000381469726562 23.700000762939453125 32.799999237060546875 28.68000030517578125 16.625 15.25 11.125 9.3333330154418945312 37.439998626708984375 21 26 23 15
