ForecastVariables/BuildingHeight_Mean_100m/BuildingHeightMean_Random2.asc
ncols        529
nrows        344
xllcorner    2700.000000000000
yllcorner    15900.000000000000
cellsize     100.000000000000
NODATA_value  -99999
[rows 112 to 139 of 344, columns 256 to 319 of 529]
11.75 34.90000152587890625 23.200000762939453125 16 16 29.299999237060546875 32.09999847412109375 25.920000076293945312 30.700000762939453125 32.09999847412109375 58.233333587646484375 46.659999847412109375 12.366666793823242188 13.975000381469726562 23 13 34.90000152587890625 34.90000152587890625 47.03333282470703125 34.90000152587890625 34.90000152587890625 23 19.03333282470703125 -99999 37.700000762939453125 37.700000762939453125 37.700000762939453125 -99999 11 8.75 8.5 8.5 8.5 7.4000000953674316406 8.5 8.5 20 33.27500152587890625 37 24.237499237060546875 11.100000381469726562 6.8874998092651367188 11.725000381469726562 11.350000381469726562 13 24 24.666666030883789062 28.299999237060546875 26.75 30.700000762939453125 25.75 36.299999237060546875 30 26.516666412353515625 25.940000534057617188 12.5 4 9.7142858505249023438 12.090909004211425781 13.841666221618652344 10 38 32 38
16 34.90000152587890625 34.90000152587890625 20 18.666666030883789062 29.299999237060546875 24.649999618530273438 21.579999923706054688 21.579999923706054688 20.866666793823242188 29.299999237060546875 34.90000152587890625 34.90000152587890625 34.90000152587890625 34.90000152587890625 34.90000152587890625 26.5 34.90000152587890625 71.3000030517578125 47.03333282470703125 34.90000152587890625 18.100000381469726562 10.399999618530273438 58.700000762939453125 76.90000152587890625 96.5 -99999 -99999 7.875 8.0249996185302734375 8.5 8.5 8.5 8.3846149444580078125 8.2857141494750976562 8.5 27 31 27.620000839233398438 37.700000762939453125 23.037500381469726562 23.725000381469726562 25.100000381469726562 32.659999847412109375 21.399999618530273438 13.222222328186035156 10.173913002014160156 10 8.8378381729125976562 8.423076629638671875 7.3529410362243652344 12.399999618530273438 11.56999969482421875 12.140000343322753906 22.274999618530273438 -99999 -99999 12 12 12 23 21 41 7
34.90000152587890625 34.90000152587890625 34.90000152587890625 13.899999618530273438 5.5 29.299999237060546875 23.649999618530273438 16 23.260000228881835938 13.699999809265136719 34.90000152587890625 34.450000762939453125 21.850000381469726562 19.100000381469726562 25.600000381469726562 34.90000152587890625 20.899999618530273438 27.350000381469726562 17 42.18000030517578125 34.90000152587890625 19.96666717529296875 10.399999618530273438 56.366664886474609375 50.299999237060546875 34.90000152587890625 -99999 -99999 12 9.4333333969116210938 8.5 8.5 8.5 8.5 8.5 9.3125 31 44 46 31.399999618530273438 31.399999618530273438 30.475000381469726562 24.875 26.371429443359375 7.8095235824584960938 12.800000190734863281 11.147058486938476562 8.2222223281860351562 6.9387755393981933594 7.2790699005126953125 7.6799998283386230469 8 9.171428680419921875 10.190476417541503906 7.3513512611389160156 9.5 -99999 12 12 12 12 24 56 19.899999618530273438
34.90000152587890625 34.90000152587890625 29.95999908447265625 12.116666793823242188 9.9571428298950195312 23.53333282470703125 24.866666793823242188 24.049999237060546875 32.09999847412109375 33.96666717529296875 37.700000762939453125 35.59999847412109375 36.299999237060546875 30.975000381469726562 25.375 34.90000152587890625 34.90000152587890625 17 17 49.45999908447265625 34.90000152587890625 34.90000152587890625 36.766666412353515625 30.233333587646484375 36.299999237060546875 59.166667938232421875 71.3000030517578125 10 10.5 9 8.5 8.5 8.5 8.5 8.5 9.2222223281860351562 44 33 41 23.1399993896484375 26.5 19.666666030883789062 23.25 15.925000190734863281 8.3999996185302734375 15.157895088195800781 12.764705657958984375 10.5 12.083333015441894531 9.6666669845581054688 9.3999996185302734375 8.5925922393798828125 9.8461542129516601562 9.5483875274658203125 8.7105264663696289062 10.5625 -99999 32.09999847412109375 32.659999847412109375 32.09999847412109375 14.162500381469726562 12 5.5 17.5
-99999 34.90000152587890625 27.600000381469726562 17.96666717529296875 30.100000381469726562 34.666667938232421875 21.833333969116210938 23.700000762939453125 58.700000762939453125 55.700000762939453125 33.542858123779296875 32.09999847412109375 42.366664886474609375 37 28.366666793823242188 25.450000762939453125 25.450000762939453125 16.5 27.350000381469726562 44.700000762939453125 34.90000152587890625 34.90000152587890625 37.700000762939453125 40.5 23.049999237060546875 41.333332061767578125 37.700000762939453125 9 8.9666662216186523438 8.5 8.5 8.5 8.97058868408203125 8.25 8.5 8.5 20 28 -99999 29.299999237060546875 37.700000762939453125 -99999 7 7.625 9.6842107772827148438 10 9.4444446563720703125 9.7142858505249023438 11.399999618530273438 10.764705657958984375 8.8999996185302734375 11.739130020141601562 10.411765098571777344 7.7857141494750976562 7.3030304908752441406 10.045454978942871094 28.350000381469726562 30.600000381469726562 31.399999618530273438 32.659999847412109375 33.5 40.5 24.25 11.5
-99999 -99999 -99999 6 6 26.46666717529296875 34.90000152587890625 34.90000152587890625 85.3000030517578125 71.76667022705078125 31.066667556762695312 39.200000762939453125 45.166667938232421875 19.780000686645507812 14.600000381469726562 46.09999847412109375 51 16 36.299999237060546875 36.299999237060546875 39.09999847412109375 40.5 23.700000762939453125 37.700000762939453125 11.5 11.666666984558105469 10.666666984558105469 8.5 8.5 8.5 8.5 8.5 8.5799999237060546875 7.375 8.5 8.5 8.5 8.5 8.5 8.5 8.5 -99999 9.7142858505249023438 7.3333334922790527344 6.5238094329833984375 7.3333334922790527344 7.4324326515197753906 7.6086955070495605469 10 9.8461542129516601562 9.6842107772827148438 7.9600000381469726562 7.4375 8.0243902206420898438 9 7.3333334922790527344 19 19 29.299999237060546875 33.5 32.09999847412109375 37.700000762939453125 17.875 12.142857551574707031
24 4 -99999 -99999 -99999 -99999 -99999 -99999 -99999 -99999 6 33.666667938232421875 44.700000762939453125 23.1399993896484375 6.9000000953674316406 59.166667938232421875 54.674999237060546875 52.279998779296875 54.299999237060546875 34.90000152587890625 34.90000152587890625 36.766666412353515625 28.366666793823242188 37.700000762939453125 17 17 8.5 8.5 8.5 8.5 8.5 8.5 7.5 8.25 8.5 8.5 8.5 8.5 8.5 8.5 8.5 8.5 11.625 9.6428575515747070312 8.3529415130615234375 8.25 9.4090909957885742188 8.1875 7.7142858505249023438 8.7142858505249023438 8.7142858505249023438 9.235294342041015625 7.972972869873046875 7.3623189926147460938 7.2173914909362792969 9.39130401611328125 10.588234901428222656 12.714285850524902344 -99999 37.700000762939453125 36.020000457763671875 34.90000152587890625 34.90000152587890625 44.700000762939453125
37 12 5 60 -99999 -99999 -99999 -99999 -99999 -99999 -99999 -99999 -99999 6.9000000953674316406 6.4499998092651367188 43 36.766666412353515625 36.84999847412109375 26.899999618530273438 22.950000762939453125 20.899999618530273438 15.300000190734863281 36.766666412353515625 37 30.799999237060546875 7 69 8.5 8.5 8.5 8.5 8.5 8 8.3076925277709960938 8.5 8.5 8.5 8.5 8.5 8.5 8.5 8.5555553436279296875 13 9.6000003814697265625 7.6521739959716796875 5.7777776718139648438 5 10.304347991943359375 9.5217390060424804688 8.6774196624755859375 10 23 23 9.9583330154418945312 8.076923370361328125 11.333333015441894531 7 10.647058486938476562 9.5714282989501953125 27.350000381469726562 48.40000152587890625 43.299999237060546875 40.5 41.90000152587890625
15.666666984558105469 7.5500001907348632812 49 19 -99999 -99999 -99999 47.96666717529296875 44.4199981689453125 32.09999847412109375 -99999 -99999 -99999 -99999 -99999 20.450000762939453125 33.96666717529296875 33.03333282470703125 10.5 34.90000152587890625 18.100000381469726562 6.1999998092651367188 17.899999618530273438 17.899999618530273438 27.799999237060546875 77 54 8.5 8.5 8.5 8.5 8.5 8.5 8.5 8.5 8.5 8.5 8.5 8.5 8.5 8.5 8.5384616851806640625 8.2777776718139648438 8 8.6785717010498046875 7.2916665077209472656 8.7083330154418945312 8.7916669845581054688 7.3793101310729980469 9.5666666030883789062 10.649999618530273438 14 28 9.7307691574096679688 11.6875 11.199999809265136719 11.4375 11.888889312744140625 11.578947067260742188 12.609999656677246094 35.366664886474609375 26.524999618530273438 13.136666297912597656 15.625
14.399999618530273438 7.0666666030883789062 6.2600002288818359375 14 28 18 23 42.4428558349609375 37.233333587646484375 39.5666656494140625 34.90000152587890625 -99999 -99999 -99999 -99999 -99999 33.5 32.09999847412109375 23.049999237060546875 34.90000152587890625 34.90000152587890625 52.52500152587890625 15.333333015441894531 15.333333015441894531 13.5 28 16 8.5 8.5 8.5 8.5 8.5 8.5 8.5 8.5 8.5 8.5 8.5 8.5 8.5 8.5 8 7.375 8.25 10.238095283508300781 8.8000001907348632812 11.375 8.8333330154418945312 7.2758622169494628906 10.731707572937011719 8.7777776718139648438 9.4347829818725585938 8.947368621826171875 12.666666984558105469 38.636363983154296875 12.882352828979492188 9.3333330154418945312 12 12 12 14.666666984558105469 18 12.5 10
15.199999809265136719 10.75 9 13.666666984558105469 20 16.5 30 44 21 35.71428680419921875 26.983333587646484375 134 -99999 -99999 -99999 -99999 -99999 -99999 -99999 16 11.333333015441894531 23 17.666666030883789062 21.600000381469726562 14 4 38 48 8.5 8.5 8.5 8.5 8.5 8.5 8.5 8.5 8.5 11.833333015441894531 12.111110687255859375 8.5 8.5 8.5 8.0909090042114257812 10.449999809265136719 9.3000001907348632812 11.210526466369628906 12.066666603088378906 13.888889312744140625 11.166666984558105469 9.875 8.3846149444580078125 9.5714282989501953125 25.27272796630859375 28.363636016845703125 24.583333969116210938 30 25 9 12.181818008422851562 12 12 13.746666908264160156 23.542856216430664062 22.450000762939453125
9.5 10.399999618530273438 8 -99999 24 16 44.439998626708984375 40.514286041259765625 38 21 32.616664886474609375 40.34999847412109375 34.200000762939453125 71.3000030517578125 -99999 -99999 -99999 -99999 -99999 16 16 16.5 14.285714149475097656 17.799999237060546875 20 15 14 11 8.5 8.5 8.5 8.5 8.5 8.5 8.5 9.0833330154418945312 8.75 11.199999809265136719 14.571428298950195312 15.725000381469726562 10.385714530944824219 8.5 9.3571424484252929688 9.8571424484252929688 9.1428575515747070312 9.8260869979858398438 11.722222328186035156 9.7826089859008789062 9.2105264663696289062 8.764705657958984375 9 21.833333969116210938 51.4444427490234375 16.875 10.699999809265136719 46 16 36 15.175000190734863281 12 12 20.677778244018554688 31 34.90000152587890625
7 8.8000001907348632812 8 8 13 28 46.119998931884765625 39 31.633333206176757812 8.3000001907348632812 58.47499847412109375 34.09999847412109375 38.90000152587890625 50.020000457763671875 51.700000762939453125 -99999 -99999 -99999 11 13 9 7.8571429252624511719 10.199999809265136719 7.75 51 29 41 27 8.5 8.5 8.5 9.0666666030883789062 8.5 8.5 8.5 9.6666669845581054688 11.475000381469726562 10.318181991577148438 15.771428108215332031 28.924999237060546875 25.600000381469726562 11.266666412353515625 8.25 9.6153850555419921875 9.0666666030883789062 10.399999618530273438 10.800000190734863281 8.8064517974853515625 8.1999998092651367188 7.9000000953674316406 9.3999996185302734375 5.5999999046325683594 14.399999618530273438 6.5 27 36 33 51 35.833332061767578125 13.284999847412109375 12.454545021057128906 15.600000381469726562 19.6399993896484375 17
7 9.6666669845581054688 8 35 21 47 52.549999237060546875 44 23.700000762939453125 9.6999998092651367188 42.720001220703125 11 30 38.916667938232421875 41.060001373291015625 27.899999618530273438 -99999 10 10 4 7 11.333333015441894531 11.5 14 26 22 12 8.5 8.5 8.5 9.1538457870483398438 9.2083330154418945312 8.5 8.5 8.5 11 12 13.021052360534667969 28.083333969116210938 37 39.09999847412109375 33.5 34.90000152587890625 7.75 12 9.8000001907348632812 7.8000001907348632812 9.4375 10.199999809265136719 13.545454978942871094 17.444444656372070312 13.25 12.024999618530273438 19.5 24 31 23 45 27.620000839233398438 23.079999923706054688 16.5 23.059999465942382812 27.433332443237304688 21.666666030883789062
27 20.5 56 26 14 39 38 33.883335113525390625 76.4499969482421875 73.3600006103515625 66.375 8 26 6 36.90000152587890625 33.96666717529296875 -99999 12 9.6666669845581054688 -99999 12 20 20 51 26 27 8.5 8.5 8.5 8.5 8.5 8.5 8.5 8.5 10.833333015441894531 12 12 23.916666030883789062 36.5800018310546875 36.766666412353515625 42.866664886474609375 35.27500152587890625 -99999 -99999 15 13.100000381469726562 19 32 9.7857141494750976562 19.25 15 12 14.512499809265136719 26.600000381469726562 24 16 8.5 27 88 32.333332061767578125 32.333332061767578125 32.27500152587890625 34.90000152587890625 16.200000762939453125
14.971428871154785156 28 30 24 21 18 12.5 19.96666717529296875 92.33333587646484375 62.200000762939453125 57.266666412353515625 15 21 33.950000762939453125 37.700000762939453125 -99999 12 12 5 10.5 12 12 -99999 -99999 31 41 11 11.611110687255859375 11.416666984558105469 8.9565219879150390625 8.5 8.5 8.5 8.8181819915771484375 12 12 17.725000381469726562 36.766666412353515625 36.766666412353515625 34.90000152587890625 43.299999237060546875 43.299999237060546875 -99999 -99999 10.199999809265136719 11.75 56 23 12.111110687255859375 13.285714149475097656 12 14 33 17.5 8.5 8.5 8.5 59 36 37.700000762939453125 39.5666656494140625 33.22499847412109375 24.475000381469726562 10.857142448425292969
16.225000381469726562 23 42 36 32 11.766666412353515625 9.0625 9.1428575515747070312 16 18.333333969116210938 18 14.25 33.779998779296875 34.5 25.100000381469726562 3.6666667461395263672 9.75 12 -99999 10.666666984558105469 12 12 -99999 -99999 19 9.6666669845581054688 10.600000381469726562 12 12 9.1999998092651367188 8.5 8.5 8.5 46.09999847412109375 23.366666793823242188 40.5 36.5800018310546875 36.020000457763671875 36.766666412353515625 30.3600006103515625 29.225000381469726562 37.700000762939453125 33.96666717529296875 9.2222223281860351562 8.5384616851806640625 9.625 16.5 11 11.555555343627929688 12 12 6 27 9.375 8.5 8.5 8.5 9.3000001907348632812 22.299999237060546875 27.433332443237304688 25.100000381469726562 33.96666717529296875 20.333333969116210938 11.714285850524902344
12.153845787048339844 12 12 12 12 9.8999996185302734375 8.5 8.5 9.3076925277709960938 12.149999618530273438 8.5 8.5 11.744444847106933594 34.59999847412109375 -99999 3 14.75 19.5 16 11 12 12 -99999 26 25 31 8.5 8.5 8.5 8.5 8.5 8.5 20.979999542236328125 31.633333206176757812 37.700000762939453125 30 38.40000152587890625 39.09999847412109375 23.700000762939453125 17.133333206176757812 14.366666793823242188 34.90000152587890625 22.983333587646484375 10 12 10.166666984558105469 14 17.666666030883789062 12.583333015441894531 12 12 9.2368421554565429688 17 12.5 8.6607141494750976562 8.6379308700561523438 9.8333330154418945312 16.420000076293945312 28 15 20.899999618530273438 26.333333969116210938 16.399999618530273438 7
12.923076629638671875 12 12 12 -99999 20.125 8.5 8.5 8.5 8.5 8.5 8.5 8.5 8.5 42 63 42 57.333332061767578125 41 44 8 10 12 23 24 15 13.199999809265136719 8.5 8.5 57.09999847412109375 66 33 24.260000228881835938 28.833333969116210938 33.779998779296875 27.059999465942382812 35.240001678466796875 31.879999160766601562 11 12 11.100000381469726562 34.90000152587890625 15.271428108215332031 13.636363983154296875 12.199999809265136719 9.3333330154418945312 21.399999618530273438 36 18.433332443237304688 20.087499618530273438 20.299999237060546875 20.200000762939453125 14.988888740539550781 25.350000381469726562 11.333333015441894531 25.799999237060546875 26.5 24.399999618530273438 30 30 8.3000001907348632812 21.25 14.833333015441894531 7
23.625 13.666666984558105469 12 -99999 -99999 50.28571319580078125 54 27.799999237060546875 12.153845787048339844 8.5 8.5 8.5 8.5 6 16 4 12 133 41 15 26 8 10 10 43 45 31 20.25 37.833332061767578125 69 32.666667938232421875 27.25 51 43.299999237060546875 43.299999237060546875 32.09999847412109375 30 33.5 18 59 9.6999998092651367188 34.90000152587890625 12 12.533333778381347656 16 -99999 19 40.5 32.09999847412109375 37.700000762939453125 51.666667938232421875 44.479999542236328125 37.700000762939453125 37.700000762939453125 37.34999847412109375 37.34999847412109375 40.5 40.5 40.5 17 23 19.333333969116210938 18 9.875
22 24.333333969116210938 33.5 26.5 35.5 54.5 41.5 32.25 9.59375 8.5 8.5 8.5 8.5 12 12 4 22 33 60.5 12 35 11 9 7.6666665077209472656 11 20 12 25 32 29 21.666666030883789062 29 35 28 16 33.96666717529296875 35.59999847412109375 31.266666412353515625 6 41 25.350000381469726562 34.90000152587890625 18.399999618530273438 19.125 40.5 12 12.600000381469726562 21.75 35.46666717529296875 24.649999618530273438 -99999 -99999 29.133333206176757812 24.850000381469726562 24.233333587646484375 33.72499847412109375 27.28333282470703125 27.54000091552734375 50 19 30 21.600000381469726562 24 8
33 34 37.700000762939453125 27.620000839233398438 27.666666030883789062 32.799999237060546875 27.5 11.5 8.5 8.5 8.5 8.5 8.5 21 28.200000762939453125 6.7333331108093261719 14.300000190734863281 38.40000152587890625 14 40 23 14 -99999 7 18 16.5 29 11 39 44.5 42 37 43.25 28 16 28.45999908447265625 32.09999847412109375 34.90000152587890625 34.90000152587890625 36.9333343505859375 38 19.75 21.299999237060546875 33.700000762939453125 34.200000762939453125 29.100000381469726562 18.166666030883789062 16.5 19 19.75 14.166666984558105469 12 12 12 18 32.299999237060546875 31.3600006103515625 24.433332443237304688 11 25 22 17 12.399999618530273438 8
18 20 32.09999847412109375 21.21666717529296875 30.5 30.200000762939453125 15.875 8.5 8.5 8.5 8.5 10.086956977844238281 23.857143402099609375 14.783333778381347656 18.200000762939453125 10.566666603088378906 32.380001068115234375 41.619998931884765625 34.200000762939453125 23.700000762939453125 14.333333015441894531 16.5 40.950000762939453125 -99999 -99999 13.75 27.399999618530273438 16.055555343627929688 12.238095283508300781 20.833333969116210938 14.090909004211425781 11.666666984558105469 11.555555343627929688 31.25 30.666666030883789062 18.983333587646484375 14.557143211364746094 19.079999923706054688 34.54000091552734375 29 12 52 32.09999847412109375 35.833332061767578125 31.399999618530273438 36.299999237060546875 13.483333587646484375 16.538461685180664062 13 11.666666984558105469 13.857142448425292969 12 12 12 12 15.728571891784667969 24.475000381469726562 22 17 37 16.333333969116210938 14 9.75 8
5 46 13.5 13 -99999 15 17.5 9.7777776718139648438 8.5 8.5 8.6944446563720703125 14.583333015441894531 45 13.899999618530273438 13.263636589050292969 15.766666412353515625 38.259998321533203125 56.18000030517578125 33.03333282470703125 31.166666030883789062 20.274999618530273438 26.5 48.340000152587890625 15 9 13 15 10.078947067260742188 10.852941513061523438 9.0666666030883789062 8.5 8.5 8.3249998092651367188 8.0322580337524414062 9.39473724365234375 12.107142448425292969 14.625 9.5263156890869140625 15.038461685180664062 24 5 17 30.979999542236328125 37.700000762939453125 37 29.875 12 12.277777671813964844 11.892857551574707031 12.800000190734863281 12 12 12 12 9.9736843109130859375 12 6 24 49 39.5 -99999 -99999 8 8
30 7 35 15 29 30 19.25 38 63 18 18.5 -99999 26.5 30.700000762939453125 30.700000762939453125 20.066667556762695312 21.600000381469726562 51.240001678466796875 51.4333343505859375 25.475000381469726562 32.5571441650390625 18.266666412353515625 35.45999908447265625 29.299999237060546875 9.5 17 16 8.5 8.5 8.5 8.5 8.5 8.5 8.5 8.5 8.5 8.9791669845581054688 9.0789470672607421875 8.5 12.444444656372070312 32.09999847412109375 29.485713958740234375 30.666666030883789062 37.700000762939453125 37.700000762939453125 13.522222518920898438 12 12 12.363636016845703125 12.857142448425292969 12 12 12 12 8.9117650985717773438 31 35 19 27.333333969116210938 15 36 25 12.5 8.5
24 8 46 37.5 16 29.5 22.5 15.5 25.600000381469726562 15.5 18.75 19 28.18000030517578125 30.25 17.112499237060546875 35.299999237060546875 25.171428680419921875 24.200000762939453125 45 21.625 25.674999237060546875 21.171428680419921875 32.659999847412109375 10 11.666666984558105469 -99999 17 8.5 8.5 8.5 8.5 8.5 8.5 8.5 8.5 8.5 8.5 9.1764707565307617188 8.611110687255859375 14.333333015441894531 36.720001220703125 37.700000762939453125 17.5 16.75 12.428571701049804688 9.3999996185302734375 12 12 14.352941513061523438 14.5 12 12 12 11.5625 8.5 16 56 33.5 26 37 8 21.5 17 6.6666665077209472656
10.25 8.8500003814697265625 8.5 5 26 21.333333969116210938 21.333333969116210938 33 17.399999618530273438 13.428571701049804688 15 15.5 32.09999847412109375 32.116664886474609375 14.5 35.266666412353515625 38.633335113525390625 28.899999618530273438 29.299999237060546875 33.5 22.95999908447265625 19.6875 62.90000152587890625 62.90000152587890625 16.75 17.5 -99999 8.5 8.5 8.5 8.5 8.5 8.5 8.5 8.5 8.5 8.5 8.5 8.5 13.535714149475097656 14.770587921142578125 14.616666793823242188 11.681818008422851562 12.076923370361328125 9.6000003814697265625 8.5 10.928571701049804688 14.625 16.666666030883789062 13.625 11.666666984558105469 12 9.4545450210571289062 8.5 8.5 29 29 46 17 16 29 18 23 19
-99999 8.5 8.5 28 41 14 15 15 24 39 36 29 -99999 56.59999847412109375 19.5 19.5 35.25 30.457143783569335938 28.18000030517578125 34.4333343505859375 20.719999313354492188 10.466666221618652344 24.975000381469726562 62.90000152587890625 11.5 10.600000381469726562 -99999 8.5 8.5 8.5 8.5 8.5 8.5 8.5 8.890625 10.552631378173828125 10.261904716491699219 8.5 9.9499998092651367188 10.560000419616699219 11.39130401611328125 7.9499998092651367188 8 10.789473533630371094 11.5 9.6999998092651367188 11.600000381469726562 13.125 10.714285850524902344 6.6999998092651367188 7.8333334922790527344 9.6000003814697265625 8.5 8.5 37 9 11 35 49 31 15 46 3 12
