ForecastVariables/BuildingHeight_Mean_100m/BuildingHeightMean_Random2.asc
ncols        529
nrows        344
xllcorner    2700.000000000000
yllcorner    15900.000000000000
cellsize     100.000000000000
NODATA_value  -99999
[rows 168 to 195 of 344, columns 128 to 191 of 529]
11 7 5 7 8.6666669845581054688 8.5 -99999 9 17 17 -99999 -99999 13 44 28 18 37 -99999 -99999 -99999 -99999 -99999 -99999 -99999 -99999 13 18 18 39.09999847412109375 39.09999847412109375 40.5 57.299999237060546875 71.3000030517578125 49 -99999 22 35.799999237060546875 23 43.5 15.800000190734863281 8.5 8.5 8.5 44 52 13 4 20.899999618530273438 38.81999969482421875 56.366664886474609375 34.90000152587890625 30.420000076293945312 26.933332443237304688 29.450000762939453125 34.90000152587890625 34.90000152587890625 -99999 -99999 48 37.333332061767578125 16 37 44.666667938232421875 44.59999847412109375
11.399999618530273438 8.6666669845581054688 -99999 9 11.333333015441894531 13.714285850524902344 23 13 8 9 -99999 22.799999237060546875 24 56 5 11 34 -99999 -99999 -99999 -99999 -99999 -99999 -99999 -99999 -99999 -99999 -99999 -99999 34.90000152587890625 34.90000152587890625 34.90000152587890625 31 18 20 23 41.5 16.27777862548828125 22.541666030883789062 30 8.5 8.5 33 39 20 26 32 16 27.274999618530273438 23.399999618530273438 34.90000152587890625 25.940000534057617188 34.90000152587890625 34.90000152587890625 34.90000152587890625 34.90000152587890625 -99999 27 39 31.166666030883789062 27.333333969116210938 38.5 33.5 59.5
9 20.25 57 -99999 13 16.5 9 22 9 -99999 18.5 20.625 21.888889312744140625 14 14 48 32 -99999 -99999 -99999 -99999 -99999 -99999 -99999 -99999 -99999 -99999 -99999 -99999 -99999 28 -99999 54 44 14 48 26.375 8.5 11.153845787048339844 13 -99999 22 11 24 17 32 31 30 18.799999237060546875 18.100000381469726562 29 24.46666717529296875 31.933332443237304688 53.09999847412109375 34.90000152587890625 34.90000152587890625 34 48 34 52.5 46.59999847412109375 42.5 78 90
8 31 57 -99999 12 17 18 12 -99999 -99999 34.5 22.600000381469726562 19.166666030883789062 12 14 14.333333015441894531 -99999 -99999 -99999 -99999 -99999 -99999 -99999 -99999 -99999 -99999 -99999 -99999 -99999 -99999 -99999 11 11.666666984558105469 17 41 10 11.541666984558105469 16 8.5 8.5 8.5 45 26 28 15 51 23 15 56.075000762939453125 16 28.5 27.5 26 71.3000030517578125 50.299999237060546875 29.149999618530273438 23 59 13 61 47 15.428571701049804688 66 41
10 17 9 50 16 12.75 21 8 -99999 52 52 52 52 52 23.75 27 -99999 -99999 -99999 -99999 -99999 -99999 -99999 -99999 -99999 -99999 -99999 -99999 -99999 -99999 40 21.666666030883789062 11.600000381469726562 11 21 39 23 17 13 8.5 8.5 44 33.5 19.5 37 17 21 69.15000152587890625 47.266666412353515625 25.450000762939453125 23.700000762939453125 29.700000762939453125 29.579999923706054688 20.450000762939453125 29.299999237060546875 20.899999618530273438 20 46 23 62 54 18 78 30.5
11.333333015441894531 12 21 50 29.5 6 10 -99999 14 23.333333969116210938 36 35.333332061767578125 30 30 52 52 -99999 -99999 -99999 -99999 -99999 -99999 -99999 -99999 -99999 -99999 -99999 -99999 -99999 -99999 22.666666030883789062 20.25 14.571428298950195312 13.833333015441894531 9.3333330154418945312 9.5 33 33 8.5 8.5 8.5 8.5 41.5 39.5 37.700000762939453125 31.274999618530273438 29.133333206176757812 41.733333587646484375 28.200000762939453125 21.299999237060546875 32.09999847412109375 31.299999237060546875 29.075000762939453125 49.53333282470703125 51.700000762939453125 9.6999998092651367188 12.5 23 27 33 35 51 29 31
63 46 35 20.75 11.666666984558105469 17 32 -99999 16.333333969116210938 11.5 13.75 6.75 6.4000000953674316406 6.5 6 -99999 -99999 -99999 -99999 -99999 -99999 -99999 -99999 -99999 -99999 -99999 -99999 -99999 -99999 -99999 13.666666984558105469 15.5 13.199999809265136719 14.5 23.5 9.5 9.3999996185302734375 9 8.5 9.4583330154418945312 8.92592620849609375 8.5 9.3783779144287109375 13.916666984558105469 -99999 23.450000762939453125 27.266666412353515625 19.799999237060546875 9 11.566666603088378906 30.233333587646484375 32.09999847412109375 34.90000152587890625 34.90000152587890625 39.5666656494140625 12.5 37.700000762939453125 25 22 28 19 9 27 13
63 46 14 11.666666984558105469 10.600000381469726562 10.5 -99999 39 24.666666030883789062 25 16.75 17.75 10.600000381469726562 9.3999996185302734375 8.25 -99999 -99999 -99999 -99999 -99999 -99999 -99999 -99999 -99999 -99999 -99999 -99999 -99999 9 31 27 12.714285850524902344 9.3333330154418945312 12.5 16 6.8000001907348632812 7 7 8.5 9.3214282989501953125 9.4583330154418945312 27 8.0249996185302734375 14.300000190734863281 34.90000152587890625 -99999 34.90000152587890625 34.90000152587890625 20.825000762939453125 15.925000190734863281 40.5 67.09999847412109375 34.90000152587890625 34.90000152587890625 34.90000152587890625 25.933332443237304688 44.96666717529296875 15 22 26 14 23 90 22
5 7 11.333333015441894531 11.333333015441894531 11 11 -99999 36 32.333332061767578125 33.25 17.333333969116210938 6.3333334922790527344 16.666666030883789062 16.25 9 -99999 -99999 -99999 -99999 -99999 -99999 -99999 -99999 -99999 -99999 -99999 -99999 -99999 13 17 21 14.5 10.571428298950195312 19.333333969116210938 20.375 20 14.5 6.75 10.333333015441894531 9.9166669845581054688 25 31 7.5250000953674316406 8 27.133333206176757812 59.25 -99999 34.90000152587890625 24.95999908447265625 25.399999618530273438 36.799999237060546875 68.279998779296875 -99999 40.5 27.899999618530273438 42.15000152587890625 70.53333282470703125 30 42 19 18 13.199999809265136719 17 42
24 5 12.333333015441894531 13 13 -99999 -99999 43.5 33 34 23 6.5 15.666666984558105469 13.600000381469726562 7.5 35 26.333333969116210938 22.5 -99999 -99999 -99999 -99999 -99999 -99999 -99999 -99999 -99999 -99999 -99999 -99999 13 13.333333015441894531 17.666666030883789062 29 37.25 28.333333969116210938 10.666666984558105469 7.1999998092651367188 7.5 17 16 10.949999809265136719 10.949999809265136719 30.133333206176757812 48.47499847412109375 60.25 56 -99999 12.5 22.399999618530273438 39.075000762939453125 71.3000030517578125 -99999 57.700000762939453125 54.5 54.77500152587890625 3 24 17 17 20 10 18.666666030883789062 21.700000762939453125
18 21 14.5 16.5 16 -99999 -99999 54 45 35 11 24 11.199999809265136719 8.3333330154418945312 7.5 16.666666030883789062 26.333333969116210938 18.333333969116210938 11.5 -99999 -99999 -99999 -99999 -99999 -99999 -99999 -99999 -99999 -99999 -99999 -99999 -99999 -99999 36 32 15.600000381469726562 11.800000190734863281 7.25 7.3333334922790527344 7.5 15 15 11.5 34.90000152587890625 52.633335113525390625 28.5 12 12 11.5 7 11 -99999 61.65000152587890625 61.483333587646484375 56.40000152587890625 18 21 44 17.5 16.5 11 7.5 9.3333330154418945312 28.5
31 37 18 6 -99999 -99999 -99999 38.5 37.666667938232421875 20 24.5 46.5 43 -99999 10 8.6666669845581054688 8 23 11.333333015441894531 10 -99999 -99999 -99999 -99999 -99999 -99999 -99999 -99999 -99999 -99999 -99999 -99999 -99999 -99999 -99999 13.666666984558105469 6.5 10.399999618530273438 7.75 7.6666665077209472656 8 15 27.799999237060546875 38.633335113525390625 21.5 12 12 12 12 12 14 20 70.15000152587890625 51.40000152587890625 39 49 -99999 39.5 32 6.3333334922790527344 8 47 13.875 18.5
12 14 9.5 6 -99999 -99999 -99999 -99999 19.5 20.666666030883789062 23.799999237060546875 46.5 -99999 -99999 10 8.6666669845581054688 8.3999996185302734375 6.5 9 9.25 9.5 -99999 -99999 -99999 -99999 -99999 -99999 -99999 -99999 -99999 -99999 -99999 6 6 -99999 -99999 8.75 10.199999809265136719 8.6666669845581054688 8 13.5 32.450000762939453125 36.766666412353515625 18.840000152587890625 21.833333969116210938 14.649999618530273438 12 12 12 12 30 36 30 27 9 45 27.25 35.22222137451171875 26 6 5.875 22.125 18 17.75
15.75 7.1999998092651367188 7.5 7 -99999 -99999 -99999 -99999 14.75 29 38 46.5 -99999 -99999 -99999 9 8.1666669845581054688 8.1428575515747070312 7 8.1999998092651367188 9.3333330154418945312 8 -99999 -99999 -99999 -99999 -99999 -99999 -99999 -99999 -99999 -99999 6 6 -99999 -99999 -99999 10.75 9.1666669845581054688 13.666666984558105469 25.5 20.5 22.950000762939453125 28.600000381469726562 37.700000762939453125 34.200000762939453125 15.816666603088378906 12 10.25 12 9 21 26 22.75 22.5 30.5 20.333333969116210938 25 22.111110687255859375 6 6 6 6 33
7.5 7.5 7.5 -99999 -99999 -99999 -99999 -99999 -99999 41 48 37.25 -99999 -99999 -99999 7 7.25 8.3333330154418945312 8 6.5 9.3333330154418945312 8.75 7 -99999 -99999 -99999 -99999 -99999 -99999 -99999 -99999 -99999 -99999 8 6 -99999 -99999 10 10 8 25.5 25.25 24.5 36.299999237060546875 34.90000152587890625 33.03333282470703125 29.31999969482421875 34.90000152587890625 12.75 12 11.9375 12 12 22 20 -99999 35.428569793701171875 32.5555572509765625 27.5 10 6 6 6 -99999
7.5 8 8.5 -99999 -99999 8 -99999 -99999 11 17 32 18 18 6 -99999 5 6.5 6.1999998092651367188 11.399999618530273438 13.5 6.8000001907348632812 9.6666669845581054688 8 5 -99999 -99999 -99999 -99999 -99999 -99999 -99999 -99999 -99999 17.5 6 -99999 -99999 -99999 18 11 26 31 34.5 36.450000762939453125 34.90000152587890625 34.90000152587890625 34.90000152587890625 34.90000152587890625 12 17.1399993896484375 13.544444084167480469 23.383333206176757812 53.5666656494140625 34.90000152587890625 -99999 -99999 48 35.5 44 29.75 6 6 6 -99999
7 8 32.5 32.5 -99999 8 8 -99999 4 15 8 18 18 6.1666665077209472656 6.5 8 28 20 17.75 9 9 8.2222223281860351562 10.399999618530273438 5 12 -99999 -99999 -99999 -99999 -99999 -99999 32 29.5 29.5 6.3333334922790527344 7.25 -99999 -99999 -99999 45 30 24.25 14.75 12.5 29.600000381469726562 33.03333282470703125 32.09999847412109375 17.54000091552734375 17.166666030883789062 33.666667938232421875 31.799999237060546875 21.659999847412109375 44.233333587646484375 32.09999847412109375 26.5 -99999 19 19 42.333332061767578125 41.428569793701171875 11.166666984558105469 6 6 -99999
7 7 19.75 7 -99999 8 8 -99999 23 15 12 11 12 6.5 7.25 7.75 28.5 28.5 50 9 8 7.3333334922790527344 11.5 15 13.399999618530273438 6 3 -99999 -99999 9 8 18 32 26 10.428571701049804688 9.3999996185302734375 9 -99999 -99999 45 25.333333969116210938 14.800000190734863281 16 19 19 34.90000152587890625 36.52500152587890625 32.09999847412109375 9.5 29.5 31 27.450000762939453125 25.266666412353515625 30.700000762939453125 14.833333015441894531 -99999 16 19 64.1999969482421875 11 16.75 7.5 24 19.799999237060546875
-99999 -99999 7 7.5 8 7.6666665077209472656 8 -99999 -99999 13 13 -99999 10.5 8 7.5999999046325683594 47 47 17 7.25 8 8.3333330154418945312 11 14 17 13.6875 9.8461542129516601562 12 27.666666030883789062 32.5 6.7142858505249023438 7 21 17.333333969116210938 9.25 7.75 9.5 9 -99999 -99999 -99999 15 13.25 12.666666984558105469 13.5 14 24.75 44.700000762939453125 28.739999771118164062 10.449999809265136719 15.5 17 38.633335113525390625 38 44.5 70 89 17 22 13.333333015441894531 7 15.600000381469726562 10.75 9.5 15.600000381469726562
-99999 -99999 -99999 8 8 7.5 7.5 -99999 -99999 13 13 -99999 8 8 8 47 47 16.5 7.4000000953674316406 10.75 8.4444446563720703125 9 14.800000190734863281 16.428571701049804688 13.714285850524902344 7.5 7.875 11 6.375 5.25 22.166666030883789062 39 18 10.25 10.333333015441894531 9.1999998092651367188 9.3333330154418945312 -99999 -99999 -99999 8 8.5 10.25 12 9 6.6666665077209472656 22 36 13 15 -99999 39 40 37.25 48.25 -99999 15 22 17 7 11.5 -99999 -99999 13
-99999 -99999 -99999 -99999 -99999 7 7 -99999 -99999 -99999 -99999 -99999 -99999 -99999 -99999 -99999 7.25 9 8.5 17.5 8.3999996185302734375 8.5 17.666666030883789062 17.333333969116210938 19 3 14.375 13.899999618530273438 10.75 7 52 26.5 21.333333969116210938 10 9.6000003814697265625 10.25 17 -99999 -99999 -99999 8.5 8.6000003814697265625 11 9 9.5 -99999 36 30.5 37.5 18.666666030883789062 -99999 -99999 43.5 13 16 29 29 13.5 20 -99999 13.333333015441894531 11.333333015441894531 -99999 -99999
-99999 -99999 -99999 -99999 -99999 -99999 -99999 -99999 -99999 -99999 -99999 -99999 -99999 -99999 -99999 -99999 -99999 14 19 24 24 20 18.666666030883789062 -99999 -99999 9 14.538461685180664062 12.5 8.6666669845581054688 22.25 62 27.333333969116210938 62 8.6666669845581054688 10 12 -99999 13 -99999 -99999 10 7 9.5 -99999 -99999 -99999 38 34 20 18 22.5 -99999 8 16 17 18.066667556762695312 31.25 35.833332061767578125 19.857143402099609375 14 11.333333015441894531 10 -99999 -99999
-99999 -99999 -99999 -99999 -99999 -99999 -99999 -99999 -99999 -99999 -99999 -99999 -99999 -99999 -99999 -99999 -99999 -99999 -99999 -99999 -99999 19 19 -99999 -99999 18.571428298950195312 12.222222328186035156 9.3333330154418945312 9.3333330154418945312 10.800000190734863281 25.75 27.666666030883789062 33.5 15 14.25 13 14.25 14.25 12 -99999 -99999 -99999 -99999 -99999 -99999 -99999 -99999 -99999 12 18.799999237060546875 24.142856597900390625 -99999 -99999 4 12.333333015441894531 20.5 29.636363983154296875 31.799999237060546875 22.333333969116210938 14 15.5 14.25 11 4
-99999 -99999 -99999 -99999 -99999 -99999 -99999 -99999 -99999 -99999 -99999 -99999 -99999 -99999 -99999 -99999 -99999 -99999 -99999 -99999 -99999 -99999 -99999 -99999 -99999 18 6.6666665077209472656 6.6666665077209472656 10 15.5 11 7.25 13.5 14.5 11.142857551574707031 11.5 8.5 8.5 -99999 -99999 -99999 -99999 -99999 -99999 -99999 -99999 4.5 6 36.076923370361328125 21.375 18.285715103149414062 18 -99999 -99999 18 17.625 20.5 19.600000381469726562 12.666666984558105469 12.333333015441894531 19.666666030883789062 18.142856597900390625 20.5 4
-99999 -99999 -99999 -99999 -99999 -99999 -99999 -99999 -99999 -99999 -99999 -99999 -99999 -99999 -99999 -99999 -99999 -99999 -99999 -99999 -99999 -99999 -99999 -99999 -99999 -99999 -99999 -99999 -99999 -99999 -99999 12.25 -99999 -99999 -99999 -99999 -99999 -99999 -99999 -99999 -99999 -99999 -99999 -99999 -99999 -99999 6 6 77 53 14.199999809265136719 18 21 13 18 16.5 16.666666030883789062 20.5 19.799999237060546875 8.6666669845581054688 6 15 28.5 32.333332061767578125
-99999 -99999 -99999 -99999 -99999 -99999 -99999 -99999 -99999 -99999 -99999 -99999 -99999 -99999 -99999 -99999 -99999 -99999 -99999 -99999 -99999 -99999 -99999 -99999 -99999 -99999 -99999 -99999 -99999 -99999 -99999 10 -99999 -99999 -99999 -99999 -99999 -99999 -99999 -99999 -99999 -99999 -99999 -99999 -99999 -99999 -99999 -99999 -99999 12.800000190734863281 13.800000190734863281 12.600000381469726562 28 37 -99999 -99999 -99999 19.666666030883789062 19.399999618530273438 13 13 -99999 -99999 25.5
-99999 -99999 -99999 -99999 -99999 -99999 -99999 -99999 -99999 -99999 -99999 -99999 -99999 -99999 -99999 -99999 -99999 -99999 -99999 -99999 -99999 -99999 -99999 -99999 -99999 -99999 -99999 -99999 -99999 -99999 -99999 -99999 -99999 -99999 -99999 -99999 -99999 -99999 -99999 -99999 -99999 -99999 -99999 -99999 -99999 -99999 -99999 -99999 -99999 15 14.454545021057128906 18.375 18.5 18.666666030883789062 16 14.545454978942871094 12.818181991577148438 16.166666030883789062 15 15 21 19.5 10 22.333333969116210938
-99999 -99999 -99999 -99999 -99999 -99999 -99999 -99999 -99999 -99999 -99999 -99999 -99999 -99999 -99999 -99999 -99999 -99999 -99999 -99999 -99999 -99999 -99999 -99999 -99999 -99999 -99999 -99999 -99999 -99999 -99999 -99999 -99999 -99999 -99999 -99999 -99999 -99999 -99999 -99999 -99999 -99999 -99999 -99999 -99999 -99999 6 -99999 -99999 -99999 12 13.199999809265136719 19.555555343627929688 14.5 13 16.333333969116210938 14.090909004211425781 19.200000762939453125 18.399999618530273438 17.200000762939453125 29 22 13.75 6.75
