ForecastVariables/BuildingHeight_Mean_100m/BuildingHeightMean_Random4.asc
ncols        529
nrows        344
xllcorner    2700.000000000000
yllcorner    15900.000000000000
cellsize     100.000000000000
NODATA_value  -99999
[rows 84 to 111 of 344, columns 320 to 383 of 529]
15.300000190734863281 26.5 33.5 43.299999237060546875 12 12 36.766666412353515625 38.633335113525390625 30.979999542236328125 36.766666412353515625 41.619998931884765625 38.90000152587890625 30.516666412353515625 49.266666412353515625 31.25 34.840000152587890625 40.424999237060546875 25.31999969482421875 41.060001373291015625 40.5 42.325000762939453125 40.279998779296875 46.02500152587890625 48.200000762939453125 46.09999847412109375 3 73 34 35 -99999 23 24 8 6 55 14 21 37 15 11 9 25 14 -99999 -99999 -99999 -99999 -99999 -99999 -99999 -99999 -99999 -99999 -99999 -99999 -99999 -99999 -99999 -99999 -99999 -99999 -99999 -99999 -99999
43.299999237060546875 43.299999237060546875 37.700000762939453125 29.8600006103515625 38.083332061767578125 32.866664886474609375 39.983333587646484375 30.057142257690429688 46.450000762939453125 37.700000762939453125 42.18000030517578125 31.366666793823242188 29.299999237060546875 38.09999847412109375 36.016666412353515625 40.5 35.78333282470703125 35.78333282470703125 40.5 38.166667938232421875 48.90000152587890625 28.225000381469726562 40.4199981689453125 52.583332061767578125 54.34999847412109375 15 1 19 19 16 13 7 12 15 16 15 20 44 15 20 17 6 -99999 -99999 -99999 -99999 -99999 -99999 -99999 -99999 -99999 -99999 -99999 -99999 -99999 -99999 -99999 -99999 -99999 -99999 -99999 -99999 -99999 -99999
15 33.15000152587890625 43.299999237060546875 37.700000762939453125 39.299999237060546875 32.659999847412109375 36.09999847412109375 17.21666717529296875 16.4647064208984375 31.71666717529296875 26.53333282470703125 29.3600006103515625 26.975000381469726562 39.939998626708984375 39.939998626708984375 42.18000030517578125 39.799999237060546875 37.700000762939453125 43.299999237060546875 30 21 45.799999237060546875 50.924999237060546875 51.700000762939453125 14 5.6666665077209472656 23 20 21 6 34 5 6 8 21 10 5 15 26 21 23 30 -99999 -99999 -99999 -99999 -99999 -99999 -99999 -99999 -99999 -99999 -99999 -99999 -99999 -99999 -99999 -99999 -99999 -99999 -99999 -99999 -99999 -99999
6.5 18 33.571430206298828125 48.4333343505859375 43.299999237060546875 38.40000152587890625 36.766666412353515625 16.173334121704101562 12 21 12.290322303771972656 17.586362838745117188 36 42.200000762939453125 39.5571441650390625 41.200000762939453125 35.366664886474609375 38.733333587646484375 31 8 20 29 67 28 36 4.5 4 2 15 23 23 17 15 17 8 4 21 9 15 5 11 9 15 -99999 -99999 -99999 -99999 -99999 -99999 -99999 -99999 -99999 -99999 -99999 -99999 -99999 -99999 -99999 -99999 -99999 -99999 -99999 -99999 -99999
20 19 17 25 26.049999237060546875 35.125 36.759998321533203125 25.414285659790039062 14.608333587646484375 33.549999237060546875 12 14.166666984558105469 41.799999237060546875 30.049999237060546875 35.871429443359375 42.759998321533203125 48.90000152587890625 33.96666717529296875 -99999 26 14 60 68 8 25 -99999 26 15 22 16 34 10 7 24 11 12 10.5 24 12 10 14 14 27 10 -99999 -99999 -99999 -99999 -99999 -99999 -99999 -99999 -99999 -99999 -99999 -99999 -99999 -99999 -99999 -99999 -99999 -99999 -99999 -99999
41.90000152587890625 47 17 32 36.46666717529296875 35.833332061767578125 39.0666656494140625 36.450000762939453125 45.46666717529296875 35.833332061767578125 38.6399993896484375 20.457143783569335938 18.233333587646484375 35.955554962158203125 29.299999237060546875 51.1399993896484375 51.700000762939453125 40.875 39.84999847412109375 -99999 60 34 20 22 38 -99999 16 8 15 8 30 10 11 13 15.5 24.5 26 21.5 4.5 8 55 30 16 5 17 -99999 -99999 -99999 -99999 -99999 -99999 -99999 -99999 -99999 -99999 -99999 -99999 -99999 -99999 -99999 -99999 -99999 -99999 -99999
41.060001373291015625 48.125 52.700000762939453125 52 35.833332061767578125 33.96666717529296875 25 37.700000762939453125 38.40000152587890625 39.799999237060546875 49.174999237060546875 48 40.5 40.5 39.875 31.059999465942382812 36.8142852783203125 33 46.09999847412109375 51.700000762939453125 53 33 22 8 17 15 18 18 9 16 4 19 15 17 16 25 16 24 18.5 15 3 8 18 25 28 10 -99999 -99999 -99999 -99999 -99999 -99999 -99999 -99999 -99999 -99999 -99999 -99999 -99999 -99999 -99999 -99999 -99999 -99999
46.09999847412109375 44.0800018310546875 46.200000762939453125 50.52500152587890625 46.09999847412109375 39.299999237060546875 36.279998779296875 36.766666412353515625 37 46.09999847412109375 41.4199981689453125 36.240001678466796875 44.616664886474609375 48.90000152587890625 51.700000762939453125 42.52500152587890625 31.520000457763671875 36 40 34 70 35 19 24 -99999 16 10 18 9 10 12 5 17 13 3 14 17 14 23 8 22 25 17 20 33 5 7 11 -99999 -99999 -99999 -99999 -99999 -99999 -99999 -99999 -99999 -99999 -99999 -99999 -99999 -99999 -99999 -99999
46.09999847412109375 39.939998626708984375 28.833333969116210938 46.09999847412109375 44.700000762939453125 35.02500152587890625 44.979999542236328125 44.4199981689453125 39.700000762939453125 26.059999465942382812 20.375 15.300000190734863281 33.450000762939453125 41.450000762939453125 48.90000152587890625 44 42.53333282470703125 21 48 21 11 20 35 74 -99999 11 21 24 10 10 11 5 14 20 15.5 12 11 8 16 13 21 21 9 8 16 2 12 6 10 24 3 6 6 -99999 -99999 -99999 -99999 -99999 -99999 -99999 -99999 -99999 -99999 -99999
35.833332061767578125 40.96666717529296875 38.40000152587890625 37.700000762939453125 24.920000076293945312 13 13 43.299999237060546875 44 33.5 33.03333282470703125 24.633333206176757812 38.799999237060546875 36.46666717529296875 41.174999237060546875 37 16 15 29 41 27 22 28 -99999 8 7 27 23 32 29 6 9 16 22 9.5 23 28 9 13 17 6 26 14 11 14 16 29 21 8 17.333333969116210938 66.5 13.5 11 8 -99999 -99999 -99999 -99999 -99999 -99999 -99999 -99999 -99999 -99999
37.700000762939453125 35.833332061767578125 46.09999847412109375 41.4333343505859375 30.520000457763671875 27.299999237060546875 34.45999908447265625 35.233333587646484375 27.766666412353515625 32.09999847412109375 37.700000762939453125 42.700000762939453125 39.09999847412109375 38.59999847412109375 18 26 18 38 -99999 31 15 18 51 -99999 3 12 4 6 14 18 13 16 32 7 6 23 11 10 29 9.5 9 9 10 24 15 9 19 4 12 15 35 29.5 17 24.5 -99999 -99999 -99999 -99999 -99999 -99999 -99999 -99999 -99999 -99999
44.4199981689453125 46.09999847412109375 41.200000762939453125 48.90000152587890625 38.40000152587890625 41.700000762939453125 38.322223663330078125 33.04000091552734375 33.59999847412109375 32.09999847412109375 49.174999237060546875 47 -99999 -99999 -99999 7 12 16 25 10 -99999 -99999 25 17 12 19 8 4 10 5 5 14 21 20 7 13.5 25 7 11.5 6 14 10 23 45 22 12 9 5 17 28 26 17 21 18 21 -99999 -99999 -99999 -99999 -99999 -99999 -99999 -99999 -99999
36.020000457763671875 45.166667938232421875 41.200000762939453125 43.299999237060546875 27.433332443237304688 40.96666717529296875 47.220001220703125 35.799999237060546875 42.18000030517578125 48.90000152587890625 49.083332061767578125 48.90000152587890625 -99999 12 9 10 18 4 14 22 3 6 11 12 -99999 -99999 -99999 -99999 41 14 26 21 10 18 23 22 22 6 13 25 27 9 19 37 18 5 15.333333015441894531 22 36 24 28 21 8 6 46 8 12 -99999 -99999 -99999 -99999 -99999 -99999 -99999
43.439998626708984375 26.424999237060546875 15 38.583332061767578125 43.299999237060546875 46.09999847412109375 48.90000152587890625 38.9375 29.079999923706054688 33.96666717529296875 33.220001220703125 -99999 -99999 11 13 20 17 16 18 22 19 20 33 17 -99999 -99999 -99999 17 10 18 8 10 15 26 24 19 12 25 39 9 15 4 8 14 15 6 27 46.09999847412109375 35 32 41 23 42 34 34 12 12 12 -99999 -99999 -99999 -99999 -99999 -99999
43.299999237060546875 32.09999847412109375 40.15555572509765625 35.91249847412109375 40.5 15 26.399999618530273438 42.18000030517578125 37.700000762939453125 48.90000152587890625 40.5 -99999 -99999 16 7 12 10 6 8 12 8 12 9 19 -99999 -99999 -99999 17 16 18 10 22 32 10 23 18 7 14 11 26 14 15 18 18 12 27 27 33.259998321533203125 36.416667938232421875 43.766666412353515625 19 42 -99999 33 16 12 12 12 12 12 -99999 -99999 -99999 -99999
56.40000152587890625 56 36.939998626708984375 28.928571701049804688 56 35.5 43.666667938232421875 58 55 57.40000152587890625 58 -99999 -99999 11 11 38 29 11 21 7 45 3 16 25 -99999 -99999 -99999 -99999 6 6 25 11 19 7 20 6 17 19 14 17 18 30 7 13 5 27 35.15000152587890625 32.65000152587890625 32.40000152587890625 31.916666030883789062 35.325000762939453125 -99999 -99999 -99999 12 12 12 12 12 12 12 -99999 -99999 -99999
58 19 21.5 18.25 41 56 57 58 55 57 58 -99999 -99999 11 21 20 16 30 15 16 28 20 8 21 -99999 -99999 -99999 -99999 -99999 11 11 31 4 25 34 8 33 13 24 5 36 7 19 24 30.5 48 42.111110687255859375 26.883333206176757812 34.96666717529296875 33.266666412353515625 16 15 37.700000762939453125 -99999 -99999 12 12 12 12 12 12 -99999 -99999 -99999
39.09999847412109375 35.45999908447265625 28.079999923706054688 19.25 56 56 -99999 54.5 54.5 56.625 57.59999847412109375 54.5 54.5 8 18 18 4 9 16 16 17 26 37 -99999 -99999 -99999 -99999 -99999 -99999 19 18 18 21 6 8 20 13 17 6 19 12 17 20 37 25.333333969116210938 30.549999237060546875 34.81999969482421875 23.25 32.619998931884765625 41.174999237060546875 30.133333206176757812 30.566667556762695312 38.020000457763671875 27.53333282470703125 6.9000000953674316406 12 12 12 12 12 -99999 -99999 -99999 -99999
32.271427154541015625 30.133333206176757812 29.299999237060546875 26.5 -99999 -99999 -99999 51.700000762939453125 46.520000457763671875 38.54000091552734375 57 42.625 54.5 25 33 3 22 20 18 15 15 18 9 -99999 -99999 -99999 -99999 -99999 -99999 9 15 7 25 21 10 27 13 15 8 16 14 6 6 17 36.049999237060546875 40.916667938232421875 40.279998779296875 46.075000762939453125 33.625 37.74285888671875 29.079999923706054688 30.566667556762695312 38.1833343505859375 24.475000381469726562 10.524999618530273438 12.100000381469726562 12 12 27 43 47 -99999 -99999 -99999
27.5 30.133333206176757812 26.350000381469726562 32.09999847412109375 -99999 -99999 -99999 51.700000762939453125 51.700000762939453125 -99999 26 39.299999237060546875 54.5 4 10 5 12 3 7 14 3 -99999 -99999 -99999 -99999 -99999 -99999 -99999 -99999 13 20 5 9 16 16 27 13 16 15 8 13 15 6 24 39.45999908447265625 39.40000152587890625 41.383335113525390625 35.575000762939453125 28.350000381469726562 33.560001373291015625 23.233333587646484375 27 38.34999847412109375 43.666667938232421875 37.983333587646484375 35.25 24.579999923706054688 6 33 21 35 33 -99999 -99999
37.700000762939453125 37.700000762939453125 37.700000762939453125 37.700000762939453125 -99999 -99999 -99999 41.4333343505859375 38.633335113525390625 51.700000762939453125 -99999 40.25 -99999 21 15 9 8 12 30 31 -99999 -99999 -99999 -99999 -99999 -99999 -99999 -99999 -99999 12 23 29 14.800000190734863281 10 12 17 7 7 11 6 11 10 42 7 30.600000381469726562 44.4199981689453125 37.799999237060546875 33.799999237060546875 19 19 37.700000762939453125 37.700000762939453125 37.700000762939453125 43.924999237060546875 43.25 34.97499847412109375 39.875 40.5 35 23 34 25 27 51
32.659999847412109375 37.700000762939453125 32.09999847412109375 29.299999237060546875 -99999 -99999 -99999 41.4333343505859375 35.65000152587890625 37.5 54.333332061767578125 48 -99999 43 22 30 9 17 -99999 -99999 -99999 -99999 -99999 -99999 -99999 -99999 -99999 -99999 -99999 31 23 26 18.5 14 25 19 5 7 16 25 25 25 -99999 29.049999237060546875 35.03333282470703125 37.116664886474609375 38.733333587646484375 46.279998779296875 37.0666656494140625 19 18 30.799999237060546875 37.700000762939453125 52.233333587646484375 45.09999847412109375 44.075000762939453125 47.15000152587890625 36.0666656494140625 40.5 25 39 16 15 39
20.899999618530273438 29.299999237060546875 26.5 29.299999237060546875 18.233333587646484375 7.5 10 37.133335113525390625 21.5 11.5 26.666666030883789062 -99999 9 20 34 13 17 17 8 25 -99999 -99999 -99999 -99999 -99999 -99999 -99999 -99999 -99999 7 9 21 11 14 9 24 10 24 17 18 29 27.5 21 21 -99999 24 38.733333587646484375 46.325000762939453125 46.09999847412109375 46.09999847412109375 38.25 44.666667938232421875 32 51.799999237060546875 47.133335113525390625 42.740001678466796875 33.159999847412109375 16 31.399999618530273438 39.483333587646484375 26 32 35.5 11
34.90000152587890625 21.280000686645507812 29.299999237060546875 29.78333282470703125 13.425000190734863281 7.5454545021057128906 6.3333334922790527344 44.75 55.25 30 -99999 -99999 7 11 9 4 23 13 7 16 -99999 -99999 -99999 -99999 -99999 -99999 -99999 -99999 -99999 16 6 14 17 9 20 19 18 18 14 26 5 30 21 21 23 12 24 46.09999847412109375 46.09999847412109375 46.09999847412109375 43.90000152587890625 58.666667938232421875 58.5 -99999 40.5 40.5 42.174999237060546875 36.380001068115234375 37.3600006103515625 47 23.5 18 28 7
33.34999847412109375 42.740001678466796875 38.799999237060546875 42.366664886474609375 23.149999618530273438 9.3000001907348632812 31.166666030883789062 53 46.857143402099609375 53.75 -99999 26 12 8 13 19 27 10 7 29 29 -99999 -99999 -99999 -99999 -99999 -99999 -99999 -99999 6 11 18 12 6 6 14 12 4 15 25 25 -99999 21 21 25 10 12 38 -99999 46.09999847412109375 15.25 18 12 12 28 36.833332061767578125 43.333332061767578125 43.299999237060546875 40.075000762939453125 33 16 14 11 7
17.233333587646484375 39.075000762939453125 29.5 31.920000076293945312 21.228570938110351562 20.733333587646484375 31.399999618530273438 -99999 52.25 53 35 15 4 29 19 18 8 21 25 29 -99999 -99999 -99999 -99999 -99999 -99999 -99999 -99999 -99999 -99999 22 33 39 28 26 13 9 11 17 25 25 16 31 21 -99999 15 5 16 -99999 23 18 18 18.5 17.888889312744140625 20.75 39.142856597900390625 49.59999847412109375 37.700000762939453125 -99999 49 18 36 29.75 33.174999237060546875
12 12.666666984558105469 18 29.524999618530273438 12 12 -99999 -99999 -99999 33 17 20 7 25 18 14 44 32.5 25 29 -99999 -99999 -99999 -99999 -99999 -99999 -99999 -99999 -99999 -99999 -99999 3 24 18 11 10 2 5 21 21 21 39 33 18 -99999 35 61 35 48 9.5 36.5 42 7 35.333332061767578125 25 30 38.22222137451171875 28.899999618530273438 37.700000762939453125 38 38 59 32.6857147216796875 34.95999908447265625
31 12.5 41.90000152587890625 44.700000762939453125 21.287500381469726562 22.479999542236328125 29.299999237060546875 -99999 -99999 14 11 5 20 21 4 11 44 6 12 29 -99999 -99999 -99999 -99999 -99999 -99999 -99999 -99999 -99999 -99999 -99999 -99999 18 31 14 13 31 10 14 21 21 21 38 14.5 78 22 16 50 28 18 77 27 16.5 32 45.5 29.799999237060546875 39.40000152587890625 36 40 38 34 16.566667556762695312 37.700000762939453125 37.700000762939453125
