ForecastVariables/BuildingHeight_Mean_100m/BuildingHeightMean_Random1.asc
ncols        529
nrows        344
xllcorner    2700.000000000000
yllcorner    15900.000000000000
cellsize     100.000000000000
NODATA_value  -99999
[rows 140 to 167 of 344, columns 256 to 319 of 529]
-99999 8.5 8.5 10 20.5 42 5 -99999 23 34 16 28 -99999 -99999 17 17 44 45.0666656494140625 20 29.299999237060546875 24.079999923706054688 19.883333206176757812 17.166666030883789062 -99999 11 10 -99999 8.5 8.5 8.5 8.5 27 35 51 25 12.681818008422851562 15.928571701049804688 13.239130020141601562 14.153845787048339844 10.3125 11.272727012634277344 8.5384616851806640625 9.4642858505249023438 39 39 44 14 12.444444656372070312 9.5454549789428710938 7.8571429252624511719 11.454545021057128906 15.9375 8.5 8.5 14.8125 24.833333969116210938 21.5 17 17 6 24 13.5 18 47
8.5 8.5 8.5 23 48 15 34 -99999 -99999 -99999 29 13 28 34.5 29 37 25.333333969116210938 23.5 31.333333969116210938 -99999 71.3000030517578125 64.3000030517578125 51.700000762939453125 46.09999847412109375 34 34 34 8.5 8.5 8.5 8.5 26 36 16 24 53 15 13.600000381469726562 62 26 39 46 28 31 29 49 60 21 10 10 14.666666984558105469 13.25 8.5 8.5 15.899999618530273438 32.799999237060546875 10 6 14 28 26 36.333332061767578125 7 7
8.5 16.333333969116210938 18.333333969116210938 20 72 52.333332061767578125 29.666666030883789062 -99999 -99999 42.366664886474609375 31.166666030883789062 23.700000762939453125 34.90000152587890625 34.90000152587890625 31.950000762939453125 43.27500152587890625 31.450000762939453125 25.333333969116210938 32 -99999 64.76667022705078125 64.3000030517578125 53.5666656494140625 46.09999847412109375 21 23.5 12.5 -99999 8.5 8.5 29 31 56 33 21 46 33 31 14 44 50 18 42 32 50 71 23 16 24 33 39 -99999 -99999 9.8571424484252929688 19.5 8 14 22 14 25 23 33 7.5999999046325683594 8
11 14.285714149475097656 29.142856597900390625 69 34.666667938232421875 21.899999618530273438 32.28571319580078125 13 29.299999237060546875 37.700000762939453125 29.299999237060546875 18.774999618530273438 29.299999237060546875 25.299999237060546875 22.766666412353515625 46.09999847412109375 25 28 20 -99999 51.700000762939453125 66.633331298828125 64.3000030517578125 38.65000152587890625 28.5 13 10.5 12 -99999 -99999 47 27 50 21 67 7 38 14 45 22 31 31 11 23 25 22 30 31 25 12 53 -99999 -99999 -99999 27.5 18 8 40 16 41 22 20 7 8
11.666666984558105469 26.75 46.666667938232421875 43.5 18 23.444444656372070312 18 37 29.299999237060546875 24.225000381469726562 27.725000381469726562 33.47499847412109375 14 27.649999618530273438 29.299999237060546875 25 30 25 28 6.9000000953674316406 5.5 17 18.5 20 23 19 16 11.333333015441894531 -99999 -99999 -99999 67 8 21 13 9 30 11 58 51 20 12 -99999 -99999 32 46 28 26 47 -99999 -99999 16 16 8.5 8.7894735336303710938 12 42 19 17.333333969116210938 13.199999809265136719 16 19.375 10 -99999
56 21 -99999 -99999 12 56 15 25 -99999 29.299999237060546875 21.45999908447265625 52.633335113525390625 34.200000762939453125 41.90000152587890625 29.299999237060546875 35 36 44.700000762939453125 26.5 32.09999847412109375 14.366666793823242188 22.579999923706054688 27.399999618530273438 44.549999237060546875 32.333332061767578125 24 18.666666030883789062 11 -99999 -99999 -99999 6 19 49 73 39 33 68 6.5 11.5 41 -99999 17 -99999 20 30 -99999 -99999 -99999 -99999 -99999 16 11 8.5 8.462963104248046875 8.1190471649169921875 9 31 34.666667938232421875 28.600000381469726562 20.5 25.666666030883789062 16 19.333333969116210938
15 22 -99999 -99999 7.125 32 39.5 40.5 62.90000152587890625 24 36.020000457763671875 60.983333587646484375 37.1399993896484375 44.979999542236328125 27.899999618530273438 45 23 26.450000762939453125 19.5 32.09999847412109375 13 56 32.09999847412109375 53.09999847412109375 30.225000381469726562 45.45999908447265625 18 31 34 -99999 -99999 6 -99999 31 28 -99999 52 52 10 4 19 -99999 21 39 -99999 -99999 -99999 -99999 -99999 -99999 -99999 62 35.5 11.916666984558105469 12.800000190734863281 11.235294342041015625 13 12 34 26 17.142856597900390625 13.555555343627929688 27.5 32.25
63 19 26 59 32 30 17 23 55.9333343505859375 20.46666717529296875 33.96666717529296875 85.95999908447265625 72 24.700000762939453125 25.149999618530273438 26.133333206176757812 35.575000762939453125 28.760000228881835938 37.380001068115234375 34 47 39 25.049999237060546875 45.166667938232421875 33 36.97499847412109375 13 12.5 25 37.700000762939453125 37.700000762939453125 -99999 -99999 9 12 20.5 26 27.5 41.5 34.5 14.5 20 30 22.5 -99999 -99999 -99999 -99999 -99999 -99999 -99999 30.833333969116210938 25.375 26 36.59999847412109375 34.166667938232421875 7.1111111640930175781 36.5 37.75 29 20.25 10 20.333333969116210938 29
7.3333334922790527344 55 20 25 25 36 26 31 103 69.90000152587890625 49.833332061767578125 27.616666793823242188 12.5 16.333333969116210938 22 30.899999618530273438 36.90000152587890625 41.560001373291015625 32.575000762939453125 42.740001678466796875 20.100000381469726562 16.333333969116210938 31.100000381469726562 35.04000091552734375 44.700000762939453125 47.200000762939453125 14.439999580383300781 7.4000000953674316406 7.3333334922790527344 29.299999237060546875 37.700000762939453125 -99999 -99999 9 22 36.666667938232421875 41 38.59999847412109375 36 39 53 37 64 31.5 -99999 -99999 -99999 -99999 -99999 42.366664886474609375 37.700000762939453125 33 27.299999237060546875 21 43.333332061767578125 35.59999847412109375 29.75 34.333332061767578125 43 31 32 27 11 27
5.9285712242126464844 54 13 46 21 48 42 44 33 96.839996337890625 100.40000152587890625 30.21666717529296875 41.616664886474609375 46.09999847412109375 53.700000762939453125 67.09999847412109375 47.96666717529296875 39.299999237060546875 25.799999237060546875 32.799999237060546875 35.02500152587890625 14.333333015441894531 22.020000457763671875 19.96666717529296875 58.233333587646484375 51.700000762939453125 12.420000076293945312 7.75 8 37.700000762939453125 32 73 36.299999237060546875 47 40 36 26 50.5 24 28 21 22 28 24 15 -99999 -99999 40.75 38.799999237060546875 41.4333343505859375 38.90000152587890625 36.5 30.75 30.833333969116210938 38.125 41 32.200000762939453125 22.25 38 42.5 42.666667938232421875 24 19.799999237060546875 21
38 42 8 43 25 39 70 17 58.700000762939453125 44.700000762939453125 32.720001220703125 80.633331298828125 45.21666717529296875 45.619998931884765625 53.3111114501953125 53.5 36.766666412353515625 24.933332443237304688 27.433332443237304688 34.90000152587890625 33.424999237060546875 47.5 21.600000381469726562 18.799999237060546875 21.420000076293945312 13.399999618530273438 15 20.200000762939453125 18.25 37.700000762939453125 48 25 12.5 30.899999618530273438 13 24 28 50 30 28 7 48 12 12 9.5833330154418945312 8.5 8.5 30.700000762939453125 18.100000381469726562 51 46.5 40.666667938232421875 30.666666030883789062 37.666667938232421875 27.428571701049804688 37.71428680419921875 21.5 12.333333015441894531 23 40.666667938232421875 25 31 18 6
51 26 92 19 45 23 42 17 32.09999847412109375 62.0666656494140625 57.75714111328125 64.22499847412109375 74.15000152587890625 61.81999969482421875 61.81999969482421875 43.700000762939453125 59 12 21.45999908447265625 34.90000152587890625 38.53333282470703125 56.18000030517578125 46.09999847412109375 33.96666717529296875 31.600000381469726562 19.5 9 27 59 37.700000762939453125 40.84999847412109375 44 12.5 26.5 33.96666717529296875 28.366666793823242188 38.259998321533203125 40 14 26 27 30 16 9.4375 8.5 8.5 8.5 20.899999618530273438 21.45999908447265625 35.166667938232421875 23.837499618530273438 36.666667938232421875 30.571428298950195312 20.909090042114257812 22 24.5 19.625 14.111110687255859375 24 42 10 15 46 -99999
6.5 -99999 -99999 20 50 51 39 17 58.549999237060546875 58.549999237060546875 61.52500152587890625 52.116664886474609375 26.200000762939453125 14.116666793823242188 14.659999847412109375 12.928571701049804688 23 11 28 23.549999237060546875 32.09999847412109375 71.8600006103515625 27.666666030883789062 31.049999237060546875 37.700000762939453125 -99999 13 20 39 17 16 17 24.633333206176757812 46.09999847412109375 41.31999969482421875 39.09999847412109375 46.09999847412109375 36 58 64 44 31 10 8.0384616851806640625 8.5 8.5 8.5 11.716666221618652344 11.966666221618652344 9.985713958740234375 8.5 11.961538314819335938 12.699999809265136719 17.166666030883789062 13.142857551574707031 20 35 14.5 5 26 34.333332061767578125 46 33 25
32 -99999 29 29 17 29 42 17 28.933332443237304688 39.5666656494140625 46.09999847412109375 39.424999237060546875 20.149999618530273438 55.880001068115234375 42.59999847412109375 11.380000114440917969 26.825000762939453125 22.5 16.5 19.024999618530273438 -99999 102.09999847412109375 24.933332443237304688 29.299999237060546875 30.420000076293945312 70.84999847412109375 20 31 22 16 16.600000381469726562 16.666666030883789062 16.75 34.9333343505859375 22.549999237060546875 10.633333206176757812 12.5 40.5 8.5 8.5 8.5 8.5 8.5 8.5 8.5 8.5 8.5 9.6578950881958007812 12.714285850524902344 8.5 8.5 9.9583330154418945312 15.409090995788574219 10.8125 12.455555915832519531 16.799999237060546875 35 38.5 17 38.5 41.28571319580078125 39.25 37.666667938232421875 28.714284896850585938
11 43 3 17 32 8 54.4428558349609375 27.200000762939453125 34.90000152587890625 24.600000381469726562 34.90000152587890625 -99999 25 47.233333587646484375 41.880001068115234375 20.299999237060546875 49.833332061767578125 47.15000152587890625 14.25 21 -99999 30.233333587646484375 24.628570556640625 17.166666030883789062 22.299999237060546875 55.674999237060546875 87.65000152587890625 -99999 -99999 -99999 16 18.5 21 16.666666030883789062 22.125 9.6999998092651367188 5.5 8.111110687255859375 8.5 7 37 8.5 8.5 8.5 8.5 8.5 8.5 9.90476226806640625 14.399999618530273438 8.5 8.5 8.4090909957885742188 8.375 8.5 11.25 18.325000762939453125 23.725000381469726562 26.120000839233398438 26.666666030883789062 37 31.333333969116210938 27 33 21.5
13 53 37 15 40 22 22.766666412353515625 41.385715484619140625 88.3249969482421875 38.060001373291015625 29.299999237060546875 -99999 -99999 -99999 -99999 10 9 9.25 9 -99999 20 22.399999618530273438 20.899999618530273438 9.7368421554565429688 16.200000762939453125 16.233333587646484375 34.90000152587890625 -99999 -99999 -99999 -99999 -99999 16.25 16.600000381469726562 34.888889312744140625 18.72222137451171875 23 8.2941179275512695312 8.5 61 8 8.5 8.7068967819213867188 9.3846149444580078125 9.3225803375244140625 13.850000381469726562 28.166666030883789062 19 8.5 8.5 8.5 8.5 8.5 8.5 14.766666412353515625 33.5 39.5666656494140625 31.116666793823242188 32.333332061767578125 47.333332061767578125 32.5 20.5 22 25
31 31 48 19.5 22 8 34.90000152587890625 34.90000152587890625 -99999 12.5 12.5 -99999 -99999 -99999 -99999 9 7 11 -99999 20 20 12.5 11.25 8.1666669845581054688 23.299999237060546875 34 31 32 50 41 -99999 -99999 12 12.5 28 24 -99999 8.375 8.5 8.5 8.5 9.888889312744140625 12.538461685180664062 31 34.666667938232421875 40.666667938232421875 38 33.799999237060546875 38.666667938232421875 8.5 46 8.5 8.5 8.5 15.242856979370117188 41.90000152587890625 43.766666412353515625 35.22222137451171875 44.83750152587890625 41.119998931884765625 29.333333969116210938 23.25 27.600000381469726562 27.666666030883789062
48 64 23 15.5 34 37 123.5 88.33333587646484375 40.200000762939453125 19.5 21.25 14.5 10 49.25 50.5 6.5 41.90000152587890625 34.90000152587890625 20.975000381469726562 26.5 27.899999618530273438 30.700000762939453125 16.020000457763671875 12 55 65 40 101 27 -99999 84 15.75 10.230769157409667969 10.5 15 23.5 -99999 8.1428575515747070312 8.421875 8.1551723480224609375 23.142856597900390625 33.40000152587890625 35.5 28.5 34.5 41.75 39.857143402099609375 43.571430206298828125 56 27 12 11 8.5 8.5 9.8333330154418945312 29.299999237060546875 46.09999847412109375 25.816667556762695312 44 83 26.333333969116210938 21.166666030883789062 26.600000381469726562 30
19 30 28 14.5 34 38 112.5 80.25 45.0625 56.59999847412109375 22.666666030883789062 24 29.399999618530273438 76.75 86.33333587646484375 29.200000762939453125 36.779998779296875 29.725000381469726562 33.766666412353515625 71.3000030517578125 19.366666793823242188 33.03333282470703125 12 12 38 28.5 57.8600006103515625 69.1999969482421875 51.700000762939453125 59.333332061767578125 43.200000762939453125 26.75 10.071428298950195312 12.333333015441894531 10.125 8 -99999 -99999 36.75 22.333333969116210938 36.5 37.75 30.25 29.875 22.833333969116210938 16.09523773193359375 30.333333969116210938 34.71428680419921875 38.5 44 14 27 23 16 48 37.1399993896484375 33.78333282470703125 45 26 31 30.333333969116210938 28.600000381469726562 23 22.75
46 8.5 8.5 19 9 11 61 26.307691574096679688 20.399999618530273438 18.75333404541015625 16.363636016845703125 36.59999847412109375 24.5 11.166666984558105469 18.444444656372070312 13.580645561218261719 17.421052932739257812 27.399999618530273438 33.71666717529296875 10.666666984558105469 17.714284896850585938 40.5 23.450000762939453125 20.649999618530273438 24 17 22.174999237060546875 41.200000762939453125 27.549999237060546875 36.833332061767578125 11.933333396911621094 21.714284896850585938 10.777777671813964844 21.444444656372070312 8 10.5 19 19 31 24 30 33.333332061767578125 35.75 42.200000762939453125 24.25 19.714284896850585938 20.166666030883789062 33.833332061767578125 31.25 45 28 33 22 23 29 36.766666412353515625 28.587499618530273438 76 18 34 40 31 21.5 26.25
8.5 8.5 8.5 8.5 8.5 10.566666603088378906 14.333333015441894531 9.6666669845581054688 9.9333333969116210938 18.75 38.799999237060546875 20.363636016845703125 67 57 27 16.615385055541992188 43.666667938232421875 38.200000762939453125 17.5 27.375 28.350000381469726562 22.066667556762695312 36.866664886474609375 36.34999847412109375 33.880001068115234375 32.659999847412109375 28.475000381469726562 29.299999237060546875 37 13.444444656372070312 8.9111108779907226562 9.7142858505249023438 10.222222328186035156 11.333333015441894531 8.3333330154418945312 -99999 19 19 -99999 23.333333969116210938 23.666666030883789062 31 32.333332061767578125 38.333332061767578125 37.333332061767578125 37.333332061767578125 21 22 25.75 10.5 13.714285850524902344 13 8 28 12.5 29.299999237060546875 29.299999237060546875 26.5 22 22 8 19 19.799999237060546875 35.666667938232421875
14.699999809265136719 8.5 8.5 8.5 9.7115383148193359375 14.324999809265136719 12.699999809265136719 12.5 25 25 50 6 38 24 38 17.823530197143554688 33.142856597900390625 46 30.111110687255859375 16.583333969116210938 23.56363677978515625 59.166667938232421875 113.3000030517578125 36.40000152587890625 43.924999237060546875 37.700000762939453125 16 14.5 10 27.375 7.9166665077209472656 9.6296300888061523438 30.142856597900390625 32 -99999 -99999 14 25 16 24 32 32.25 28.333333969116210938 31.5 32.333332061767578125 32.5 31.666666030883789062 30.75 19.25 17 14.5 12.428571701049804688 87 32 23 26.96666717529296875 29.299999237060546875 29.299999237060546875 29.299999237060546875 15.300000190734863281 7.7666668891906738281 24.833333969116210938 29.333333969116210938 32.90000152587890625
29 61 8.5 8.5 8.5 13.1875 12.045454978942871094 11.134614944458007812 14.266666412353515625 23 -99999 18 27 38 41.909091949462890625 61.59999847412109375 24.181818008422851562 17.200000762939453125 21.173913955688476562 11.050000190734863281 22.455554962158203125 15.119999885559082031 21.833333969116210938 35.366664886474609375 44.549999237060546875 46.09999847412109375 25 19.799999237060546875 29 22.375 22 35.125 12.347826004028320312 8.1533336639404296875 21.433332443237304688 71.3000030517578125 14 26.25 28.25 16 43 36.333332061767578125 26.5 30.333333969116210938 30.333333969116210938 31 27 19.333333969116210938 21.25 13.5 17 24 21 25 17.399999618530273438 24.260000228881835938 39.5666656494140625 37.700000762939453125 42.366664886474609375 41.4333343505859375 41.4333343505859375 34 32.233333587646484375 28.850000381469726562
10 61 8.5 8.5 8.5 8.9250001907348632812 13.421052932739257812 9.6486482620239257812 10.393939018249511719 -99999 69 44.5 25 26.333333969116210938 29 36 42 38 18 11.012499809265136719 15.640000343322753906 13.899999618530273438 24.600000381469726562 37.65000152587890625 16 42 29.600000381469726562 28.799999237060546875 27.75 28.428571701049804688 17.636363983154296875 12.111110687255859375 5.4800000190734863281 22.018182754516601562 15.324999809265136719 55.619998931884765625 48.674999237060546875 49.53333282470703125 32.279998779296875 27 17 44 32 11 31 29.75 10 21 12 9.5714282989501953125 35.15000152587890625 18 36 35.549999237060546875 12.824999809265136719 14.683333396911621094 43.299999237060546875 36.95999908447265625 36.766666412353515625 54.5 24.633333206176757812 40 -99999 -99999
81 15 8.5 8.5 8.5 9.0749998092651367188 15.269230842590332031 9.7692308425903320312 10.640000343322753906 70 39.666667938232421875 39.666667938232421875 39 31.833333969116210938 20 49 18 24 14.238095283508300781 13.140000343322753906 31.899999618530273438 30.31999969482421875 37.65000152587890625 21 28 54 30.433332443237304688 32.77500152587890625 22.5 13 9.9166669845581054688 12 7.8000001907348632812 38.450000762939453125 28.625 60.09999847412109375 40.90000152587890625 34.340000152587890625 31.299999237060546875 44 33 20 13 8 22 6 10 21 18 27 39 34.90000152587890625 43.299999237060546875 47.5 6.9000000953674316406 17.875 29.299999237060546875 16 42 22 30 24 34 -99999
8.5 8.5 8.5 8.5 10.147058486938476562 11.942307472229003906 10.75 8.5882349014282226562 19.15384674072265625 51.75 48.75 34 32 13 47 16 18 48 23.615385055541992188 20.719999313354492188 32.09999847412109375 39.799999237060546875 23 40 5 41.060001373291015625 53.5666656494140625 62.3600006103515625 51.700000762939453125 -99999 -99999 -99999 24 25.100000381469726562 69.90000152587890625 37.700000762939453125 30.233333587646484375 16.700000762939453125 13.383333206176757812 22 24 35 42 4 11 8 6 10 -99999 7 11 34.90000152587890625 34.90000152587890625 34.90000152587890625 20.200000762939453125 22.766666412353515625 13.619999885559082031 22 21 11 33 19 15.75 7
8.5 8.5 8.5 8.5 8.9375 11.902777671813964844 12.705882072448730469 8 51.59999847412109375 53.40000152587890625 58 24.142856597900390625 16.166666030883789062 5 10 14 40 31 41 65.6999969482421875 61.5 26.549999237060546875 70 21 7 24.6888885498046875 48.200000762939453125 43.8600006103515625 26.333333969116210938 23.700000762939453125 34.90000152587890625 34.90000152587890625 34.90000152587890625 42.366664886474609375 62.340000152587890625 37.700000762939453125 28.739999771118164062 10.399999618530273438 19.975000381469726562 26 21 23 33 23 9 29 -99999 -99999 -99999 -99999 -99999 34.90000152587890625 34.90000152587890625 34.90000152587890625 29.299999237060546875 20.899999618530273438 12.5 12.359999656677246094 7.3333334922790527344 14.75 13 16 31 26
11.285714149475097656 8.5 8.5 8.5 8.5 10 20.076923370361328125 49.333332061767578125 50.833332061767578125 68 105.33333587646484375 22.142856597900390625 12.199999809265136719 8 26.5 27 35 17 21 12 8.6666669845581054688 20 66 16 15 32 78.76667022705078125 46.799999237060546875 11.142857551574707031 17.54000091552734375 28.739999771118164062 28.340000152587890625 29 43.799999237060546875 45.049999237060546875 37.700000762939453125 40 40 48 18 41 30 57 -99999 -99999 -99999 -99999 -99999 -99999 -99999 -99999 34.90000152587890625 34.90000152587890625 34.90000152587890625 34.90000152587890625 20.899999618530273438 14.933333396911621094 19.600000381469726562 24 31 15 23 52 14
