ForecastVariables/BuildingHeight_Mean_100m/BuildingHeightMean_Random4.asc
ncols        529
nrows        344
xllcorner    2700.000000000000
yllcorner    15900.000000000000
cellsize     100.000000000000
NODATA_value  -99999
[rows 0 to 27 of 344, columns 192 to 255 of 529]
-99999 -99999 -99999 -99999 -99999 -99999 -99999 -99999 -99999 -99999 -99999 -99999 -99999 -99999 -99999 -99999 -99999 -99999 -99999 -99999 -99999 -99999 -99999 -99999 -99999 -99999 -99999 -99999 -99999 -99999 -99999 -99999 -99999 -99999 -99999 -99999 -99999 13 11.666666984558105469 15 15 7 -99999 -99999 -99999 -99999 -99999 -99999 -99999 -99999 -99999 -99999 -99999 -99999 -99999 -99999 -99999 -99999 -99999 -99999 -99999 -99999 -99999 -99999
-99999 -99999 -99999 -99999 -99999 -99999 -99999 -99999 -99999 -99999 -99999 -99999 -99999 -99999 -99999 -99999 -99999 -99999 -99999 -99999 -99999 -99999 -99999 -99999 -99999 -99999 -99999 -99999 -99999 -99999 -99999 -99999 20 15.333333015441894531 14 13.5 13.5 15.5 10.142857551574707031 13.833333015441894531 15 7 -99999 -99999 -99999 -99999 -99999 -99999 -99999 -99999 -99999 -99999 -99999 -99999 -99999 -99999 -99999 -99999 -99999 -99999 -99999 -99999 -99999 -99999
-99999 -99999 -99999 -99999 -99999 -99999 -99999 -99999 -99999 -99999 -99999 -99999 -99999 -99999 -99999 -99999 -99999 -99999 -99999 -99999 -99999 -99999 -99999 -99999 -99999 -99999 8 15.666666984558105469 13 7.3333334922790527344 11.75 14 16.25 12.800000190734863281 10 8 15 9.8000001907348632812 8.6666669845581054688 9.5 10.5 -99999 -99999 -99999 -99999 -99999 5 5 -99999 -99999 -99999 -99999 -99999 -99999 -99999 -99999 -99999 -99999 -99999 -99999 -99999 -99999 -99999 -99999
-99999 -99999 -99999 -99999 -99999 -99999 -99999 -99999 -99999 -99999 -99999 -99999 -99999 -99999 -99999 -99999 -99999 -99999 -99999 -99999 -99999 -99999 -99999 -99999 -99999 8.3333330154418945312 12.333333015441894531 10.5 6.5 9.25 11 8.6000003814697265625 9.3999996185302734375 10.166666984558105469 13.25 14.857142448425292969 13 9.4285717010498046875 8.8571424484252929688 8.3999996185302734375 -99999 -99999 -99999 -99999 -99999 -99999 -99999 -99999 -99999 -99999 -99999 -99999 -99999 -99999 -99999 -99999 -99999 -99999 -99999 -99999 -99999 -99999 -99999 -99999
-99999 -99999 -99999 -99999 -99999 -99999 -99999 -99999 -99999 -99999 -99999 -99999 -99999 -99999 -99999 -99999 -99999 -99999 -99999 -99999 -99999 -99999 -99999 -99999 -99999 10.333333015441894531 10.600000381469726562 8.3999996185302734375 8.6666669845581054688 8.75 9.5 6.75 8.3333330154418945312 8.8000001907348632812 8.3999996185302734375 8.5 9.5 10.25 9 12 -99999 -99999 -99999 -99999 -99999 -99999 -99999 -99999 -99999 -99999 -99999 -99999 -99999 -99999 7.5 8.7142858505249023438 11 -99999 -99999 -99999 -99999 -99999 -99999 -99999
-99999 -99999 -99999 -99999 -99999 -99999 -99999 -99999 -99999 -99999 -99999 -99999 -99999 -99999 -99999 -99999 -99999 -99999 -99999 -99999 -99999 -99999 -99999 -99999 10 6 7.1428570747375488281 7.8571429252624511719 9 7.6666665077209472656 10 8.8000001907348632812 8.75 9.4285717010498046875 10 9 8.3333330154418945312 11.5 15 -99999 -99999 -99999 -99999 -99999 -99999 -99999 -99999 -99999 -99999 -99999 -99999 -99999 -99999 21.5 15.5 11 9.3333330154418945312 15 -99999 -99999 -99999 -99999 -99999 -99999
-99999 -99999 -99999 -99999 -99999 -99999 -99999 -99999 -99999 -99999 -99999 -99999 -99999 -99999 -99999 -99999 -99999 -99999 -99999 -99999 -99999 -99999 -99999 -99999 10 8.25 8 9 11.333333015441894531 9.7142858505249023438 8.5 7 9.3999996185302734375 10 11.222222328186035156 9.5555553436279296875 19.333333969116210938 16.666666030883789062 17 -99999 -99999 -99999 -99999 11 4 -99999 -99999 -99999 17 17 -99999 -99999 -99999 21.5 19 23 16 12.5 7.5 -99999 -99999 -99999 -99999 -99999
-99999 -99999 -99999 -99999 -99999 -99999 -99999 -99999 -99999 -99999 -99999 -99999 -99999 -99999 -99999 -99999 -99999 -99999 -99999 -99999 -99999 -99999 -99999 -99999 -99999 7.6666665077209472656 8.6666669845581054688 9 11 10.166666984558105469 9.5555553436279296875 8.5 12.5 10.399999618530273438 10 31 41 26.5 8.75 7 -99999 7 10 11.333333015441894531 4 5 7.5 9.75 17 17 -99999 -99999 19 13.5 15.666666984558105469 23 23 5.25 6 -99999 -99999 -99999 -99999 -99999
-99999 -99999 -99999 -99999 -99999 -99999 -99999 -99999 -99999 -99999 -99999 -99999 -99999 -99999 -99999 -99999 -99999 32 33.333332061767578125 -99999 -99999 -99999 -99999 -99999 13 11 10.666666984558105469 8.625 9.0833330154418945312 8.75 9.2941179275512695312 8.5555553436279296875 10.800000190734863281 14.833333015441894531 31.5 46 43.5 38 44.5 51 51 38 7.5 8.1666669845581054688 11 -99999 10 9.75 11.5 -99999 -99999 -99999 19 12.666666984558105469 8 -99999 -99999 -99999 -99999 -99999 -99999 -99999 -99999 -99999
-99999 -99999 -99999 -99999 -99999 -99999 -99999 -99999 -99999 -99999 -99999 -99999 -99999 -99999 -99999 9 3 36 34 34 -99999 -99999 -99999 7 10 12 10 8 8.5555553436279296875 8.6521739959716796875 8.1538457870483398438 10.375 12.428571701049804688 17.333333969116210938 31.5 20 38 38 38 51.5 47 38 39 40 9.3333330154418945312 11.333333015441894531 11.5 6 10.666666984558105469 19 -99999 -99999 -99999 8 8 8 -99999 -99999 -99999 -99999 -99999 -99999 -99999 -99999
-99999 -99999 -99999 -99999 -99999 -99999 -99999 -99999 -99999 -99999 -99999 -99999 -99999 -99999 14 10.5 7.75 40 40 34 -99999 10 14 19 9 28 7 8 7.6666665077209472656 10.090909004211425781 10.545454978942871094 10 7 -99999 -99999 20 26 38 83 47 27 28 17 47 27 12 11.5 5 12.5 -99999 14 14 -99999 -99999 8 8 8 -99999 -99999 -99999 -99999 -99999 -99999 -99999
-99999 -99999 -99999 -99999 -99999 -99999 -99999 -99999 -99999 -99999 -99999 -99999 28 16 21 9 7 19 18 -99999 22 1 7 18 8.6666669845581054688 8 3 26 21 9.3333330154418945312 10 10.666666984558105469 14 14 -99999 -99999 32 8 56 56 13 30 39 59 33 32 35 6.5 18 12.600000381469726562 9.3333330154418945312 11 -99999 -99999 6 6 7.5 -99999 -99999 -99999 -99999 -99999 -99999 -99999
-99999 -99999 -99999 -99999 -99999 -99999 -99999 -99999 -99999 -99999 -99999 14 12 9 28 10 28 10 12 20.5 9.3999996185302734375 5 28 7 7.4000000953674316406 10 9 2 40 42.5 17.5 16.5 7 8.3333330154418945312 12.5 11 18 86 21 33 14 22.5 23 49 35 39 36 27 18 18 6 8.5 -99999 -99999 6 6.3333334922790527344 4.5 -99999 -99999 -99999 -99999 -99999 -99999 -99999
-99999 -99999 -99999 -99999 -99999 -99999 -99999 -99999 -99999 23 10 12 27 11 19 16 5 13 18 11 10.199999809265136719 8 8.5 7.3333334922790527344 8 7.6666665077209472656 23.333333969116210938 21.75 18 23.25 16.25 14 10 10.333333015441894531 9.5 -99999 34 13 30 57 24.333333969116210938 16.333333969116210938 37 31 28 60.5 22 30 13 33 44 9 1 14 18 13 6.1999998092651367188 -99999 -99999 -99999 -99999 -99999 8 -99999
-99999 -99999 -99999 -99999 -99999 -99999 -99999 -99999 -99999 14 17 20 7 30 20 7 10 4 9 11 10.714285850524902344 10.142857551574707031 9.5 9.75 7.6666665077209472656 9 20.333333969116210938 15.333333015441894531 18.75 17.25 11.333333015441894531 9.75 9.3333330154418945312 11.666666984558105469 5 28 36 11 17 25 25 31 12 31.5 32 37.5 33 17 56 38 37 15 10 37 43 17 44 -99999 4.75 5 6 6 9 9.25
-99999 -99999 -99999 -99999 -99999 -99999 -99999 -99999 44 19 28.5 19 10 9 17 15 6 11 6 9.6666669845581054688 10 13.399999618530273438 23 27 17.333333969116210938 9 17.333333969116210938 11.25 14.571428298950195312 10.125 9.7142858505249023438 9.6666669845581054688 15 36 27 10 10 77 48 25 77 54 15 28 15.5 15.5 51 20 50 19 19 45 26 33 11 40 29 5.5999999046325683594 5 4.5999999046325683594 5 6 5.5 10.214285850524902344
-99999 -99999 -99999 -99999 -99999 -99999 -99999 20 10 32 14.5 12 7 12 15 35 10 13 -99999 12 15 21.666666030883789062 27.666666030883789062 26 26 22.25 16.666666030883789062 12.25 9.3333330154418945312 8.8000001907348632812 10.25 7 15 19 21 11 48 45 46.0666656494140625 38.166667938232421875 28.739999771118164062 44.4199981689453125 48.875 18 30 11 40 38 17 22 30 27 51 31 46 25 45 22 5.5999999046325683594 5 6.1428570747375488281 5.6666665077209472656 22 41
-99999 -99999 -99999 -99999 -99999 -99999 -99999 23 43 -99999 -99999 25 17 11 31 15.5 23.5 31 31 -99999 29 27 31.666666030883789062 27.666666030883789062 16 17.166666030883789062 13.5 8.5 11.25 12.600000381469726562 5 9 15 10 44.59999847412109375 50 49 47 49.479999542236328125 29.31999969482421875 30.225000381469726562 34.520000457763671875 52.40000152587890625 19 39 50 32 27 43 69 4 12 22 16 38 52 52 43 44 3.4000000953674316406 5 4.3333334922790527344 12 29
-99999 -99999 -99999 -99999 -99999 -99999 8 42 28 -99999 16 48 35.5 15 20 18.666666030883789062 31 31 31 24 22.77777862548828125 22.799999237060546875 12.5 8.6999998092651367188 11.5 12.75 9 12 18.799999237060546875 15 12 18 20 43 43 32.333332061767578125 33.333332061767578125 26 -99999 31.333333969116210938 16.433332443237304688 32.09999847412109375 34.200000762939453125 -99999 34 25 29 17 25 50 19 29 28 28 64 20 14 18 29 3 35 6 25 15
-99999 -99999 -99999 28 31 19 15 66.5 28 30 28 19 41 31 31 31 31 29 25.333333969116210938 23.299999237060546875 16.53333282470703125 7.3846154212951660156 6.8461537361145019531 8.0833330154418945312 12.5 9 6.5 10 12.727272987365722656 18.5 39.25 43 43 20.333333969116210938 13.666666984558105469 11.166666984558105469 16 26 -99999 15 32.5 36.799999237060546875 43.4199981689453125 35.34999847412109375 30.233333587646484375 18 18 24 28 53 9 20 49 21 21 38 63 20 72 28 48 8 16 21
5 24 21 68 22 23 35 31 34 27 50 31 26 31 31 21.5 15 24 12.899999618530273438 7.6363635063171386719 8 8.4285717010498046875 7.7777776718139648438 7.3333334922790527344 9.6666669845581054688 31 15 14.600000381469726562 10.181818008422851562 16.909090042114257812 43 26.25 9.3333330154418945312 9.5 9 7.2142858505249023438 11 26 -99999 48.700000762939453125 42.659999847412109375 37.97499847412109375 36.97499847412109375 36.560001373291015625 40.5 35.45999908447265625 30.233333587646484375 37.233333587646484375 36 52 14 38 42 12 17 19 30 19 24 5 34 38 63 25
5 23 24 20 12 42 46.5 21 10 29 23 17.5 18 27 37.666667938232421875 13.666666984558105469 13.666666984558105469 18 7.25 7.8571429252624511719 8.2142858505249023438 9 9.375 8.8333330154418945312 14 30 35 13.875 17 14.399999618530273438 19.666666030883789062 9.3333330154418945312 9.1000003814697265625 9.3333330154418945312 8.6000003814697265625 17 14 26 -99999 46.0666656494140625 31.68000030517578125 36.21428680419921875 35.0571441650390625 38.34999847412109375 36.137500762939453125 40.5 30.233333587646484375 30.979999542236328125 27.200000762939453125 31.68000030517578125 27.433332443237304688 50 23 24 79 18 34 36 45.75 53 30 35 -99999 -99999
-99999 -99999 13 42 44 33 33.333332061767578125 17.5 23 22.5 34 23 18 18 46 14 14.5 20 28 7.7777776718139648438 7 8.6666669845581054688 8.5 8.1666669845581054688 8 46.333332061767578125 65 16 18.5 12.5 12.555555343627929688 9 9 9.25 11.5 32.5 35 35 -99999 35.575000762939453125 33.299999237060546875 31.899999618530273438 34.200000762939453125 43.299999237060546875 37.1399993896484375 37.388889312744140625 36.90000152587890625 37 29.649999618530273438 33.03333282470703125 33.220001220703125 74 49 6 61 47.03333282470703125 53 15 50.575000762939453125 41.616664886474609375 53 -99999 -99999 -99999
-99999 19 37 25 16 10 16 23 28 51 25 4 15 18 20.5 27 11 18 8 20 6.5 7.5714287757873535156 8 8 -99999 62 62 21 20.666666030883789062 10.5 9.7777776718139648438 12 14.5 14.666666984558105469 18.666666030883789062 29.666666030883789062 29 34 46.09999847412109375 46.09999847412109375 46.09999847412109375 47.075000762939453125 35.59999847412109375 37.700000762939453125 30.420000076293945312 42.09999847412109375 40.5 27.433332443237304688 30.233333587646484375 30.233333587646484375 38.633335113525390625 40.5 40.5 38.40000152587890625 23 48.5 31 18 21 31.633333206176757812 37.1399993896484375 -99999 -99999 -99999
-99999 44 55 47 26 39 54 28.5 5 23.666666030883789062 33 22.5 20.5 17 33 13 4 20 11 11 8 -99999 -99999 40.5 37 31.54000091552734375 -99999 4.0999999046325683594 14.333333015441894531 11.5 17 23.5 21 19 24 18 20.600000381469726562 27 46.09999847412109375 46.09999847412109375 46.09999847412109375 33.220001220703125 24.81999969482421875 30 9.6999998092651367188 14 54 22 65 -99999 -99999 -99999 -99999 35 28.5 23.5 39.5 17 13 15 27.200000762939453125 43.299999237060546875 -99999 -99999
-99999 27 15 74 36 24 34 29 16 41 31 43 16.5 11.5 11 -99999 11.444444656372070312 11.928571701049804688 13 -99999 -99999 18.100000381469726562 33.03333282470703125 40.5 33.03333282470703125 29.450000762939453125 46.09999847412109375 32.09999847412109375 23.524999618530273438 16.666666030883789062 21.5 19 22.666666030883789062 24 16.666666030883789062 16.166666030883789062 16.399999618530273438 22 46.09999847412109375 46.09999847412109375 35.833332061767578125 22.524999618530273438 28.825000762939453125 39.09999847412109375 32.09999847412109375 27 18 18 36 -99999 -99999 -99999 -99999 16 18.5 12 26 29.5 15 22.299999237060546875 22.579999923706054688 36.583332061767578125 23.149999618530273438 -99999
-99999 31 28 52 36 16 49 -99999 14 22 14 6 6 18.5 21 22 22 -99999 -99999 29.333333969116210938 36.766666412353515625 34.90000152587890625 36.766666412353515625 40.5 38.633335113525390625 28.350000381469726562 32.549999237060546875 46.09999847412109375 37.700000762939453125 22.766666412353515625 9.9499998092651367188 11.5 10 20 18.666666030883789062 13.333333015441894531 20.666666030883789062 -99999 46.09999847412109375 35.833332061767578125 30.924999237060546875 38.625 38.625 36.133335113525390625 39.25 26.549999237060546875 33.0666656494140625 46.09999847412109375 33.96666717529296875 44.700000762939453125 -99999 -99999 -99999 -99999 29 28 47 46 39.09999847412109375 31.399999618530273438 29.116666793823242188 33.22499847412109375 35.65000152587890625 -99999
17 -99999 21 24 36 31 -99999 -99999 -99999 40 31 16 27.5 47 30 24 25.100000381469726562 28.366666793823242188 34.924999237060546875 26.983333587646484375 28.899999618530273438 28.18000030517578125 25.100000381469726562 15.300000190734863281 33.96666717529296875 30.799999237060546875 17 31.549999237060546875 43.299999237060546875 34.90000152587890625 32.09999847412109375 8.4499998092651367188 10 20 37 36.333332061767578125 24 -99999 40.5 37.700000762939453125 33.220001220703125 35.59999847412109375 36.0666656494140625 20 38.5800018310546875 44 35.833332061767578125 37.24285888671875 40.5 46.09999847412109375 -99999 -99999 -99999 16 56 29 28.739999771118164062 32.09999847412109375 32.09999847412109375 28.739999771118164062 39.5666656494140625 28.350000381469726562 44.5 53
