ForecastVariables/BuildingHeight_Mean_100m/BuildingHeightMean_Random2.asc
ncols        529
nrows        344
xllcorner    2700.000000000000
yllcorner    15900.000000000000
cellsize     100.000000000000
NODATA_value  -99999
[rows 168 to 195 of 344, columns 192 to 255 of 529]
40.666667938232421875 55.5 18.350000381469726562 8.5 39 30 8 8.5 8.5 8.5 8.5 8.5 8.5 8.5 8.5 8.5 8.5 25 25 26 8.5 8.5 8.5 8.5 8.5 8.5 8.5 8.5 8.5 8.5 8.5 8.5 12.741666793823242188 33.950000762939453125 8.5 8.5 8.5 8.5 8.5 8.5 8.5 7.75 13.571428298950195312 13.714285850524902344 13.199999809265136719 9.6666669845581054688 8.5 23 15 8.5 8.5 8.5 13.199999809265136719 8.7142858505249023438 11.545454978942871094 26.5 41 58.666667938232421875 9.5 8.5 8.5 10.1875 19.75 26
50.666667938232421875 49.5 12.03125 8.5 8.5 8.5 21 13.25 9.1875 8.5 8.5 8.5 8.5 8.5 8.5 8.5 8.5 9.875 11.800000190734863281 10.857142448425292969 8.5 8.5 8.5 8.5 8.5 8.5 8.5 8.5 8.5 8.5 8.5 10.722222328186035156 21 12.090909004211425781 8.5 8.5 8.5 8.5 8.5 8.5 8.5 8 8.6666669845581054688 7 -99999 10.5 9.3333330154418945312 8.5 8.5 28 39 36 13.928571701049804688 13 10.636363983154296875 25.181818008422851562 37.666667938232421875 32.666667938232421875 27.875 38.666667938232421875 58.5 65 22 28
61 17 8.5 8.5 20 24 25 22.200000762939453125 8.8235292434692382812 8.5 8.5 8.5 8.5 8.5 8.5 8.5 8.5 8.5 8.5 8.5 8.5 8.5 8.5 8.5 8.5 8.5 8.5 8.5 8.5 16.5 14.966666221618652344 60.84999847412109375 30.333333969116210938 15.5 8.5 8.5 8.5 8.5 8.5 8.5 8.5 -99999 -99999 14 14 8 8.5 8.5 8.5 8.5 22 15 78 11.555555343627929688 13.444444656372070312 27 38.5 62.25 31.5 21.75 45.666667938232421875 50 41.333332061767578125 21
13.53125 8.2941179275512695312 8.5 8.5 17 59 18.950000762939453125 12.125 16 8.5 8.5 8.5 8.5 8.5 8.5 8.5 8.5 8.5 8.5 8.5 8.5 8.5 8.5 8.5 8.5 8.5 50.666667938232421875 129.5 124 79.4499969482421875 27.899999618530273438 32.5 30 17 8.5 8.5 8.5 8.5 8.5 8.5 8.5 11 11 14 8.5 8.5 8.5 8.5 8.5 8.5 22 13 11.399999618530273438 17 25 17.22222137451171875 27.75 39.333332061767578125 37.59999847412109375 25.399999618530273438 35.5 37.571430206298828125 25.444444656372070312 15.5
21.950000762939453125 8.5 8.5 8.5 8.5 8.5 32 26 13 30 8.5 8.5 8.5 8.5 8.5 8.5 8.5 8.5 8.5 8.5 8.5 8.5 8.5 8.5 8.5 8.5 138 138 138 80 17.75 17.399999618530273438 18 13.899999618530273438 8.5 8.5 8.5 8.5 8.5 8.5 6.5 6.8000001907348632812 9 8.5 8.5 8.5 31 25 8.5 8.5 8.5 16 11.444444656372070312 33.59999847412109375 34.888889312744140625 20.200000762939453125 14.142857551574707031 31.5 31.375 40.200000762939453125 31.25 17.333333969116210938 35.799999237060546875 37.25
13.538461685180664062 8.5 8.5 8.5 8.5 8.5 8.5 24 65 15 13 31 15 46 8.5 8.5 8.625 8.6666669845581054688 8.5 8.5 8.5 8.5 8.5 8.5 8.5 39.625 52 97 138 17.333333969116210938 17.600000381469726562 17.25 14.666666984558105469 16.25 -99999 -99999 8.5 8.5 8.5 -99999 9 -99999 -99999 8.5 8.5 8.5 21 17 8.5 9.3333330154418945312 11.735294342041015625 12.347826004028320312 12.47058868408203125 31 37 26.666666030883789062 22.428571701049804688 34.833332061767578125 18.25 14.166666984558105469 23.181818008422851562 17.714284896850585938 17.299999237060546875 29.666666030883789062
20 10.833333015441894531 10.600000381469726562 10.166666984558105469 9.7250003814697265625 8.5 8.5 5 35 21 45 12 35 8.5 8.5 8.5 44 11.3125 8.388889312744140625 9.9499998092651367188 21.25 20.700000762939453125 15 8.5 8.5 51.28571319580078125 52.77777862548828125 -99999 31 23.571428298950195312 27.200000762939453125 21.75 14 15 -99999 -99999 8.5 8.5 8.5 -99999 7.5 -99999 -99999 8.5 8.5 8.5 34 16 8.5 11.636363983154296875 11.944444656372070312 15.857142448425292969 29.600000381469726562 33.59999847412109375 26.200000762939453125 28.333333969116210938 20 19.333333969116210938 4.8000001907348632812 5.2857141494750976562 6 6.5 8.5 10.555555343627929688
33 22 63 36 10.833333015441894531 8.75 8.5 8.5 40 34.40000152587890625 34.47499847412109375 33.15000152587890625 12 7.5 8.125 17 28 35 7.125 10.125 20.625 11.875 7.1153845787048339844 12.333333015441894531 22.600000381469726562 36.5555572509765625 21.666666030883789062 -99999 38.5 31.600000381469726562 33.833332061767578125 12.800000190734863281 13.833333015441894531 14 -99999 -99999 -99999 -99999 9 9 -99999 -99999 -99999 8.5 8.5 8.5 11 14 8.5 11.708333015441894531 12 14.909090995788574219 25.666666030883789062 37.333332061767578125 33 33.5 15.5 6.5 10.666666984558105469 11 5.25 6 6.5 6.1428570747375488281
19 26 20 28 51 31 21 9.25 11 32.40000152587890625 16.53333282470703125 30 15 22 42.633335113525390625 22 15 31.5 6.5999999046325683594 10.75 15.800000190734863281 14.333333015441894531 6.8181819915771484375 12.571428298950195312 13.75 19.25 21.666666030883789062 29 46 48 22.142856597900390625 12.75 13.666666984558105469 -99999 -99999 -99999 -99999 -99999 -99999 -99999 3.8333332538604736328 7 3 7.7142858505249023438 8.5 8.5 8.5 8.5 8.5 8.5 8.9375 13.75 37.5 42.40000152587890625 61 44.40000152587890625 14.5 29 21 21 10.5 4.6666665077209472656 5 21.428571701049804688
19.166666030883789062 34 13 24 33 49 25 11 15.333333015441894531 18.700000762939453125 26.31999969482421875 15.666666984558105469 21 24 84.1999969482421875 106 23 25 15 10.199999809265136719 7.5555553436279296875 7 8.7272729873657226562 21.625 23 22 26 -99999 20.399999618530273438 22 31 52 17.600000381469726562 -99999 -99999 -99999 -99999 -99999 -99999 -99999 -99999 4 -99999 8.5 8.5 17.666666030883789062 8.5 8.5 8.5 8.5 8.5 16.5 13.399999618530273438 31.399999618530273438 61 149 32.59999847412109375 35 32 37.833332061767578125 26.200000762939453125 7 5.75 5.4000000953674316406
21.75 15.666666984558105469 6 38.5 27 23 78 29.6399993896484375 123 31.166666030883789062 26.399999618530273438 27.350000381469726562 31 49 16.5 39 29 62.90000152587890625 35.950000762939453125 40.53333282470703125 13.385714530944824219 7 7 14.428571701049804688 31.333333969116210938 28 34 15.833333015441894531 11.300000190734863281 17.375 14.625 19.799999237060546875 22 21 -99999 -99999 -99999 -99999 -99999 -99999 -99999 3.6666667461395263672 3 8.5 12.071428298950195312 27.333333969116210938 13.199999809265136719 4 8.5 8.5 8.5 18 11.199999809265136719 27.666666030883789062 87.75 63.40000152587890625 24.833333969116210938 33 61.333332061767578125 43.333332061767578125 15.75 -99999 62 41
18.200000762939453125 15.333333015441894531 14 17 29 40 40.34999847412109375 88.720001220703125 67.05999755859375 8.7749996185302734375 38.75 31.399999618530273438 27 32 12 11.840000152587890625 27.899999618530273438 55.4333343505859375 62.90000152587890625 46.09999847412109375 25.825000762939453125 6.625 7.4000000953674316406 8 39.5 26.166666030883789062 31.25 8.5 8.5 8.5 8.4375 10.949999809265136719 12.3125 6.8333334922790527344 8 -99999 -99999 10 -99999 -99999 -99999 -99999 -99999 8.25 13.5 28.333333969116210938 22 7.1999998092651367188 6.6999998092651367188 13.071428298950195312 10.600000381469726562 11.444444656372070312 9 16.5 38 82.75 29 46.299999237060546875 83 36.5 19.5 16 16 49.333332061767578125
16.166666030883789062 15.5 16.428571701049804688 15.142857551574707031 38.659999847412109375 59.6399993896484375 25.450000762939453125 19 20 7.0333333015441894531 6 32 12 21 -99999 11.100000381469726562 11.100000381469726562 51.700000762939453125 62.90000152587890625 56.59999847412109375 48.90000152587890625 12.5 12.560000419616699219 21.066667556762695312 28.840000152587890625 28.53333282470703125 27 11.649999618530273438 8.5 8.5 8.5 8.5 8.5 9.75 18 -99999 -99999 -99999 -99999 -99999 -99999 -99999 4 6.1999998092651367188 13 33.40000152587890625 38.5 8 5 19.75 22.75 15.625 9.8571424484252929688 5.8888888359069824219 14.600000381469726562 55 37.71428680419921875 23.857143402099609375 109 36 25.25 35.5 18.666666030883789062 47.857143402099609375
-99999 6.75 11.571428298950195312 30 35.766666412353515625 32.375 33 7 22 42 49.5 15 43 42 62.5 30 19 60.450000762939453125 50.299999237060546875 46.09999847412109375 34.90000152587890625 25.899999618530273438 22.866666793823242188 14.366666793823242188 7.1750001907348632812 20.979999542236328125 7.5 5.75 8.5 8.5 8.5 8.5 38 15 19 7.5 -99999 -99999 -99999 -99999 -99999 -99999 -99999 -99999 -99999 22 37.333332061767578125 33 17.25 26.166666030883789062 20.5 12 16.75 12.5 19 40.666667938232421875 49 32 94 37.5555572509765625 35.333332061767578125 41.59999847412109375 22.666666030883789062 20.555555343627929688
9 9 32 21 57.174999237060546875 19.5 27.333333969116210938 19 26 11 12 66 17 6 76.33333587646484375 40 31 13 38.174999237060546875 11.324999809265136719 19.149999618530273438 27.475000381469726562 23.725000381469726562 17.649999618530273438 18.100000381469726562 25.04000091552734375 3 6.6666665077209472656 8.5 8.5 8.5 8.5 28 28 4.3333334922790527344 4 5.25 9 7 7 -99999 3 33 41 81 8 31 39.5 27 26.571428298950195312 15.368420600891113281 16 37.75 44.71428680419921875 25 43.166667938232421875 29 23 37 53.59999847412109375 82.1999969482421875 56.571430206298828125 18.9411773681640625 12.947368621826171875
9 9 -99999 81.97499847412109375 99.22499847412109375 28.399999618530273438 28.600000381469726562 41.15000152587890625 61 44 20 86 27 75 8 16.5 9 26 24 16 30.666666030883789062 23.666666030883789062 26.200000762939453125 29.299999237060546875 23.914285659790039062 34 3.6666667461395263672 4 8.5 8.5 8.5 8.5 46 30 4 4 5 9 4.5 5 5.3333334922790527344 38 45 34 42 20 23 24 7 17 14.5 16.46666717529296875 55.40000152587890625 98 45 29 48.40000152587890625 35.71428680419921875 45.833332061767578125 29.5 74.5 22.0588226318359375 12 39.5
-99999 22 22 30 37.700000762939453125 31.416666030883789062 29.799999237060546875 8.5 26 28.5 68 65 10 49 54.75 26 22 28 11 37 35 27 16 31.5 24 28 5 5 8.5 8.5 8.5 19 40 15 36 3.75 5 5.5 4.75 5 5 21 25 19 -99999 -99999 17.666666030883789062 36 34 44.5 40 30 20 14 50 49 133 77.66666412353515625 88.25 126 29 41.5 52 46.833332061767578125
8 22 22 -99999 28.600000381469726562 32.299999237060546875 36 26 26 26 13 23 7 7 41 57.5 15 44 16 46 18 32 44 14 16 22 5 4.6666665077209472656 8.5 8.5 8.5 8.5 34 71 27 41 6 4.8000001907348632812 -99999 35 23 8.5 36 43 44 52 28 16 6 24.299999237060546875 49.333332061767578125 33 50 9 36 70.1999969482421875 97.5 15 27 62 46.5 67 67 36
15 22 15 11 27.933332443237304688 28.266666412353515625 19.333333969116210938 26 9.5 9.5 10 35 9 8 12 52 51.25 19 47 33.5 43 24 93 33 9 48 11 11 8.5 8.5 8.5 8.5 11 56 24 14 5.3333334922790527344 4.25 5.5 39 38 8.5 8.5 8.5 18 63 25 8.5 8.5 8.5 75 21.399999618530273438 10.678571701049804688 43.916667938232421875 19.119047164916992188 8.5 33.4545440673828125 31 36 13 23 36 12 54.75
22 25 19.666666030883789062 12 3 15 17 17 14.333333015441894531 36 7.8000001907348632812 9 31.666666030883789062 30.5 15 50.333332061767578125 49.25 32 32.5 44 60.516666412353515625 47.424999237060546875 27 6 39 26 26 52 8.5 8.5 8.5 8.5 16 33 63 21 5.5 6.3333334922790527344 35 42 19 8.5 8.5 8.5 31 22 8.5 8.5 8.5 8.5 51 15.300000190734863281 8.5 8.5 8.5 8.5 14.208333015441894531 28 49 33 47 21 15 52
18 24 21.399999618530273438 25 42 25 6 17 6 17 12 19.5 17 24 44 31.5 18 28 22 25 16 6.9200000762939453125 80.633331298828125 13 25 16 18 22 32 8.5 8.5 8.5 28 30 15 -99999 -99999 8 8.25 7.6999998092651367188 7.3571429252624511719 10.666666984558105469 10.9375 10.666666984558105469 8.5 8.5 8.5 8.5 8.5 8.5 28.75 20.75 12.318181991577148438 8.5 8.5 13.694444656372070312 35.375 36.833332061767578125 36.666667938232421875 19 45 -99999 36 27
-99999 18 8 82 86 20 7 86 24.666666030883789062 38.857143402099609375 59.25 56.666667938232421875 47 53 17 38 36.5 30.5 66 14 37 5.5 17.95999908447265625 25.333333969116210938 23 14.5 16 27 28 38 27 6.5833334922790527344 35 8 8 6.6666665077209472656 -99999 8 7 6.6666665077209472656 10.333333015441894531 18.833333969116210938 19.875 8.5 8.5 8.5 8.5 8.5 8.5 8.5 8.5 34.5 57.75 90 99 25.700000762939453125 56.5 86 9.25 31 28 8 27 54
-99999 -99999 29 28 29 24 17 38 16 12 134 69.66666412353515625 45.5 37 27.5 12 56 38.5 21 29 24 25 29.299999237060546875 26.850000381469726562 16.659999847412109375 11.199999809265136719 6.9000000953674316406 13 29 44 32 70 5 -99999 8 8 8 8.75 8 8 5.75 7.0999999046325683594 10.166666984558105469 8.5 8.5 8.5 8.5 8.5 8.5 8.5 11.611110687255859375 42.333332061767578125 83 70.5 72 33.5 22 -99999 4 86 81 86.25 20 16
-99999 32 26.333333969116210938 2 43 41 4 23 26 32 78 58 52.799999237060546875 35 25 18.5 13 37 14 39 54 6 38 39 6 13 11.566666603088378906 29 35 14 29 32 -99999 8 37 7.3333334922790527344 8 7.5999999046325683594 7 7.5 5.4000000953674316406 5 4 8.5 8.5 8.5 8.5 8.5 8.5 8.5 10.785714149475097656 17.333333969116210938 51.25 82.66666412353515625 44.166667938232421875 28.166666030883789062 23 -99999 35 11 66.5 89 100.5 61.833332061767578125
19 23.5 16.72727203369140625 13.666666984558105469 16 39 13 19 13 8 7 28.666666030883789062 40.5 24 41 17.5 17.5 56 10 21 21 9 37 43 73 43 24 9.520000457763671875 26 11 31 22 42 33 4 43 9 -99999 6 5.8000001907348632812 4.8333334922790527344 4 -99999 8.5 8.5 8.5 8.5 8.5 8.5 8.5 8.5 18.5 70.66666412353515625 30.090909957885742188 13.214285850524902344 10.923076629638671875 11 8.5 10 42 85 105.5 77.1999969482421875 44.666667938232421875
23.333333969116210938 17.555555343627929688 16.818181991577148438 29 12 12 43 44 29 18.799999237060546875 10.25 23.5 34.333332061767578125 38.5 30 14 14 33 32 23 20 12 38 28 22 24 61 5.9333333969116210938 20.899999618530273438 29 10 14 30 17 17.5 20 6 -99999 -99999 -99999 20 23 8.5 8.5 8.5 8.5 8.5 8.5 8.5 8.5 8.5 8.5 12 19.75 47.5 52 36.428569793701171875 20 41 27 8 21 60 35
19.200000762939453125 32.166667938232421875 31.22222137451171875 38 13.5 13.5 10.5 -99999 29 20 13.833333015441894531 20.399999618530273438 40 33 30 -99999 21.5 29.5 19 47 30 29 14 20 30 27 15 60.09999847412109375 46.09999847412109375 41.4333343505859375 18 25 10.333333015441894531 16 80.5142822265625 104.90000152587890625 67.90000152587890625 97.22499847412109375 41.299999237060546875 10 10.199999809265136719 -99999 8.8333330154418945312 9.5833330154418945312 12.214285850524902344 9.636363983154296875 8.5 9.5555553436279296875 10.111110687255859375 8.3125 8.5 9.5 9.7777776718139648438 33.799999237060546875 40.09999847412109375 22.899999618530273438 15.615385055541992188 14.5 128 125 40 33 48.5 50
6.75 17.428571701049804688 25.399999618530273438 24.200000762939453125 20.166666030883789062 13.666666984558105469 24.142856597900390625 -99999 -99999 28 23.25 41 29 19 53 -99999 17.5 34 31 13 30 41 18 30 38 45 19 36.68000030517578125 50.416667938232421875 45 23.566667556762695312 18 54.54000091552734375 74.8000030517578125 68.5 47.5 52.259998321533203125 45.825000762939453125 13.666666984558105469 16.5 9.5 -99999 11.199999809265136719 12.166666984558105469 13.222222328186035156 25 11 14 19 10.4375 12.571428298950195312 8.75 15.625 25.166666030883789062 33.333332061767578125 40.666667938232421875 22.666666030883789062 19.625 21.600000381469726562 85 14 14 14 12
