ForecastVariables/BuildingHeight_Mean_100m/BuildingHeightMean_Random1.asc
ncols        529
nrows        344
xllcorner    2700.000000000000
yllcorner    15900.000000000000
cellsize     100.000000000000
NODATA_value  -99999
[rows 84 to 111 of 344, columns 320 to 383 of 529]
15.300000190734863281 26.5 33.5 43.299999237060546875 12 12 36.766666412353515625 38.633335113525390625 30.979999542236328125 36.766666412353515625 41.619998931884765625 38.90000152587890625 30.516666412353515625 49.266666412353515625 31.25 34.840000152587890625 40.424999237060546875 25.31999969482421875 41.060001373291015625 40.5 42.325000762939453125 40.279998779296875 46.02500152587890625 48.200000762939453125 46.09999847412109375 17 29.5 31.5 32 -99999 27 28 16 36 11 41 16 7 5 26 14 19 9 -99999 -99999 -99999 -99999 -99999 -99999 -99999 -99999 -99999 -99999 -99999 -99999 -99999 -99999 -99999 -99999 -99999 -99999 -99999 -99999 -99999
43.299999237060546875 43.299999237060546875 37.700000762939453125 29.8600006103515625 38.083332061767578125 32.866664886474609375 39.983333587646484375 30.057142257690429688 46.450000762939453125 37.700000762939453125 42.18000030517578125 31.366666793823242188 29.299999237060546875 38.09999847412109375 36.016666412353515625 40.5 35.78333282470703125 35.78333282470703125 40.5 38.166667938232421875 48.90000152587890625 28.225000381469726562 40.4199981689453125 52.583332061767578125 54.34999847412109375 38 23 34 22 4 7 29 17 5 13 18 7 13 10 4 15 16 -99999 -99999 -99999 -99999 -99999 -99999 -99999 -99999 -99999 -99999 -99999 -99999 -99999 -99999 -99999 -99999 -99999 -99999 -99999 -99999 -99999 -99999
15 33.15000152587890625 43.299999237060546875 37.700000762939453125 39.299999237060546875 32.659999847412109375 36.09999847412109375 17.21666717529296875 16.4647064208984375 31.71666717529296875 26.53333282470703125 29.3600006103515625 26.975000381469726562 39.939998626708984375 39.939998626708984375 42.18000030517578125 39.799999237060546875 37.700000762939453125 43.299999237060546875 33 23 45.799999237060546875 50.924999237060546875 51.700000762939453125 10 5.6666665077209472656 63 2 6 17 12 28 13 17 7 11 24 4 20 3 9 11 -99999 -99999 -99999 -99999 -99999 -99999 -99999 -99999 -99999 -99999 -99999 -99999 -99999 -99999 -99999 -99999 -99999 -99999 -99999 -99999 -99999 -99999
6.5 20 33.571430206298828125 48.4333343505859375 43.299999237060546875 38.40000152587890625 36.766666412353515625 16.173334121704101562 12 21 12.290322303771972656 17.586362838745117188 36 42.200000762939453125 39.5571441650390625 41.200000762939453125 35.366664886474609375 38.733333587646484375 10 31 78 12 67 17 11 4.5 4 48 27 28 17 10 8 3 21 22 6 21 19 8 12 12 5 -99999 -99999 -99999 -99999 -99999 -99999 -99999 -99999 -99999 -99999 -99999 -99999 -99999 -99999 -99999 -99999 -99999 -99999 -99999 -99999 -99999
14 33 39 8 26.049999237060546875 35.125 36.759998321533203125 25.414285659790039062 14.608333587646484375 33.549999237060546875 12 14.166666984558105469 41.799999237060546875 30.049999237060546875 35.871429443359375 42.759998321533203125 48.90000152587890625 33.96666717529296875 -99999 17 39 60 28 23 40 -99999 20 19 22 5 11 13 21 14 35 23.5 16 1 9 14 16 11 7 8 -99999 -99999 -99999 -99999 -99999 -99999 -99999 -99999 -99999 -99999 -99999 -99999 -99999 -99999 -99999 -99999 -99999 -99999 -99999 -99999
41.90000152587890625 11 16 15 36.46666717529296875 35.833332061767578125 39.0666656494140625 36.450000762939453125 45.46666717529296875 35.833332061767578125 38.6399993896484375 20.457143783569335938 18.233333587646484375 35.955554962158203125 29.299999237060546875 51.1399993896484375 51.700000762939453125 40.875 39.84999847412109375 -99999 60 26 14 45 16 -99999 13 9 21 15 9 22 3 33 9.5 13.5 10 6.5 8 19 17 6 19 12 16 -99999 -99999 -99999 -99999 -99999 -99999 -99999 -99999 -99999 -99999 -99999 -99999 -99999 -99999 -99999 -99999 -99999 -99999 -99999
41.060001373291015625 48.125 52.700000762939453125 52 35.833332061767578125 33.96666717529296875 25 37.700000762939453125 38.40000152587890625 39.799999237060546875 49.174999237060546875 48 40.5 40.5 39.875 31.059999465942382812 36.8142852783203125 45 46.09999847412109375 51.700000762939453125 13 19 28 37 14 9 11 11 4 9 16 14 10 23 10 7 9 16 9.5 21.5 10 21 16 11 11 9 -99999 -99999 -99999 -99999 -99999 -99999 -99999 -99999 -99999 -99999 -99999 -99999 -99999 -99999 -99999 -99999 -99999 -99999
46.09999847412109375 44.0800018310546875 46.200000762939453125 50.52500152587890625 46.09999847412109375 39.299999237060546875 36.279998779296875 36.766666412353515625 37 46.09999847412109375 41.4199981689453125 36.240001678466796875 44.616664886474609375 48.90000152587890625 51.700000762939453125 42.52500152587890625 31.520000457763671875 17 35 50 13 65 10 28 -99999 15 6 9 19 30 5 6 32 17.5 25 13 20 27 11 13 14.5 7 14 7 14 16 40 9 -99999 -99999 -99999 -99999 -99999 -99999 -99999 -99999 -99999 -99999 -99999 -99999 -99999 -99999 -99999 -99999
46.09999847412109375 39.939998626708984375 28.833333969116210938 46.09999847412109375 44.700000762939453125 35.02500152587890625 44.979999542236328125 44.4199981689453125 39.700000762939453125 26.059999465942382812 20.375 15.300000190734863281 33.450000762939453125 41.450000762939453125 48.90000152587890625 44 42.53333282470703125 33 16 37 26 19 16 36 -99999 34 14 20 15 18 12 7 3 47 14 4 10 7 12 24 19 30 11 11 9 17 32 8 25 10 8 20 15 -99999 -99999 -99999 -99999 -99999 -99999 -99999 -99999 -99999 -99999 -99999
35.833332061767578125 40.96666717529296875 38.40000152587890625 37.700000762939453125 24.920000076293945312 13 13 43.299999237060546875 44 33.5 33.03333282470703125 24.633333206176757812 38.799999237060546875 36.46666717529296875 41.174999237060546875 27 70 25 40 8 37 26 55 -99999 7 17 8 11 7 21 9 19 8 20 12.5 7 11 18 14 11 9.5 17 21 17 12 12 37 8 11 13.333333015441894531 31.5 44.5 16 10 -99999 -99999 -99999 -99999 -99999 -99999 -99999 -99999 -99999 -99999
37.700000762939453125 35.833332061767578125 46.09999847412109375 41.4333343505859375 30.520000457763671875 27.299999237060546875 34.45999908447265625 35.233333587646484375 27.766666412353515625 32.09999847412109375 37.700000762939453125 42.700000762939453125 39.09999847412109375 38.59999847412109375 18 59 17 29 -99999 23 29 23 20 -99999 30 3 28 13 13 17 16 16 14 8 9.5 17 37 23 17 18 8 14 31 20 8 15 5 11 32 14 56 13 10.5 23 -99999 -99999 -99999 -99999 -99999 -99999 -99999 -99999 -99999 -99999
44.4199981689453125 46.09999847412109375 41.200000762939453125 48.90000152587890625 38.40000152587890625 41.700000762939453125 38.322223663330078125 33.04000091552734375 33.59999847412109375 32.09999847412109375 49.174999237060546875 47 -99999 -99999 -99999 10 14 22 39 15 -99999 -99999 7 10 10 7 14 14 9 14 12 11 11 6 9 22 16 19 13 25 19 32 26 15 9 13 8 7 35.5 28 16 66 29 45 29 -99999 -99999 -99999 -99999 -99999 -99999 -99999 -99999 -99999
36.020000457763671875 45.166667938232421875 41.200000762939453125 43.299999237060546875 27.433332443237304688 40.96666717529296875 47.220001220703125 35.799999237060546875 42.18000030517578125 48.90000152587890625 49.083332061767578125 48.90000152587890625 -99999 21 21 26 25 5 7 3 11 25 29 11 -99999 -99999 -99999 -99999 36 5 7 11 26 11 23 26 19.5 23.5 17 24 24 13 29 13 7 9 15.333333015441894531 7 43 28 18 48 39 16 37 42 12 -99999 -99999 -99999 -99999 -99999 -99999 -99999
43.439998626708984375 26.424999237060546875 15 38.583332061767578125 43.299999237060546875 46.09999847412109375 48.90000152587890625 38.9375 29.079999923706054688 33.96666717529296875 33.220001220703125 -99999 -99999 9 14 14 10 11 10 21 17 7 9 5 -99999 -99999 -99999 14 14 36 9 18 11 14 15 20 5 6 7 11 25 15 6 27 13 22 27 46.09999847412109375 40 36 32 33 35 47 9 12 12 12 -99999 -99999 -99999 -99999 -99999 -99999
43.299999237060546875 32.09999847412109375 40.15555572509765625 35.91249847412109375 40.5 15 26.399999618530273438 42.18000030517578125 37.700000762939453125 48.90000152587890625 40.5 -99999 -99999 16 15 25 35 15 9 21 22 4 13 8 -99999 -99999 -99999 15 30 20 6 23 3 22 8 17 25 2 7 9 17 19 11 8 12 27 27 33.259998321533203125 36.416667938232421875 43.766666412353515625 29 24 -99999 21 22 12 12 12 12 12 -99999 -99999 -99999 -99999
56.40000152587890625 56 36.939998626708984375 28.928571701049804688 56 35.5 43.666667938232421875 58 55 57.40000152587890625 58 -99999 -99999 27 22 5 19 18 10 21 20 17 12 7 -99999 -99999 -99999 -99999 8 17 31 9 33 22 24 14 9 9 38 28 20 15 25 39 26 27 35.15000152587890625 32.65000152587890625 32.40000152587890625 31.916666030883789062 35.325000762939453125 -99999 -99999 -99999 12 12 12 12 12 12 12 -99999 -99999 -99999
58 19 21.5 18.25 41 56 57 58 55 57 58 -99999 -99999 6 34 21 17 29 26 24 9 45 13 24 -99999 -99999 -99999 -99999 -99999 9 8 27 32 12 5 13 17 15 22 18 10 10 18 24 30.5 48 42.111110687255859375 26.883333206176757812 34.96666717529296875 33.266666412353515625 16 15 37.700000762939453125 -99999 -99999 12 12 12 12 12 12 -99999 -99999 -99999
39.09999847412109375 35.45999908447265625 28.079999923706054688 19.25 56 56 -99999 54.5 54.5 56.625 57.59999847412109375 54.5 54.5 6 20 21 7 11 9 24 19 10 27 -99999 -99999 -99999 -99999 -99999 -99999 9 16 12 11 10 15 15 17 36 8 32 16 23 3 37 25.333333969116210938 30.549999237060546875 34.81999969482421875 23.25 32.619998931884765625 41.174999237060546875 30.133333206176757812 30.566667556762695312 38.020000457763671875 27.53333282470703125 6.9000000953674316406 12 12 12 12 12 -99999 -99999 -99999 -99999
32.271427154541015625 30.133333206176757812 29.299999237060546875 26.5 -99999 -99999 -99999 51.700000762939453125 46.520000457763671875 38.54000091552734375 57 42.625 54.5 15 25 8 25 21 11 19 24 13 5 -99999 -99999 -99999 -99999 -99999 -99999 12 24 13 23 7 15 9 23 4 15 25 19 18 15 46 36.049999237060546875 40.916667938232421875 40.279998779296875 46.075000762939453125 33.625 37.74285888671875 29.079999923706054688 30.566667556762695312 38.1833343505859375 24.475000381469726562 10.524999618530273438 12.100000381469726562 12 12 17 29 39 -99999 -99999 -99999
27.5 30.133333206176757812 26.350000381469726562 32.09999847412109375 -99999 -99999 -99999 51.700000762939453125 51.700000762939453125 -99999 26 39.299999237060546875 54.5 20 36 8 14 16 24 30 17 -99999 -99999 -99999 -99999 -99999 -99999 -99999 -99999 15 17 8 10 8 9 7 4 16 16 5 12 14 13 9 39.45999908447265625 39.40000152587890625 41.383335113525390625 35.575000762939453125 28.350000381469726562 33.560001373291015625 23.233333587646484375 27 38.34999847412109375 43.666667938232421875 37.983333587646484375 35.25 24.579999923706054688 20 22 13 24 37 -99999 -99999
37.700000762939453125 37.700000762939453125 37.700000762939453125 37.700000762939453125 -99999 -99999 -99999 41.4333343505859375 38.633335113525390625 51.700000762939453125 -99999 40.25 -99999 13 14 6 11 25 10 19 -99999 -99999 -99999 -99999 -99999 -99999 -99999 -99999 -99999 15 12 27 14.800000190734863281 17 19 13 18 17 7 17 14 11 13 32 30.600000381469726562 44.4199981689453125 37.799999237060546875 33.799999237060546875 19 19 37.700000762939453125 37.700000762939453125 37.700000762939453125 43.924999237060546875 43.25 34.97499847412109375 39.875 40.5 34 31 47 10 58 38
32.659999847412109375 37.700000762939453125 32.09999847412109375 29.299999237060546875 -99999 -99999 -99999 41.4333343505859375 35.65000152587890625 37.5 54.333332061767578125 48 -99999 28 19 9 38 20 -99999 -99999 -99999 -99999 -99999 -99999 -99999 -99999 -99999 -99999 -99999 8 19 26 18.5 14 11 22 34 61 16 25 25 25 -99999 29.049999237060546875 35.03333282470703125 37.116664886474609375 38.733333587646484375 46.279998779296875 37.0666656494140625 19 18 30.799999237060546875 37.700000762939453125 52.233333587646484375 45.09999847412109375 44.075000762939453125 47.15000152587890625 36.0666656494140625 40.5 25 28 42 43 55
20.899999618530273438 29.299999237060546875 26.5 29.299999237060546875 18.233333587646484375 7.5 10 37.133335113525390625 21.5 11.5 26.666666030883789062 -99999 12 9 11 13 8 8 31 6 -99999 -99999 -99999 -99999 -99999 -99999 -99999 -99999 -99999 23 16 13 16 14 15 14 4 14 19 22 8 27.5 21 21 -99999 24 38.733333587646484375 46.325000762939453125 46.09999847412109375 46.09999847412109375 38.25 44.666667938232421875 32 51.799999237060546875 47.133335113525390625 42.740001678466796875 33.159999847412109375 16 31.399999618530273438 39.483333587646484375 51 26 42 19
34.90000152587890625 21.280000686645507812 29.299999237060546875 29.78333282470703125 13.425000190734863281 7.5454545021057128906 6.3333334922790527344 44.75 55.25 30 -99999 -99999 14 4 8 15 22 8 5 12 -99999 -99999 -99999 -99999 -99999 -99999 -99999 -99999 -99999 30 3 8 5 15 6 29 27 22 9 49 13 30 21 21 23 16 24 46.09999847412109375 46.09999847412109375 46.09999847412109375 43.90000152587890625 58.666667938232421875 58.5 -99999 40.5 40.5 42.174999237060546875 36.380001068115234375 37.3600006103515625 22 39.5 61 19 7
33.34999847412109375 42.740001678466796875 38.799999237060546875 42.366664886474609375 23.149999618530273438 9.3000001907348632812 31.166666030883789062 53 46.857143402099609375 53.75 -99999 14 11 10 12 14 16 23 17 29 29 -99999 -99999 -99999 -99999 -99999 -99999 -99999 -99999 5 6 10 23 20 15 16 6 21 4 25 25 -99999 21 21 25 15 17 8 -99999 46.09999847412109375 15.25 18 12 12 28 36.833332061767578125 43.333332061767578125 43.299999237060546875 40.075000762939453125 40 23 15 61 7
17.233333587646484375 39.075000762939453125 29.5 31.920000076293945312 21.228570938110351562 20.733333587646484375 31.399999618530273438 -99999 52.25 53 20 13 26 5 29 13 17 21 25 29 -99999 -99999 -99999 -99999 -99999 -99999 -99999 -99999 -99999 -99999 12 20 4 16 7 32 9 11 17 25 25 26 40 21 -99999 18 4 8 -99999 8 18 18 18.5 17.888889312744140625 20.75 39.142856597900390625 49.59999847412109375 37.700000762939453125 -99999 38 21 32 29.75 33.174999237060546875
16 12.666666984558105469 18 29.524999618530273438 12 12 -99999 -99999 -99999 8 10 12 13 5 14 25 44 32.5 25 29 -99999 -99999 -99999 -99999 -99999 -99999 -99999 -99999 -99999 -99999 -99999 27 13 9 10 12 11 16 21 21 21 16 18 15 -99999 27 25 19 56 22 40 27 5 35.333332061767578125 25 30 38.22222137451171875 28.899999618530273438 37.700000762939453125 38 38 9 32.6857147216796875 34.95999908447265625
28 12.5 41.90000152587890625 44.700000762939453125 21.287500381469726562 22.479999542236328125 29.299999237060546875 -99999 -99999 17 5 16 34 6 28 23 44 13 33 29 -99999 -99999 -99999 -99999 -99999 -99999 -99999 -99999 -99999 -99999 -99999 -99999 10 21 29 19 18 7 11 21 21 19 10 7.5 26 23 12 22 20 10 17 19.5 17.5 51 45.5 29.799999237060546875 39.40000152587890625 36 40 38 34 16.566667556762695312 37.700000762939453125 37.700000762939453125
