ForecastVariables/BuildingHeight_Mean_100m/BuildingHeightMean_Random4.asc
ncols        529
nrows        344
xllcorner    2700.000000000000
yllcorner    15900.000000000000
cellsize     100.000000000000
NODATA_value  -99999
[rows 168 to 195 of 344, columns 256 to 319 of 529]
9.5833330154418945312 8.5 8.5 10.961538314819335938 12.875 13.652173995971679688 13.666666984558105469 28.22222137451171875 20 74 57 41.40000152587890625 29.166666030883789062 10.363636016845703125 10.111110687255859375 12.875 53 -99999 -99999 -99999 10.666666984558105469 19 31.316667556762695312 62 45 26 29 38 24.633333206176757812 19.457143783569335938 25.450000762939453125 21.149999618530273438 21.714284896850585938 21.25 12 32 50 19 20 31 34 5 71.3000030517578125 -99999 29.5 31 34 -99999 -99999 35 44 34.90000152587890625 34.90000152587890625 34.90000152587890625 43.299999237060546875 39.799999237060546875 40.5 34.15000152587890625 24 66 37 22 31 35.5
17.571428298950195312 8.8055553436279296875 9.7083330154418945312 13.555555343627929688 14.166666984558105469 14.428571701049804688 65 47.111110687255859375 19.72727203369140625 82.66666412353515625 42.5 38 20 47 21 53 12 24.700000762939453125 44 26.5 35 9 37.700000762939453125 42 39 30 22 12 23.274999618530273438 36.575000762939453125 28.728570938110351562 22.799999237060546875 20 14.800000190734863281 13.666666984558105469 51 21 46 69 5 38 7.718181610107421875 18.260000228881835938 -99999 31.450000762939453125 31.475000381469726562 32.666667938232421875 16.266666412353515625 17.166666030883789062 30.100000381469726562 33.75 9.6666669845581054688 12.666666984558105469 20.475000381469726562 27.620000839233398438 38.95999908447265625 47.96666717529296875 25.020000457763671875 6 30 34 21 22 37.666667938232421875
23.75 11.25 12.777777671813964844 19.285715103149414062 10.571428298950195312 8.3333330154418945312 62.666667938232421875 63.75 83 106 44 24 56 8 44 27 51 29 21.5 15.285714149475097656 15.199999809265136719 -99999 -99999 30 27 32 47 28 61.220001220703125 29.975000381469726562 28.5 17 21 21.5 23 21.666666030883789062 29 48 32 34 20.950000762939453125 13.18000030517578125 7.25 46.09999847412109375 26.5 30.625 37.549999237060546875 28.933332443237304688 29.299999237060546875 35.479999542236328125 19.583333969116210938 16.333333969116210938 19 18 35.25 38.95999908447265625 25.600000381469726562 34.875 31.75 17.785715103149414062 29.25 34.5 24.666666030883789062 41
5 11.5 12.285714149475097656 45.25 40.299999237060546875 10.333333015441894531 36.625 29.799999237060546875 36.59999847412109375 51 32 13 18.5 44 31.260000228881835938 17.166666030883789062 11.800000190734863281 20.875 24 10.518518447875976562 9 10.75 18 9.3125 9.4893617630004882812 27 26 66.09999847412109375 53.09999847412109375 20.399999618530273438 36 -99999 22 24 23 29.75 30 46 14 46.09999847412109375 21.03333282470703125 19.566667556762695312 25.850000381469726562 12 17.085714340209960938 24.020000457763671875 29.299999237060546875 50.166667938232421875 26.833333969116210938 27.962499618530273438 24.5 17 64 24.857143402099609375 36.916667938232421875 31.799999237060546875 19 13.181818008422851562 10.631579399108886719 13.25 17 15.818181991577148438 24 -99999
12.800000190734863281 26 32.40000152587890625 76.5 86.5 70 81 59.666667938232421875 81.1999969482421875 62 40.5 51 16 25 27 23.700000762939453125 19.5 24 49 17 9.8518514633178710938 9.7551727294921875 14.689999580383300781 10.121212005615234375 8.7346935272216796875 8.8500003814697265625 13.067742347717285156 12 26 18.909090042114257812 13.75 37 32 29.666666030883789062 28 16.200000762939453125 11.666666984558105469 34 46.939998626708984375 18.100000381469726562 16.774999618530273438 23.850000381469726562 37.700000762939453125 -99999 13 29 29.666666030883789062 24.714284896850585938 12.888889312744140625 16.315790176391601562 21.375 30 18 17.066667556762695312 15.399999618530273438 13.357142448425292969 19.22222137451171875 17.5 20.399999618530273438 20.833333969116210938 17.692308425903320312 11.05405426025390625 10 22
33.5555572509765625 21 114 95.33333587646484375 79.25 66.25 91.8000030517578125 84.8000030517578125 75.40000152587890625 59.59999847412109375 19.5 27.375 14.100000381469726562 16 11.153845787048339844 12.699999809265136719 46.575000762939453125 40.5 22 68 12.647826194763183594 15.470000267028808594 29.733333587646484375 13.361905097961425781 11.100000381469726562 10.111110687255859375 10.666666984558105469 14 8 44 40 27 9 22 12 7.1428570747375488281 9.125 45 37.84999847412109375 29.8600006103515625 57.299999237060546875 48.84999847412109375 -99999 15 26 15.142857551574707031 11.100000381469726562 13 9.84375 8 10.153845787048339844 15.933333396911621094 14 19.166666030883789062 18.083333969116210938 16.833333969116210938 9.8571424484252929688 10.580645561218261719 11.714285850524902344 8.1176471710205078125 10.088234901428222656 10.285714149475097656 12.333333015441894531 24.5
32.5 12.5 -99999 -99999 28 36.666667938232421875 47.333332061767578125 23.416666030883789062 58.333332061767578125 33 7 13.5 11.428571701049804688 13.25 13.785714149475097656 14.670000076293945312 21.379999160766601562 41 22 40 7 19.299999237060546875 10 18.857143402099609375 68.8000030517578125 40.666667938232421875 12.833333015441894531 20 38 11 22 29 21 16 28 11 28 79.6999969482421875 36.766666412353515625 56.18000030517578125 68.5 60.09999847412109375 71.3000030517578125 21.5 21.857143402099609375 10.809523582458496094 10.760000228881835938 9.447368621826171875 11.6875 17 62 11.692307472229003906 12.588234901428222656 9.1315793991088867188 11.684210777282714844 16.181818008422851562 11.399999618530273438 11.52941131591796875 14.176470756530761719 14.75 16.399999618530273438 36 39 22
37.700000762939453125 61 -99999 4 4.6666665077209472656 -99999 13.833333015441894531 8.479999542236328125 8.8333330154418945312 13 10 8.5 15.428571701049804688 34 18 28 25.950000762939453125 45 37 28 26 49 35.5 41.5 27 12.969696998596191406 13 12.050000190734863281 32 43 20 19 27 34.5 54 17 29 82.5 51.700000762939453125 19.5 20.899999618530273438 19.03333282470703125 29 47 13.933333396911621094 12.333333015441894531 9.3214282989501953125 11.899999618530273438 11.413793563842773438 6 11.055555343627929688 11.600000381469726562 9.4545450210571289062 9.1999998092651367188 16.5 14.454545021057128906 17.285715103149414062 18.333333969116210938 11.923076629638671875 25 20.666666030883789062 16.200000762939453125 29 35
72.33333587646484375 36.666667938232421875 11 4 6.2857141494750976562 7 13.333333015441894531 7.5789475440979003906 11 18 1 30 43 52 42 33 39 53 20 9 12 2 18 13.5 15 14.916666984558105469 11.418604850769042969 11.399999618530273438 13.090909004211425781 26.875 61 18 29 23.25 34.666667938232421875 25 18 35 17 80 40 20.642856597900390625 8 8 18.299999237060546875 13.1875 18.200000762939453125 22.5 12.478260993957519531 9.3783779144287109375 15.5 14.954545021057128906 7.171428680419921875 9.75 19.5 14.714285850524902344 10.333333015441894531 9.8333330154418945312 74 39 22 14.800000190734863281 10.125 9.1379308700561523438
20 19 33.333332061767578125 8 7 10.5 41 27 28 8.5 17 43 43 11 28 10 17 13 25 25 10 21.5 31.875 63.25 21.857143402099609375 11.761904716491699219 13.888889312744140625 15.428571701049804688 15.909090995788574219 18.375 63.5 82 47 29.5 31 24 12 22 29 8 23 24 28 34 18.666666030883789062 16.411764144897460938 20.666666030883789062 14.600000381469726562 10.117647171020507812 9.4347829818725585938 7.2666668891906738281 20.857143402099609375 14.785714149475097656 12.363636016845703125 44.700000762939453125 39 25 15 37 14 29 51 13.5 11.5625
28 26.600000381469726562 75 73 13.800000190734863281 9.3999996185302734375 10 26 24.5 -99999 -99999 43 43 7.5 10.5 58 14 31 15.5409088134765625 26 8.2075471878051757812 12.594594955444335938 14.875 14.813953399658203125 16.192308425903320312 16.909090042114257812 22 15 26.600000381469726562 26.384614944458007812 76 50.333332061767578125 34.5 37.5 31 21 17.5 72 17 50 29 29 17 15 10 15.277777671813964844 13.666666984558105469 11.111110687255859375 26.333333969116210938 7.4444446563720703125 14.714285850524902344 23.299999237060546875 37.700000762939453125 36.5800018310546875 37.700000762939453125 21 41 20 29 9 30 32 3 7.8000001907348632812
23.333333969116210938 39 60 49 24 15.666666984558105469 20 37 -99999 -99999 -99999 -99999 12 73 75 49 17 59 32.1100006103515625 11.327586174011230469 8.7068967819213867188 8.9428567886352539062 10.113207817077636719 11.142857551574707031 16.285715103149414062 23 16.25 21.600000381469726562 30.662500381469726562 34.28571319580078125 70.5 27 38 14 2 35 17 9 -99999 15 29 21 21 34 54 12.818181991577148438 11.666666984558105469 13 22 8 6.5999999046325683594 31.399999618530273438 34.90000152587890625 50.424999237060546875 37.616664886474609375 26.96666717529296875 52 15 72 14 25 29 55 8.5
27.909090042114257812 10 46.666667938232421875 72.5 64.33333587646484375 28.666666030883789062 -99999 -99999 -99999 -99999 -99999 -99999 34 26 12 34 9.5536584854125976562 13.668181419372558594 11.435483932495117188 8.7910451889038085938 10.135293960571289062 12.479999542236328125 8.75079345703125 8.2727270126342773438 11.965517044067382812 25.571428298950195312 43 33.779998779296875 22.149999618530273438 29.25 71.5 15 54 86 19 48 34 -99999 -99999 -99999 18 30 10 18.5 27 44 -99999 13 12.333333015441894531 8.75 9.25 38.833332061767578125 39.583332061767578125 23.399999618530273438 22.371429443359375 6.9000000953674316406 18.066667556762695312 30.200000762939453125 34.90000152587890625 29.299999237060546875 43 42 61 8.5
61.200000762939453125 17.25 82 67.1999969482421875 31.285715103149414062 8.5 -99999 -99999 -99999 -99999 -99999 12.600000381469726562 15.5 28 27 19.29000091552734375 7.9931035041809082031 6.8732395172119140625 8.05405426025390625 9.0851068496704101562 10.045454978942871094 17.742856979370117188 10.158182144165039062 20 42 8.5 12.5 21 57.18000030517578125 77.65000152587890625 -99999 10 47 32 21 18 -99999 -99999 -99999 -99999 30 25 20 33 5 -99999 -99999 -99999 -99999 13 13 33.75 25.760000228881835938 13.439999580383300781 17.625 8.6666669845581054688 11 47.666667938232421875 42.049999237060546875 42.84285736083984375 37 32 8.5 8.5
55.857143402099609375 48.666667938232421875 37.77777862548828125 24.214284896850585938 17.545454025268554688 13.3125 -99999 -99999 -99999 -99999 -99999 16 14.666666984558105469 27 7.5 38.875 16.34285736083984375 7.7384614944458007812 7.3263158798217773438 8.3157892227172851562 15.740908622741699219 18 40 31.700000762939453125 27.728570938110351562 22.5 11 10 15 6 20.03333282470703125 71.5 14 15 29 13 -99999 3 -99999 -99999 20 13.333333015441894531 10 10 10 -99999 -99999 -99999 -99999 -99999 -99999 -99999 15.5 19.475000381469726562 14.716666221618652344 11.5 65 23 19 23 18 11.5 13.199999809265136719 8.3125
62.666667938232421875 68.5 64.1999969482421875 24.357143402099609375 18.833333969116210938 31.75 -99999 -99999 -99999 -99999 -99999 10.199999809265136719 9.3333330154418945312 6.25 7.6666665077209472656 10.666666984558105469 26.75 8.9736843109130859375 7.7613635063171386719 8 9.2200002670288085938 28 16 29 27 9 20 31.549999237060546875 28.75 35.21666717529296875 38.479999542236328125 33.40000152587890625 47 -99999 -99999 -99999 -99999 3 7.6666665077209472656 4.6666665077209472656 20 13.333333015441894531 10 13.333333015441894531 13.333333015441894531 -99999 -99999 -99999 -99999 -99999 5 4 19 19 10.300000190734863281 8.5 54 24 40 43 37 13.888889312744140625 14.25 9.0357141494750976562
14 35 79.5 8.7142858505249023438 13.315789222717285156 20 -99999 -99999 -99999 -99999 19 14.333333015441894531 14.5 19.666666030883789062 15.133333206176757812 14.523809432983398438 12.399999618530273438 18.5 9.6666669845581054688 7.9591836929321289062 5 12 32 19 13 18 14 11.454166412353515625 42.233333587646484375 29.299999237060546875 42.59999847412109375 46.09999847412109375 46.325000762939453125 46.09999847412109375 5 -99999 -99999 7 10 7.5 5 7.5 10 10 15 20 -99999 -99999 -99999 -99999 -99999 11 11 9.25 7.6666665077209472656 8.5 8.5 8.5 8.5 8.5 9.3999996185302734375 9.2941179275512695312 9.8333330154418945312 8.8409090042114257812
44.799999237060546875 72 28.818181991577148438 10.076923370361328125 12.272727012634277344 23 -99999 -99999 -99999 -99999 9 15.222222328186035156 15.666666984558105469 18 10.555555343627929688 11.627272605895996094 27.799999237060546875 34.5 32 23.666666030883789062 6 49 17 23 16 23 8.2708330154418945312 10.461538314819335938 18.555555343627929688 28.219999313354492188 28.239999771118164062 37.325000762939453125 39.299999237060546875 32.5 5 -99999 -99999 -99999 -99999 -99999 5 7.5 8.3333330154418945312 10.333333015441894531 12.75 -99999 -99999 -99999 -99999 6 -99999 11 28.225000381469726562 29.299999237060546875 6.7142858505249023438 8.5 8.5 8.5 8.5 8.5 8.5 8.5 8.5 8.5
61 66.66666412353515625 20.375 11.05405426025390625 11.8125 34 30 -99999 -99999 -99999 10.25 15.923076629638671875 18.799999237060546875 22.52941131591796875 19.333333969116210938 17.909090042114257812 17.285715103149414062 23.25 35.40000152587890625 39.666667938232421875 7 13 26 29 10 8.5 6.6799998283386230469 8.7741937637329101562 9.7906980514526367188 44.333332061767578125 16.5 41 39 59 -99999 -99999 -99999 -99999 -99999 -99999 5 7.5 9.1999998092651367188 12.666666984558105469 18 26 -99999 -99999 4 4.6666665077209472656 -99999 31.600000381469726562 28.700000762939453125 12.357142448425292969 -99999 8.0625 8.2941179275512695312 8.25 8.5 8.5 8.5 8.5 8.5 8.5
65.83333587646484375 54.333332061767578125 37.28571319580078125 14.119999885559082031 14.272727012634277344 33.5 29 15 -99999 31 23 19.875 17.444444656372070312 21.700000762939453125 46.200000762939453125 39.59999847412109375 16.799999237060546875 31.363636016845703125 37.5555572509765625 39.59999847412109375 27.325000762939453125 2 20 53.333332061767578125 11.642857551574707031 7.1891889572143554688 6.584415435791015625 9.6666669845581054688 12.447368621826171875 70.5 18.333333969116210938 44.666667938232421875 -99999 -99999 6 -99999 -99999 -99999 -99999 -99999 -99999 13.333333015441894531 13.333333015441894531 18.5 21.5 26 -99999 5 4.5 -99999 34 22.950000762939453125 26.933332443237304688 20.25 -99999 5 5 6 8.5 8.5 8.5 8.5 8.5 8.5
25.600000381469726562 61.333332061767578125 25 20 57.40000152587890625 4 3 22.5 -99999 31 34.200000762939453125 24 16.333333969116210938 26.200000762939453125 44.571430206298828125 60 53.666667938232421875 54.40000152587890625 30.375 26.933332443237304688 20.392856597900390625 13 14 52 106.25 8.179775238037109375 8 18.100000381469726562 92.5 170 -99999 -99999 -99999 -99999 -99999 -99999 -99999 -99999 -99999 -99999 -99999 15 20 20 -99999 5 5 4.3333334922790527344 4 39 21 14 22.049999237060546875 22.799999237060546875 37.666667938232421875 5.3333334922790527344 6 6.3333334922790527344 16.875 8.5 8.5 8.5 8.5 8.5
16 30 33 7 26 50 44 48 10 15.333333015441894531 40 36.833332061767578125 45 46.5 42.5 21.875 28.714284896850585938 31 25.399999618530273438 22.257143020629882812 15.333333015441894531 16.454545974731445312 15 19 178 178 24.166666030883789062 64.25 92.5 -99999 7 7 -99999 -99999 -99999 -99999 -99999 -99999 -99999 -99999 -99999 -99999 20 20 -99999 5 5 -99999 17 27 32 47 20.100000381469726562 39.825000762939453125 51.59999847412109375 5 5 23.666666030883789062 48.799999237060546875 8.3214282989501953125 8.5 8.5 8.5 8.5
94.5 55.833332061767578125 71.33333587646484375 16.523809432983398438 11.399999618530273438 19.714284896850585938 43.799999237060546875 28.142856597900390625 30 74 23 8 84 57.5 44.5 41.666667938232421875 29 29 22.299999237060546875 28.22222137451171875 17.375 13.800000190734863281 15.521739006042480469 52 178 145 117 89 -99999 -99999 -99999 -99999 -99999 -99999 32 -99999 -99999 -99999 -99999 16 39 19 6 -99999 -99999 -99999 17 21 43 14 18 18 18 47.40000152587890625 44.5 14.545454978942871094 22.399999618530273438 46.5 28.799999237060546875 8.5 8.5 8.5 8.5 11.899999618530273438
87.40000152587890625 34.40000152587890625 20.416666030883789062 11.307692527770996094 11.769230842590332031 12.600000381469726562 22.799999237060546875 24.200000762939453125 13 32.833332061767578125 30 45 4 27.666666030883789062 35.333332061767578125 32.5 16.5 24.507692337036132812 38.04000091552734375 29.200000762939453125 56.666667938232421875 25.714284896850585938 13.476190567016601562 14.875 -99999 145 -99999 -99999 -99999 -99999 -99999 -99999 -99999 10 46 40 11 33 33.799999237060546875 6 41 17 49 53 60.799999237060546875 -99999 16 33 33 30 12 81 82 57.333332061767578125 82 17.333333969116210938 43.333332061767578125 63.333332061767578125 11.625 9.1818180084228515625 8.875 8.5 8.5 15.300000190734863281
82.5 134.5 44.333332061767578125 30.75 12.857142448425292969 15.888889312744140625 15.777777671813964844 18.5 20 30.5 48 -99999 23 25.666666030883789062 26 18.75 17.399999618530273438 27.5 48.060001373291015625 80.65000152587890625 31.43000030517578125 17.5 25.545454025268554688 22.25 -99999 -99999 -99999 -99999 -99999 -99999 -99999 -99999 -99999 46.5 43 29 70 21 51.333332061767578125 45.71428680419921875 48.799999237060546875 50 37 54 57 -99999 55 28 25 39 13.5 59 56.333332061767578125 63 82 -99999 -99999 79 79.66666412353515625 32 23.799999237060546875 17.409090042114257812 33.90000152587890625 106.5
100 55.333332061767578125 39.142856597900390625 19 17.833333969116210938 19.799999237060546875 27.600000381469726562 26.600000381469726562 16.333333969116210938 13 13 13 -99999 20 22 26 10.166666984558105469 32.200000762939453125 81.66666412353515625 60.45999908447265625 20.578260421752929688 13.863636016845703125 15.444444656372070312 21 20 85.75 20 -99999 -99999 -99999 16 -99999 -99999 46.857143402099609375 52.428569793701171875 10 30 18 50.40000152587890625 40.299999237060546875 53.75 58 57 57 -99999 -99999 25 25 15 11 13 81 43.5 44 82 -99999 -99999 -99999 79 82 70 73.5 37 106.5
75.33333587646484375 62 67 14.363636016845703125 20.888889312744140625 35.5 14.058823585510253906 13 30 13 13 16 16 30 23.75 28 13.25 13.666666984558105469 31 19 11 15.071428298950195312 39 27 68.83333587646484375 100.22222137451171875 81.59999847412109375 20 16 16 16 -99999 -99999 35 41.71428680419921875 66 19 5 40 -99999 -99999 -99999 -99999 -99999 30 -99999 -99999 -99999 -99999 -99999 -99999 -99999 -99999 -99999 -99999 -99999 -99999 -99999 -99999 -99999 -99999 -99999 -99999 -99999
51.200000762939453125 56 78.25 40.200000762939453125 52 17 3 25 37 -99999 -99999 16 12.5 9 17 24.166666030883789062 18.5 14.25 36.25 40.833332061767578125 16.692308425903320312 22.666666030883789062 63.666667938232421875 32.666667938232421875 48.25 6 53.200000762939453125 9 -99999 16 -99999 -99999 -99999 -99999 -99999 3 -99999 -99999 -99999 -99999 -99999 -99999 -99999 -99999 30 -99999 -99999 -99999 -99999 -99999 -99999 -99999 -99999 -99999 -99999 -99999 -99999 -99999 -99999 -99999 -99999 -99999 -99999 -99999
