ForecastVariables/BuildingHeight_Mean_100m/BuildingHeightMean_Random2.asc
ncols        529
nrows        344
xllcorner    2700.000000000000
yllcorner    15900.000000000000
cellsize     100.000000000000
NODATA_value  -99999
[rows 140 to 167 of 344, columns 192 to 255 of 529]
16 20 -99999 -99999 -99999 -99999 -99999 30 38 14 11.805555343627929688 25 31 8 25 31 31 41 29 27 37 25 28 23 12 33 -99999 -99999 -99999 -99999 -99999 -99999 -99999 -99999 -99999 -99999 -99999 -99999 -99999 -99999 -99999 -99999 -99999 -99999 -99999 -99999 -99999 -99999 -99999 -99999 -99999 -99999 -99999 -99999 -99999 -99999 -99999 -99999 -99999 -99999 -99999 -99999 -99999 -99999
12 11 -99999 -99999 -99999 36 54 10 27 8.5 8.888889312744140625 33 24 32 37 38 29 33 16 33 11 54 16 35 19 51 12 -99999 -99999 -99999 -99999 -99999 -99999 -99999 -99999 -99999 -99999 -99999 -99999 -99999 -99999 -99999 -99999 -99999 -99999 -99999 -99999 -99999 -99999 -99999 -99999 -99999 -99999 -99999 -99999 -99999 -99999 -99999 -99999 -99999 -99999 -99999 -99999 -99999
17 55 -99999 23 34 31 43 20 8.5 8.5 8.5 42 44 26.5 53 60 29 42 34 51 15 51 28 25 38 9 77 27 -99999 -99999 -99999 -99999 -99999 -99999 -99999 11 11 -99999 -99999 -99999 -99999 -99999 -99999 -99999 -99999 -99999 -99999 -99999 -99999 -99999 -99999 -99999 -99999 -99999 -99999 -99999 -99999 -99999 -99999 -99999 -99999 -99999 8 8.25
-99999 8 8.5 8.5 43 24 8.5 8.5 27 8.5 8.5 22 8 83 31 43 55 20 19 25 17 44 54 48 43 37 28 15 28 36 18 36 118 21 22 11 11 -99999 -99999 -99999 -99999 -99999 -99999 -99999 -99999 -99999 -99999 -99999 -99999 -99999 -99999 -99999 -99999 -99999 -99999 -99999 -99999 -99999 -99999 -99999 -99999 -99999 -99999 4
-99999 7.7826085090637207031 8.5 8.5 8.5 8.5 8.5 8.5 27 8.5 8.5 8.5 8.5 32 14 27 26 20 30 42 38 21 13 8 61 48 39 11 6 79 32 28 61 11 30 45 13 -99999 -99999 -99999 -99999 -99999 -99999 -99999 -99999 -99999 -99999 -99999 -99999 -99999 -99999 -99999 -99999 -99999 -99999 -99999 -99999 -99999 8.5 8.5 -99999 8.5 8.5 6.5
57.5 17.5 8.5 8.5 8.5 8.5 8.5 8.5 39 8.5 8.5 8.5 8.5 17 20 27 15 40 67 36 14 28 21 29 43 31 30 27 45 47 86 27 22 40 36 30 24 35 -99999 -99999 -99999 -99999 -99999 -99999 -99999 -99999 8.5 8.5 8.5 -99999 -99999 -99999 -99999 -99999 -99999 -99999 -99999 -99999 8.5 8.5 8.5 8.5 8.3500003814697265625 8.4375
37 31.666666030883789062 23.333333969116210938 10.34375 12 8.5 8.5 8.5 19 8.5 8.5 20 42 34 67 43 113 33 16 14 38 11 14 17 23 48 42 31 22 11 20 43 13 25 86 33 28 25 56 24 48 -99999 -99999 -99999 -99999 -99999 8.5 8.5 -99999 -99999 -99999 -99999 -99999 -99999 -99999 -99999 -99999 8.5 8.5 13.833333015441894531 11.666666984558105469 9.7777776718139648438 5.6428570747375488281 8.5
37 45 37.666667938232421875 21.666666030883789062 33 31 8.5 8.5 103 8.5 8.5 20 31 8.5 23 14 14 14 12 28 7 20 23 10 41 25 -99999 8.5 8.5 8.5 60 9 11 23 50 23 30 5 27 16 12 23 -99999 -99999 -99999 8.5 8.5 -99999 -99999 -99999 -99999 -99999 -99999 -99999 -99999 -99999 -99999 8.5 8.5 17.25 21.799999237060546875 15.6875 6.5625 8.5
-99999 17 27 28 28 34 20 8.5 8.5 8.5 8.5 8.5 26 8.5 20 25 38 49 26 23 18 6 33 16 8.5 9.25 10 8.5 8.5 9.8125 45 52 19 23 12 65 47 8 14 37 41 55 19 -99999 -99999 8.5 8.5 -99999 -99999 -99999 -99999 -99999 -99999 -99999 -99999 -99999 -99999 -99999 7 78 14.916666984558105469 10.5625 8.5 8.5
8.5 14.166666984558105469 11.699999809265136719 37.5 17 10 14 32 8.5 8.5 8.5 8.5 8.5 8.5 29 24 28 113 16 17 11 22 36 8.5 8.5 8.5 8.5 8.5 8.5 10.833333015441894531 19 41 8.5 20.833333969116210938 44 22 20 34 49 14 28 10 22 56 42 8.5 8.5 -99999 -99999 -99999 -99999 -99999 -99999 -99999 10 30 92 37 16 24 16 16 8.5 8.5
8.5 8.5 8.5 18 12 39 37 37 12.571428298950195312 8.5 8.5 8.5 8.5 8.5 25 24 31 17 38 23 41 48 39 8.5 8.5 8.5 8.5 8.5 8.5 10.5 9.75 8.5 8.5 21.600000381469726562 19 10 23 19 48 15 34 25 21 34 42 8.5 -99999 -99999 -99999 -99999 -99999 -99999 -99999 -99999 17 28 56 33 30 44 35 34 11 9
8.5 8.5 7.5833334922790527344 24 53 31.333333969116210938 32 37.5 38.5 38.666667938232421875 23.75 9.875 8.5 8.5 36 46 46 44 23 15 11 30 8.5 8.5 8.5 8.5 8.5 8.5 8.5 8.6750001907348632812 8.5 8.5 8.5 14.357142448425292969 28 59 16 33 23 95 50 37 14 40 25 64 43 -99999 -99999 -99999 -99999 -99999 -99999 43 63 37 5 24 38 23 38 17 52 49
8.5 8.5 8.5 35 26 28 31.5 36 37.666667938232421875 37.5555572509765625 24.428571701049804688 16.399999618530273438 35.666667938232421875 16.5 26 42 46 41 25 24 59 26 8.5 8.5 8.5 8.5 8.5 8.5 8.5 8.5 8.5 8.5 8.5 11.199999809265136719 12.625 21.333333969116210938 39 -99999 -99999 -99999 -99999 -99999 -99999 56 13 36 69 21 -99999 -99999 -99999 -99999 -99999 25 38 14 18 29 38 18 24 18 21 16
24 17 29 22 35 16.5 35 37 17 31.375 16.399999618530273438 16 23.166666030883789062 11.399999618530273438 8.4827585220336914062 8.5 7 59 35 39 36 15 8.5 9.1333332061767578125 11.444444656372070312 9 8.5 8.5 11.142857551574707031 10.8125 8.5 8.5 8.5 8.5 11.125 12 7 -99999 7 7 -99999 -99999 -99999 19 12 22 28 13 45 -99999 -99999 -99999 -99999 19 52 15 55 12 13 44 54 32 9 32
24 10 49 79 31 18 33 18 20 8.5 10 8.5 8.5 8.5 8.5 9 15.8125 15.363636016845703125 12.333333015441894531 11.899999618530273438 8 13 8.5 9.0277776718139648438 10.388889312744140625 11.357142448425292969 9.888889312744140625 11.166666984558105469 27 27 8.5 8.5 8.5 8.5 9.1999998092651367188 11.533333778381347656 11 8.6666669845581054688 7 7 -99999 -99999 25 77 47 25 8 26 14 -99999 -99999 23 54 9 32 41 16 11 13 77 27 44 36 19
30 43 22 52 34 7 26 21 8.5 8.5 8.5 8.5 8.5 8.5 8.5 8.5 9.25 11.115385055541992188 10.038461685180664062 11.5 8 -99999 7.6666665077209472656 8.5 8.5 12.666666984558105469 21 17.5 20.5 27 26.5 10.666666984558105469 8.5 8.9375 12 12 12.5 9.6666669845581054688 7 7 -99999 16.5 24 13 41 40 35 30 33 -99999 -99999 17 44 13 15 61 14 21 18 50 51 26 8 16
41 28 26 17 22 12 25 40 26 51 38 -99999 8.5 8.5 8.5 8.5 8.5 8.5 11.333333015441894531 11.142857551574707031 6.5 8.5 8.2727270126342773438 10.4375 9.1428575515747070312 10.333333015441894531 21 21 27 27.5 24 12.928571701049804688 8.5 8.5 9 12.666666984558105469 16.666666030883789062 16.25 7 7 8.5 8.5 8.5555553436279296875 8.5 8.5 8.5 8.5 -99999 -99999 -99999 -99999 -99999 18 19 15 38 28 21 47 61 19 20 18 38
22 29 6 35 36 9 40 56 41 40 38 22 10.949999809265136719 8.5 8.5 8.5 8.5 8.5 8.5 8.1428575515747070312 3.7999999523162841797 8.5 8.5 8.5 8.0454549789428710938 8.8125 10 -99999 -99999 -99999 -99999 9.5454549789428710938 8.5 8.5 10.03125 13 15.800000190734863281 22 21 7.25 8.5 8.5 8.5 8.5 8.5 8.5 22 19 11 11 28 26 23 23 25 25 36 51 10 50 62 36 21 47
42 9 15 32 20 28 29 27 56 18 11 9.3999996185302734375 10 10.6875 8.5 9.7692308425903320312 11.272727012634277344 8.5 8.5 8.0833330154418945312 8.0833330154418945312 8.5 8.5 8.5 8.5 9.875 13 -99999 -99999 -99999 8.5 8.5 8.5 8.5 11.34375 12 13.214285850524902344 19.714284896850585938 22.600000381469726562 10.166666984558105469 8.5 8.5 8.5 8.5 8.5 8.5 8.5 26 15 12 10 61 30 70 20 15 23 24 -99999 17 17 21 40 52
11 29 10 45 27 12 32 11 21 40 -99999 -99999 12 12 10.25 12.055555343627929688 11.666666984558105469 8.5 8.5 8.5 8.5 8.5 8.5 8.5 8.5 18.333333969116210938 14.166666984558105469 11 -99999 -99999 -99999 -99999 8.5 8.5 11.078947067260742188 12.636363983154296875 16.200000762939453125 25.799999237060546875 21.333333969116210938 8.5 8.5 8.5 8.5 8.5 8.5 8.5 8.5 8.5 8.5 8.5 8.5 19 11 12 13 -99999 40 16 14 36 13 34 36 53
32 17 18 25 36 10.89473724365234375 11.840909004211425781 21 40 45 29 44 29 30 51 12.166666984558105469 9.6071424484252929688 8.5 8.5 8.5 8.5 8.5 8.5 13.5 20.166666030883789062 24.333333969116210938 17.25 15.333333015441894531 13 17.333333969116210938 18 15 -99999 8.5 12 12.636363983154296875 22.5 21.166666030883789062 16.25 8.5 8.25 7.4285712242126464844 7.6666665077209472656 8.5 6.5 7.25 8.5 8.5 8.5 8.5 8.5 8.5 58 25 5 -99999 -99999 26 15 49 50 23 22 22
26 7 33 35 29 8.5 10.090909004211425781 38 27 18 40 17 53 23 21 35 8.5 8.5 8.5 8.5 8.5 8.5 8.5 11.875 17.666666030883789062 23.875 16.875 17.333333969116210938 17 15.666666984558105469 17.5 17.333333969116210938 19 10.333333015441894531 11.199999809265136719 14.399999618530273438 16 15.888889312744140625 14.75 8.5 8 6 6 8.5 8.6666669845581054688 7 8 8.5 8.5 8.5 8.5 9.8571424484252929688 9.875 15 5 16 10 36 30 47 24 22 19 22
48 76 26 35 59 8.5 8.5 8.5 8.5 8.5 22 18 24 19 7 39 10.6875 8.7058820724487304688 8.5 8.5 8.5 8.5 8.5 13.5 14.875 22 11.75 13.111110687255859375 12.818181991577148438 13.111110687255859375 11.600000381469726562 14.333333015441894531 10.458333015441894531 8.8000001907348632812 9.9444446563720703125 20.333333969116210938 11 17.5 17.5 8.8999996185302734375 8.2307691574096679688 5.8421053886413574219 6 8.5 8.5 8.5 8.5 8.5 8.5 8.5 8.5 9 12.142857551574707031 20 5 46 48 39 39 65 6 31 24 48
49 18 53 46 8.5 8.5 8.5 8.5 8.5 8.5 48 80 29 25 44 12 12 11.300000190734863281 8.9117650985717773438 8.5 8.5 8.5 8.5 12.954545021057128906 12.235294342041015625 12 12 12 12 12 12 11.350000381469726562 9.25 8.5 9.2941179275512695312 10.346154212951660156 14.600000381469726562 17.5 -99999 14 9.5 5.8000001907348632812 5.9499998092651367188 8.5 8.5 8.5 8.5 8.5 8.5 8.5 8.5 10.333333015441894531 11.100000381469726562 9.125 16.5 17 17 7 13 39 50 39 23 37
24 27 37 46 17 8.5 8.5 8.5 8.5 8.5 12 24 28 15 7 12 12 12 11.222222328186035156 9.7727270126342773438 8.5 8.5 8.5 10.384614944458007812 12 10.949999809265136719 9.25 8.5 9.59375 12 11.805555343627929688 9.052631378173828125 8.5 8.5 8.5 8.4411764144897460938 9.5882349014282226562 12.181818008422851562 -99999 15.5 10 5 -99999 4.4000000953674316406 5 -99999 8.5 8.5 8.5 17.958333969116210938 14.473684310913085938 14.75 16.5 8 5.5 11 15 33 7 24 16 20 37 37
21 36 36 32 37 76 8.5 8.5 8.5 8.5 24 17 34 23 12 12 12 12 12 10.90625 8.5 8.5 8.5 8.9375 9.8999996185302734375 8.888889312744140625 8.5 8.5 9.136363983154296875 10.384614944458007812 9.6666669845581054688 10.090909004211425781 17 11.083333015441894531 8.5 10.642857551574707031 11.222222328186035156 27.799999237060546875 14.6875 8.5 -99999 -99999 -99999 4.5 5 -99999 7 8.5 23.25 30 14 26 16.5 11.5 16.5 18 12 48 51 13 43 36 8.5 8.5
27.75 39.40000152587890625 30 36 4 58 -99999 8.5 8.5 16 85 10 8.5 8.5 10 9.8125 11.649999618530273438 12 40 20 8.5 8.5 8.5 8.5 8.5 8.5 8.5 8.5 8.5 8.5 8.5 9.4722223281860351562 13.833333015441894531 10.571428298950195312 9.6875 17.333333969116210938 10 8.5 8.5 8.5 5.5 -99999 -99999 5 7 5.5 -99999 8.1499996185302734375 12.846154212951660156 13.590909004211425781 25.299999237060546875 52.666667938232421875 -99999 15 16.5 14 13 37 33 14 8.5 8.5 9.2708330154418945312 9.2115383148193359375
38.59999847412109375 46.166667938232421875 23.333333969116210938 31 58 15 8 8.5 8.5 37 22 8.5 8.5 8.5 8.5 8.5 9.1999998092651367188 13.1875 78 14 21 8.5 8.5 8.5 8.5 8.5 8.5 8.5 8.5 8.5 8.5 8.5 8.5 12.488888740539550781 16 11.666666984558105469 8.5 8.5 8.5 8.5 8.5 5 19.166666030883789062 19.571428298950195312 12.5 -99999 -99999 31 8.5 8.5 13.227272987365722656 19.549999237060546875 15.75 10.375 18.5 19 19 30 30 13 8.5 8.5 12.033333778381347656 25.666666030883789062
