ForecastVariables/LightPollution_Red_100m/LightPollutionRed_Random3.asc
ncols        529
nrows        344
xllcorner    2700.000000000000
yllcorner    15900.000000000000
cellsize     100.000000000000
NODATA_value  -3.4028234663852885981e+38
[rows 180 to 197 of 344, columns 82 to 122 of 529]
25.18654632568359375 24.16644287109375 24.893114089965820312 40.345241546630859375 54.271514892578125 76.10700225830078125 132.4705657958984375 163.45281982421875 177.2987518310546875 125.89000701904296875 73.69718170166015625 83.10965728759765625 105.577667236328125 46.174747467041015625 33.161647796630859375 142.1845855712890625 96.19701385498046875 67.5222625732421875 52.790821075439453125 47.439090728759765625 88.37993621826171875 72.65779876708984375 46.404632568359375 32.4624481201171875 59.61431884765625 92.4687042236328125 64.01645660400390625 54.24361419677734375 55.02751922607421875 75.29119873046875 82.62680816650390625 51.648403167724609375 50.500110626220703125 55.779506683349609375 52.995769500732421875 103.80926513671875 86.00659942626953125 95.09798431396484375 97.58678436279296875 104.41684722900390625 147.9146270751953125
28.031707763671875 30.036802291870117188 25.572240829467773438 62.15085601806640625 90.40178680419921875 89.58791351318359375 156.2622528076171875 154.2175445556640625 119.6822967529296875 107.80976104736328125 78.58493804931640625 103.91539764404296875 65.51355743408203125 49.9952545166015625 125.3786468505859375 42.777027130126953125 38.93283843994140625 38.270648956298828125 67.45220947265625 45.88233184814453125 99.8667755126953125 79.3531341552734375 54.866786956787109375 55.66783905029296875 59.668918609619140625 69.71407318115234375 86.816680908203125 62.17034149169921875 135.2014923095703125 133.76239013671875 93.56511688232421875 123.38045501708984375 56.028034210205078125 40.634296417236328125 38.306987762451171875 97.28221893310546875 68.41454315185546875 77.2973175048828125 71.85150909423828125 72.98914337158203125 78.2693939208984375
28.0948944091796875 30.939334869384765625 26.820587158203125 48.879619598388671875 58.443897247314453125 88.14788818359375 119.11064910888671875 118.95198822021484375 75.61092376708984375 92.58184051513671875 78.423919677734375 60.305744171142578125 59.349853515625 42.188373565673828125 52.79877471923828125 77.92386627197265625 31.13718414306640625 39.924190521240234375 79.53896331787109375 79.87450408935546875 48.06748199462890625 97.8112335205078125 95.550384521484375 92.45858001708984375 78.7373504638671875 81.09230804443359375 56.33217620849609375 73.5521087646484375 129.450592041015625 124.93859100341796875 70.38580322265625 79.51453399658203125 46.11818695068359375 33.52503204345703125 36.954509735107421875 82.298431396484375 177.9929046630859375 202.738861083984375 216.094970703125 149.93157958984375 81.6255340576171875
63.036655426025390625 47.8104248046875 35.624874114990234375 128.2382659912109375 86.96984100341796875 97.36447906494140625 76.70758056640625 99.71306610107421875 89.690582275390625 84.8643341064453125 68.58693695068359375 63.921478271484375 55.367244720458984375 48.796627044677734375 41.225738525390625 79.4250946044921875 30.441095352172851562 27.806781768798828125 47.566867828369140625 91.63140106201171875 39.844081878662109375 56.570087432861328125 71.94594573974609375 45.956447601318359375 53.150577545166015625 80.65201568603515625 81.70635986328125 82.7499847412109375 139.6513671875 101.4298553466796875 148.741455078125 76.14502716064453125 41.077587127685546875 35.39832305908203125 35.518238067626953125 79.47159576416015625 193.0221405029296875 244.3713531494140625 221.5894317626953125 245.6123504638671875 152.3561248779296875
77.1899871826171875 114.0369415283203125 36.29512786865234375 92.48807525634765625 79.2575531005859375 59.749664306640625 186.7855224609375 61.852367401123046875 97.402069091796875 60.522235870361328125 74.12705230712890625 26.812616348266601562 73.97293853759765625 118.659271240234375 126.66315460205078125 69.9281005859375 35.30942535400390625 30.44071197509765625 94.5144195556640625 86.013031005859375 93.90728759765625 29.2291107177734375 24.230924606323242188 27.831310272216796875 32.054355621337890625 63.13320159912109375 99.41094207763671875 66.56200408935546875 67.78937530517578125 59.647251129150390625 124.87827301025390625 72.23271942138671875 39.309284210205078125 33.90509033203125 34.56569671630859375 77.4853057861328125 160.1052398681640625 208.879364013671875 246.033447265625 239.049896240234375 191.8146209716796875
56.264739990234375 105.802215576171875 44.74118804931640625 40.551570892333984375 48.638690948486328125 68.63736724853515625 77.14139556884765625 18.570802688598632812 92.105194091796875 91.8982696533203125 17.501592636108398438 21.525056838989257812 33.781833648681640625 100.0375518798828125 78.23406219482421875 101.89794921875 29.16246795654296875 46.10595703125 58.248043060302734375 75.53438568115234375 61.72074127197265625 25.573688507080078125 23.562999725341796875 25.24578857421875 34.35471343994140625 100.98694610595703125 43.734416961669921875 48.118816375732421875 72.84891510009765625 101.390838623046875 95.44170379638671875 90.60155487060546875 42.0242767333984375 33.676898956298828125 37.245220184326171875 105.29958343505859375 198.74853515625 204.226287841796875 241.6530914306640625 177.13812255859375 189.255615234375
66.0681304931640625 77.60013580322265625 39.46138763427734375 35.230926513671875 57.1915740966796875 126.93929290771484375 145.7862396240234375 69.62744903564453125 62.2254180908203125 57.501190185546875 88.81533050537109375 116.33467864990234375 181.6374969482421875 127.46990203857421875 75.87482452392578125 56.972003936767578125 26.147182464599609375 26.67288970947265625 49.016429901123046875 68.664031982421875 25.854337692260742188 24.850664138793945312 24.1121368408203125 26.365182876586914062 33.19744873046875 92.78823089599609375 61.549091339111328125 95.69844818115234375 75.39191436767578125 78.80261993408203125 117.4354705810546875 70.5552215576171875 35.128139495849609375 30.649805068969726562 35.6393280029296875 98.7186431884765625 125.37157440185546875 109.72226715087890625 196.04241943359375 195.5991363525390625 187.4474334716796875
50.03460693359375 68.3247528076171875 50.14463043212890625 36.9244232177734375 64.28816986083984375 101.1164398193359375 211.2752532958984375 81.455230712890625 74.86991119384765625 55.98851776123046875 114.43660736083984375 100.56878662109375 145.4040069580078125 110.260711669921875 82.577789306640625 48.505329132080078125 26.929737091064453125 26.9694671630859375 25.902751922607421875 26.1802520751953125 23.585779190063476562 26.138917922973632812 23.103832244873046875 29.504858016967773438 46.186527252197265625 219.3269500732421875 93.56629180908203125 60.36057281494140625 63.8350067138671875 135.8511505126953125 91.9398345947265625 32.062923431396484375 30.225826263427734375 32.75572967529296875 36.438751220703125 88.8877716064453125 111.33664703369140625 116.46160125732421875 167.110687255859375 222.4889068603515625 173.4227294921875
56.711284637451171875 53.247097015380859375 44.827610015869140625 32.573612213134765625 69.01647186279296875 120.46172332763671875 111.51666259765625 125.37237548828125 107.28354644775390625 65.99729156494140625 108.0847930908203125 85.61618804931640625 108.27254486083984375 97.35788726806640625 87.3827667236328125 59.641536712646484375 25.191301345825195312 25.319675445556640625 22.6415252685546875 23.197042465209960938 23.154132843017578125 58.01839447021484375 29.8975982666015625 25.62885284423828125 60.526477813720703125 136.8511505126953125 43.139652252197265625 52.32707977294921875 95.10462188720703125 146.3636627197265625 47.198574066162109375 32.70322418212890625 31.211904525756835938 28.474576950073242188 34.90912628173828125 118.4462890625 178.6519317626953125 163.3413543701171875 241.298126220703125 198.37255859375 171.8199615478515625
78.59403228759765625 44.732929229736328125 47.552196502685546875 34.689579010009765625 53.2518310546875 104.2429962158203125 98.56414031982421875 145.1807098388671875 183.037353515625 65.18984222412109375 49.408611297607421875 60.848155975341796875 75.10062408447265625 61.40953826904296875 26.369775772094726562 24.876535415649414062 24.0651702880859375 20.327457427978515625 21.737308502197265625 24.321842193603515625 23.786855697631835938 35.679218292236328125 22.304426193237304688 24.361944198608398438 25.999319076538085938 28.893617630004882812 26.383022308349609375 28.129293441772460938 30.482645034790039062 28.63480377197265625 27.463033676147460938 26.678127288818359375 25.854770660400390625 30.554128646850585938 30.772516250610351562 130.575531005859375 123.27400970458984375 158.3656005859375 149.6753692626953125 176.6346893310546875 151.9552001953125
121.9092559814453125 94.00154876708984375 63.691616058349609375 37.728504180908203125 119.37268829345703125 170.9183807373046875 187.8816375732421875 197.999847412109375 151.3571014404296875 55.17075347900390625 34.231616973876953125 52.570766448974609375 35.559814453125 29.318584442138671875 25.191923141479492188 23.05199432373046875 21.46355438232421875 21.122327804565429688 23.51755523681640625 23.368410110473632812 20.50444793701171875 22.277238845825195312 20.899042129516601562 22.315374374389648438 21.998498916625976562 24.127620697021484375 21.367458343505859375 23.804729461669921875 25.94439697265625 25.743988037109375 27.88636016845703125 25.267881393432617188 26.512121200561523438 31.650177001953125 31.562768936157226562 87.493408203125 38.0443572998046875 35.393863677978515625 41.43080902099609375 40.85942840576171875 54.901641845703125
100.69852447509765625 153.5403594970703125 112.29482269287109375 36.79888916015625 94.99684906005859375 68.87706756591796875 72.1925811767578125 50.942493438720703125 51.89362335205078125 38.2588653564453125 57.128604888916015625 100.4345703125 67.5814361572265625 27.756404876708984375 24.241655349731445312 24.88941192626953125 22.732252120971679688 21.6823883056640625 20.445352554321289062 21.2199859619140625 21.055744171142578125 23.035718917846679688 22.46305084228515625 19.9974212646484375 19.8270721435546875 23.178815841674804688 22.3738250732421875 24.663745880126953125 24.318403244018554688 24.41597747802734375 23.980604171752929688 24.66861724853515625 28.846035003662109375 31.85242462158203125 29.518911361694335938 87.609893798828125 36.656768798828125 35.868808746337890625 33.485805511474609375 37.252330780029296875 36.00901031494140625
89.0545806884765625 166.6899566650390625 70.60906982421875 32.892292022705078125 33.644672393798828125 46.48656463623046875 140.231201171875 103.85611724853515625 108.19972991943359375 36.0742034912109375 69.5810699462890625 65.201446533203125 24.14467620849609375 23.09290313720703125 23.058320999145507812 23.718103408813476562 23.729028701782226562 20.197093963623046875 17.141315460205078125 19.062479019165039062 20.113712310791015625 23.759386062622070312 19.865316390991210938 20.12551116943359375 21.81999969482421875 21.782854080200195312 23.638500213623046875 22.335893630981445312 21.954866409301757812 22.228052139282226562 25.334417343139648438 25.7543792724609375 28.11547088623046875 28.883024215698242188 29.570913314819335938 109.51421356201171875 32.33722686767578125 33.708251953125 32.076877593994140625 36.602169036865234375 33.847591400146484375
51.16211700439453125 38.631832122802734375 32.254932403564453125 31.740011215209960938 32.00121307373046875 40.168712615966796875 40.86927032470703125 32.0572509765625 31.383119583129882812 28.969451904296875 27.771717071533203125 27.434741973876953125 23.81137847900390625 22.2775421142578125 23.816125869750976562 22.406787872314453125 21.39060211181640625 18.974626541137695312 18.976469039916992188 18.432580947875976562 19.6726531982421875 21.220539093017578125 19.331075668334960938 21.497325897216796875 20.263439178466796875 22.861391067504882812 22.554058074951171875 24.630414962768554688 20.632532119750976562 21.2888031005859375 22.754175186157226562 22.65976715087890625 27.154956817626953125 27.677570343017578125 29.79074859619140625 95.07865142822265625 32.79659271240234375 29.916536331176757812 29.805164337158203125 32.10736083984375 32.126430511474609375
44.815105438232421875 33.19170379638671875 31.508306503295898438 31.2013397216796875 30.921047210693359375 31.429704666137695312 30.949947357177734375 30.544584274291992188 28.914340972900390625 28.847784042358398438 25.49462890625 27.156000137329101562 21.675287246704101562 23.1600494384765625 23.010448455810546875 23.031812667846679688 23.53273773193359375 21.746112823486328125 20.290340423583984375 20.276590347290039062 19.340478897094726562 20.4557952880859375 19.7073516845703125 20.648111343383789062 22.62294769287109375 22.749486923217773438 19.425334930419921875 24.582422256469726562 22.149110794067382812 22.400768280029296875 25.25841522216796875 25.288984298706054688 24.083486557006835938 29.714185714721679688 31.253732681274414062 75.71591949462890625 30.436639785766601562 31.570920944213867188 29.236547470092773438 33.374950408935546875 32.89699554443359375
35.9432220458984375 31.87265777587890625 29.502460479736328125 29.377950668334960938 30.56032562255859375 29.127712249755859375 29.439355850219726562 32.219173431396484375 30.979963302612304688 26.340373992919921875 27.8751678466796875 27.158397674560546875 23.636705398559570312 24.227420806884765625 25.367395401000976562 27.274845123291015625 25.666326522827148438 20.448902130126953125 20.496381759643554688 18.41088104248046875 20.397123336791992188 18.801433563232421875 21.6575927734375 20.207448959350585938 22.17035675048828125 22.357084274291992188 18.869335174560546875 23.852945327758789062 23.973562240600585938 24.699642181396484375 26.72110748291015625 28.10120391845703125 27.9615478515625 30.81497955322265625 28.416990280151367188 74.05576324462890625 31.368421554565429688 30.450929641723632812 30.800325393676757812 50.13414764404296875 83.805572509765625
30.692075729370117188 31.581567764282226562 32.59716033935546875 29.026828765869140625 32.04393768310546875 31.023359298706054688 31.637668609619140625 29.943483352661132812 31.347848892211914062 26.444444656372070312 25.610624313354492188 23.346494674682617188 23.216127395629882812 24.911760330200195312 90.586761474609375 130.251495361328125 56.038177490234375 22.081110000610351562 20.794275283813476562 19.16594696044921875 17.182086944580078125 17.918672561645507812 19.701284408569335938 20.34340667724609375 20.597539901733398438 21.370183944702148438 22.115407943725585938 23.0481109619140625 24.6935882568359375 37.50632476806640625 79.5534820556640625 30.092967987060546875 113.54541015625 39.957942962646484375 30.182092666625976562 67.840728759765625 29.5938873291015625 26.675624847412109375 31.14911651611328125 42.131290435791015625 63.289691925048828125
32.709835052490234375 28.272741317749023438 29.769435882568359375 32.242374420166015625 32.81229400634765625 32.5156707763671875 30.717954635620117188 32.107303619384765625 32.258533477783203125 26.751392364501953125 30.104997634887695312 25.2144775390625 24.857618331909179688 26.936990737915039062 74.099609375 71.9513397216796875 33.27698516845703125 21.183084487915039062 21.388933181762695312 19.5423431396484375 18.697305679321289062 19.383022308349609375 18.402759552001953125 19.295795440673828125 20.6967010498046875 23.478151321411132812 26.270788192749023438 23.06241607666015625 23.456735610961914062 58.096439361572265625 58.134250640869140625 48.977611541748046875 68.68329620361328125 31.95168304443359375 31.791797637939453125 77.66796112060546875 31.91056060791015625 30.213287353515625 30.001279830932617188 29.702589035034179688 29.858333587646484375
