ForecastVariables/LightPollution_Red_100m/LightPollutionRed_Random3.asc
ncols        529
nrows        344
xllcorner    2700.000000000000
yllcorner    15900.000000000000
cellsize     100.000000000000
NODATA_value  -3.4028234663852885981e+38
[rows 324 to 341 of 344, columns 41 to 81 of 529]
4.1540155410766601562 7.2951226234436035156 5.0976161956787109375 5.6581830978393554688 5.819988250732421875 6.4731702804565429688 5.7802705764770507812 6.0299081802368164062 6.5370159149169921875 6.511890411376953125 6.9507794380187988281 4.7661519050598144531 6.467533111572265625 8.3750028610229492188 7.0253047943115234375 6.178955078125 7.2209839820861816406 5.6049757003784179688 6.5553936958312988281 3.3397011756896972656 7.235095977783203125 7.3918657302856445312 5.8655619621276855469 5.2036371231079101562 5.7347502708435058594 5.8849768638610839844 7.3120436668395996094 5.3823595046997070312 6.8072648048400878906 5.7917661666870117188 4.8874392509460449219 5.5936059951782226562 7.22802734375 6.8934416770935058594 7.4173116683959960938 3.7242777347564697266 4.3609147071838378906 5.776187896728515625 6.7326078414916992188 8.2539377212524414062 6.8633089065551757812
4.4489088058471679688 8.0065755844116210938 6.8229503631591796875 4.8647284507751464844 6.4783697128295898438 6.5470709800720214844 8.3980474472045898438 9.0106048583984375 6.2460131645202636719 7.3582530021667480469 7.1270389556884765625 7.085765838623046875 6.1500024795532226562 5.571796417236328125 3.8362104892730712891 5.5814218521118164062 6.377048492431640625 6.4976553916931152344 6.0043153762817382812 5.2244629859924316406 5.5670199394226074219 6.3899478912353515625 6.3530764579772949219 6.1924223899841308594 8.3191061019897460938 7.4317231178283691406 5.6995115280151367188 7.6705780029296875 5.9596538543701171875 8.4000768661499023438 5.9345216751098632812 4.5140752792358398438 7.6648478507995605469 4.9788117408752441406 6.2401375770568847656 3.5272676944732666016 4.8543524742126464844 5.4665703773498535156 6.34139251708984375 8.12928009033203125 5.4989309310913085938
3.8142635822296142578 5.0398230552673339844 7.4175114631652832031 4.2320122718811035156 6.507854461669921875 7.6356329917907714844 8.409626007080078125 7.2722272872924804688 6.5592722892761230469 7.2851114273071289062 7.91015625 7.8272485733032226562 6.4243564605712890625 5.9210200309753417969 6.5582132339477539062 6.3978404998779296875 7.1583223342895507812 6.9007501602172851562 5.9583654403686523438 6.000576019287109375 5.4142785072326660156 6.3925309181213378906 5.2835793495178222656 3.9580655097961425781 6.8232321739196777344 8.5679998397827148438 5.5342087745666503906 4.9163813591003417969 5.573909759521484375 4.3654179573059082031 6.6620173454284667969 6.4181356430053710938 6.5403232574462890625 3.9663729667663574219 5.8289523124694824219 5.982173919677734375 6.8726062774658203125 6.9827260971069335938 7.1137056350708007812 7.3400177955627441406 5.6431522369384765625
4.9933600425720214844 4.2546396255493164062 5.5828213691711425781 6.0168409347534179688 3.9177405834197998047 6.3897366523742675781 6.9724125862121582031 6.1988582611083984375 4.36525726318359375 6.8280591964721679688 5.6647515296936035156 5.6627225875854492188 7.1544184684753417969 7.7646074295043945312 7.2858443260192871094 4.2783169746398925781 6.787105560302734375 7.2885766029357910156 5.2957086563110351562 4.7965221405029296875 6.8659343719482421875 5.9426102638244628906 7.055141448974609375 4.5561900138854980469 5.8930773735046386719 5.9270911216735839844 7.1107850074768066406 6.2534546852111816406 6.5776729583740234375 3.4557340145111083984 4.4755406379699707031 6.5132360458374023438 6.6403436660766601562 6.3620743751525878906 6.2937722206115722656 5.6528301239013671875 7.3088216781616210938 4.5512604713439941406 7.19677734375 8.377880096435546875 7.5676827430725097656
4.6488823890686035156 7.0428309440612792969 7.9294576644897460938 7.1467432975769042969 4.5217065811157226562 5.9250388145446777344 5.9810576438903808594 3.8323335647583007812 7.4794545173645019531 4.2477016448974609375 5.1341266632080078125 4.7955141067504882812 6.04102325439453125 6.2992043495178222656 6.0387940406799316406 4.8305263519287109375 5.1798491477966308594 7.2153267860412597656 7.5119371414184570312 4.8900632858276367188 6.8306689262390136719 6.130870819091796875 9.493865966796875 7.1805925369262695312 3.6749186515808105469 6.4198060035705566406 5.4121241569519042969 7.3632936477661132812 7.625827789306640625 4.8285841941833496094 5.8204984664916992188 6.7526655197143554688 7.0735955238342285156 5.9240264892578125 5.8933539390563964844 4.5164313316345214844 7.1936883926391601562 5.5562276840209960938 5.1842775344848632812 5.2932443618774414062 6.9883284568786621094
7.2403860092163085938 7.2654066085815429688 4.8930516242980957031 4.9362945556640625 6.9590806961059570312 6.2197737693786621094 6.564849853515625 7.2163872718811035156 6.8033380508422851562 6.663555145263671875 6.5570964813232421875 5.3307704925537109375 7.2145280838012695312 7.4378390312194824219 5.0026030540466308594 6.4131569862365722656 7.6004586219787597656 3.4192821979522705078 6.4591121673583984375 6.8707818984985351562 4.1431865692138671875 4.3490238189697265625 7.7108321189880371094 5.4172716140747070312 3.7970230579376220703 5.0479044914245605469 5.5499439239501953125 8.890201568603515625 6.893398284912109375 6.3950338363647460938 5.36945343017578125 7.4794983863830566406 6.9567179679870605469 6.7097830772399902344 5.9782834053039550781 6.068492889404296875 6.0905666351318359375 8.1618251800537109375 5.2393298149108886719 5.4939599037170410156 8.4783115386962890625
4.5653920173645019531 5.9192452430725097656 5.5770082473754882812 6.7979159355163574219 4.8660221099853515625 4.1831803321838378906 6.779186248779296875 6.7681326866149902344 3.8134908676147460938 4.158107757568359375 5.6015906333923339844 5.3664422035217285156 6.6674551963806152344 7.0456948280334472656 6.972835540771484375 5.1758198738098144531 5.3046979904174804688 6.0939016342163085938 5.6112666130065917969 6.1685581207275390625 3.2894558906555175781 6.0504121780395507812 7.1856341361999511719 4.9777212142944335938 4.0164728164672851562 4.8676486015319824219 6.4725170135498046875 5.2659382820129394531 4.6786890029907226562 4.9261426925659179688 3.6442153453826904297 4.5918264389038085938 4.6354050636291503906 6.8267970085144042969 5.6937084197998046875 4.969234466552734375 4.7463078498840332031 4.7229018211364746094 7.089138031005859375 7.1042609214782714844 6.8599896430969238281
5.0001616477966308594 7.0901851654052734375 4.5473871231079101562 7.1618938446044921875 6.9442377090454101562 5.4450922012329101562 4.4584240913391113281 5.3311605453491210938 5.7772355079650878906 3.1012377738952636719 5.3143796920776367188 5.9811563491821289062 7.9197459220886230469 5.1605358123779296875 4.619678497314453125 4.791423797607421875 6.8401656150817871094 6.4231281280517578125 5.7105851173400878906 6.1008372306823730469 5.8892016410827636719 5.7752466201782226562 5.9559268951416015625 5.8588900566101074219 5.4483551979064941406 5.4584784507751464844 7.1553983688354492188 5.4227056503295898438 5.634349822998046875 5.7277784347534179688 5.7063794136047363281 4.2606244087219238281 5.0310606956481933594 4.3564982414245605469 5.8927631378173828125 6.5021224021911621094 6.8383665084838867188 4.7587633132934570312 6.565395355224609375 8.052425384521484375 4.8607568740844726562
6.4219512939453125 6.8174734115600585938 6.6347775459289550781 6.1526169776916503906 5.4162278175354003906 5.121616363525390625 6.2494044303894042969 5.7835354804992675781 6.2456421852111816406 5.6847872734069824219 5.9223456382751464844 6.2718448638916015625 8.9617624282836914062 6.0689268112182617188 5.5822496414184570312 3.9396128654479980469 7.379608154296875 5.9967350959777832031 7.06915283203125 6.4940142631530761719 5.6824250221252441406 3.6792294979095458984 5.1126270294189453125 7.2777199745178222656 5.4197545051574707031 7.3014855384826660156 6.0929107666015625 7.5437488555908203125 7.1509079933166503906 6.3413105010986328125 5.0967364311218261719 5.7119798660278320312 6.0237550735473632812 5.6107153892517089844 5.5550661087036132812 6.2390069961547851562 5.4626946449279785156 6.3813796043395996094 5.2471175193786621094 4.4901766777038574219 4.4260416030883789062
3.3845033645629882812 5.4085135459899902344 6.9696993827819824219 6.4269666671752929688 6.5381617546081542969 4.5685291290283203125 6.44766998291015625 6.1532564163208007812 5.9485340118408203125 5.6195249557495117188 7.7748203277587890625 4.1145339012145996094 5.3335490226745605469 6.0196957588195800781 4.3625206947326660156 3.5051884651184082031 5.3016252517700195312 7.2586655616760253906 6.9851284027099609375 4.5406026840209960938 4.5472002029418945312 5.6867346763610839844 7.2179613113403320312 6.3850855827331542969 4.7955579757690429688 5.8834156990051269531 5.9156737327575683594 6.466495513916015625 6.880390167236328125 4.7187352180480957031 5.7269659042358398438 4.944202423095703125 4.1789336204528808594 6.5657100677490234375 5.2364902496337890625 4.8167157173156738281 6.1362667083740234375 7.4969954490661621094 6.6107692718505859375 6.7686090469360351562 6.26656341552734375
6.9868650436401367188 4.3825001716613769531 8.0504817962646484375 7.4555544853210449219 6.1624555587768554688 3.58235931396484375 7.7453966140747070312 5.2448658943176269531 5.6164293289184570312 5.838603973388671875 6.0370550155639648438 6.8476738929748535156 6.428806304931640625 6.5605144500732421875 6.2565555572509765625 4.6907792091369628906 7.5655541419982910156 6.5822668075561523438 6.282817840576171875 4.4343585968017578125 6.7549877166748046875 6.2666573524475097656 6.1352481842041015625 7.6230936050415039062 7.3458466529846191406 5.2083163261413574219 4.3213753700256347656 6.9785327911376953125 5.3620853424072265625 4.2386727333068847656 5.3821387290954589844 6.9425134658813476562 4.3126759529113769531 5.1842641830444335938 5.4514718055725097656 4.1373958587646484375 7.6276488304138183594 8.039585113525390625 7.5144171714782714844 6.2073993682861328125 3.7313067913055419922
6.5669841766357421875 6.7635569572448730469 3.5783901214599609375 5.7528376579284667969 6.274860382080078125 4.7125644683837890625 7.6444497108459472656 7.5364737510681152344 6.7686061859130859375 6.3047833442687988281 4.7912564277648925781 6.2624001502990722656 7.1019010543823242188 4.4165782928466796875 5.9383378028869628906 4.6660413742065429688 6.0787796974182128906 5.1948866844177246094 6.2983999252319335938 7.6013517379760742188 6.2862391471862792969 4.9082403182983398438 7.242000579833984375 7.6384062767028808594 6.8696265220642089844 5.1206002235412597656 6.6045007705688476562 4.0828390121459960938 4.7611126899719238281 5.8926644325256347656 5.6254053115844726562 6.4239716529846191406 6.7684845924377441406 4.4221439361572265625 5.3097133636474609375 6.4540066719055175781 6.7772812843322753906 8.1710691452026367188 4.2714529037475585938 6.2843384742736816406 4.482265472412109375
4.2039704322814941406 6.2605185508728027344 6.1035366058349609375 3.7824888229370117188 6.9305233955383300781 6.0247635841369628906 7.5903825759887695312 4.7630796432495117188 3.7047381401062011719 6.8605165481567382812 6.9734120368957519531 5.3017115592956542969 5.8072361946105957031 6.7061123847961425781 6.6746230125427246094 3.5223498344421386719 5.9561781883239746094 5.185405731201171875 5.6495451927185058594 6.5524568557739257812 7.0068430900573730469 5.6400923728942871094 6.1673321723937988281 5.7834320068359375 7.1284623146057128906 6.9616341590881347656 7.4890828132629394531 5.7915959358215332031 5.56298065185546875 6.34783935546875 6.6321649551391601562 5.2333664894104003906 7.188724517822265625 6.3332653045654296875 7.8837747573852539062 7.5640816688537597656 5.6894555091857910156 5.8160672187805175781 6.8939313888549804688 7.3225927352905273438 6.7748813629150390625
6.1969370841979980469 5.7100396156311035156 3.7406075000762939453 6.3902659416198730469 9.1227407455444335938 3.7020237445831298828 5.6108231544494628906 3.9329714775085449219 5.6565752029418945312 6.7502169609069824219 7.735530853271484375 4.1667041778564453125 4.6289396286010742188 6.5819120407104492188 7.5146341323852539062 5.6182098388671875 6.7730960845947265625 4.0717759132385253906 5.7045235633850097656 7.4799065589904785156 5.7140698432922363281 5.6714396476745605469 7.3725233078002929688 8.13751983642578125 8.1592588424682617188 6.9702429771423339844 6.3189640045166015625 5.17023468017578125 5.7879705429077148438 7.0264544486999511719 5.3311643600463867188 4.4115443229675292969 6.5330853462219238281 6.5077009201049804688 6.5847573280334472656 6.4185776710510253906 6.7450451850891113281 9.9931488037109375 7.0780777931213378906 6.0438408851623535156 6.6383433341979980469
7.1580371856689453125 6.0636243820190429688 7.0074796676635742188 7.3583045005798339844 6.4818444252014160156 6.509059906005859375 8.3972578048706054688 4.9166111946105957031 5.7854337692260742188 6.1714234352111816406 7.0902090072631835938 4.2005162239074707031 3.9236574172973632812 5.6490678787231445312 5.3083658218383789062 6.7744517326354980469 5.2260303497314453125 7.3879947662353515625 4.7760868072509765625 7.9203877449035644531 5.5013775825500488281 6.6310625076293945312 5.5897488594055175781 7.4418611526489257812 7.8326168060302734375 7.7879095077514648438 6.9174971580505371094 6.0632138252258300781 5.7142357826232910156 6.465198516845703125 5.1336050033569335938 5.023838043212890625 6.1509099006652832031 5.1674799919128417969 7.1963033676147460938 5.5483679771423339844 5.1567158699035644531 8.5897798538208007812 6.0507473945617675781 7.564281463623046875 7.18489837646484375
7.2239704132080078125 7.876537322998046875 6.2568683624267578125 5.987407684326171875 5.6899943351745605469 6.9000539779663085938 4.187908172607421875 5.3966083526611328125 4.7005839347839355469 6.7836194038391113281 7.0506873130798339844 5.2248444557189941406 6.0202379226684570312 3.5318253040313720703 5.8323674201965332031 5.7772364616394042969 7.3919701576232910156 6.0771851539611816406 5.9028806686401367188 6.71611785888671875 7.5275812149047851562 7.5437917709350585938 6.4055280685424804688 5.7969985008239746094 7.0089516639709472656 6.8040742874145507812 6.7050619125366210938 8.4402456283569335938 6.5260777473449707031 4.1769800186157226562 6.183368682861328125 4.45569610595703125 8.6265306472778320312 4.9406824111938476562 6.6544647216796875 9.5718698501586914062 6.5217771530151367188 8.7815799713134765625 7.69049072265625 6.1664080619812011719 6.7626719474792480469
6.3467960357666015625 6.2655425071716308594 4.3441982269287109375 5.3843483924865722656 5.7362036705017089844 6.7218346595764160156 6.2152833938598632812 4.1939387321472167969 7.3230304718017578125 5.4503998756408691406 5.7155504226684570312 6.5685782432556152344 9.2338695526123046875 4.7582902908325195312 4.9232387542724609375 4.4951429367065429688 6.6459112167358398438 5.6186528205871582031 5.9389281272888183594 6.156909942626953125 6.828861236572265625 6.8433814048767089844 7.2601289749145507812 5.8418011665344238281 6.2017741203308105469 6.1533484458923339844 8.3199205398559570312 6.7895007133483886719 5.5957674980163574219 5.2485718727111816406 7.8091783523559570312 6.2084259986877441406 8.33995819091796875 6.1802697181701660156 4.5181989669799804688 6.8970670700073242188 6.712512969970703125 6.6527228355407714844 9.1073675155639648438 9.0020704269409179688 6.238666534423828125
3.8401033878326416016 6.1383800506591796875 5.3076519966125488281 5.8700156211853027344 4.817943572998046875 8.0013065338134765625 6.5910353660583496094 6.5471553802490234375 4.6548824310302734375 4.228912353515625 4.45005035400390625 4.6115550994873046875 6.627201080322265625 3.7938365936279296875 6.0628237724304199219 4.7636580467224121094 4.9910683631896972656 4.8697648048400878906 6.896205902099609375 7.7245869636535644531 6.4423966407775878906 6.7977504730224609375 5.0361037254333496094 6.8981041908264160156 6.5638632774353027344 6.9338240623474121094 8.1596698760986328125 6.1625437736511230469 4.8609185218811035156 4.3577175140380859375 6.6865992546081542969 5.9023561477661132812 6.4889378547668457031 7.1443872451782226562 6.9153509140014648438 6.6993579864501953125 5.2232851982116699219 8.7799386978149414062 8.0374279022216796875 6.5508098602294921875 6.8917241096496582031
