ForecastVariables/LightPollution_Red_100m/LightPollutionRed_Random3.asc
ncols        529
nrows        344
xllcorner    2700.000000000000
yllcorner    15900.000000000000
cellsize     100.000000000000
NODATA_value  -3.4028234663852885981e+38
[rows 270 to 287 of 344, columns 164 to 204 of 529]
18.35216522216796875 21.691583633422851562 21.117109298706054688 21.775075912475585938 19.531076431274414062 29.705364227294921875 32.06514739990234375 23.959505081176757812 59.435573577880859375 53.599658966064453125 101.1984710693359375 119.68486785888671875 40.14643096923828125 42.740589141845703125 21.142953872680664062 38.368061065673828125 17.935708999633789062 16.424236297607421875 13.612292289733886719 16.787845611572265625 18.362169265747070312 45.051639556884765625 64.48656463623046875 117.98795318603515625 145.8057708740234375 125.2078094482421875 72.908935546875 65.85578155517578125 15.737955093383789062 12.587262153625488281 10.470633506774902344 7.5946636199951171875 8.9817247390747070312 8.200103759765625 8.6339826583862304688 8.0128660202026367188 8.493480682373046875 8.2457275390625 9.7091474533081054688 9.2701902389526367188 12.064808845520019531
18.936582565307617188 20.371700286865234375 19.857679367065429688 20.126066207885742188 20.710659027099609375 21.07788848876953125 20.958963394165039062 19.606443405151367188 21.03655242919921875 21.578800201416015625 33.40392303466796875 31.87741851806640625 28.820226669311523438 33.6474609375 47.2522430419921875 43.288242340087890625 15.274222373962402344 13.004136085510253906 15.074786186218261719 12.937466621398925781 14.724001884460449219 22.693300247192382812 64.805419921875 49.474750518798828125 118.4209136962890625 112.73354339599609375 53.92531585693359375 86.63629913330078125 34.288639068603515625 8.3606653213500976562 10.945694923400878906 7.5763292312622070312 8.4762363433837890625 8.8908205032348632812 8.9056692123413085938 8.8917493820190429688 8.3833522796630859375 8.350803375244140625 9.6845083236694335938 10.011614799499511719 9.9126157760620117188
18.425622940063476562 17.715240478515625 21.555950164794921875 16.110248565673828125 19.94205474853515625 21.283658981323242188 19.943517684936523438 20.050764083862304688 18.286748886108398438 17.54080963134765625 16.417285919189453125 14.80419158935546875 14.244523048400878906 17.349267959594726562 15.336971282958984375 21.964382171630859375 13.536658287048339844 14.679324150085449219 13.202054023742675781 12.693345069885253906 13.363768577575683594 14.387144088745117188 23.662349700927734375 13.644215583801269531 16.364179611206054688 13.088278770446777344 14.990184783935546875 34.75582122802734375 29.499202728271484375 7.0357909202575683594 8.5569591522216796875 10.001966476440429688 7.8160014152526855469 7.0264940261840820312 8.8422565460205078125 11.423229217529296875 7.3555097579956054688 7.8987798690795898438 8.1794452667236328125 10.600650787353515625 10.252685546875
16.859834671020507812 15.077447891235351562 13.5931549072265625 15.967631340026855469 16.126245498657226562 16.498226165771484375 14.632796287536621094 16.846282958984375 15.793475151062011719 14.801546096801757812 15.658169746398925781 13.172864913940429688 13.554312705993652344 12.52993011474609375 13.712960243225097656 13.603825569152832031 13.338390350341796875 14.141966819763183594 15.100341796875 13.957783699035644531 12.395945549011230469 10.947630882263183594 15.282201766967773438 14.279710769653320312 13.15723419189453125 13.633708000183105469 12.495647430419921875 11.333616256713867188 10.786504745483398438 10.930524826049804688 8.012332916259765625 7.6532397270202636719 10.823404312133789062 8.1684322357177734375 9.4814081192016601562 8.59295654296875 9.3905897140502929688 8.5005731582641601562 8.3737154006958007812 10.390206336975097656 9.8937835693359375
15.423656463623046875 14.887923240661621094 16.9749603271484375 15.22130584716796875 17.249734878540039062 16.23931884765625 15.226381301879882812 14.287557601928710938 15.101758003234863281 14.466790199279785156 15.7298583984375 15.311081886291503906 12.316560745239257812 14.057272911071777344 10.145672798156738281 13.489839553833007812 13.4149322509765625 13.458894729614257812 14.691022872924804688 12.714627265930175781 13.097777366638183594 8.6855325698852539062 10.828844070434570312 10.585935592651367188 14.015642166137695312 14.217341423034667969 11.637894630432128906 9.5852260589599609375 9.3260364532470703125 9.5752668380737304688 8.4962615966796875 9.5848941802978515625 6.9144129753112792969 7.6247735023498535156 9.7062044143676757812 10.776158332824707031 8.6973114013671875 8.2693653106689453125 8.6577997207641601562 10.543524742126464844 8.5654458999633789062
14.648883819580078125 15.425116539001464844 15.197687149047851562 15.4195709228515625 15.427984237670898438 15.467992782592773438 13.09375762939453125 14.894621849060058594 12.219496726989746094 12.961271286010742188 14.6219635009765625 11.605969429016113281 14.181949615478515625 14.702094078063964844 13.692193984985351562 13.622828483581542969 13.182534217834472656 15.404807090759277344 12.804429054260253906 13.904293060302734375 11.926236152648925781 10.472998619079589844 10.297788619995117188 11.582697868347167969 10.152550697326660156 9.37447357177734375 10.851883888244628906 11.134784698486328125 9.789318084716796875 7.8521327972412109375 8.2578248977661132812 9.442836761474609375 7.7203612327575683594 6.73418426513671875 7.8554182052612304688 9.45153045654296875 7.8969526290893554688 7.1860742568969726562 8.4698572158813476562 10.200603485107421875 8.9914226531982421875
15.417894363403320312 15.203351974487304688 13.298694610595703125 13.766522407531738281 14.669342041015625 13.412336349487304688 14.6620941162109375 13.919805526733398438 13.317910194396972656 13.268216133117675781 12.539580345153808594 11.457652091979980469 12.938623428344726562 12.449563980102539062 11.681766510009765625 12.598735809326171875 10.135694503784179688 11.448360443115234375 9.1580209732055664062 11.718717575073242188 9.24121856689453125 9.1622295379638671875 9.6162967681884765625 11.542899131774902344 8.1797304153442382812 9.3074703216552734375 10.452089309692382812 8.5701608657836914062 8.556034088134765625 10.2475433349609375 8.6182413101196289062 9.3619241714477539062 7.2910790443420410156 9.6963300704956054688 8.4700756072998046875 7.010829925537109375 7.6667399406433105469 7.4347486495971679688 7.7829566001892089844 8.2953538894653320312 8.3836641311645507812
13.201732635498046875 11.441622734069824219 9.684391021728515625 11.5642242431640625 13.184049606323242188 12.24999237060546875 12.941778182983398438 12.843434333801269531 12.60205078125 14.341243743896484375 13.570699691772460938 10.364599227905273438 12.15306854248046875 11.762200355529785156 9.7322998046875 11.999721527099609375 11.577763557434082031 9.6201486587524414062 10.082581520080566406 8.8542118072509765625 12.1156158447265625 9.9221210479736328125 11.057079315185546875 9.6920032501220703125 11.118607521057128906 10.345646858215332031 10.154416084289550781 5.428470611572265625 8.5535888671875 8.0222644805908203125 10.478913307189941406 9.1155080795288085938 9.3437480926513671875 9.1329317092895507812 9.368335723876953125 6.7722764015197753906 8.0872201919555664062 6.0204935073852539062 7.0378026962280273438 8.4561014175415039062 9.0336103439331054688
11.055613517761230469 10.022377967834472656 9.0624675750732421875 9.8727865219116210938 13.053956985473632812 13.100008964538574219 11.3957366943359375 12.2112579345703125 12.78058624267578125 11.256589889526367188 13.57277679443359375 9.3101778030395507812 12.122499465942382812 9.8642854690551757812 8.210285186767578125 12.924541473388671875 11.395529747009277344 9.2742824554443359375 9.5875768661499023438 10.977021217346191406 9.2901792526245117188 11.0610504150390625 9.2958440780639648438 12.215832710266113281 10.175024986267089844 8.4963293075561523438 9.8567743301391601562 9.3962230682373046875 7.1955041885375976562 7.2329621315002441406 10.164152145385742188 9.4799365997314453125 8.4046344757080078125 8.9565448760986328125 8.87168121337890625 7.6824312210083007812 8.0721416473388671875 7.4851503372192382812 9.6580667495727539062 8.5444898605346679688 9.742218017578125
10.294677734375 9.8639593124389648438 9.7793598175048828125 9.314624786376953125 12.190768241882324219 14.043199539184570312 9.3738842010498046875 10.380028724670410156 10.90401458740234375 11.163718223571777344 9.7813882827758789062 10.977239608764648438 11.031132698059082031 8.6541080474853515625 10.318696022033691406 11.029018402099609375 12.150234222412109375 10.417056083679199219 9.9757318496704101562 9.7086305618286132812 10.694989204406738281 10.122801780700683594 10.348386764526367188 8.1719732284545898438 8.4618930816650390625 7.8166623115539550781 6.9638142585754394531 7.2323217391967773438 6.7118935585021972656 8.5219488143920898438 7.6563458442687988281 8.9653682708740234375 8.1286058425903320312 8.28022003173828125 7.5910596847534179688 7.6353945732116699219 8.0863409042358398438 7.2330651283264160156 9.0412836074829101562 8.0666246414184570312 9.8470869064331054688
10.13816070556640625 9.2889623641967773438 9.7494897842407226562 9.7600231170654296875 8.4901437759399414062 12.37298583984375 8.3120374679565429688 9.8020343780517578125 9.828907012939453125 11.507916450500488281 10.57146453857421875 10.759320259094238281 10.0285797119140625 9.6794328689575195312 8.2913064956665039062 8.806324005126953125 9.6967678070068359375 9.333652496337890625 8.2826223373413085938 8.67713165283203125 7.2710566520690917969 9.0221471786499023438 8.6617841720581054688 9.6741743087768554688 9.243804931640625 8.4892816543579101562 10.124398231506347656 7.9046216011047363281 7.7231163978576660156 6.2611231803894042969 7.2356562614440917969 8.0804033279418945312 8.711383819580078125 7.3406653404235839844 9.7016496658325195312 6.6458005905151367188 5.9291791915893554688 5.78124237060546875 8.3734989166259765625 9.3778543472290039062 7.69464111328125
11.437624931335449219 10.473853111267089844 9.8847723007202148438 9.7444543838500976562 8.0639600753784179688 9.0824537277221679688 7.7330999374389648438 8.277034759521484375 7.5939579010009765625 8.953411102294921875 10.449099540710449219 8.7006025314331054688 9.63915252685546875 9.2628850936889648438 8.9092283248901367188 9.92431640625 8.6320819854736328125 9.2380542755126953125 7.9748983383178710938 8.4414615631103515625 7.4514064788818359375 9.5660409927368164062 9.0495100021362304688 9.5097436904907226562 10.596691131591796875 8.2759084701538085938 7.8916153907775878906 8.0692777633666992188 7.7006092071533203125 6.5114221572875976562 10.474919319152832031 8.7115926742553710938 7.7333159446716308594 10.23259735107421875 9.7482204437255859375 8.1614370346069335938 7.8930449485778808594 7.3340096473693847656 6.6136288642883300781 8.4397029876708984375 8.4555425643920898438
10.049323081970214844 10.443520545959472656 9.3766069412231445312 8.9200544357299804688 9.394287109375 9.2267179489135742188 8.248004913330078125 9.2493801116943359375 9.8144121170043945312 9.3149881362915039062 10.204134941101074219 9.7620286941528320312 9.472259521484375 9.4010572433471679688 11.169622421264648438 8.1680927276611328125 9.2295703887939453125 8.9699735641479492188 11.402891159057617188 7.7553887367248535156 6.6334180831909179688 9.2093963623046875 8.5399541854858398438 7.3861398696899414062 8.1504840850830078125 6.1073985099792480469 6.7998113632202148438 5.9444723129272460938 7.7660531997680664062 7.0150065422058105469 8.8501501083374023438 8.9950819015502929688 6.9105629920959472656 9.2601566314697265625 8.7943296432495117188 7.0660114288330078125 8.0797824859619140625 9.3268423080444335938 8.3483648300170898438 9.265350341796875 8.4406890869140625
8.7840337753295898438 9.6482915878295898438 8.49700927734375 11.971514701843261719 9.085918426513671875 8.545803070068359375 9.472301483154296875 8.2647600173950195312 8.52437591552734375 9.013645172119140625 8.526302337646484375 8.5150651931762695312 10.36911773681640625 9.4391946792602539062 8.1986780166625976562 8.7057743072509765625 10.939597129821777344 9.3811044692993164062 6.8196277618408203125 8.777606964111328125 7.392612457275390625 9.2940120697021484375 8.7443599700927734375 8.940227508544921875 9.366710662841796875 7.8112854957580566406 8.1028490066528320312 9.720111846923828125 7.7881045341491699219 8.80664825439453125 8.0862894058227539062 8.427028656005859375 8.7158899307250976562 8.388645172119140625 7.6182417869567871094 8.1322240829467773438 8.2844982147216796875 9.64673614501953125 10.36914825439453125 10.332882881164550781 7.2426843643188476562
10.076590538024902344 8.50983428955078125 8.1947336196899414062 9.0247011184692382812 8.7280302047729492188 9.7310113906860351562 7.7646842002868652344 8.2986736297607421875 10.074069023132324219 11.625031471252441406 9.426197052001953125 8.4763326644897460938 7.8491983413696289062 8.5782260894775390625 7.8428730964660644531 8.8324232101440429688 8.0502710342407226562 8.992092132568359375 7.9446358680725097656 8.4194517135620117188 8.602123260498046875 9.1606798171997070312 8.7869062423706054688 8.7290182113647460938 8.5281543731689453125 8.0080108642578125 8.3543901443481445312 9.1711778640747070312 9.772388458251953125 9.2214574813842773438 9.9488658905029296875 7.8852453231811523438 7.8938736915588378906 7.7871856689453125 7.6431684494018554688 8.8435039520263671875 8.3579721450805664062 7.6834459304809570312 9.4316997528076171875 9.018436431884765625 9.184234619140625
8.58721923828125 11.430759429931640625 7.9978456497192382812 10.102542877197265625 10.078722000122070312 8.9337911605834960938 7.9968843460083007812 7.7263097763061523438 9.3463916778564453125 7.2581853866577148438 8.3314580917358398438 9.5748310089111328125 7.0166406631469726562 8.0911712646484375 6.8475475311279296875 9.38857269287109375 7.26041412353515625 9.9987773895263671875 9.6328277587890625 8.231800079345703125 8.500026702880859375 8.4759578704833984375 9.270542144775390625 6.8596372604370117188 10.767314910888671875 7.539997100830078125 7.7556772232055664062 8.790302276611328125 9.091793060302734375 8.1805009841918945312 8.1475124359130859375 8.5071306228637695312 7.1407022476196289062 10.267999649047851562 9.0634107589721679688 8.414043426513671875 9.0984735488891601562 8.7876262664794921875 9.1932086944580078125 7.5401577949523925781 9.5598659515380859375
8.5503282546997070312 7.8892850875854492188 7.6593594551086425781 8.7616634368896484375 10.773607254028320312 11.028972625732421875 8.2820634841918945312 9.2734661102294921875 7.9271817207336425781 7.0639824867248535156 5.9342141151428222656 8.0200672149658203125 8.3342266082763671875 6.8503899574279785156 6.3746094703674316406 8.2589979171752929688 7.1951150894165039062 8.0475206375122070312 10.432913780212402344 7.6770520210266113281 7.3814129829406738281 9.7115077972412109375 10.622090339660644531 10.180135726928710938 12.952836036682128906 9.1740617752075195312 26.33011627197265625 12.046565055847167969 12.146862030029296875 13.937093734741210938 8.8640308380126953125 7.3228778839111328125 6.6059250831604003906 8.83229827880859375 8.9391937255859375 8.6358795166015625 10.341739654541015625 8.6729450225830078125 9.9864559173583984375 10.048498153686523438 8.9226617813110351562
7.2606801986694335938 6.7160029411315917969 7.9633069038391113281 8.3783206939697265625 7.4085745811462402344 6.0879340171813964844 5.6072535514831542969 9.3619937896728515625 7.8409008979797363281 6.6472024917602539062 8.2517881393432617188 6.9933180809020996094 8.2475261688232421875 6.5027713775634765625 5.0995020866394042969 4.883636474609375 8.0601205825805664062 8.607147216796875 8.2044973373413085938 6.7205104827880859375 7.5798444747924804688 7.1974010467529296875 10.687516212463378906 27.20095062255859375 47.583309173583984375 16.296457290649414062 35.98896026611328125 39.50414276123046875 30.7763519287109375 23.723196029663085938 9.40380859375 7.7221322059631347656 8.1209392547607421875 9.517078399658203125 7.6197810173034667969 7.7725629806518554688 9.3399248123168945312 9.5962924957275390625 10.815022468566894531 8.4497442245483398438 8.4922475814819335938
