ForecastVariables/LightPollution_Red_100m/LightPollutionRed_Random3.asc
ncols        529
nrows        344
xllcorner    2700.000000000000
yllcorner    15900.000000000000
cellsize     100.000000000000
NODATA_value  -3.4028234663852885981e+38
[rows 54 to 71 of 344, columns 369 to 409 of 529]
8.6823291778564453125 8.4472751617431640625 5.4707255363464355469 6.7559647560119628906 6.4898700714111328125 4.7414479255676269531 5.0161390304565429688 6.0370807647705078125 6.17504119873046875 4.7440066337585449219 5.4694523811340332031 4.7636618614196777344 5.4539561271667480469 4.1176214218139648438 5.9766354560852050781 4.5891718864440917969 5.1053519248962402344 3.9330906867980957031 5.0590486526489257812 5.089260101318359375 6.7082581520080566406 6.2287445068359375 5.44800567626953125 5.1232633590698242188 3.9781451225280761719 4.1680178642272949219 5.1279101371765136719 6.9127817153930664062 4.2048640251159667969 5.9453539848327636719 5.2513561248779296875 5.75408935546875 6.9913754463195800781 6.2608852386474609375 7.4872760772705078125 6.5599799156188964844 8.8845729827880859375 7.5020747184753417969 9.74480438232421875 5.1012406349182128906 5.2846250534057617188
5.56636810302734375 4.9526190757751464844 5.7163023948669433594 7.0664129257202148438 6.2252416610717773438 4.8325648307800292969 6.4923067092895507812 5.6880145072937011719 4.8517737388610839844 7.2682824134826660156 3.4734938144683837891 6.8655881881713867188 4.1884098052978515625 3.8455498218536376953 5.5942478179931640625 4.4882383346557617188 5.113067626953125 4.6133012771606445312 6.647731781005859375 4.9616007804870605469 6.0457634925842285156 5.4814410209655761719 5.49552154541015625 5.2482247352600097656 6.0462546348571777344 5.4688820838928222656 4.4065656661987304688 4.9753103256225585938 4.6307191848754882812 3.8495218753814697266 5.8825888633728027344 4.7026004791259765625 8.2634181976318359375 5.0476813316345214844 8.4998149871826171875 6.6475934982299804688 5.4878492355346679688 7.6533336639404296875 7.4134950637817382812 7.1868410110473632812 6.6543011665344238281
7.9122781753540039062 6.3918004035949707031 5.9490666389465332031 6.8167481422424316406 5.6173186302185058594 5.977443695068359375 5.8697981834411621094 6.41681671142578125 3.8865888118743896484 4.0953960418701171875 3.7509329319000244141 6.2390513420104980469 4.743526458740234375 4.8698678016662597656 4.342632293701171875 7.6459097862243652344 5.234088897705078125 6.4829325675964355469 4.1370930671691894531 4.5885834693908691406 6.0689444541931152344 5.1628394126892089844 4.4843955039978027344 5.0336050987243652344 3.9157187938690185547 4.5985445976257324219 4.548770904541015625 5.217456817626953125 4.6676049232482910156 3.9550609588623046875 5.0971746444702148438 4.4760723114013671875 6.9037232398986816406 8.4769601821899414062 27.55266571044921875 12.170061111450195312 12.029626846313476562 10.455172538757324219 22.986354827880859375 8.4307861328125 6.3232355117797851562
5.0283298492431640625 6.3230271339416503906 5.6960115432739257812 6.8472690582275390625 4.4198513031005859375 4.1853857040405273438 4.9775705337524414062 5.0502705574035644531 4.700672149658203125 5.5188689231872558594 5.67438507080078125 5.3023824691772460938 5.8499464988708496094 5.0740704536437988281 4.7297716140747070312 7.1847438812255859375 5.14892578125 5.6138868331909179688 3.6156785488128662109 4.5647144317626953125 3.5823802947998046875 4.5449118614196777344 4.9679899215698242188 5.0387034416198730469 5.73479461669921875 5.2181134223937988281 5.126163482666015625 5.8122782707214355469 5.8894128799438476562 4.4076161384582519531 6.054996490478515625 5.810192108154296875 5.8103652000427246094 33.331539154052734375 73.85976409912109375 12.952614784240722656 8.542255401611328125 6.983707427978515625 22.09351348876953125 7.8007559776306152344 5.9425797462463378906
11.263254165649414062 10.194275856018066406 8.1750354766845703125 5.4689459800720214844 4.77312469482421875 6.7357759475708007812 4.7025799751281738281 2.9529781341552734375 6.0890307426452636719 4.6053600311279296875 5.7702131271362304688 4.7832326889038085938 6.8773360252380371094 4.9366302490234375 4.9509415626525878906 5.7354216575622558594 4.804676055908203125 5.2856793403625488281 4.78264617919921875 4.0534358024597167969 4.6066198348999023438 4.9556784629821777344 5.4256916046142578125 4.3758645057678222656 4.5076932907104492188 4.4658575057983398438 4.739688873291015625 6.210437774658203125 6.1631894111633300781 3.8591494560241699219 4.602527618408203125 6.8661928176879882812 6.3386411666870117188 20.240125656127929688 26.801782608032226562 8.2253017425537109375 5.834293365478515625 4.0527558326721191406 8.7656145095825195312 6.0986275672912597656 4.5413064956665039062
32.43524169921875 18.9763946533203125 11.697366714477539062 5.8836278915405273438 3.7107462882995605469 5.4326872825622558594 5.2565274238586425781 3.9211895465850830078 5.6084008216857910156 4.9870886802673339844 5.0703783035278320312 3.6278254985809326172 4.9967327117919921875 3.9909241199493408203 4.4556994438171386719 4.16466522216796875 5.9515538215637207031 5.6453313827514648438 5.5621809959411621094 4.5560665130615234375 4.2442421913146972656 5.1455702781677246094 4.6313762664794921875 6.6184854507446289062 4.9248037338256835938 4.9802174568176269531 5.3269553184509277344 4.5951962471008300781 5.2122483253479003906 4.8630743026733398438 4.3543920516967773438 8.4747295379638671875 5.8217802047729492188 6.1859726905822753906 5.4286165237426757812 6.4063000679016113281 5.3828701972961425781 4.1790099143981933594 6.78397369384765625 4.9291720390319824219 3.59882354736328125
13.612736701965332031 8.6382703781127929688 7.3730754852294921875 6.1721935272216796875 4.6259670257568359375 5.6007900238037109375 5.9213285446166992188 6.7702431678771972656 6.85406494140625 6.2120714187622070312 4.1621270179748535156 3.7057621479034423828 3.8273825645446777344 5.120269775390625 5.3074421882629394531 4.3780455589294433594 5.0898036956787109375 5.5371899604797363281 6.4943208694458007812 7.2973599433898925781 5.5305972099304199219 5.1847257614135742188 7.0690779685974121094 7.0511212348937988281 5.9933381080627441406 4.0825328826904296875 4.9514174461364746094 4.7720789909362792969 3.9158492088317871094 4.9538025856018066406 6.1991190910339355469 7.5922188758850097656 5.7622199058532714844 4.699741363525390625 4.3201961517333984375 4.2106761932373046875 5.3184971809387207031 4.9785685539245605469 5.562328338623046875 5.6891732215881347656 7.669551849365234375
8.01238250732421875 7.5752062797546386719 7.1212739944458007812 7.23679351806640625 4.1950592994689941406 6.9914455413818359375 6.3574213981628417969 8.0120019912719726562 5.3578634262084960938 6.0222773551940917969 4.7130832672119140625 5.3898344039916992188 5.7697768211364746094 4.9508223533630371094 3.4228188991546630859 4.1672878265380859375 3.2226583957672119141 4.7729082107543945312 5.9341893196105957031 5.8967580795288085938 5.7240266799926757812 6.242382049560546875 3.9313685894012451172 4.9642887115478515625 5.4253568649291992188 5.6708083152770996094 6.2869968414306640625 2.9921269416809082031 6.3034763336181640625 3.7826673984527587891 5.1103682518005371094 6.2116870880126953125 7.569461822509765625 8.2426662445068359375 5.1494317054748535156 5.378879547119140625 6.1835246086120605469 4.647815704345703125 5.3653726577758789062 6.442607879638671875 5.6126770973205566406
9.1198415756225585938 7.0229816436767578125 8.0755434036254882812 5.4746112823486328125 4.6632537841796875 7.2547726631164550781 8.596866607666015625 7.567535400390625 5.4954705238342285156 5.0443186759948730469 5.1994457244873046875 5.4210500717163085938 5.81967926025390625 4.6777677536010742188 4.7623429298400878906 5.0681543350219726562 5.5982265472412109375 5.4375185966491699219 6.355499267578125 5.0254316329956054688 7.52117919921875 5.2752366065979003906 5.3407793045043945312 2.8701274394989013672 4.1480684280395507812 5.6638789176940917969 3.8823518753051757812 3.6201009750366210938 5.2711853981018066406 6.106143951416015625 5.2499623298645019531 5.8000998497009277344 4.8711442947387695312 4.621097564697265625 5.4438052177429199219 4.2466688156127929688 4.68881988525390625 5.0461630821228027344 4.7362742424011230469 5.1897449493408203125 4.7027683258056640625
7.0097837448120117188 7.1809697151184082031 7.3467488288879394531 7.2419600486755371094 4.727008819580078125 4.2411799430847167969 5.33553314208984375 5.795040130615234375 5.1736435890197753906 5.4784951210021972656 7.80489349365234375 4.3731870651245117188 4.6976652145385742188 4.9874105453491210938 4.0865478515625 4.6092548370361328125 4.8899888992309570312 7.3428092002868652344 4.8058519363403320312 4.9652762413024902344 5.1510381698608398438 4.4442524909973144531 5.2000274658203125 3.3989715576171875 5.045352935791015625 6.217617034912109375 4.1601948738098144531 5.735195159912109375 5.2758536338806152344 5.4268598556518554688 4.717067718505859375 5.4723877906799316406 5.2691369056701660156 5.6705021858215332031 3.6487660408020019531 5.7860574722290039062 7.1151375770568847656 5.9171156883239746094 5.2731337547302246094 4.474941253662109375 4.2006521224975585938
8.2916107177734375 8.3849687576293945312 7.9140777587890625 7.0930504798889160156 7.4595394134521484375 6.1459069252014160156 6.6814103126525878906 7.1676006317138671875 5.7493991851806640625 5.7612414360046386719 6.3336749076843261719 4.8624730110168457031 5.8066554069519042969 6.1042838096618652344 6.0785646438598632812 7.0852093696594238281 7.6115846633911132812 8.0078420639038085938 6.6417913436889648438 6.6037168502807617188 5.4424915313720703125 5.2738833427429199219 5.1267294883728027344 6.3889093399047851562 6.4103784561157226562 4.3236780166625976562 4.4821372032165527344 4.1404781341552734375 6.3549160957336425781 5.9043703079223632812 5.622196197509765625 5.9323482513427734375 5.2491908073425292969 5.3542470932006835938 4.485546112060546875 4.9486303329467773438 5.9074554443359375 5.9028005599975585938 6.6155223846435546875 4.7259316444396972656 4.3816466331481933594
7.6559667587280273438 8.5549602508544921875 7.9470973014831542969 7.0007309913635253906 7.4593033790588378906 6.5100522041320800781 6.5460195541381835938 6.0875515937805175781 7.0849561691284179688 8.6418294906616210938 6.76959228515625 7.0958857536315917969 7.1120347976684570312 8.09029388427734375 9.2448205947875976562 6.045955657958984375 7.2528166770935058594 6.8822951316833496094 6.7616620063781738281 8.2209272384643554688 6.7555994987487792969 6.9101538658142089844 5.8026623725891113281 5.781219482421875 6.0178432464599609375 5.8962731361389160156 5.210582733154296875 6.6372513771057128906 4.7906885147094726562 6.1993122100830078125 6.3841519355773925781 6.0936188697814941406 6.0221152305603027344 5.9744763374328613281 5.2503404617309570312 5.57437896728515625 5.8777379989624023438 5.6915879249572753906 5.9599232673645019531 5.2649812698364257812 6.1394782066345214844
7.3677392005920410156 8.6788530349731445312 6.3617167472839355469 6.6631302833557128906 8.00429534912109375 8.2383937835693359375 7.2179980278015136719 8.0184154510498046875 9.5106525421142578125 7.2438573837280273438 8.6776409149169921875 7.2328648567199707031 8.475543975830078125 7.29070281982421875 8.447422027587890625 5.5685400962829589844 5.2457146644592285156 6.4197421073913574219 6.5753197669982910156 7.6231598854064941406 4.8025202751159667969 7.1204619407653808594 6.1877593994140625 5.0241985321044921875 6.0726251602172851562 4.9408054351806640625 5.3283610343933105469 4.2761812210083007812 4.5290493965148925781 5.6260900497436523438 6.2284150123596191406 5.6695318222045898438 4.78385162353515625 4.7870807647705078125 4.3218832015991210938 7.2078418731689453125 4.2199845314025878906 5.5368390083312988281 5.2548069953918457031 4.7281370162963867188 5.5518012046813964844
6.4666881561279296875 7.5164446830749511719 4.0654458999633789062 5.7918667793273925781 6.6783785820007324219 7.8192324638366699219 4.9604563713073730469 5.3275365829467773438 5.6903643608093261719 6.257961273193359375 6.2200441360473632812 5.3988971710205078125 5.4869418144226074219 5.6553678512573242188 6.7970366477966308594 8.4156122207641601562 4.5765504837036132812 5.1666965484619140625 6.7171487808227539062 5.1067218780517578125 7.3895583152770996094 4.7480978965759277344 4.704883575439453125 4.9974822998046875 5.8216366767883300781 5.4526195526123046875 5.8215184211730957031 5.1621351242065429688 5.4800386428833007812 4.1289057731628417969 6.7596368789672851562 6.3704791069030761719 3.9064795970916748047 5.7985563278198242188 6.3621535301208496094 5.5800108909606933594 4.2152190208435058594 4.0643186569213867188 4.9567584991455078125 6.5457916259765625 5.0991573333740234375
7.9118404388427734375 5.6171336174011230469 8.9334058761596679688 6.1265540122985839844 6.5805034637451171875 7.3842310905456542969 4.0003366470336914062 6.3139281272888183594 7.2619352340698242188 7.3983998298645019531 6.4141454696655273438 8.524944305419921875 5.8562488555908203125 7.55991363525390625 7.4404587745666503906 7.9020524024963378906 4.8351678848266601562 6.585773468017578125 9.2037448883056640625 4.4965357780456542969 4.5581235885620117188 6.2810406684875488281 6.7887926101684570312 6.6915678977966308594 6.9406642913818359375 7.4739193916320800781 4.7600188255310058594 6.7147021293640136719 7.9078536033630371094 6.4707536697387695312 5.4891304969787597656 6.5393643379211425781 5.8088731765747070312 9.0617780685424804688 6.5742712020874023438 5.5868744850158691406 4.9155282974243164062 4.1283435821533203125 4.8754439353942871094 5.8705248832702636719 5.0090084075927734375
7.0769639015197753906 6.4176611900329589844 7.6723952293395996094 7.8392949104309082031 7.8988099098205566406 7.4876360893249511719 7.9239859580993652344 7.6514158248901367188 7.9212179183959960938 5.36455535888671875 7.8843021392822265625 6.8113541603088378906 7.6695179939270019531 7.0082516670227050781 4.9163479804992675781 5.4735064506530761719 7.8907275199890136719 8.4555273056030273438 6.1729702949523925781 6.2728872299194335938 5.5233387947082519531 6.4647779464721679688 5.4335241317749023438 6.0631427764892578125 6.6245899200439453125 8.3274440765380859375 5.3224186897277832031 5.0415706634521484375 5.100704193115234375 5.2825675010681152344 5.1285486221313476562 6.9331307411193847656 6.6652827262878417969 5.1021380424499511719 8.3220148086547851562 6.8445076942443847656 4.71484375 5.5219793319702148438 6.7186021804809570312 5.3115568161010742188 5.7740063667297363281
8.7692041397094726562 5.4585242271423339844 8.5133266448974609375 6.5589618682861328125 7.6848978996276855469 8.3534908294677734375 10.714276313781738281 8.3179302215576171875 7.2657599449157714844 6.9424533843994140625 8.6037263870239257812 8.2502450942993164062 9.08547210693359375 8.0109243392944335938 7.1783318519592285156 4.6260738372802734375 4.5775246620178222656 6.4064126014709472656 7.4744558334350585938 4.6284933090209960938 6.8744826316833496094 6.6574068069458007812 4.2187170982360839844 5.2063589096069335938 4.0482177734375 7.585086822509765625 4.4302811622619628906 5.1355381011962890625 4.5315566062927246094 3.6198024749755859375 4.8899354934692382812 4.7920231819152832031 7.0498204231262207031 5.3191885948181152344 5.3177094459533691406 5.1444382667541503906 6.0269665718078613281 3.7579839229583740234 3.9415996074676513672 6.7520213127136230469 6.1007924079895019531
7.3929419517517089844 7.1703023910522460938 7.0683164596557617188 9.0600309371948242188 6.9229388236999511719 7.0567297935485839844 10.256616592407226562 7.3174490928649902344 6.9040508270263671875 6.9036688804626464844 7.7943110466003417969 8.1065645217895507812 8.8333721160888671875 5.6516938209533691406 5.8236584663391113281 4.1299567222595214844 6.7069039344787597656 6.7540202140808105469 7.2451186180114746094 5.350940704345703125 7.2599072456359863281 7.578121185302734375 5.1816468238830566406 6.0531125068664550781 7.6018571853637695312 5.1103758811950683594 5.280788421630859375 8.7152614593505859375 7.9151768684387207031 4.8886361122131347656 4.3697981834411621094 9.4361734390258789062 7.1528348922729492188 6.6601338386535644531 6.8764781951904296875 6.3069205284118652344 4.8427419662475585938 5.0675234794616699219 6.7376585006713867188 6.6332955360412597656 5.03150177001953125
