PredictorVariables/BuildingHeight_Mean_100m/BuildingHeightMean_100.asc
ncols        529
nrows        344
xllcorner    2700.000000000000
yllcorner    15900.000000000000
cellsize     100.000000000000
NODATA_value  0
[rows 120 to 149 of 344, columns 272 to 339 of 529]
33.96666717529296875 33.03333282470703125 10.5 34.90000152587890625 18.100000381469726562 6.1999998092651367188 17.899999618530273438 17.899999618530273438 27.799999237060546875 8.5 8.5 8.5 8.5 8.5 8.5 8.5 8.5 8.5 8.5 8.5 8.5 8.5 8.5 8.5 8.5 8.5384616851806640625 8.2777776718139648438 8 8.6785717010498046875 7.2916665077209472656 8.7083330154418945312 8.7916669845581054688 7.3793101310729980469 9.5666666030883789062 10.649999618530273438 9.2857141494750976562 11.75 9.7307691574096679688 11.6875 11.199999809265136719 11.4375 11.888889312744140625 11.578947067260742188 12.609999656677246094 35.366664886474609375 26.524999618530273438 13.136666297912597656 15.625 15.300000190734863281 0 0 0 0 9 9 9 9 9 9 9 0 0 0 0 0 0 0 0
33.5 32.09999847412109375 23.049999237060546875 34.90000152587890625 34.90000152587890625 52.52500152587890625 15.333333015441894531 15.333333015441894531 13.5 8.5 8.5 8.5 8.5 8.5 8.5 8.5 8.5 8.5 8.5 8.5 8.5 8.5 8.5 8.5 8.5 8 7.375 8.25 10.238095283508300781 8.8000001907348632812 11.375 8.8333330154418945312 7.2758622169494628906 10.731707572937011719 8.7777776718139648438 9.4347829818725585938 8.947368621826171875 12.666666984558105469 38.636363983154296875 12.882352828979492188 9.3333330154418945312 12 12 12 14.666666984558105469 18 12.5 10 0 0 9 9 9 9 9 9 9 9 9 9 0 0 0 0 0 0 0 0
0 0 0 16 11.333333015441894531 23 17.666666030883789062 21.600000381469726562 30 4.5 8.0909090042114257812 8.5 8.5 8.5 8.5 8.5 8.5 8.5 8.5 8.5 8.5 11.833333015441894531 12.111110687255859375 8.5 8.5 8.5 8.0909090042114257812 10.449999809265136719 9.3000001907348632812 11.210526466369628906 12.066666603088378906 13.888889312744140625 11.166666984558105469 9.875 8.3846149444580078125 9.5714282989501953125 25.27272796630859375 28.363636016845703125 24.583333969116210938 7.8333334922790527344 4 13.5 12.181818008422851562 12 12 13.746666908264160156 23.542856216430664062 22.450000762939453125 0 0 9 9 9 9 9 9 9 9 9 9 0 0 0 0 0 0 0 0
0 0 0 16 16 16.5 14.285714149475097656 17.799999237060546875 0 9 8 8.3999996185302734375 8.5 8.5 8.5 8.5 8.5 8.5 8.5 9.0833330154418945312 8.75 11.199999809265136719 14.571428298950195312 15.725000381469726562 10.385714530944824219 8.5 9.3571424484252929688 9.8571424484252929688 9.1428575515747070312 9.8260869979858398438 11.722222328186035156 9.7826089859008789062 9.2105264663696289062 8.764705657958984375 9 21.833333969116210938 51.4444427490234375 16.875 10.699999809265136719 10.199999809265136719 14 17.5 15.175000190734863281 12 12 20.677778244018554688 31 34.90000152587890625 17 7 9 9 9 9 9 9 9 9 9 0 0 0 0 0 0 0 0 0
0 0 11 13 9 7.8571429252624511719 10.199999809265136719 7.75 0 0 0 8.5 8.5 8.5 8.5 9.0666666030883789062 8.5 8.5 8.5 9.6666669845581054688 11.475000381469726562 10.318181991577148438 15.771428108215332031 28.924999237060546875 25.600000381469726562 11.266666412353515625 8.25 9.6153850555419921875 9.0666666030883789062 10.399999618530273438 10.800000190734863281 8.8064517974853515625 8.1999998092651367188 7.9000000953674316406 9.3999996185302734375 5.5999999046325683594 14.399999618530273438 6.5 9.0249996185302734375 6.9000000953674316406 10.199999809265136719 30.375 35.833332061767578125 13.284999847412109375 12.454545021057128906 15.600000381469726562 19.6399993896484375 17 12 7 9 9 9 9 9 9 9 9 9 0 0 0 0 0 0 0 0 0
0 10 10 4 7 11.333333015441894531 11.5 7 0 8.5 8.5 8.5 8.5 8.5 9.1538457870483398438 9.2083330154418945312 8.5 8.5 8.5 11 12 13.021052360534667969 28.083333969116210938 37 39.09999847412109375 33.5 34.90000152587890625 7.75 12 9.8000001907348632812 7.8000001907348632812 9.4375 10.199999809265136719 13.545454978942871094 17.444444656372070312 13.25 12.024999618530273438 19.5 19.96666717529296875 7.9666666984558105469 8.3999996185302734375 10.688235282897949219 27.620000839233398438 23.079999923706054688 16.5 23.059999465942382812 27.433332443237304688 21.666666030883789062 14.714285850524902344 7.25 8.6666669845581054688 8.3333330154418945312 8 8.3333330154418945312 9 9 9 0 0 0 0 0 0 0 0 0 0 0
0 12 9.6666669845581054688 0 12 20 20 0 0 8.5 8.5 8.5 8.5 8.5 8.5 8.5 8.5 8.5 10.833333015441894531 12 12 23.916666030883789062 36.5800018310546875 36.766666412353515625 42.866664886474609375 35.27500152587890625 0 0 15 13.100000381469726562 6.8333334922790527344 8.6923074722290039062 9.7857141494750976562 19.25 15 12 14.512499809265136719 26.600000381469726562 11.386666297912597656 8.5 8.5 8.5 31.166666030883789062 32.333332061767578125 32.333332061767578125 32.27500152587890625 34.90000152587890625 16.200000762939453125 11.142857551574707031 7.4000000953674316406 8 8 8 8 0 9 9 0 0 0 0 0 0 0 0 0 0 0
12 12 5 10.5 12 12 0 0 0 11.125 11 11.611110687255859375 11.416666984558105469 8.9565219879150390625 8.5 8.5 8.5 8.8181819915771484375 12 12 17.725000381469726562 36.766666412353515625 36.766666412353515625 34.90000152587890625 43.299999237060546875 43.299999237060546875 0 0 10.199999809265136719 11.75 11.285714149475097656 12.399999618530273438 12.111110687255859375 13.285714149475097656 12 11.859999656677246094 13 17.5 8.5 8.5 8.5 8.5 14.25 37.700000762939453125 39.5666656494140625 33.22499847412109375 24.475000381469726562 10.857142448425292969 7 8 8 8 8 0 0 0 0 0 0 0 0 0 0 0 0 0 0 0
9.75 12 0 10.666666984558105469 12 12 0 0 8.5 9.6666669845581054688 10.600000381469726562 12 12 9.1999998092651367188 8.5 8.5 8.5 46.09999847412109375 23.366666793823242188 40.5 36.5800018310546875 36.020000457763671875 36.766666412353515625 30.3600006103515625 29.225000381469726562 37.700000762939453125 33.96666717529296875 9.2222223281860351562 8.5384616851806640625 9.625 16.5 11 11.555555343627929688 12 12 8.9772729873657226562 9.375 9.375 8.5 8.5 8.5 9.3000001907348632812 22.299999237060546875 27.433332443237304688 25.100000381469726562 33.96666717529296875 20.333333969116210938 11.714285850524902344 7.4444446563720703125 8 8 8 8 0 0 0 0 0 0 0 0 0 0 0 0 0 0 0
14.75 19.5 16 11 12 12 0 0 8.5 8.5 8.5 8.5 8.5 8.5 8.5 8.5 20.979999542236328125 31.633333206176757812 37.700000762939453125 30 38.40000152587890625 39.09999847412109375 23.700000762939453125 17.133333206176757812 14.366666793823242188 34.90000152587890625 22.983333587646484375 10 12 10.166666984558105469 14 17.666666030883789062 12.583333015441894531 12 12 9.2368421554565429688 8.9375 12.5 8.6607141494750976562 8.6379308700561523438 9.8333330154418945312 16.420000076293945312 25.379999160766601562 22.299999237060546875 20.899999618530273438 26.333333969116210938 16.399999618530273438 7 7.8571429252624511719 8 8 8 8 0 0 0 0 0 0 0 0 0 0 0 0 0 0 0
42 57.333332061767578125 16 0 8 10 12 0 0 0 13.199999809265136719 8.5 8.5 57.09999847412109375 66 33 24.260000228881835938 28.833333969116210938 33.779998779296875 27.059999465942382812 35.240001678466796875 31.879999160766601562 19.03333282470703125 12.966666221618652344 11.100000381469726562 34.90000152587890625 15.271428108215332031 13.636363983154296875 12.199999809265136719 9.3333330154418945312 21.399999618530273438 36 18.433332443237304688 20.087499618530273438 20.299999237060546875 20.200000762939453125 14.988888740539550781 25.350000381469726562 11.333333015441894531 25.799999237060546875 26.5 24.399999618530273438 30 23.700000762939453125 8.3000001907348632812 21.25 14.833333015441894531 7 8 8 0 0 0 0 0 0 0 0 0 0 0 0 0 0 0 0 0 0
81 133 133 0 8 8 10 10 11 0 32 20.25 37.833332061767578125 69 32.666667938232421875 27.25 51 43.299999237060546875 43.299999237060546875 32.09999847412109375 30 33.5 28.049999237060546875 9.6999998092651367188 9.6999998092651367188 34.90000152587890625 12 12.533333778381347656 16 0 19 40.5 32.09999847412109375 37.700000762939453125 51.666667938232421875 44.479999542236328125 37.700000762939453125 37.700000762939453125 37.34999847412109375 37.34999847412109375 40.5 40.5 40.5 41.90000152587890625 23.333333969116210938 19.333333969116210938 18 9.875 8 8 0 0 0 0 0 0 0 0 0 0 0 0 0 0 0 0 0 0
4.0999999046325683594 0 0 0 14 11 9 7.6666665077209472656 11 0 0 32 32 29 21.666666030883789062 29 35 28 16 33.96666717529296875 35.59999847412109375 31.266666412353515625 29.450000762939453125 25.350000381469726562 25.350000381469726562 34.90000152587890625 18.399999618530273438 19.125 40.5 12 12.600000381469726562 21.75 35.46666717529296875 24.649999618530273438 0 0 29.133333206176757812 24.850000381469726562 24.233333587646484375 33.72499847412109375 27.28333282470703125 27.54000091552734375 34.325000762939453125 40.5 23.375 21.600000381469726562 24 8 8 0 0 0 0 0 0 0 0 0 0 0 0 0 0 0 0 0 0 0
14.300000190734863281 38.40000152587890625 44.700000762939453125 23.700000762939453125 14 14 0 7 18 16.5 16.5 85 0 44.5 42 37 43.25 28 16 28.45999908447265625 32.09999847412109375 34.90000152587890625 34.90000152587890625 36.9333343505859375 41 19.75 21.299999237060546875 33.700000762939453125 34.200000762939453125 29.100000381469726562 18.166666030883789062 16.5 19 19.75 14.166666984558105469 12 12 12 18 32.299999237060546875 31.3600006103515625 24.433332443237304688 31.166666030883789062 39.09999847412109375 22 17 12.399999618530273438 8 8 0 0 0 0 0 0 0 0 0 0 0 0 0 0 0 0 0 0 0
32.380001068115234375 41.619998931884765625 34.200000762939453125 23.700000762939453125 14.333333015441894531 16.5 40.950000762939453125 0 0 13.75 27.399999618530273438 16.055555343627929688 12.238095283508300781 20.833333969116210938 14.090909004211425781 11.666666984558105469 11.555555343627929688 31.25 30.666666030883789062 18.983333587646484375 14.557143211364746094 19.079999923706054688 34.54000091552734375 42.950000762939453125 41 30.03333282470703125 32.09999847412109375 35.833332061767578125 31.399999618530273438 36.299999237060546875 13.483333587646484375 16.538461685180664062 13 11.666666984558105469 13.857142448425292969 12 12 12 12 15.728571891784667969 24.475000381469726562 22.766666412353515625 36.299999237060546875 36.299999237060546875 16.333333969116210938 14 9.75 8 0 0 0 0 0 0 0 0 0 0 0 0 0 0 0 0 0 0 0 0
38.259998321533203125 56.18000030517578125 33.03333282470703125 31.166666030883789062 20.274999618530273438 26.5 48.340000152587890625 15 9 13 15 10.078947067260742188 10.852941513061523438 9.0666666030883789062 8.5 8.5 8.3249998092651367188 8.0322580337524414062 9.39473724365234375 12.107142448425292969 14.625 9.5263156890869140625 15.038461685180664062 48.666667938232421875 0 29.299999237060546875 30.979999542236328125 37.700000762939453125 37 29.875 12 12.277777671813964844 11.892857551574707031 12.800000190734863281 12 12 12 12 9.9736843109130859375 8.5 21.049999237060546875 10 34.90000152587890625 0 0 0 8 8 0 0 18 0 0 0 0 0 0 0 0 0 0 0 0 0 0 0 0 0
21.600000381469726562 51.240001678466796875 51.4333343505859375 25.475000381469726562 32.5571441650390625 18.266666412353515625 35.45999908447265625 29.299999237060546875 9.5 17 16 8.5 8.5 8.5 8.5 8.5 8.5 8.5 8.5 8.5 8.9791669845581054688 9.0789470672607421875 8.5 12.444444656372070312 32.09999847412109375 29.485713958740234375 30.666666030883789062 37.700000762939453125 37.700000762939453125 13.522222518920898438 12 12 12.363636016845703125 12.857142448425292969 12 12 12 12 8.9117650985717773438 8.5 0 0 0 0 0 25 12.5 8.5 13 13 18 18 0 0 0 0 0 0 0 0 0 0 0 0 0 0 0 0
25.171428680419921875 24.200000762939453125 45 21.625 25.674999237060546875 21.171428680419921875 32.659999847412109375 10 11.666666984558105469 0 17 8.5 8.5 8.5 8.5 8.5 8.5 8.5 8.5 8.5 8.5 9.1764707565307617188 8.611110687255859375 14.333333015441894531 36.720001220703125 37.700000762939453125 17.5 16.75 12.428571701049804688 9.3999996185302734375 12 12 14.352941513061523438 14.5 12 12 12 11.5625 8.5 8.5 0 0 0 0 0 21.5 17 6.6666665077209472656 10 13 18 18 0 0 0 0 0 0 0 0 0 0 0 0 0 0 0 0
38.633335113525390625 28.899999618530273438 29.299999237060546875 33.5 22.95999908447265625 19.6875 62.90000152587890625 62.90000152587890625 16.75 17.5 0 8.5 8.5 8.5 8.5 8.5 8.5 8.5 8.5 8.5 8.5 8.5 8.5 13.535714149475097656 14.770587921142578125 14.616666793823242188 11.681818008422851562 12.076923370361328125 9.6000003814697265625 8.5 10.928571701049804688 14.625 16.666666030883789062 13.625 11.666666984558105469 12 9.4545450210571289062 8.5 8.5 8.5 0 0 0 0 0 0 7 6 7 0 0 0 0 0 0 0 0 0 0 0 0 0 0 0 0 0 0 0
35.25 30.457143783569335938 28.18000030517578125 34.4333343505859375 20.719999313354492188 10.466666221618652344 24.975000381469726562 62.90000152587890625 11.5 10.600000381469726562 0 8.5 8.5 8.5 8.5 8.5 8.5 8.5 8.890625 10.552631378173828125 10.261904716491699219 8.5 9.9499998092651367188 10.560000419616699219 11.39130401611328125 7.9499998092651367188 8 10.789473533630371094 11.5 9.6999998092651367188 11.600000381469726562 13.125 10.714285850524902344 6.6999998092651367188 7.8333334922790527344 9.6000003814697265625 8.5 8.5 10.4375 23.833333969116210938 25 0 0 0 0 0 0 7 0 0 0 0 0 0 0 0 0 0 0 0 0 0 0 0 0 0 0 0
44 45.0666656494140625 20 29.299999237060546875 24.079999923706054688 19.883333206176757812 17.166666030883789062 0 11 10 0 8.5 8.5 8.5 8.5 8.5 7.5999999046325683594 9.5625 11.333333015441894531 12.681818008422851562 15.928571701049804688 13.239130020141601562 14.153845787048339844 10.3125 11.272727012634277344 8.5384616851806640625 9.4642858505249023438 11.176470756530761719 14.399999618530273438 0 14 12.444444656372070312 9.5454549789428710938 7.8571429252624511719 11.454545021057128906 15.9375 8.5 8.5 14.8125 24.833333969116210938 25 0 0 0 0 0 0 0 0 0 0 0 0 0 0 0 0 0 0 0 0 0 0 0 0 0 0 0
25.333333969116210938 23.5 31.333333969116210938 0 71.3000030517578125 64.3000030517578125 51.700000762939453125 46.09999847412109375 34 34 34 8.5 8.5 8.5 8.5 8.5 4 4 0 15.333333015441894531 23 13.600000381469726562 7.3333334922790527344 0 0 0 0 0 0 0 0 14 10 10 14.666666984558105469 13.25 8.5 8.5 15.899999618530273438 32.799999237060546875 24 0 0 0 0 0 8 0 0 0 0 0 0 0 0 0 0 0 0 0 0 0 0 0 0 0 0 0
31.450000762939453125 25.333333969116210938 32 0 64.76667022705078125 64.3000030517578125 53.5666656494140625 46.09999847412109375 21 23.5 12.5 0 8.5 8.5 8.5 8.5 4 4 8 16 19 19 0 0 0 0 0 0 0 0 22 16 0 0 0 0 0 9.8571424484252929688 19.5 37.40000152587890625 0 0 0 0 0 0 7.5999999046325683594 8 0 10 10 0 26 26 0 0 0 0 0 0 0 0 0 0 0 0 0 0
32.09999847412109375 18 18 0 51.700000762939453125 66.633331298828125 64.3000030517578125 38.65000152587890625 28.5 13 10.5 12 0 0 0 0 4 4 4 4 19 19 0 0 0 0 0 0 0 22 18 22 0 0 0 0 0 0 27.5 35.666667938232421875 5 0 0 15 13.600000381469726562 16.75 7 8 9 9 9 7 12.666666984558105469 26 0 0 0 0 0 0 0 0 0 0 0 0 0 34
44.700000762939453125 44.700000762939453125 26.5 6.9000000953674316406 5.5 17 18.5 20 23 19 16 11.333333015441894531 0 0 0 0 4 4 4 4 0 0 0 0 0 0 0 0 0 0 14 0 0 0 0 16 16 8.5 8.7894735336303710938 12 7.75 8 17.333333969116210938 13.199999809265136719 16 19.375 10 0 7.6666665077209472656 8.5 8.4166669845581054688 10 7 0 0 0 0 0 0 0 0 0 0 0 9 9 34 24.5
0 44.700000762939453125 26.5 32.09999847412109375 14.366666793823242188 22.579999923706054688 27.399999618530273438 44.549999237060546875 32.333332061767578125 24 18.666666030883789062 11 0 0 0 6 0 4 4 11 31.5 52 8 0 0 0 0 0 0 0 0 0 0 0 0 16 11 8.5 8.462963104248046875 8.1190471649169921875 20 34 34.666667938232421875 28.600000381469726562 20.5 25.666666030883789062 16 19.333333969116210938 11.857142448425292969 8 8 7.6666665077209472656 14.111110687255859375 15 0 0 0 0 0 0 0 0 0 0 17 9.5 34 24.5
18 26.450000762939453125 19.5 32.09999847412109375 32.09999847412109375 32.09999847412109375 32.09999847412109375 53.09999847412109375 30.225000381469726562 45.45999908447265625 71.3000030517578125 7 0 0 0 6 0 0 9.5 0 52 52 0 0 0 0 0 0 0 0 0 0 0 0 0 62 35.5 11.916666984558105469 12.800000190734863281 11.235294342041015625 10.600000381469726562 34 34 26 17.142856597900390625 13.555555343627929688 27.5 32.25 37.666667938232421875 39 8 11.333333015441894531 15.555555343627929688 15.222222328186035156 13 13 13 12.333333015441894531 9 0 0 0 0 18 15.399999618530273438 16.333333969116210938 23.666666030883789062 17
35.575000762939453125 28.760000228881835938 37.380001068115234375 49.833332061767578125 0 18 25.049999237060546875 45.166667938232421875 33 36.97499847412109375 37.733333587646484375 7 0 37.700000762939453125 37.700000762939453125 0 0 9 12 20.5 26 27.5 30 0 0 0 0 0 0 0 0 0 0 0 0 30.833333969116210938 25.375 26 36.59999847412109375 34.166667938232421875 7.1111111640930175781 36.5 37.75 29 20.25 10 20.333333969116210938 29 29 34 34 20 19.5 19 16 13 13 12.75 13.666666984558105469 30.600000381469726562 37.666667938232421875 22.5 6 10 17.75 20.571428298950195312 18.75 15.478260993957519531
36.90000152587890625 41.560001373291015625 32.575000762939453125 42.740001678466796875 20.100000381469726562 16.333333969116210938 31.100000381469726562 35.04000091552734375 44.700000762939453125 47.200000762939453125 14.439999580383300781 7.4000000953674316406 7.3333334922790527344 29.299999237060546875 37.700000762939453125 0 0 9 22 36.666667938232421875 41 38.59999847412109375 30 0 0 0 0 0 0 0 0 0 0 42.366664886474609375 37.700000762939453125 33 27.299999237060546875 21 43.333332061767578125 35.59999847412109375 29.75 34.333332061767578125 43 31 32 29.5 26 27 29.399999618530273438 27 16 0 19.333333969116210938 14.666666984558105469 6 13 12.777777671813964844 14 14.571428298950195312 26.111110687255859375 40 25 22.333333969116210938 20.25 22.090909957885742188 25 25.5 18.399999618530273438
47.96666717529296875 39.299999237060546875 25.799999237060546875 32.799999237060546875 35.02500152587890625 14.333333015441894531 22.020000457763671875 19.96666717529296875 58.233333587646484375 51.700000762939453125 12.420000076293945312 7.75 8 37.700000762939453125 37.700000762939453125 0 36.299999237060546875 60.09999847412109375 35 45.666667938232421875 32.59999847412109375 50.5 0 0 0 0 16 15.5 15 0 0 40.75 38.799999237060546875 41.4333343505859375 38.90000152587890625 36.5 30.75 30.833333969116210938 38.125 41 32.200000762939453125 22.25 38 42.5 42.666667938232421875 34.75 19.799999237060546875 21 21.25 16.526315689086914062 17.27272796630859375 13 19 14.666666984558105469 12.5 19.666666030883789062 12.954545021057128906 13.068965911865234375 15.428571701049804688 29.461538314819335938 31.77777862548828125 41 25.166666030883789062 21.625 21.600000381469726562 22.625 25.5 25.100000381469726562
