PredictorVariables/BuildingHeight_Mean_100m/BuildingHeightMean_100.asc
ncols        529
nrows        344
xllcorner    2700.000000000000
yllcorner    15900.000000000000
cellsize     100.000000000000
NODATA_value  0
[rows 150 to 179 of 344, columns 136 to 203 of 529]
0 0 0 0 0 0 0 13.333333015441894531 13.666666984558105469 32.333332061767578125 51.333332061767578125 15 13.333333015441894531 13.75 0 86 82 29 42 27 27 27 31 14 14 28 0 0 3 3 11.333333015441894531 6 18 29.666666030883789062 18.5 0 0 0 0 0 0 12 12 12 12 12 12 12 12 12 12 0 17 18.600000381469726562 21 0 8.5 8.5 8.5 21 0 38 37 37 12.571428298950195312 8.5 8.5 8.5
0 0 0 0 0 0 0 7.6666665077209472656 9.1666669845581054688 13 39 25.399999618530273438 13.619999885559082031 12.533333778381347656 22 27 70.33333587646484375 37.666667938232421875 52.666667938232421875 47 27 27 36.333332061767578125 14 14 0 0 0 12 7.25 9.25 11.555555343627929688 13.5 16.5 12.399999618530273438 11.5 0 0 0 0 0 0 12 12 12 12 12 12 12 12 29 36 30.5 24.5 25.333333969116210938 0 8.5 8.5 7.5833334922790527344 4 28.5 31.333333969116210938 32 37.5 38.5 38.666667938232421875 23.75 9.875
0 0 0 0 0 0 0 7.5 12.5 12 0 15.300000190734863281 21.774999618530273438 36 0 27 37 55.666667938232421875 54.666667938232421875 45.666667938232421875 26.333333969116210938 27 49 31 13 0 0 0 6 6.4285712242126464844 7.3000001907348632812 4.5 6 32.5 22.5 11.5 13 0 0 0 0 0 12 12 12 12 12 12 6.3333334922790527344 10.800000190734863281 22 28.25 31.5 27.333333969116210938 34 8.5 8.5 8.5 8.5 0 19 28 31.5 36 37.666667938232421875 37.5555572509765625 24.428571701049804688 16.399999618530273438
0 0 0 0 0 0 0 8 19 12 14 14 21 36 0 22 46.333332061767578125 55.666667938232421875 50 34 23 34.40000152587890625 34.333332061767578125 31 13 13.666666984558105469 11 0 3 4 9 0 32 31 30 8.6666669845581054688 0 0 0 0 0 0 12 12 0 0 0 6 7.25 14.666666984558105469 18.833333969116210938 38 24.666666030883789062 19.5 27 8.5 8.5 8.5 8.5 0 19 16.5 16.5 34.5 25.200000762939453125 31.375 16.399999618530273438 16
0 0 0 0 0 0 0 6 9 12 15 7 25 0 144 144 0 50 50 50 0 36 27.5 11 17 18.25 18 0 12 8 0 36 26.5 26 32 7 0 0 0 0 0 32 32 20 17 0 0 0 0 16 24 24.5 21.833333969116210938 18.799999237060546875 11.25 0 0 0 0 0 0 14 14 8.5 8.5 8.5 10 8.5
0 0 0 0 0 0 0 0 0 0 16 8 9 0 144 144 0 88 69 50 35 51.5 22.333333969116210938 19 17 16.5 12.5 0 12 0 0 15.285714149475097656 31.5 30 0 8 8 0 0 0 0 32 32 14.1875 15.642857551574707031 18 0 0 0 0 0 24 22.399999618530273438 12.399999618530273438 10.399999618530273438 0 0 0 0 0 0 0 0 8.5 8.5 8.5 8.5 8.5
0 0 0 0 0 0 0 0 0 0 0 0 0 0 15 23 0 88 88 58.5 31 39.25 31.75 22.333333969116210938 17 0 12 12 13.333333015441894531 0 8 9.5 18.25 22 0 8 8 0 0 0 0 0 32 11.111110687255859375 10.083333015441894531 11.8125 16 0 0 0 0 0 33.5 34 12.100000381469726562 0 0 0 0 0 0 0 0 0 8.5 8.5 8.5 0
0 0 0 0 0 0 0 0 0 0 0 0 0 0 14.666666984558105469 23 0 0 40 34.5 29 0 36 30.5 17 34 20.25 23.333333969116210938 21 13.666666984558105469 0 8.5 17 0 0 8 19.5 31 6 0 16 21 24.333333969116210938 10.850000381469726562 8.5 8.5 9.4375 0 0 0 0 0 39 37 31 0 0 0 0 0 0 0 0 0 0 0 0 12
0 0 0 0 0 0 0 0 0 0 0 0 0 0 14 18.5 0 0 0 36 36 0 51 39.333332061767578125 0 5 19 17.571428298950195312 22.428571701049804688 15.600000381469726562 0 0 0 0 0 0 25 25 28 28 14.833333015441894531 14.649999618530273438 16.428571701049804688 8.7272729873657226562 8.5 8.5 8.5 0 0 0 0 0 29 29 0 0 0 0 0 0 0 0 0 0 0 0 0 9.3999996185302734375
0 0 0 0 0 0 0 0 0 0 13.5 6 0 0 0 0 7 0 0 34 36.333332061767578125 0 31 34 0 0 0 0 47 26 0 0 0 0 0 0 25 25 14.333333015441894531 18 8.5 8.5 8.9166669845581054688 8.638889312744140625 8.5 8.5 8.5 0 0 0 0 0 0 0 0 0 0 0 0 0 11.125 12 12 0 0 0 0 0
0 0 0 0 0 0 0 0 0 0 13.5 12.666666984558105469 13.5 12.5 0 0 7 0 0 26 27 28 20.75 21.666666030883789062 22 0 0 0 0 0 0 0 0 0 0 8 24.666666030883789062 31.333333969116210938 22.333333969116210938 29 8.5 8.5 8.5 8.5 8.5 8.5 0 0 0 0 0 0 0 0 0 0 0 0 0 0 8.9375 10.89473724365234375 11.840909004211425781 12 0 0 0 0
0 0 0 0 0 0 0 0 0 0 0 11 13 12 10 0 0 0 0 26 27 25 23 23 23.5 0 0 0 0 0 0 0 0 0 0 6.5 16 31.5 31 29 8.5 8.5 8.5 8.5 8.5 8.5 0 0 43.299999237060546875 43.299999237060546875 0 0 0 0 0 0 0 0 0 0 8.5 8.5 10.090909004211425781 10.25 8.5 8.5 8.5 0
5.5 0 6 7 0 0 0 0 0 22 4.0999999046325683594 58.700000762939453125 113.3000030517578125 11.666666984558105469 9 9 0 0 0 0 0 0 21 26 25.5 27 0 0 0 0 12.399999618530273438 15 15 0 0 0 0 0 0 0 8.5 9.6428575515747070312 10.65625 9.0434780120849609375 8.5 0 37.799999237060546875 32.575000762939453125 43.299999237060546875 22.433332443237304688 12 12 0 0 0 0 0 0 0 8.5 8.5 8.5 8.5 8.5 8.5 8.5 8.5 0
0 0 8 0 0 0 0 0 0 18.649999618530273438 28.366666793823242188 48.200000762939453125 70.73999786376953125 61.5 9 8.3999996185302734375 12 11 0 0 0 0 0 0 0 24.5 0 0 0 0 8.5 9.5 12.214285850524902344 15 15 0 0 17 0 0 0 0 19 16.333333969116210938 9 21.833333969116210938 25.174999237060546875 33.840000152587890625 40.5 12 12 12 0 0 0 0 0 0 0 8.5 8.5 8.5 8.5 8.5 8.5 8.5 8.5 0
0 0 8 0 0 0 7 7 0 13.899999618530273438 50.328571319580078125 43.299999237060546875 69.62000274658203125 113.3000030517578125 0 0 8 0 0 22 17.5 13 13 14.5 16 0 0 0 0 8.5 8.5 8.5 9.8000001907348632812 12.399999618530273438 12.5 14 8 9.328571319580078125 48.340000152587890625 0 43.299999237060546875 39.09999847412109375 34.90000152587890625 0 43.299999237060546875 22.299999237060546875 9.1400003433227539062 12.5 0 12 12 0 0 0 0 11 5.5 12 0 0 8.5 8.5 8.5 8.5 8.5 8.5 8.5 0
0 19 19 0 0 7 7 7 6.5 29.299999237060546875 49.52500152587890625 27.111110687255859375 48.5 47.03333282470703125 34.90000152587890625 22.020000457763671875 15.300000190734863281 0 0 14 11.600000381469726562 9.8000001907348632812 10.5 14.5 7 10 0 0 0 8.5 8.5 8.5 8.5 8.5 8.5 9.3000001907348632812 12.5 23.524999618530273438 40.34999847412109375 43.299999237060546875 39.09999847412109375 36.40000152587890625 34.720001220703125 34.90000152587890625 0 25.649999618530273438 12.774999618530273438 15.300000190734863281 0 0 0 0 0 0 0 0 7.5 12.5 12 0 0 8.5 8.5 8.5 8.5 8.5 8.5 8.5
0 19 19 0 0 0 7 7 7 37.700000762939453125 37.700000762939453125 27.059999465942382812 37.700000762939453125 27.433332443237304688 27.059999465942382812 25.940000534057617188 11.566666603088378906 0 0 10.5 14.18000030517578125 16.600000381469726562 12.5 39.09999847412109375 39.875 10 0 0 0 8.5 8.5 8.5 8.5 8.5 8.5 8.5 8.5 31.166666030883789062 36.020000457763671875 46.09999847412109375 34.90000152587890625 61.03333282470703125 27.899999618530273438 34.90000152587890625 34.90000152587890625 8.5 7 5 0 0 0 0 11.333333015441894531 13.5 0 20.75 27.75 39.40000152587890625 41 0 0 8.5 0 8.5 8.5 8.5 8.5 8.5
0 0 0 0 0 7.5 7.6666665077209472656 8 6 8 0 0 34.90000152587890625 23.700000762939453125 26.5 40.5 31.333333969116210938 13 18 18 34.875 49.833332061767578125 57.299999237060546875 57.299999237060546875 71.3000030517578125 0 0 0 0 45 15.800000190734863281 8.5 8.5 8.5 8.5 8.5 10.199999809265136719 17 48.90000152587890625 61.03333282470703125 62.90000152587890625 84.40000152587890625 89.0666656494140625 34.90000152587890625 34.90000152587890625 34.90000152587890625 16.299999237060546875 5 0 0 43 43 13.199999809265136719 12.600000381469726562 19 25.5 38.59999847412109375 46.166667938232421875 23.333333969116210938 8.888889312744140625 0 0 8.5 8.5 8.5 8.5 8.5 8.5
0 0 0 0 0 5.3333334922790527344 7 5.6666665077209472656 6 0 0 0 0 0 0 0 0 13 18 18 39.09999847412109375 39.09999847412109375 40.5 57.299999237060546875 71.3000030517578125 0 0 42 35.799999237060546875 34.75 43.5 15.800000190734863281 8.5 8.5 8.5 8.5 13 13 4 20.899999618530273438 38.81999969482421875 56.366664886474609375 34.90000152587890625 30.420000076293945312 26.933332443237304688 29.450000762939453125 34.90000152587890625 34.90000152587890625 0 0 48 37.333332061767578125 16 37 44.666667938232421875 44.59999847412109375 40.666667938232421875 55.5 18.350000381469726562 8.5 8.5 0 0 8.5 8.5 8.5 8.5 8.5
0 0 0 22.799999237060546875 21.692308425903320312 22 0 6 0 0 0 0 0 0 0 0 0 0 0 0 0 34.90000152587890625 34.90000152587890625 34.90000152587890625 4 4 0 42 41.5 16.27777862548828125 22.541666030883789062 30 8.5 8.5 8.5 8.5 24 26 0 0 27.274999618530273438 23.399999618530273438 34.90000152587890625 25.940000534057617188 34.90000152587890625 34.90000152587890625 34.90000152587890625 34.90000152587890625 0 0 39 31.166666030883789062 27.333333969116210938 38.5 33.5 59.5 50.666667938232421875 49.5 12.03125 8.5 8.5 8.5 21 13.25 9.1875 8.5 8.5 8.5
0 0 18.5 20.625 21.888889312744140625 14 14 0 0 0 0 0 0 0 0 0 0 0 0 0 0 0 0 0 14 0 0 42 26.375 8.5 11.153845787048339844 13 0 8.5 0 0 15 21 0 61.5 18.799999237060546875 18.100000381469726562 29 24.46666717529296875 31.933332443237304688 53.09999847412109375 34.90000152587890625 34.90000152587890625 34.90000152587890625 0 50 52.5 46.59999847412109375 42.5 78 90 61 17 8.5 8.5 8.5 14 25 22.200000762939453125 8.8235292434692382812 8.5 8.5 8.5
0 0 34.5 22.600000381469726562 19.166666030883789062 12 14 14.333333015441894531 0 0 0 0 0 0 0 0 0 0 0 0 0 0 0 11 11.666666984558105469 11 10 25.25 11.541666984558105469 8.5 8.5 8.5 8.5 45 0 0 17 17 15.366666793823242188 58.450000762939453125 56.075000762939453125 16 28.5 27.5 26 71.3000030517578125 50.299999237060546875 29.149999618530273438 29.149999618530273438 0 0 0 61 15.428571701049804688 66 41 13.53125 8.2941179275512695312 8.5 8.5 8.5 11.916666984558105469 18.950000762939453125 12.125 8.5 8.5 8.5 8.5
0 52 52 52 52 52 23.75 27 0 0 0 0 0 0 0 0 0 0 0 0 0 0 40 21.666666030883789062 11.600000381469726562 11 11 8.888889312744140625 8.5 8.5 8.5 8.5 8.5 44 33.5 0 17 17 21 69.15000152587890625 47.266666412353515625 25.450000762939453125 23.700000762939453125 29.700000762939453125 29.579999923706054688 20.450000762939453125 29.299999237060546875 20.899999618530273438 23.700000762939453125 0 0 0 0 0 78 30.5 21.950000762939453125 8.5 8.5 8.5 8.5 8.5 10.25 8.8181819915771484375 9.1999998092651367188 8.5 8.5 8.5
14 23.333333969116210938 36 35.333332061767578125 30 30 52 52 0 0 0 0 0 0 0 0 0 0 0 0 0 0 22.666666030883789062 20.25 14.571428298950195312 13.833333015441894531 9.3333330154418945312 9.5 9 8.75 8.5 8.5 8.5 8.5 41.5 39.5 37.700000762939453125 31.274999618530273438 29.133333206176757812 41.733333587646484375 28.200000762939453125 21.299999237060546875 32.09999847412109375 31.299999237060546875 29.075000762939453125 49.53333282470703125 51.700000762939453125 9.6999998092651367188 12.5 0 0 0 0 0 0 55.5 13.538461685180664062 8.5 8.5 8.5 8.5 8.5 8.5 8.8181819915771484375 12 12 8.5 8.5
16.333333969116210938 11.5 13.75 6.75 6.4000000953674316406 6.5 6 0 0 0 0 0 0 0 0 0 0 0 0 0 0 0 13.666666984558105469 15.5 13.199999809265136719 14.5 23.5 9.5 9.3999996185302734375 9 8.5 9.4583330154418945312 8.92592620849609375 8.5 9.3783779144287109375 13.916666984558105469 0 23.450000762939453125 27.266666412353515625 19.799999237060546875 9 11.566666603088378906 30.233333587646484375 32.09999847412109375 34.90000152587890625 34.90000152587890625 39.5666656494140625 12.5 37.700000762939453125 15 22 22 0 0 0 0 10 10.833333015441894531 10.600000381469726562 10.166666984558105469 9.7250003814697265625 8.5 8.5 8.5 10.25 27.5 21 25.5
24.666666030883789062 25 16.75 17.75 10.600000381469726562 9.3999996185302734375 8.25 0 0 0 0 0 0 0 0 0 0 0 0 0 0 0 10.5 12.714285850524902344 9.3333330154418945312 12.5 16 6.8000001907348632812 7 7 8.5 9.3214282989501953125 9.4583330154418945312 8.4407405853271484375 8.0249996185302734375 14.300000190734863281 34.90000152587890625 0 34.90000152587890625 34.90000152587890625 20.825000762939453125 15.925000190734863281 40.5 67.09999847412109375 34.90000152587890625 34.90000152587890625 34.90000152587890625 25.933332443237304688 44.96666717529296875 15 22 22 23 0 0 0 0 12 12 12 10.833333015441894531 8.75 8.5 8.5 26.575000762939453125 34.40000152587890625 34.47499847412109375 33.15000152587890625
32.333332061767578125 33.25 17.333333969116210938 6.3333334922790527344 16.666666030883789062 16.25 9 0 0 0 0 0 0 0 0 0 0 0 0 0 0 0 15 14.5 10.571428298950195312 19.333333969116210938 20.375 20 14.5 6.75 10.333333015441894531 9.9166669845581054688 9 8.2714281082153320312 7.5250000953674316406 8 27.133333206176757812 59.25 0 34.90000152587890625 24.95999908447265625 25.399999618530273438 36.799999237060546875 68.279998779296875 0 40.5 27.899999618530273438 42.15000152587890625 70.53333282470703125 30 42 19 18 13.199999809265136719 17 15 13.333333015441894531 0 0 0 12 11.125 9.2777776718139648438 9.25 11 32.40000152587890625 16.53333282470703125 27.833333969116210938
33 34 23 6.5 15.666666984558105469 13.600000381469726562 7.5 35 26.333333969116210938 22.5 0 0 0 0 0 0 0 0 0 0 0 0 13 13.333333015441894531 17.666666030883789062 29 37.25 28.333333969116210938 10.666666984558105469 7.1999998092651367188 7.5 17 16 10.949999809265136719 10.949999809265136719 30.133333206176757812 48.47499847412109375 60.25 56 0 12.5 22.399999618530273438 39.075000762939453125 71.3000030517578125 0 57.700000762939453125 54.5 54.77500152587890625 64.1999969482421875 23.5 17 17 20 10 18.666666030883789062 21.700000762939453125 19.166666030883789062 18.5 0 0 0 0 107.6999969482421875 11 15.333333015441894531 18.700000762939453125 26.31999969482421875 15.666666984558105469
45 35 11 24 11.199999809265136719 8.3333330154418945312 7.5 16.666666030883789062 26.333333969116210938 18.333333969116210938 11.5 0 0 0 0 0 0 0 0 0 0 0 0 0 0 36 32 15.600000381469726562 11.800000190734863281 7.25 7.3333334922790527344 7.5 15 15 11.5 34.90000152587890625 52.633335113525390625 28.5 12 12 11.5 11 0 0 61.65000152587890625 61.483333587646484375 56.40000152587890625 58.97499847412109375 60.65000152587890625 17.5 17.5 16.5 11 7.5 9.3333330154418945312 28.5 21.75 15.666666984558105469 19.5 0 0 107.6999969482421875 55.90000152587890625 29.6399993896484375 123 31.166666030883789062 26.399999618530273438 27.350000381469726562
37.666667938232421875 20 24.5 46.5 43 0 10 8.6666669845581054688 8 23 11.333333015441894531 10 0 0 0 0 0 0 0 0 0 0 0 0 0 0 0 13.666666984558105469 6.5 10.399999618530273438 7.75 7.6666665077209472656 8 15 27.799999237060546875 38.633335113525390625 21.5 12 12 12 12 12 0 0 70.15000152587890625 51.40000152587890625 53.34999847412109375 0 0 39.5 32 6.3333334922790527344 8 47 13.875 18.5 18.200000762939453125 15.333333015441894531 14 17 9 107.6999969482421875 40.34999847412109375 88.720001220703125 67.05999755859375 8.7749996185302734375 38.75 31.399999618530273438
