PredictorVariables/BuildingHeight_Mean_100m/BuildingHeightMean_100.asc
ncols        529
nrows        344
xllcorner    2700.000000000000
yllcorner    15900.000000000000
cellsize     100.000000000000
NODATA_value  0
[rows 150 to 179 of 344, columns 68 to 135 of 529]
0 0 0 0 0 0 0 0 0 0 0 0 0 0 0 0 0 0 0 0 0 0 0 0 0 0 0 21 0 0 29.299999237060546875 26.5 20.899999618530273438 35.833332061767578125 35.833332061767578125 46.09999847412109375 46.09999847412109375 32.09999847412109375 17 17 15.300000190734863281 15.300000190734863281 14 21 20.5 6 7 19 8.7142858505249023438 7 10.5 8.8333330154418945312 9.75 9 6.6666665077209472656 6.1666665077209472656 6 0 15 8 16 24.649999618530273438 20.683332443237304688 23.549999237060546875 23.549999237060546875 29 0 0
0 0 0 0 0 0 0 0 0 0 0 0 0 0 0 0 0 0 0 0 0 0 0 0 0 0 12.666666984558105469 15 17 16 17 0 0 18 24.333333969116210938 34.5 32 21.5 11 13.666666984558105469 16 9.5 8 9 8.3333330154418945312 11 8.5 11.166666984558105469 8.625 12 10 6.6666665077209472656 7.3333334922790527344 7.8571429252624511719 7.1666665077209472656 9.1666669845581054688 6 0 8 29.850000381469726562 32.59999847412109375 38.5666656494140625 29.299999237060546875 27.666666030883789062 32.0800018310546875 29 0 0
0 0 0 0 0 0 0 0 0 0 0 0 0 0 0 0 0 0 0 0 0 0 0 0 0 12 12.333333015441894531 14.800000190734863281 13 16.166666030883789062 18.666666030883789062 20.5 22 25 27.666666030883789062 19.5 32 18.333333969116210938 11 11.600000381469726562 11.75 9 9.1666669845581054688 11 10.5 11 8 4.75 10.5 12.5 9 7.25 7.5 7 6.75 8.1666669845581054688 7.6666665077209472656 0 0 41.200000762939453125 46.585712432861328125 32.914287567138671875 21.228570938110351562 30.780000686645507812 35.825000762939453125 29.5 0 0
0 0 0 0 0 0 0 0 0 0 0 0 0 0 0 0 0 0 0 0 0 0 0 0 0 12 13.5 15.166666984558105469 10.333333015441894531 12.25 17.399999618530273438 20.25 18 25 39 6.6666665077209472656 0 13 10 7 4.8000001907348632812 7.6999998092651367188 10.899999618530273438 13.125 11.833333015441894531 11.833333015441894531 11.75 8.75 12.25 11.333333015441894531 7.4000000953674316406 7 7.2857141494750976562 7.25 7.4000000953674316406 7.7142858505249023438 8.8000001907348632812 0 0 57.299999237060546875 38.380001068115234375 35.375 29.299999237060546875 0 0 0 0 0
0 0 0 0 0 0 0 0 0 0 0 0 0 0 0 0 0 0 0 0 0 0 0 0 11.666666984558105469 10.800000190734863281 11.199999809265136719 12.666666984558105469 11.666666984558105469 8.1818180084228515625 9.2142858505249023438 9.3999996185302734375 9.25 11.5 0 8 0 12.333333015441894531 10.833333015441894531 5.625 5 5.7142858505249023438 10 11.142857551574707031 16.333333969116210938 18.5 10.375 9.3999996185302734375 15 14 7.5 7.3333334922790527344 8.6666669845581054688 8.6666669845581054688 6.3333334922790527344 7.4000000953674316406 10.5 12 10 6 30.700000762939453125 31.649999618530273438 9 18 15 0 0 0
0 0 0 0 0 0 0 0 10 10 0 0 0 0 0 0 0 0 0 0 0 0 0 8 11.399999618530273438 13 12.166666984558105469 10.75 9.1999998092651367188 8.1428575515747070312 8.3333330154418945312 8.75 10.600000381469726562 23.333333969116210938 0 0 0 14.333333015441894531 13.166666984558105469 11.5 6.875 5.5999999046325683594 9.5 10.399999618530273438 10.25 10.666666984558105469 10 11.666666984558105469 15.5 12 9.8333330154418945312 7.4000000953674316406 10.199999809265136719 7 6.6666665077209472656 6.5 10.75 8 7.5 29 32.799999237060546875 35.771427154541015625 20.399999618530273438 18 15 0 0 0
0 0 0 0 11 16.5 14.25 16.333333969116210938 15 11.333333015441894531 30.399999618530273438 23 11.666666984558105469 9 13 12.5 15.666666984558105469 12 26 23.5 14 21 0 7.25 7.5555553436279296875 7.625 8 7.8571429252624511719 9 9.8333330154418945312 11.100000381469726562 11.555555343627929688 12.5 6.5 0 0 9 7.25 7.6666665077209472656 6.0999999046325683594 4.7142858505249023438 5.5 7 5.8333334922790527344 8.5 7.3333334922790527344 7.3333334922790527344 11 10 9.125 9.75 10 14.75 21 10.5 6 6.1999998092651367188 6.6666665077209472656 6 22 53.5666656494140625 44.575000762939453125 10.166666984558105469 6.4000000953674316406 4 0 0 0
0 0 14 12.75 10.666666984558105469 9.1999998092651367188 8.6000003814697265625 10.428571701049804688 11 9.8333330154418945312 15 13.25 12.333333015441894531 9 13.333333015441894531 13.800000190734863281 12 13 28 21.333333969116210938 14 21 0 8.5 8.75 7 5.25 5.8571429252624511719 5.7142858505249023438 8.3999996185302734375 14.25 15.600000381469726562 16 6 6.3333334922790527344 9 7.8333334922790527344 11.666666984558105469 8.1666669845581054688 8.8571424484252929688 8.25 10 9.3999996185302734375 9 9 9 8.3333330154418945312 8.6666669845581054688 12 8 7 0 8.111110687255859375 10.5 6.3333334922790527344 6.4000000953674316406 5.6666665077209472656 5.5 5 15 49.833332061767578125 51.700000762939453125 35.700000762939453125 33.450000762939453125 62.90000152587890625 0 0 0
0 13.5 15 14 8.5 9 9.3333330154418945312 9 9 9.25 13 35.666667938232421875 33.333332061767578125 11.5 14 14 12 10.25 11.5 12.666666984558105469 12.600000381469726562 14 7 6 5.5 5.8000001907348632812 5.8333334922790527344 6 5.1999998092651367188 7.75 10.25 12.666666984558105469 13 8.5 9.25 7.6666665077209472656 5.5 8.8333330154418945312 8.1428575515747070312 5 5.6666665077209472656 6 8 9 9.8000001907348632812 8.5 16 16 11.5 6.5999999046325683594 6.5 6.6666665077209472656 5.625 6 6 7 5 18 5 40.5 44 36.416667938232421875 42.366664886474609375 45.75 29.299999237060546875 0 0 0
9 10.5 7.5 8.5 8 11.666666984558105469 11.800000190734863281 12 8 10.444444656372070312 12 29.75 46 45 11 10 9 7.5 7 11.5 10 6.8000001907348632812 6.875 6.75 6.5555553436279296875 6.1428570747375488281 6.4285712242126464844 6.75 5.5714287757873535156 6 7.4000000953674316406 8.75 8.6666669845581054688 13 13 9 6.4000000953674316406 6.7142858505249023438 6.4285712242126464844 5.75 7 7.75 10.800000190734863281 9.5 10 8 10.333333015441894531 28 11.5 7 7.2222223281860351562 6.4000000953674316406 6.7142858505249023438 10.5 0 0 0 0 0 41.825000762939453125 45.40000152587890625 35.833332061767578125 39.5666656494140625 26.620000839233398438 35.25 0 0 0
10.666666984558105469 9.3333330154418945312 8.3333330154418945312 11 13.666666984558105469 8.3999996185302734375 10 12.5 7 6.6666665077209472656 6.75 18.5 37.5 36.5 14.25 18 18 13 17.666666030883789062 8.6000003814697265625 9.375 6.5999999046325683594 6.4444446563720703125 6.5 6.5555553436279296875 7 7.3333334922790527344 6.3846154212951660156 6.2727274894714355469 6.25 8 9.1666669845581054688 7.6666665077209472656 19 15 11.333333015441894531 6 8.3999996185302734375 5.8571429252624511719 5.4000000953674316406 10.25 9 11 7.6666665077209472656 7 10.333333015441894531 11.5 40 0 9 8 0 18.5 18.5 0 0 0 0 0 40 43 0 0 7 12 15 0 0
11 10 8 7.25 8.5714282989501953125 6.8571429252624511719 6.5 8.25 6.3333334922790527344 6 6.5 13.666666984558105469 56 34 12 10 0 19 21.333333969116210938 7 7.3636364936828613281 6.5 6.8000001907348632812 14.5 9 7.1999998092651367188 7.5 6.4000000953674316406 6.8000001907348632812 10.399999618530273438 16.5 9 9.25 32 19.200000762939453125 7.6666665077209472656 9.25 10.5 7.7142858505249023438 7.3333334922790527344 12.333333015441894531 16.666666030883789062 6.6666665077209472656 9 12.5 15 15 41 41 12 12 0 18.5 15 0 0 0 0 37 37 0 0 0 7.5 10 15 0 3
10 10 8 6.5 8 6.6666665077209472656 7 7.25 7.5 7.4000000953674316406 7.3333334922790527344 17 20.25 23.5 0 10 10 8.5 12.333333015441894531 30 14.666666984558105469 16.666666030883789062 33 19 9.5 8 8.5 7.8000001907348632812 7 7 0 0 0 21.333333969116210938 17.166666030883789062 8.6666669845581054688 7.5 10 9.3333330154418945312 8.5 6.6666665077209472656 7.5 9 11 15 15 15 26 26 13 13 13 0 0 0 0 0 0 37 37 0 16 16 15 14 0 0 5
20 14 11 10 11 12 9.5 7.6666665077209472656 8.5 8.5 8 14.5 20.333333969116210938 32 0 0 0 0 0 15.666666984558105469 13 14.399999618530273438 33 19 11 8 8.5 7.4000000953674316406 7 8 0 0 0 8.3333330154418945312 9.5 8 5.6666665077209472656 7.1999998092651367188 7.8000001907348632812 7.1999998092651367188 6.6666665077209472656 9 12 14.5 11.5 6 6 0 0 24 24 19.333333969116210938 23 23 0 0 0 0 0 0 6 9.3333330154418945312 16 16 0 0 0 6
20 17 11 10.5 11 12 9.5 7.5 7 9 11.5 11 6 0 6 5.6666665077209472656 7 0 0 0 0 0 14 14 14 13 7.75 7.6666665077209472656 9 7 29 53 53 0 0 30 6 6.5 6 6 7 13.5 13.5 15 12 8.5 8.5 0 11 19 35 22 23 12 17.5 18.5 13 11.25 12 0 0 0 0 0 0 0 0 0
11 10.5 10 11 14.5 13.5 10.75 17.5 7 0 11.5 11 8.5 0 6.5 12.333333015441894531 14 0 0 0 0 0 12.666666984558105469 14.333333015441894531 13 13 9 9 8.6666669845581054688 6.8000001907348632812 29 53 53 0 0 30 9.125 5.75 3 0 3 0 0 10 5.5 0 8.5 0 0 6.5 8 12.666666984558105469 10 12 21.5 22.399999618530273438 14.333333015441894531 13 12 0 0 36 0 0 0 0 0 0
11 10.5 10 11 14.5 13.5 11 12.75 7 0 10 11 7 0 0 20 18 12 14.666666984558105469 10 17 17 7 7.5 10 10 7.75 8 7.6666665077209472656 10.5 15.666666984558105469 39.5 39.5 0 0 39 30.75 40 40 0 0 0 14 7.8000001907348632812 5.1999998092651367188 0 5.75 0 28 12.75 9 11 10 12 16.5 21 5 5 0 15 15 23.5 0 0 0 0 0 0
10.199999809265136719 9.3999996185302734375 7 10 24.333333969116210938 28 11 10.333333015441894531 16.399999618530273438 10.333333015441894531 11.399999618530273438 10.333333015441894531 5.5 9 9 10.333333015441894531 11 9.5 11.600000381469726562 8 17 15 13 32.5 19.600000381469726562 10.666666984558105469 11.375 11.25 10.25 9.5 13.5 22.5 22.5 0 0 48 34.333332061767578125 27.5 40 0 0 0 11 11.333333015441894531 12 9 0 0 15.666666984558105469 12.399999618530273438 6 6 6 5 0 0 0 7 6.5 15 15 11 5.8571429252624511719 5.75 10.5 12 12 0
9.5 12.142857551574707031 11.25 11.333333015441894531 23.75 18.399999618530273438 11.399999618530273438 11.666666984558105469 14.666666984558105469 9.8000001907348632812 12.75 14 8.75 11.5 11.5 10 11 11 6 9 15 15 11 23.333333969116210938 55 33.5 13 10.714285850524902344 10 11.25 12.5 19 19 0 0 20 20 0 0 0 0 5 10.5 13.666666984558105469 14.428571701049804688 10.5 0 0 7.5 7.5 10.5 6.5 7 10 10 10 10 7.5 9 11 11 7 5 7 8.6666669845581054688 8.5 0 0
9.6000003814697265625 11.833333015441894531 10.800000190734863281 7 17 14.5 10.666666984558105469 10 8.75 9.5 9.5 11 13 10.5 7.5999999046325683594 11 10.666666984558105469 8.5 5.6666665077209472656 13 11 14 13.25 8 55 24.666666030883789062 22.25 10 9.75 12.5 12.600000381469726562 13.666666984558105469 19 0 0 20 20 0 0 0 0 4 16.5 16.5 19 15 0 0 28 9 10.5 7 0 10 30 43.333332061767578125 40 26 26 12.666666984558105469 11.399999618530273438 8.6666669845581054688 0 9 11.333333015441894531 13.714285850524902344 15.333333015441894531 0
9.2857141494750976562 8.5 7 9.5 8.6666669845581054688 10.333333015441894531 10.5 9.5 11.5 7.6666665077209472656 6.5 11.5 12.5 7 5.75 10.333333015441894531 11.846154212951660156 12 0 0 0 25 10.800000190734863281 5.3333334922790527344 5.5 10 9 8.6666669845581054688 5 15.5 15.333333015441894531 15 0 0 0 0 0 25 25 0 0 0 23 23 23 15 0 50 50 50 0 0 0 60 60 60 55 22.5 40 16 9 20.25 57 0 13 16.5 7.5 0
8 8 7.75 9 14.199999809265136719 13.333333015441894531 9 10.5 11 7.6666665077209472656 8 12 12 11 9.6666669845581054688 9.5 10.699999809265136719 11 0 0 10 10 8 9 9.6666669845581054688 11.333333015441894531 15 22 22 14 0 0 0 0 0 0 0 30 30 0 0 0 0 0 0 0 0 44.5 44.5 50 0 0 0 70 70 70 28.666666030883789062 5.25 6 7.5 8 31 57 0 12 17 20 18.5
8.3999996185302734375 7 8 10.5 22.5 15.5 9.5 11 10.25 9.1999998092651367188 9 0 0 8.5 7.1999998092651367188 8 17 0 10 6.6666665077209472656 8 7.5 9.5 9 10.333333015441894531 11.333333015441894531 22 22 17.5 30.5 51 51 0 0 0 0 0 35 35 0 29 29 21 10 9.5 8 6 23.5 39 0 0 0 0 70 70 70 41 10 11.25 9.5 10 34 53.5 50 16 12.75 12.666666984558105469 8
11.199999809265136719 12 20.75 19.5 8.5 10 10.5 11 9.8000001907348632812 8.6000003814697265625 10 0 0 11 10.666666984558105469 7.3333334922790527344 0 12 10 0 10 0 0 0 0 0 0 29 16 30.666666030883789062 51 51 58 58 0 0 0 0 0 0 0 29 13.75 10 11.333333015441894531 8.6666669845581054688 7.3333334922790527344 8 0 0 0 0 0 0 0 0 8 8 32 9.6666669845581054688 11.333333015441894531 11 50 50 29.5 9 0 0
29.5 50 50 28 9.3333330154418945312 14 12 9 8 7.1666665077209472656 10 0 0 8.5 12.600000381469726562 13.5 19 7.5 4 9 9 0 0 0 0 0 0 29 29 20.5 51 51 58 58 0 0 0 0 0 0 6.5 6 7.7777776718139648438 11 10.399999618530273438 11 10.5 14 0 0 0 0 0 0 0 11 15 8 58 60.5 63 46 30 20.75 11.666666984558105469 9 0 0
50 50 50 50 11.5 14 14 7.5 7.5 9 10.666666984558105469 13 13 7.3333334922790527344 9.4285717010498046875 11.5 0 0 6 0 0 0 0 0 0 0 0 29 29 0 51 25 35 58 58 0 12 12 14 0 6 6.4000000953674316406 7 12 12.5 13.75 12.800000190734863281 14.199999809265136719 4 4 0 0 8 6.5 0 15.333333015441894531 17.5 12.75 58 60.5 63 46 14 11.666666984558105469 10.600000381469726562 10.5 0 39
8 11.5 18 18.5 18.5 18.5 7 7.5 26.5 28.5 24.5 44.333332061767578125 36.5 11.333333015441894531 7.5999999046325683594 7 0 0 0 0 0 0 0 0 0 0 0 0 0 18.5 12 12 12 58 58 37 24.5 12 14 14 0 9 10.5 0 13 13 7 8.6666669845581054688 6 13.25 22.5 23.5 19 6.5 0 9 11.25 6.5 58 60.5 34 29 11.333333015441894531 11.333333015441894531 11 11 0 36
8 9.5 18 11.600000381469726562 8.5 8.5 8.5 7.5 26.5 32.333332061767578125 43.799999237060546875 55.666667938232421875 60 12.5 11 0 0 0 0 0 0 0 0 0 0 0 0 0 0 15.333333015441894531 12 0 0 58 58 37 23.5 17 17.5 0 0 9.5 9 0 13 13 7.5 6 6 9.5 15 11 8 6.5 0 0 8 6 11 11.800000190734863281 12.333333015441894531 16 12.333333015441894531 13 13 0 0 43.5
10 7.3333334922790527344 8 6.6666665077209472656 10 10 10 27 36 42.5 43.5 47 0 14 15 8 0 0 0 0 0 0 0 0 0 0 0 0 0 0 0 0 0 0 0 18 14 17 24 0 0 5.5 8 7 0 0 0 14 14 9.5 0 0 0 0 0 9 10 8.5 11 11 11 21 14.5 16.5 16 0 0 54
11 8 8 7 8.5 13.5 14 14 14 10.5 10 0 0 7.3333334922790527344 10 0 0 5.5 10 13 0 0 0 0 0 0 0 0 0 0 0 0 8.5 13 7 12.333333015441894531 11.600000381469726562 17 11.25 7.5 0 7 20.5 19 19 14 14 14 14 0 0 7 7 6 6 7 8 10.333333015441894531 11 9 37 37 18 6 0 0 0 38.5
