ForecastVariables/BuildingFootprint_Total_500m/BuildingFootprintFocal_Random5.asc
ncols        529
nrows        344
xllcorner    2700.000000000000
yllcorner    15900.000000000000
cellsize     100.000000000000
NODATA_value  nan
[rows 216 to 239 of 344, columns 216 to 269 of 529]
66496.9453125 49111.8359375 33544.75390625 27323.998046875 18962.8125 9778.9111328125 8856.2705078125 22336.39453125 31639.19921875 33797.9375 31021.6015625 32752.0390625 33157.94921875 26457.46484375 14809.962890625 7554.2421875 3367.05615234375 855.3455810546875 1602.5548095703125 6152.9052734375 12357.7099609375 18839.1875 25774.025390625 29943.166015625 23972.6796875 22969.1640625 25353.517578125 40472.74609375 44542.359375 42847.08203125 39202.3125 40596.68359375 36226.8203125 31501.705078125 34485.70703125 28540.34765625 32817.68359375 32777.08984375 31886.359375 41267.5390625 41000.53125 35115.44921875 34655.53515625 32541.69140625 37059.31640625 46319.71875 48175.71875 43916.41796875 45898.76953125 50367.6640625 55911.76171875 36102.4609375 30663.2109375 35041.12109375
61812.48046875 48534.93359375 34075.15625 27384.28125 20554.673828125 15156.3984375 16563.75 21509.416015625 29622.736328125 34039.76171875 33331.5 33509.453125 32990.99609375 25785.51953125 16810.056640625 9166.27734375 4512.40673828125 1344.4957275390625 27.233425140380859375 51.85753631591796875 5670.509765625 12490.3505859375 19517.658203125 21851.76171875 25243.623046875 18806.583984375 18172.490234375 27058.62890625 40071.71875 36638.16015625 37751.30859375 33835.66015625 22611.20703125 27692.185546875 27910.818359375 36298.23828125 36670.66015625 35124.4453125 33047.12890625 35565.81640625 42039.2109375 33086.31640625 26948.4765625 26009.791015625 35294.48828125 39610.47265625 40054.8359375 44935.09765625 42609.96484375 42300.69921875 42774.75 38160.2890625 31460.8671875 23674.189453125
50231.82421875 40084.9140625 33540.09765625 31392.349609375 26366.501953125 21698.380859375 20488.11328125 23444.630859375 27699.513671875 30190.181640625 32217.0390625 31696.642578125 26176.119140625 22708.087890625 16013.67578125 8946.8681640625 3425.6787109375 1399.980712890625 929.26959228515625 302.752227783203125 880.54522705078125 10202.013671875 12103.3779296875 20229.548828125 19652.2578125 18347.26953125 18973.017578125 20517.197265625 27567.158203125 34784.61328125 30802.314453125 27566.28125 27537.734375 26982.705078125 33450.85546875 37592.92578125 39741.11328125 35103.390625 46532.4375 40159.30078125 40451.984375 37875.07421875 33210.5859375 32995.546875 32241.01171875 32556.615234375 34052.2578125 38624.9921875 36083.78515625 32395.9140625 29941.716796875 30193.75 22325.2890625 10168.37109375
45256.4921875 37975.1796875 42199.3203125 32446.6640625 28920.810546875 20993.123046875 18169.7421875 18232.927734375 23519.404296875 22975.818359375 27522.126953125 27141.392578125 24612.380859375 21336.759765625 16978.5078125 7712.15771484375 3644.32666015625 2967.27978515625 947.84368896484375 397.8465576171875 2753.91748046875 5439.1025390625 12862.798828125 13999.2763671875 17502.69921875 17618.6484375 19982.94921875 21227.734375 22206.330078125 30182.62890625 27770.65625 30370.54296875 31036.646484375 32757.384765625 33815.609375 38518.10546875 35648.65625 42618.58984375 41807.9140625 44704.23828125 43566.91796875 44313.92578125 36793.6953125 33845.5234375 28228.072265625 25787.18359375 32861.61328125 24647.03125 20456.962890625 22395.220703125 20415.091796875 18496.8046875 10222.6806640625 3821.81591796875
42173.546875 52560.46484375 34926.08203125 33077.51953125 26712.205078125 24832.701171875 19920.41796875 17343.99609375 15292.642578125 22950.234375 26077.60546875 31048.37109375 29079.748046875 28388.89453125 20295.162109375 16874.99609375 8383.3583984375 2206.815673828125 1025.1114501953125 1453.7757568359375 2787.049560546875 4263.45361328125 6451.61669921875 12767.9921875 14012.630859375 14305.9970703125 16735.96484375 19290.630859375 21373.208984375 27732.48828125 28625.08203125 29448.90234375 31068.86328125 30037.05078125 31823.056640625 29063.0625 34639.12890625 30260.630859375 27281.234375 38121.484375 40121.62109375 35858.5390625 29499.587890625 25236.6484375 20141.208984375 19922.291015625 16803.109375 17584.07421875 10701.1416015625 11758.3740234375 10525.19140625 11536.294921875 10753.8203125 5382.50927734375
48373.97265625 37126.84375 42549.296875 36225.71484375 33320.796875 25340.75 16170.1259765625 14508.775390625 21016.76953125 19486.37890625 27312.47265625 31546.154296875 40846.8671875 33093.3828125 28002.73046875 20468.939453125 14521.236328125 4561.740234375 855.1358642578125 1600.5765380859375 4028.3232421875 3536.3505859375 5697.69189453125 6073.52294921875 11534.0517578125 11593.78125 9842.7958984375 18203.39453125 21471.984375 29157.53125 26203.541015625 26290.8359375 23643.837890625 21219.689453125 17010.76953125 15605.0712890625 13966.017578125 14669.767578125 13731.107421875 17345.923828125 18572.658203125 15916.998046875 18080.60546875 9006.970703125 7311.0634765625 6927.1689453125 9740.0556640625 8706.26171875 6754.751953125 4028.3076171875 8783.126953125 10989.4228515625 11950.3837890625 9806.64453125
32472.322265625 35864.3671875 36002.20703125 40440.23046875 31876.875 25937.111328125 21511.765625 22113.681640625 19444.90234375 27504.166015625 24609.173828125 32019.890625 29765.939453125 36449.83203125 33488.78515625 25359.078125 12765.6865234375 6444.978515625 2076.034423828125 1761.975341796875 3463.654052734375 5598.10791015625 4144.14697265625 4228.67822265625 6992.81005859375 8503.6875 8792.7685546875 12314.953125 28959.603515625 26675.474609375 28861.21484375 20402.78125 13504.5595703125 12080.7412109375 7769.50634765625 5202.302734375 1886.6541748046875 3520.708251953125 6782.27783203125 1949.6029052734375 5125.2744140625 3781.40380859375 5125.25341796875 1760.0186767578125 nan 2863.8583984375 3570.043701171875 4756.99169921875 47.98802947998046875 1182.7779541015625 7918.0859375 11003.20703125 11003.20703125 7902.43310546875
24891.646484375 26052.7578125 35194.62890625 30659.458984375 31996.060546875 26889.7265625 37990.41796875 32117.025390625 29047.072265625 22458.19921875 27770.15234375 23437.685546875 25372.03125 32108.162109375 35432.01171875 23541.4375 15015.2919921875 7099.087890625 4935.021484375 5193.10302734375 3562.557861328125 5572.298828125 4908.21728515625 4620.67333984375 5983.41259765625 8109.6640625 7533.4658203125 16987.63671875 20863.857421875 27854.24609375 22605.19140625 19129.46875 8150.9833984375 4478.4326171875 1209.5777587890625 nan nan nan nan nan nan nan nan nan nan nan 1430.9071044921875 47.98802947998046875 nan nan 1196.5628662109375 7931.87109375 7902.43310546875 3648.318603515625
7409.3046875 15419.3671875 17960.826171875 24606.83984375 30818.45703125 40288.59375 32804.6953125 38712.05859375 33023.2578125 30019.109375 21513.77734375 28025.79296875 28416.662109375 30103.501953125 27198.298828125 30550.267578125 22906.6875 15159.8740234375 9780.59375 7789.603515625 6726.00927734375 7186.4248046875 5000.98095703125 5708.46337890625 5567.013671875 8580.9013671875 8527.0869140625 7957.50341796875 18306.416015625 22748.861328125 18163.13671875 6037.908203125 5138.6044921875 nan nan nan nan nan nan nan nan nan nan nan nan nan nan nan nan nan nan 1196.5628662109375 3648.318603515625 13.784962654113769531
2532.4306640625 3710.315185546875 13318.44921875 15469.896484375 30092.962890625 34755.9140625 38698.33203125 33602.87109375 40993.2578125 27195.50390625 24078.8515625 21619.451171875 25188.625 26681.365234375 31198.353515625 33075.36328125 29508.80078125 22139.111328125 17317.60546875 14147.4736328125 14837.220703125 11610.7041015625 9955.5859375 6271.77294921875 8345.6279296875 9060.5380859375 8856.119140625 8378.4013671875 12107.8056640625 21245.3828125 7169.9677734375 4380.3701171875 nan nan nan nan nan nan nan nan nan nan nan nan nan nan nan nan nan nan nan nan 13.784962654113769531 nan
1851.6668701171875 222.568328857421875 3575.681396484375 16976.01171875 20157.8359375 32566.736328125 31806.734375 35032.6953125 23230.697265625 24824.912109375 18952.345703125 15828.4775390625 19310.720703125 22901.203125 25504.130859375 26794.41015625 28034.41796875 28336.44140625 26189.65234375 22970.033203125 25380.96484375 20224.458984375 18381.86328125 12556.654296875 9271.2705078125 9279.779296875 8075.69140625 16828.38671875 15946.7041015625 14075.4453125 8269.7099609375 2575.81396484375 1187.7308349609375 nan nan nan nan nan nan nan nan nan nan nan nan nan nan nan nan nan nan nan nan nan
222.568328857421875 nan 2327.919677734375 5549.43017578125 20182.494140625 21135.259765625 27300.521484375 16587.12109375 16293.7236328125 11566.775390625 10660.1806640625 13091.1279296875 11418.3095703125 12534.7744140625 15111.673828125 17642.93359375 24123.69140625 27935.06640625 30507.744140625 32304.9140625 31692.373046875 33217.16796875 33425.328125 16101.3544921875 9034.869140625 7227.95263671875 14761.544921875 15631.5732421875 14815.9208984375 12199.228515625 9958.990234375 4552.38623046875 nan nan nan nan nan nan nan nan nan nan nan nan nan nan nan nan nan nan nan nan nan nan
nan 14.798395156860351562 14.798395156860351562 4820.2138671875 8518.0224609375 14866.705078125 8329.98046875 12646.0576171875 7312.41162109375 4199.4169921875 4318.21337890625 8741.6376953125 7932.091796875 5960.95263671875 6938.20166015625 14081.9169921875 17544.154296875 20692.845703125 26818.46875 33558.3828125 37923.6796875 44167.06640625 34096.1171875 24319.642578125 9686.8525390625 8509.263671875 7389.9755859375 9990.0791015625 12642.5185546875 13279.8720703125 5001.111328125 nan nan nan nan nan nan nan nan nan nan nan nan nan nan nan nan nan nan nan nan nan nan nan
nan nan 14.798395156860351562 239.8321533203125 5461.13427734375 4487.7998046875 5571.755859375 2843.037109375 2227.6396484375 1265.527587890625 1847.9019775390625 5292.482421875 6342.8369140625 6217.62548828125 4279.3447265625 3750.6787109375 9162.09765625 14617.7177734375 17390.193359375 22353.232421875 32700.6171875 37027.3515625 29933.798828125 19293.66015625 10060.1904296875 346.278411865234375 4059.887451171875 5186.23974609375 8527.1328125 3813.38037109375 nan nan nan nan 324.796875 983.28472900390625 4.9481825828552246094 nan nan nan nan nan nan nan nan nan nan nan nan nan nan nan nan nan
nan nan nan 148.1866455078125 358.4219970703125 3133.21435546875 1405.305908203125 415.886474609375 nan 125.728271484375 1105.3077392578125 2381.92431640625 4147.5146484375 4940.80712890625 1933.4710693359375 589.8143310546875 782.39141845703125 4941.20166015625 9315.93359375 11184.197265625 15043.630859375 20055.337890625 19813.640625 12231.8271484375 1343.22119140625 62.59143829345703125 nan 4059.887451171875 448.724853515625 nan nan nan nan 1931.1461181640625 1717.197998046875 3483.741455078125 1762.5535888671875 4.9481825828552246094 nan nan nan nan nan nan nan nan nan nan nan nan nan nan nan nan
nan nan nan nan 133.38824462890625 358.4219970703125 415.886474609375 nan nan 18.993778228759765625 125.728271484375 1105.3077392578125 1938.595947265625 1343.139892578125 589.8143310546875 nan nan 197.475799560546875 4072.1484375 4136.50244140625 5881.69140625 4890.3203125 11931.533203125 2388.092529296875 87.4451446533203125 nan nan nan nan nan nan nan 1931.1461181640625 3323.54736328125 5845.09912109375 6097.4111328125 5598.83837890625 1781.6888427734375 4.9481825828552246094 nan nan nan nan nan nan nan nan nan nan nan nan nan nan nan
nan nan nan nan nan 133.38824462890625 nan nan 554.0560302734375 1013.54486083984375 468.72442626953125 125.728271484375 536.25091552734375 nan nan nan 560.44329833984375 2701.8466796875 3557.151611328125 4050.031005859375 5037.13232421875 4469.16064453125 3479.126708984375 87.4451446533203125 300.1026611328125 nan nan nan nan nan nan 1606.3492431640625 2129.3984375 6397.6240234375 8772.39453125 9390.4287109375 7132.52587890625 4309.89208984375 793.4559326171875 nan nan nan nan nan nan nan nan nan nan nan nan nan nan nan
nan nan nan nan nan nan nan 554.0560302734375 1548.607177734375 2022.8575439453125 2907.3671875 1003.02154541015625 99.07147216796875 nan nan 560.44329833984375 3131.252197265625 7261.81640625 10156.6796875 13720.6162109375 9653.779296875 11608.8798828125 8843.0634765625 2685.01611328125 1272.3519287109375 300.1026611328125 nan nan nan nan nan 113.9326629638671875 5745.44482421875 10061.5361328125 12678.396484375 11193.4462890625 6086.0166015625 3564.46484375 1359.9117431640625 19.135343551635742188 nan nan nan nan nan nan nan nan nan nan nan nan nan nan
nan nan nan nan nan nan 535.062255859375 1529.61328125 2022.8575439453125 3472.5224609375 5861.84130859375 5818.2958984375 3367.94921875 99.071502685546875 429.405426025390625 2087.182861328125 6121.990234375 12012.2158203125 21300.806640625 21500.12890625 22605.83984375 22761.92578125 24869.064453125 14693.337890625 8135.1533203125 3187.802490234375 300.1026611328125 nan nan nan 113.9326629638671875 3799.911376953125 10020.73046875 14614.7607421875 16211.0048828125 17667.5625 7284.44140625 1359.9117431640625 19.135343551635742188 nan nan nan nan 483.62921142578125 nan nan nan nan nan nan nan nan nan nan
nan nan nan nan nan nan nan 559.58209228515625 3003.798095703125 5867.41455078125 8501.7509765625 8993.7099609375 6658.8642578125 3326.35546875 135.180694580078125 2119.10546875 6414.1767578125 14709.392578125 19411.91796875 26444.3203125 32916.9375 43490.89453125 36847.625 33470.15234375 24082.9609375 11583.4970703125 2922.438720703125 nan nan nan 2145.220703125 7758.9892578125 13553.8076171875 19248.53515625 22265.31640625 20365.0625 13315.033203125 6613.83203125 236.7688446044921875 nan nan nan 822.66534423828125 1206.28662109375 483.62921142578125 nan nan nan nan nan nan nan nan nan
nan nan nan nan nan nan nan 5.5733447074890136719 2425.750244140625 7418.65185546875 9692.978515625 9317.7998046875 7483.50439453125 5139.7587890625 4106.55810546875 1303.252685546875 3476.58154296875 10927.837890625 19254.39453125 22925.693359375 38099.54296875 51727.3671875 58891.3203125 51552.58203125 39310.4140625 24257.9765625 13393.927734375 1954.507568359375 nan 6.7073626518249511719 1618.9781494140625 5229.47802734375 11212.4345703125 19818.427734375 22079.0390625 17714.267578125 17002.66796875 10511.5634765625 5759.328125 2750.044921875 nan 822.66534423828125 1545.32275390625 1545.32275390625 1206.28662109375 483.62921142578125 nan nan nan nan nan nan nan nan
nan nan nan nan nan nan nan nan 798.34051513671875 2683.455078125 6399.5810546875 8177.2001953125 5965.369140625 4085.486083984375 3750.97509765625 5054.79833984375 4440.35205078125 13797.314453125 16707.119140625 26806.9453125 33636.546875 51281.55859375 67541.390625 69277.859375 50640.4765625 34008.13671875 22819.28515625 7956.4453125 39.05704498291015625 nan 6.7073626518249511719 1618.9781494140625 5289.43017578125 11239.8466796875 14721.982421875 17062.619140625 12798.1298828125 10321.18359375 10607.845703125 8272.6044921875 3089.0810546875 1061.693603515625 1545.32275390625 1545.32275390625 1545.32275390625 722.657470703125 nan nan nan nan nan nan nan nan
nan nan nan nan nan nan nan nan nan 798.34051513671875 2653.362060546875 3173.310546875 4154.4384765625 3783.818359375 5680.81298828125 8336.341796875 20551.8828125 24229.734375 18336.4609375 24384.91015625 36032.015625 47589.40234375 62802.6328125 65735.0390625 56248.55859375 43784.140625 25085.388671875 15602.7060546875 4954.32470703125 1054.816650390625 nan 6.7073626518249511719 1612.270751953125 1531.9385986328125 4268.0244140625 8958.9501953125 10084.4140625 10607.845703125 8745.08984375 5142.67919921875 4433.42431640625 2852.312255859375 1061.693603515625 1545.32275390625 722.657470703125 nan nan nan nan nan nan nan nan nan
nan nan nan nan nan nan nan nan nan nan 861.719482421875 68.9523162841796875 731.0760498046875 4364.0439453125 5742.07763671875 15288.3642578125 25262.63671875 29879.763671875 28001.0546875 20787.03515625 23847.171875 40401.4296875 51532.1328125 45892.578125 50863.421875 44758.03515625 28463.8203125 17877.40625 9035.3662109375 2138.361328125 1050.49853515625 nan nan nan 59.951873779296875 2226.614013671875 2335.2412109375 5995.044921875 5142.67919921875 4433.42431640625 2513.276123046875 nan 339.0361328125 722.657470703125 nan nan nan nan nan 616.15435791015625 3002.17138671875 2653.350830078125 1436.71826171875 5.2975564002990722656
