ForecastVariables/BuildingFootprint_Total_500m/BuildingFootprintFocal_Random2.asc
ncols        529
nrows        344
xllcorner    2700.000000000000
yllcorner    15900.000000000000
cellsize     100.000000000000
NODATA_value  nan
[rows 96 to 119 of 344, columns 162 to 215 of 529]
19781.798828125 27151.767578125 30128.146484375 35063.3203125 27322.279296875 25975.375 28552.853515625 30505.123046875 31088.62109375 32508.060546875 37544.6796875 35956.80859375 31113.25 26818.40625 27101.962890625 18177.380859375 21815.484375 31040.7421875 35460.671875 36445.81640625 35186.55078125 38984.96875 36212.4765625 29781.287109375 29821.89453125 22515.619140625 14732.3896484375 11363.7412109375 7203.716796875 380.4158935546875 nan nan nan nan nan nan nan nan nan nan nan nan nan nan nan nan nan nan nan nan nan nan nan nan
27907.701171875 30243.986328125 32070.798828125 30519.322265625 25334.43359375 19865.251953125 27245.28515625 31861.7109375 36165.71484375 29223.91796875 30456.810546875 35938.1328125 34165.64453125 28441.80078125 21908.8671875 15310.3642578125 16266.576171875 24784.009765625 34319.02734375 33787.83984375 39617.30078125 34170.23828125 34946.44921875 32230.63671875 27288.18359375 26304.44921875 14154.2802734375 7572.7353515625 1038.85888671875 289.424285888671875 nan nan nan nan nan nan nan nan nan nan nan nan nan nan nan nan nan nan nan nan nan nan nan nan
33087.734375 36627.02734375 30042.0078125 26727.55859375 26726.203125 27844.505859375 26718.8984375 26889.638671875 33205.7578125 37152.109375 25509.296875 29613.87109375 31613.236328125 27069.625 21795.638671875 15867.2294921875 16716.3515625 21115.154296875 28747.904296875 34518.28125 33116.77734375 34710.9453125 31309.79296875 29866.330078125 24946.267578125 20421.26171875 17539.630859375 4669.2109375 571.2406005859375 5872.693359375 nan nan nan nan nan nan nan nan nan nan nan nan nan nan nan nan nan nan nan nan nan nan nan nan
37361.8046875 35467.76171875 36302.62109375 26194.26953125 27995.38671875 28882.63671875 30793.59375 31552.42578125 32418.73046875 33730.58984375 31751.99609375 17327.87890625 26398.56640625 30335.92578125 25799.681640625 21947.072265625 20415.474609375 21001.873046875 28410.078125 31446.708984375 32467.58203125 31584.017578125 31444.62109375 27311.78515625 28172.232421875 21302.38671875 12959.1640625 4038.425537109375 8918.68359375 8040.80517578125 5872.693359375 nan nan nan nan nan nan nan nan nan nan nan nan nan nan nan nan nan nan nan nan nan nan nan
35006.45703125 35669.34375 34046.390625 29808.822265625 24185.673828125 28332.0859375 31251.384765625 40831.5234375 33608.4765625 29709.279296875 32363.013671875 27041.93359375 29055.6796875 35133.80078125 28654.076171875 27681.443359375 23778.80078125 24494.765625 25354.205078125 29653.66015625 30107.609375 35199.5625 28854.5 27998.833984375 31511.677734375 23808.634765625 12038.4931640625 15516.5087890625 11154.671875 11268.322265625 8281.8896484375 5982.61572265625 1304.2579345703125 nan 126.2519073486328125 337.873809814453125 nan nan nan nan nan nan nan nan nan nan nan nan nan nan nan nan nan nan
35595.04296875 34512.91796875 26987.126953125 26188.44921875 28015.7890625 26786.46875 24952.48046875 33008.6015625 40494.1640625 33654.7109375 28889 34620.296875 34838.7734375 36953.31640625 39173.27734375 29043.5078125 23436.626953125 24495.4609375 29784.580078125 26400.72265625 33162.875 30077.4453125 29956.693359375 34098.80859375 34520.28515625 22771.041015625 18867.62890625 15832.818359375 16635.12109375 10839.7890625 11620.873046875 4433.88232421875 6469.15478515625 1687.29345703125 573.94610595703125 10464.1259765625 337.873809814453125 nan nan nan nan nan nan nan nan nan nan nan nan nan nan nan nan nan
30245.326171875 29564.1328125 25885.974609375 22099.611328125 24447.794921875 24487.76171875 29511.796875 26857.55859375 34572.515625 30968.23046875 30877.349609375 37753.26171875 36148.11328125 35856.72265625 40546.30859375 30457.822265625 25716.728515625 28499.234375 24777.6328125 30054.974609375 28692.2890625 32959.3671875 31811.3359375 33536.109375 31534.978515625 31455.2890625 24352.412109375 18010.802734375 16589.431640625 16998.75 13953.3740234375 9346.876953125 9060.1748046875 7715.9951171875 12663.8388671875 11460.41796875 10464.1259765625 337.873809814453125 nan nan nan nan nan nan nan nan nan nan nan nan nan nan nan nan
26567.43359375 26012.458984375 23487.65234375 21261.1171875 21896.09375 26038.654296875 28201.826171875 29280.1015625 23958.892578125 27723.080078125 24144.96875 28117.787109375 36747.50390625 38916.8203125 30837.275390625 27375.767578125 30429.859375 27516.951171875 32363.93359375 29710.1328125 30527.15234375 29528.6484375 33339.71875 30457.244140625 30621.984375 35174.92578125 28004.5078125 19276.47265625 19220.546875 21919.556640625 18388.603515625 17879.185546875 10581.48046875 20719.798828125 18388.447265625 12246.0517578125 11334.166015625 10000 nan nan nan nan nan nan nan nan nan nan nan nan nan nan nan nan
33089.83203125 22364.37890625 18609.74609375 18546.705078125 19766.677734375 21409.125 27609.5234375 27422.79296875 22271.306640625 16038.3876953125 19380.615234375 17784.232421875 32885.78125 31909.60546875 30358.26171875 29024.23046875 28728.216796875 34119.43359375 32723.5234375 33328.53125 30170.57421875 26947.48828125 26420.98046875 31773.38671875 32932.01171875 25775.5078125 22118.1796875 23175.73046875 21883.6328125 15875.6142578125 15001.498046875 19505.61328125 19527.8203125 16290.908203125 17364.4765625 12950.4375 11415.322265625 886.471435546875 nan nan nan nan nan nan nan nan nan nan nan nan nan nan nan nan
24302.708984375 22709.548828125 14725.7958984375 14104.73828125 12318.8017578125 17130.466796875 21704.267578125 22749.65625 15478.35546875 8977.0234375 9371.302734375 17087.88671875 20142.232421875 28874.96875 30674.69140625 31546.826171875 29174.921875 31291.865234375 33525.1328125 30935.646484375 33371.2890625 28655.98828125 26034.119140625 27362.775390625 27784.794921875 27263.5625 22015.66796875 16879.4765625 8348.8759765625 12983.2529296875 15024.1376953125 16481.35546875 24536.19140625 15346.0810546875 12725.0595703125 15380.9306640625 1557.78173828125 nan nan nan nan nan nan nan nan nan nan nan nan nan nan nan nan nan
21572.791015625 16757.099609375 11663.48046875 4021.536376953125 8440.1328125 11303.4580078125 11526.45703125 11918.943359375 11339.6708984375 4165.29541015625 3697.5576171875 9060.3759765625 20018.123046875 26450.583984375 29133.591796875 27334.275390625 29366.13671875 28935.287109375 30447.12890625 36311.11328125 30789.5859375 31835.57421875 30371.189453125 29210.25 29854.41796875 28511.4609375 24035.029296875 12810.41015625 8944.1474609375 7504.07080078125 17113.501953125 23029.29296875 24216.900390625 24555.462890625 14045.375 10632.6904296875 2338.44873046875 nan nan nan nan nan nan nan nan nan nan nan nan nan nan nan nan nan
19940.6875 17790.83984375 4602.0546875 1383.6148681640625 3777.647705078125 3683.528564453125 5582.26953125 6984.35595703125 4366.318359375 927.5096435546875 1216.544189453125 7296.52099609375 14229.630859375 25265.744140625 27019.755859375 24879.80859375 25799.072265625 27654.29296875 31010.337890625 32020.466796875 31108.03125 32885.3203125 31499.9375 34648.2109375 38160.01953125 28301.251953125 23156.97265625 13910.626953125 7791.10791015625 10443.5537109375 20357.41796875 22584.669921875 25912.111328125 22139.46484375 19223.826171875 4389.3935546875 529.37939453125 nan nan nan nan nan nan nan nan nan nan nan nan nan nan nan nan nan
19483.837890625 11427.865234375 8165.7373046875 3204.458984375 184.80035400390625 705.97705078125 2826.490234375 3178.802001953125 504.096588134765625 nan 955.3817138671875 4980.3916015625 12904.66796875 19377.490234375 27660.79296875 30139.486328125 26097.548828125 25141.74609375 28477.1953125 31113.33984375 37784.69140625 34231.234375 32925.20703125 38340.40625 34481.26953125 32474.474609375 21484.0625 13594.5732421875 11607.314453125 13083.2958984375 18184.056640625 23734.21875 21170.33984375 22106.9765625 6965.77392578125 2340.520751953125 nan nan nan nan nan nan nan nan nan nan nan nan nan nan nan nan nan nan
20617.275390625 18438.255859375 12684.158203125 4974.2724609375 814.87469482421875 nan 705.97705078125 504.096588134765625 nan nan nan 2435.2265625 10361.455078125 17343.484375 25164.0546875 30768.046875 32016.36328125 30508.3984375 29634.181640625 35554.64453125 36514.78125 36779.0703125 42882.44921875 38603.62109375 31423.65234375 27985.568359375 21636.609375 14346.1416015625 10473.6416015625 12328.41015625 26820.50390625 18876.478515625 18173.16015625 7048.46923828125 3515.24951171875 609.924560546875 nan nan nan nan nan nan nan nan nan nan nan nan nan nan nan nan nan nan
26707.3515625 29154.376953125 16153.048828125 5879.2763671875 1316.713134765625 nan nan nan nan nan nan 152.1190643310546875 3627.269287109375 13273.251953125 22120.60546875 31949.619140625 32844.34765625 34626.58203125 35612.83203125 35257.796875 36606.2421875 36912.1328125 36371.74609375 36046.78125 28254.8125 23081.28515625 18756.509765625 11032.9443359375 11733.2841796875 20503.658203125 22470.318359375 21605.181640625 8968.50390625 7087.09033203125 2579.055419921875 362.0340576171875 nan nan nan nan nan nan nan nan nan nan nan nan nan nan nan nan nan nan
34819.45703125 31337.8125 19033.455078125 7300.40869140625 1306.879150390625 nan nan nan nan nan nan nan 585.086181640625 6433.7607421875 20106.884765625 29631.6953125 36676.80859375 37612.8671875 34571.2265625 37552.65234375 41389.99609375 38000.16015625 30358.880859375 29130.62109375 27190.919921875 20143.8203125 18697.400390625 19473.15625 19885.71484375 19348.126953125 16912.224609375 17796.990234375 18581.642578125 4747.041015625 2667.322265625 1529.2530517578125 nan nan nan nan nan nan nan nan nan nan nan nan nan nan nan nan nan nan
34072.9609375 29705.78125 19282.599609375 7417.7783203125 1300.5091552734375 nan nan nan nan nan nan nan 611.8004150390625 4883.94287109375 11595.064453125 25525.09375 36994.26953125 37985.84765625 33322.99609375 37967.71484375 43489.83203125 38480.03515625 29010.76953125 25794.12890625 24426.53515625 23405.80859375 24042.03515625 21553.9921875 17093.39453125 16223.7236328125 14500.0263671875 17573.322265625 8881.0830078125 8636.1943359375 2853.006103515625 45.2907867431640625 nan nan nan nan nan nan nan nan nan nan nan nan nan nan nan nan 136.804901123046875 nan
30782.326171875 26611.46875 14470.2666015625 4272.4052734375 275.708892822265625 nan nan nan nan nan nan nan 58.23421478271484375 2271.950927734375 10727.9775390625 19599.87109375 25850.17578125 29975.298828125 41746.66796875 46113.55859375 43179.03515625 33864.2265625 36998.40234375 28236.1796875 26318.78515625 33160.22265625 32780.8984375 22718.595703125 13680.6474609375 9902.509765625 17095.34375 7487.802734375 8104.3515625 6942.87109375 4629.8701171875 896.25537109375 nan nan nan nan nan nan nan 30.803182601928710938 80.51068878173828125 nan nan nan nan nan nan 136.804901123046875 136.804901123046875 136.804901123046875
25519.96875 19896.890625 7741.42529296875 790.72906494140625 nan nan nan nan nan nan nan 3208.97802734375 1239.58056640625 2839.9140625 3218.23095703125 11965.470703125 17443 27169.125 32707.916015625 47297.38671875 44215.03515625 44596.01171875 31518.634765625 28904.28515625 30828.693359375 35996.640625 37773.8984375 25341.990234375 17282.7421875 8499.5849609375 2636.76953125 7341.845703125 8445.0029296875 5493.962890625 898.25347900390625 nan nan nan nan nan nan nan 30.803182601928710938 111.313873291015625 111.313873291015625 80.51068878173828125 nan nan nan nan 136.804901123046875 136.804901123046875 136.804901123046875 136.804901123046875
21689.46875 14194.39453125 5295.47412109375 2335.1708984375 300.24200439453125 nan nan nan nan nan 3208.97802734375 8520.30859375 11584.3515625 6336.638671875 4447.330078125 5694.33935546875 15419.900390625 21505.078125 33449.9453125 42889.98828125 52748.109375 38618.46875 30744.73828125 31733.814453125 39108.25390625 40838.7421875 34076.171875 34411.6015625 29978.677734375 11063.3193359375 5579.51318359375 5366.89306640625 7819.12548828125 3320.74951171875 207.915069580078125 nan nan nan nan nan nan 30.803182601928710938 111.313873291015625 111.313873291015625 262.032958984375 111.313873291015625 80.51068878173828125 nan nan nan nan 136.804901123046875 136.804901123046875 136.804901123046875
26582.5390625 16760.341796875 9889.0244140625 2750.904296875 362.90972900390625 nan nan nan nan 3208.97802734375 8520.30859375 19851.14453125 18136.283203125 15352.634765625 12257.044921875 9154.8779296875 9231.6943359375 19503.974609375 29031.99609375 41802.69921875 40713.74609375 37829.1796875 26663.43359375 27636.72265625 35430.90625 41531.50390625 37944.44921875 36430.10546875 29588.552734375 22895.94921875 13056.9765625 6487.5791015625 3476.621826171875 3234.76025390625 1974.7174072265625 nan nan nan nan nan nan nan 30.803182601928710938 262.032958984375 262.032958984375 231.22979736328125 nan nan nan nan nan nan 136.804901123046875 nan
27420.716796875 21285.267578125 9358.708984375 1644.985107421875 nan nan nan nan nan 4071.750244140625 15829.884765625 19992.7578125 25480.669921875 21245.533203125 22141.404296875 15018.20703125 9910.666015625 12940.771484375 24551.810546875 28422.298828125 35539.68359375 30322.462890625 29124.58984375 24765.865234375 23027.890625 29334.490234375 37881.67578125 34634.9296875 26228.173828125 22492.83203125 15875.44140625 6047.1630859375 3234.76025390625 1974.7174072265625 nan nan nan nan nan nan nan nan 150.7191009521484375 181.52227783203125 231.22979736328125 150.7191009521484375 150.7191009521484375 nan nan nan nan nan nan nan
27716.8046875 16589.369140625 6779.5537109375 1443.3968505859375 nan nan nan nan nan 4195.04345703125 11098.8134765625 19220.52734375 25051.60546875 29165.666015625 19015.255859375 19531.861328125 13907.546875 11243.9150390625 16582.453125 22499.076171875 25817.26953125 19829.369140625 16962.626953125 17014.03125 18225.171875 13125.3603515625 15616.61328125 17140.158203125 19579.5234375 15105.3291015625 2780.454345703125 1052.1278076171875 1974.7174072265625 nan nan nan nan nan nan nan nan nan nan 150.7191009521484375 150.7191009521484375 150.7191009521484375 nan nan nan nan nan nan nan nan
23956.052734375 13425.5673828125 4478.54833984375 402.839599609375 nan nan 3863.8095703125 559.155517578125 860.78485107421875 5610.71826171875 10226.162109375 18129.447265625 24720.40234375 27098.6171875 25392.06640625 24081 16393.72265625 15522.6875 17186.783203125 17667.859375 13615.271484375 13802.7412109375 9455.982421875 7477.02001953125 3208.2451171875 6568.35546875 2202.419189453125 3300.496337890625 10124.7216796875 2780.454345703125 nan nan nan nan nan nan nan nan nan nan nan nan nan nan 150.7191009521484375 nan nan nan nan nan nan nan nan nan
