ForecastVariables/BuildingFootprint_Total_500m/BuildingFootprintFocal_Random5.asc
ncols        529
nrows        344
xllcorner    2700.000000000000
yllcorner    15900.000000000000
cellsize     100.000000000000
NODATA_value  nan
[rows 72 to 95 of 344, columns 162 to 215 of 529]
31051.75390625 26988.970703125 23769.15625 18622.142578125 23965.77734375 27939.1953125 34407.8671875 38679.375 37105.80078125 40647.06640625 41570.5703125 39681.91796875 13925.9716796875 9068.181640625 4106.654296875 nan nan nan nan nan nan nan nan nan nan nan nan nan nan nan nan nan nan nan nan 559.341552734375 530.21978759765625 611.2569580078125 4705.388671875 10730.0322265625 12188.89453125 16967.640625 17521.294921875 15584.4296875 9613.01171875 10707.015625 7738.03466796875 5162.013671875 3257.537353515625 3209.092529296875 1047.21240234375 241.6551513671875 nan nan
23286.693359375 15471.9150390625 15965.3935546875 22447.369140625 27108.2265625 30017.548828125 39018.41796875 28433.5625 40993.90234375 34747.67578125 43833.66796875 30070.623046875 21472.05859375 4968.54248046875 nan nan nan nan nan nan nan nan nan nan nan nan nan nan nan nan nan nan nan nan 559.341552734375 928.49212646484375 1450.5263671875 764.254638671875 5124.8896484375 12480.9765625 17567.01171875 20984.361328125 24043.724609375 19507.943359375 20310.08984375 17577.6171875 14916.80859375 8913.94921875 5113.57421875 4457.10888671875 4134.0869140625 1045.190673828125 119.81671905517578125 nan
25116.287109375 15836.7822265625 18324.232421875 22211.857421875 33413.56640625 37743.97265625 36984.33203125 42257.80078125 29634.9453125 48368.6484375 33828.55859375 32407.08984375 8082.271484375 1541.988525390625 nan nan nan nan nan nan nan nan nan nan nan nan nan nan nan nan nan nan nan 182.119354248046875 551.26995849609375 1666.6793212890625 1845.2476806640625 3318.38818359375 3565.002685546875 9632.80078125 18574.443359375 20746.55859375 21591.48046875 26286.537109375 25846.73828125 21084.759765625 14036.2587890625 14272.0810546875 8796.66015625 5233.9658203125 3302.856689453125 2309.708984375 1045.190673828125 119.81671905517578125
19478.228515625 22738.63671875 17205.404296875 27254.744140625 40982.8203125 37879.59375 47135.671875 46544.69140625 57538.953125 41562.45703125 44458.46875 19242.591796875 13220.810546875 nan nan nan nan nan nan nan nan nan nan nan nan nan nan nan nan nan nan nan nan 216.1529693603515625 902.42474365234375 1233.99072265625 1845.2476806640625 1285.9061279296875 2606.048828125 3178.18115234375 10256.3828125 11641.1767578125 14565.19921875 17064.83984375 19524.904296875 17155.19921875 12769.3427734375 6467.34814453125 5722.474609375 3932.503173828125 3409.587646484375 2588.65283203125 670.13104248046875 nan
23609.404296875 15117.10546875 19978.86328125 27353.095703125 31298.47265625 45397.12890625 49539.23046875 57297.28515625 51597.55859375 60012.265625 41695.7734375 29384.986328125 3666.447265625 1906.001220703125 nan nan nan nan nan nan nan nan nan nan nan nan nan nan nan nan nan nan nan nan 394.721282958984375 1080.9930419921875 1051.871337890625 916.75555419921875 178.5683135986328125 1867.8616943359375 1310.319580078125 5355.08642578125 7279.2060546875 11221.5556640625 9178.380859375 10052.0029296875 8541.8720703125 2579.541259765625 1873.399658203125 3137.91796875 3218.29931640625 776.86212158203125 nan nan
18677.95703125 19384.52734375 22955.681640625 24940.1015625 24358.619140625 32325.767578125 53626.75390625 56204.94140625 69801.90625 45936.59375 51550.50390625 26028.27734375 11939.087890625 1174.3641357421875 nan nan nan nan nan nan nan nan nan nan nan nan nan nan nan nan nan nan nan nan nan 394.721282958984375 682.720703125 178.5683135986328125 nan nan 540.45477294921875 902.68975830078125 2835.751708984375 6107.52392578125 5937.490234375 3939.634765625 3263.341552734375 1833.385498046875 880.251953125 1742.611083984375 657.04541015625 nan nan nan
22347.96484375 22154.744140625 27632.47265625 23663.634765625 31999.712890625 27064.818359375 33655.23046875 53581.4453125 59682.33203125 60867.359375 38229.65234375 22972.943359375 7001.1279296875 2175.98486328125 nan nan nan nan nan nan nan nan nan nan nan nan nan nan nan nan nan nan nan nan nan nan 178.5683135986328125 nan nan nan 313.889678955078125 1175.309814453125 1673.86865234375 2429.2578125 3757.217529296875 3021.92578125 1510.7764892578125 131.275970458984375 642.73223876953125 106.731048583984375 nan nan nan nan
24720.708984375 22791.951171875 32851.640625 33692.375 31243.20703125 27747.072265625 40095.02734375 51748.0234375 49556.4453125 47136.703125 37532.1328125 17426.501953125 11390.16796875 2885.897216796875 nan nan nan nan 413.99884033203125 30.813070297241210938 nan nan nan nan nan nan nan nan nan nan nan nan nan nan nan nan nan nan nan nan nan 313.889678955078125 1175.309814453125 1133.4139404296875 1144.788818359375 1510.7764892578125 0.48732173442840576172 nan nan nan nan nan nan nan
21394.744140625 28506.06640625 35155.23046875 42206.828125 40587.0390625 37872.00390625 46849.79296875 48451.4921875 47201.0390625 42261.2578125 27283.8828125 16996.826171875 4096.669921875 460.384857177734375 nan nan nan 413.99884033203125 444.811920166015625 444.811920166015625 30.813070297241210938 nan nan nan nan nan nan nan nan nan nan nan nan nan nan nan nan nan nan nan nan nan 313.889678955078125 320.965362548828125 450.42449951171875 0.48732173442840576172 nan nan nan nan nan nan nan nan
22767.4921875 23134.580078125 34490.10546875 45072.05859375 46835.59765625 46845.0234375 46173.02734375 48075.98046875 53809.91796875 36886.83203125 25321.01171875 13482.5927734375 4053.115234375 179.743316650390625 nan nan 413.99884033203125 444.811920166015625 444.811920166015625 444.811920166015625 444.811920166015625 30.813070297241210938 nan nan nan nan nan nan nan nan nan nan nan nan nan nan nan nan nan nan nan nan nan nan nan nan nan nan nan nan nan nan nan nan
15374.53515625 19303.095703125 23069.619140625 31721.6015625 35534.14453125 43013.0234375 45780.6484375 39899.3125 35469.97265625 30925.787109375 27042.91015625 19231.283203125 6835.55517578125 705.84564208984375 nan nan nan 413.99884033203125 444.811920166015625 444.811920166015625 305.06787109375 1.9377897977828979492 nan nan nan nan nan nan nan nan nan nan nan nan nan nan 321.27410888671875 59.16986846923828125 nan nan nan nan nan nan nan nan nan nan nan nan nan nan nan nan
15047.31640625 8065.0185546875 13352.03515625 13680.5849609375 25050.154296875 22588.970703125 22220.439453125 24813.716796875 28284.986328125 24064.822265625 19419.455078125 12411.28125 11108.390625 5786.64208984375 532.01251220703125 nan nan nan 413.99884033203125 305.06787109375 276.19256591796875 276.19256591796875 1.9377897977828979492 nan nan nan nan nan nan nan nan nan nan nan nan 321.27410888671875 592.754638671875 561.95599365234375 59.16986846923828125 nan nan nan nan nan nan nan nan nan nan nan nan nan nan nan
16353.94140625 6393.75537109375 2734.919677734375 5912.3173828125 8914.9423828125 10570.99609375 9217.212890625 10960.19140625 8669.6953125 10056.501953125 11525.69140625 11215.521484375 5786.64208984375 532.01251220703125 nan nan nan nan 274.254791259765625 276.19256591796875 276.19256591796875 276.19256591796875 276.19256591796875 1.9377897977828979492 nan nan nan nan nan nan nan nan nan nan 321.27410888671875 592.754638671875 774.26666259765625 774.26666259765625 561.95599365234375 59.16986846923828125 nan nan nan nan nan nan nan nan nan nan nan nan nan nan
20481.46484375 8506.7607421875 2094.936279296875 402.392669677734375 3844.55322265625 5550.4677734375 9316.2568359375 6029.8642578125 2130.22216796875 765.832763671875 5255.0458984375 5361.75927734375 639.1424560546875 nan nan nan nan nan nan 274.254791259765625 276.19256591796875 276.19256591796875 1.9377897977828979492 nan nan nan nan nan nan nan nan nan nan nan 212.3106689453125 715.0968017578125 774.26666259765625 774.26666259765625 452.992584228515625 181.5120391845703125 nan nan nan nan nan nan nan nan nan nan nan nan nan nan
26843.212890625 13417.78125 5291.95947265625 2019.640869140625 4729.6376953125 12548.328125 9408.4853515625 8987.5869140625 5777.08056640625 1836.8616943359375 445.153289794921875 107.129974365234375 107.129974365234375 107.129974365234375 nan nan nan nan nan nan 274.254791259765625 1.9377897977828979492 nan nan nan nan nan nan nan nan nan nan nan nan nan 212.3106689453125 715.0968017578125 452.992584228515625 181.5120391845703125 nan nan nan nan nan nan nan nan nan nan nan nan nan nan nan
37181.75 22759.373046875 8145.05859375 3962.548828125 12280.85546875 16307.599609375 16577.263671875 8678.02734375 6691.62109375 3480.28759765625 107.129974365234375 107.129974365234375 107.129974365234375 4408.9853515625 4283.7333984375 531.85870361328125 1289.1322021484375 559.9210205078125 919.56915283203125 115.3374176025390625 955.376953125 1351.232177734375 2088.71630859375 667.21142578125 nan nan 2604.58544921875 nan nan nan nan nan nan nan nan nan 212.3106689453125 181.5120391845703125 nan nan nan nan nan nan nan nan nan nan nan nan nan nan nan nan
44460.1171875 26359.619140625 12366.28515625 10849.5224609375 10959.0927734375 15242.625 16448.79296875 13725.6669921875 4550.31005859375 2471.59423828125 3549.207763671875 950.3961181640625 6635.2021484375 10224.6875 11391.2041015625 9306.21484375 8072.04541015625 6783.833984375 7809.0322265625 4353.03515625 4656.12255859375 6807.25146484375 7881.662109375 7660.08154296875 3468.6513671875 4128.419921875 2756.68701171875 2981.84228515625 196.02264404296875 nan nan nan nan nan nan nan nan nan nan nan nan nan nan nan nan nan nan nan nan nan nan nan nan nan
34934.12109375 23640.564453125 13702.353515625 7536.083984375 12526.7119140625 11989.4765625 11576.8056640625 6262.7666015625 3703.353759765625 9160.759765625 8906.3857421875 12453.8662109375 14176.5419921875 16206.4208984375 19561.310546875 26320.576171875 23180.8046875 21722.34765625 17192.150390625 17636.060546875 15966.5146484375 15595.92578125 19397.490234375 18777.275390625 19151.984375 9879.4599609375 5454.4609375 4370.4462890625 4849.58984375 196.02264404296875 nan nan nan nan nan nan nan nan nan nan nan nan nan nan nan nan nan nan nan nan nan nan nan nan
20333.966796875 13503.568359375 8741.791015625 8264.048828125 9115.04296875 10606.0283203125 3010.310546875 6826.80078125 10387.0693359375 15234.6943359375 19998.0234375 16301.2099609375 20905.55859375 24689.00390625 35245.65625 33519.41796875 38116.296875 33692.00390625 30533.8359375 29004.576171875 28783.88671875 33078.09375 32380.732421875 31261.623046875 27918.201171875 19852.384765625 11939.333984375 12468.4794921875 4241.19140625 2245.00439453125 196.02264404296875 nan nan nan nan nan nan nan nan nan nan nan nan nan nan nan nan nan nan nan nan nan nan nan
9365.005859375 8741.791015625 8346.298828125 15967.130859375 12594.474609375 10445.3759765625 10477.140625 10805.6474609375 17103.69921875 23803.322265625 23683.515625 24678.017578125 19954.744140625 32132.154296875 32235.591796875 39820.42578125 41215.91796875 43548.546875 37124.0625 31679.7890625 31433.6015625 35525.7890625 42166.8984375 38532.3828125 31202.10546875 20726.140625 19364.298828125 13556.693359375 13441.880859375 3711.832763671875 1671.7247314453125 nan nan nan nan nan nan nan nan nan nan nan nan nan nan nan nan nan nan nan nan nan nan nan
2686.02880859375 6040.9189453125 15733.8134765625 21681.75 23142.490234375 23625.3828125 20028.94921875 18216.029296875 24980.08984375 28831.068359375 30145.6796875 23404.673828125 26891.623046875 25217.154296875 40786.62109375 43548.8671875 45588.1328125 37350.54296875 40071.8671875 33746.0859375 35727.40234375 36118.2109375 35619.81640625 35870.73046875 26004.6015625 21567.423828125 15997.9111328125 19486.783203125 14550.681640625 11031.439453125 803.60589599609375 nan nan nan nan nan nan nan nan nan nan nan nan nan nan nan nan nan nan nan nan nan nan nan
195.3758087158203125 9630.6416015625 22748.423828125 30004.958984375 32398.314453125 30502 27604.033203125 29110.890625 28437.51171875 29950.162109375 27985.796875 27616.28515625 22353.181640625 33098.19140625 36865.1953125 45138.8515625 40244.6171875 40481.671875 36123.5078125 32738.87109375 35164.99609375 32832.4765625 33995.21875 25523.0234375 17895.4609375 12496.921875 18443.658203125 18225.455078125 16955.720703125 7220.01904296875 4450.31689453125 nan nan nan nan nan nan nan nan nan nan nan nan nan nan nan nan nan nan nan nan nan nan nan
4502.646484375 12342.775390625 28509.6796875 31083.177734375 33855.74609375 28398.47265625 28774.138671875 30893.2734375 26032.83984375 29772.783203125 28346.9765625 23044.830078125 31106.958984375 31290.498046875 34918.08984375 32784.01953125 41047.57421875 33998.73828125 30785.404296875 35695.33984375 30843.44140625 33614.4921875 28084.296875 23396.96484375 18441.416015625 8767.2841796875 9476.763671875 17276.71484375 12679.6728515625 8325.6337890625 nan nan nan nan nan nan nan nan nan nan nan nan nan nan nan nan nan nan nan nan nan nan nan nan
14260.3154296875 22144.970703125 27230.884765625 31808.6875 29575.765625 25305.75 22443.658203125 21131.474609375 25431.09375 30458.771484375 32645.611328125 29593.109375 29730.12890625 31291.6171875 25741.513671875 28685.611328125 26779.46875 30608.935546875 30880.4453125 30658.330078125 34824.18359375 36079.3515625 32977.30859375 23397.48828125 19880.189453125 10815.5517578125 12930.1630859375 10565.8330078125 10731.2119140625 1193.589111328125 nan nan nan nan nan nan nan nan nan nan nan nan nan nan nan nan nan nan nan nan nan nan nan nan
