ForecastVariables/BuildingFootprint_Total_500m/BuildingFootprintFocal_Random5.asc
ncols        529
nrows        344
xllcorner    2700.000000000000
yllcorner    15900.000000000000
cellsize     100.000000000000
NODATA_value  nan
[rows 120 to 143 of 344, columns 54 to 107 of 529]
nan nan nan nan nan nan nan nan nan nan nan nan nan nan nan nan nan nan nan nan nan nan 149.736358642578125 222.85577392578125 222.85577392578125 222.85577392578125 149.736358642578125 nan 313.398590087890625 nan nan nan nan nan nan nan nan nan nan nan 885.161865234375 885.161865234375 885.161865234375 885.161865234375 885.161865234375 109.35776519775390625 497.930938720703125 5217.505859375 19473.90625 26956.521484375 35632.40234375 46452.97265625 44425.85546875 37788.73046875
nan nan nan nan nan nan nan nan nan nan nan nan nan nan nan nan nan nan nan nan nan nan nan 149.736358642578125 222.85577392578125 149.736358642578125 nan nan nan nan nan nan nan nan nan nan nan nan nan nan nan 885.161865234375 885.161865234375 885.161865234375 524.65570068359375 9708.8984375 6365.6669921875 14900.08203125 13916.2490234375 26168.712890625 47221.0625 50766.6484375 43071.79296875 33188.53125
nan nan nan nan nan nan nan nan nan nan nan nan nan nan nan nan nan nan nan nan nan nan nan nan 149.736358642578125 nan nan nan nan nan nan nan nan nan nan nan nan nan nan nan nan nan 2442.77685546875 1377.6529541015625 12399.033203125 20825.201171875 20553.744140625 17996.919921875 23447.84375 41114.50390625 45324.51953125 37115.19140625 35187.609375 28579.857421875
nan nan nan nan nan nan nan nan nan nan nan nan nan nan nan nan nan nan nan nan nan nan nan nan nan nan nan nan nan nan nan nan nan nan nan nan nan nan nan nan 961.76629638671875 3068.744873046875 4538.61767578125 14489.517578125 25335.13671875 32566.15234375 33798.3203125 28994.240234375 39527.80859375 37511.69140625 43833.65234375 42495.34765625 40368.6953125 22525.69921875
nan nan nan nan nan nan nan nan nan nan nan nan nan nan nan nan nan nan nan nan nan nan nan nan nan nan nan nan nan nan nan nan nan nan nan nan nan nan nan 1039.78369140625 5934.96435546875 7283.8583984375 10635.345703125 21358.861328125 33461.0234375 32698.400390625 37219.28515625 38517.6171875 40427.3515625 48838.78125 42723.83203125 54040.703125 41409.07421875 29237.923828125
nan nan nan nan nan nan nan nan nan nan nan nan nan nan nan nan nan nan nan nan nan nan nan nan nan nan nan nan nan nan nan nan nan nan 1355.142333984375 2359.751708984375 1150.4219970703125 nan 1966.0087890625 5551.62060546875 6855.71630859375 14885.23828125 21639.232421875 24880.248046875 30648.4453125 37467.95703125 32852.94140625 32597.037109375 40994.47265625 48354.80078125 61668.52734375 56225.28515625 40090.55078125 32526.314453125
nan nan nan nan nan nan nan nan nan nan nan nan nan nan nan nan nan nan nan nan nan nan nan nan nan nan nan nan nan nan nan nan 442.530731201171875 3291.1796875 7337.5546875 7239.62744140625 4239.1103515625 2289.6103515625 4830.357421875 5842.11474609375 13609.7783203125 24224.63671875 41399.76953125 37020.08203125 31193.982421875 33725.265625 33916.45703125 37617.80859375 37202.03125 48580.72265625 51534.0078125 53161.31640625 46761.33203125 34053.49609375
nan nan nan nan nan nan nan nan nan nan nan nan nan nan nan nan nan nan nan nan nan nan nan nan nan nan nan nan nan nan nan 1421.5975341796875 6043.01416015625 11247.5048828125 16389.33984375 13834.697265625 12546.7099609375 10329.6865234375 5101.74169921875 16689.185546875 24818.048828125 38894.3984375 47471.26953125 45649.71484375 42428.07421875 41689.9921875 36125.60546875 34656.203125 38405.6171875 38013.64453125 40613.43359375 35819.48046875 42040.0234375 39827.3984375
nan nan nan nan nan nan nan nan nan nan nan nan nan nan nan nan nan nan nan nan nan nan nan nan nan nan nan nan nan 1.6528253555297851562 3312.251708984375 8899.6123046875 11473 20237.134765625 22630.8359375 24782.142578125 22257.7578125 15853.7490234375 17930.240234375 19271.197265625 35782.30859375 38110.3046875 45279.43359375 51302.734375 54820.5859375 49635.1640625 36019.0390625 35341.0234375 37263.42578125 31914.205078125 29711.310546875 36155.4140625 41853.69140625 36078.8671875
nan nan nan nan nan nan nan nan nan nan nan nan nan nan nan nan nan nan nan nan nan nan nan nan nan nan nan 639.878662109375 1.6528253555297851562 4678.37158203125 11500.7197265625 12489.326171875 18874.705078125 24665.017578125 31690.095703125 29736.2578125 25702.068359375 26739.908203125 28513.328125 32971.53515625 28619.669921875 41178.01171875 57128.21875 52210.33203125 43512.99609375 41229.0234375 45136.65625 41033.62109375 35303.71484375 30053.587890625 29597.32421875 32438.26953125 30296.052734375 40805.22265625
nan nan nan nan nan nan nan nan nan nan nan nan nan nan nan nan nan nan nan nan nan nan nan nan nan nan 647.18310546875 1421.9813232421875 5869.85205078125 14244.4814453125 15960.736328125 20116.888671875 23347.873046875 28500.908203125 27029.376953125 30568.18359375 26915.162109375 25930.5078125 35226.5546875 37177.12109375 49326.21484375 40224.015625 42782.6953125 46701.75390625 39999.21484375 35363.08203125 39464.61328125 35928.66796875 31841.697265625 36874.3515625 32415.724609375 32156.021484375 33219.53125 37166.73046875
nan nan nan nan nan nan nan nan nan nan nan nan nan nan nan nan nan nan nan nan nan nan nan nan 313.0755615234375 1624.6234130859375 1427.633056640625 5493.0390625 12323.33984375 20610.111328125 25479.376953125 25847.23828125 27216.666015625 23397.72265625 26470.16796875 24481.404296875 27518.1328125 33526.3203125 33670.6953125 51833.8203125 51107.99609375 52184.41015625 42192.1328125 44878.01953125 41269.3359375 32782.11328125 29313.880859375 30909.4921875 36296.8984375 40497.2109375 37245.66796875 32478.298828125 33525.921875 31982.720703125
nan nan nan nan nan nan nan nan nan nan nan nan nan nan nan nan nan nan nan nan nan nan nan 313.0755615234375 1585.7156982421875 7422.4599609375 8841.0771484375 12443.529296875 19008.4296875 25104.984375 30877.71875 30268.51171875 26483.94921875 25742.63671875 22012.021484375 22687.669921875 26230.15625 26921.064453125 43094.3671875 45411.9453125 48719.13671875 42746.03125 55080.66796875 39775.60546875 35058.84765625 28911.22265625 26817.482421875 29242.486328125 37797.09375 40114.70703125 39494.296875 32888.8828125 28721.04296875 27257.443359375
nan nan nan nan nan nan nan nan nan nan nan nan nan nan nan nan nan nan nan nan nan nan 313.0755615234375 1578.4112548828125 6922.60107421875 15527.748046875 19608.599609375 22880.59375 26437.5625 28432.955078125 26930.57421875 28256.91015625 25759.544921875 23348.30859375 18939.05859375 16688.228515625 21995.849609375 26392.24609375 28352.693359375 41855.6484375 37847.18359375 46442.19140625 39259.34375 34536.13671875 33994.73046875 34477.98046875 24269.953125 32055.560546875 37157.84375 37003.3984375 35370.18359375 29818.400390625 23733.80078125 30101.744140625
nan nan nan nan nan nan nan nan nan nan nan nan nan nan nan nan nan nan nan nan nan nan 287.8953857421875 5945.1611328125 14792.7041015625 24044.26953125 30120.90625 30851.291015625 31910.26171875 34043.1484375 34809.3125 29754.548828125 22453.40625 19837.9765625 19029.6015625 17730.814453125 16941.705078125 20313.970703125 27664.154296875 29658.083984375 39301.4921875 25493.861328125 31858.625 32807 39221.16015625 30193.328125 34706.8046875 31385.357421875 35183.4375 36562.01953125 31380.3203125 26916.060546875 26857.716796875 23451.6875
nan nan nan nan nan nan nan nan nan nan nan nan nan nan nan nan nan nan nan nan nan nan nan 3980.40283203125 14608.0703125 24263.646484375 31783.48828125 38814.4296875 39525.71875 45073.015625 41066.15625 36884.8125 26836.029296875 24656.00390625 18259.296875 16437.828125 16041.2841796875 17009.958984375 18865.74609375 25010.6171875 31337.771484375 22397.15625 24015 35560.4453125 27990.32421875 35234.4140625 36450.45703125 34103.109375 33176.05078125 34522.1953125 30798.84375 29022.9375 24545.642578125 25026.169921875
nan nan nan nan nan nan nan nan nan nan nan nan nan nan nan nan nan nan nan nan nan nan nan 2221.951904296875 7689.26611328125 16670.947265625 26907.451171875 44238.0234375 54594.71875 58901.4453125 52213.51953125 41289.328125 36555.57421875 26047.90234375 19143.181640625 17031.451171875 15806.490234375 18152 16257.7919921875 22584.685546875 23940.849609375 26158.56640625 24567.58203125 25931.27734375 33137.296875 37255.05859375 35655.15625 35725.125 34639.48828125 30699.681640625 31515.54296875 30010.0234375 29668.34375 24468.162109375
nan nan nan nan nan nan nan nan nan nan nan nan nan nan nan nan nan nan nan nan nan nan nan nan 2221.951904296875 12691.9072265625 28885.2890625 49357.5390625 63203.12890625 68187.7734375 57561.875 47092.23046875 33353.515625 22592.26953125 18085.013671875 17292.04296875 19472.005859375 14654.3408203125 21393.4296875 20565.486328125 21529.169921875 26040.46875 30938.6171875 26648.025390625 34580.625 37738.90234375 35307.08203125 34782.09375 33719.53515625 34244.75 30830.34375 29455.705078125 27518.56640625 32505.6796875
nan nan nan nan nan nan nan nan nan nan nan nan nan nan nan nan nan nan nan nan nan nan nan nan 447.87371826171875 16313.7529296875 30963.322265625 50766.125 66104.25 62958.90625 55352.625 40303.703125 25191.580078125 14863.76171875 14215.2978515625 17635.6953125 19813.361328125 14236.626953125 12886.982421875 24120.66015625 24816.904296875 26386.23046875 26421.271484375 32579.072265625 36093.70703125 33885.453125 34722.8515625 32972.65625 35750.984375 35731.25 31206.4765625 28746.505859375 33816.4609375 34672.32421875
nan nan nan nan nan nan nan nan nan nan nan nan nan nan nan nan nan nan nan nan nan nan nan 194.717681884765625 7323.39306640625 17089.376953125 30970.087890625 49716.23046875 61778.3203125 63871.12109375 49884.6640625 35654.01171875 19206.986328125 14760.4404296875 10522.716796875 12933.74609375 15671.587890625 20028.259765625 19031.669921875 17013.958984375 26166.33203125 25805.72265625 30266.775390625 34490.4140625 31753.728515625 31865.509765625 34354.60546875 37310.84765625 33848.28515625 31653.001953125 34592.45703125 34044.32421875 35433.2734375 32848.05859375
nan nan nan nan nan nan nan nan nan nan nan nan nan nan nan nan nan nan nan nan nan nan nan 4102.56201171875 6617.20068359375 15290.017578125 34805.1015625 49059.58203125 59765.0390625 60259.83984375 57723.36328125 39733.890625 23764.2109375 14075.880859375 9608.1689453125 10994.806640625 16907.486328125 23265.001953125 24136.380859375 19743.19921875 25341.947265625 33023.984375 36703.796875 29459.251953125 31097.380859375 32026.294921875 33778.265625 32624.43359375 37002.05078125 38822.453125 34496.76953125 31595.71484375 31103.724609375 38769.87890625
nan nan nan nan nan nan nan nan nan nan nan nan nan nan nan nan nan nan nan nan nan nan nan 1162.237060546875 7378.6728515625 16217.5673828125 27642.833984375 45183.82421875 52532.39453125 61732.4921875 56060.37109375 49923.41796875 28207.2734375 11226.0498046875 7388.6015625 13709.10546875 20728.40234375 24357.68359375 25223.423828125 29770.220703125 31920.29296875 35677.92578125 34927.0625 33523.34765625 29512.810546875 31071.86328125 27465.16796875 35106.80859375 40661.4296875 38001.28125 33465.25390625 32164.51171875 38648.01171875 36096.3203125
nan nan nan nan nan nan nan nan nan nan nan nan nan nan nan nan nan nan nan nan nan nan nan 966.84271240234375 5889.462890625 12362.2080078125 18148.81640625 28615.349609375 46842.8125 50858.96484375 53326.54296875 40395.3984375 25025.03125 10965.6591796875 11263.1611328125 17667.587890625 25181.798828125 27627.2421875 32117.041015625 34089.2578125 37630.32421875 36029.91015625 33980.86328125 34165.41796875 31206.302734375 25138.47265625 31886.33203125 36609.09375 39928.76953125 37695.00390625 33105.73828125 38508.671875 33693.40234375 35038.7578125
nan nan nan nan nan nan nan nan nan nan nan nan nan nan nan nan nan nan nan nan nan nan nan nan 966.84271240234375 5935.03662109375 7971.0595703125 17808.419921875 23626.87109375 38841.2890625 35288.0625 26392.224609375 14556.3818359375 10971.6455078125 14755.3349609375 25203.8828125 29329.18359375 33111.28515625 35290.0859375 36089.046875 38126.80078125 38498.6796875 37314.1953125 33982.859375 27192.08203125 29274.39453125 34416.39453125 37946.5859375 34580.19140625 40305.78515625 38852.97265625 28581.271484375 31402.28125 31554.990234375
