ForecastVariables/BuildingFootprint_Total_500m/BuildingFootprintFocal_Random3.asc
ncols        529
nrows        344
xllcorner    2700.000000000000
yllcorner    15900.000000000000
cellsize     100.000000000000
NODATA_value  nan
[rows 72 to 95 of 344, columns 378 to 431 of 529]
nan nan nan nan nan nan 220.0653228759765625 2571.40576171875 4551.505859375 4523.85693359375 3641.42529296875 2440.105224609375 695.7222900390625 250.5050506591796875 nan nan nan nan 151.989898681640625 nan nan nan 273.367706298828125 140.708984375 651.89532470703125 997.09619140625 993.580810546875 1704.7091064453125 597.80511474609375 33.2018280029296875 81.094329833984375 nan nan nan nan nan nan nan nan nan nan nan nan nan nan nan nan nan nan nan nan nan nan nan
nan nan nan nan nan nan nan 220.0653228759765625 2742.451171875 3632.074951171875 2440.105224609375 1079.6844482421875 835.10296630859375 654.7073974609375 241.1547088623046875 nan nan nan nan nan nan nan nan 327.20831298828125 931.14288330078125 1690.7999267578125 4472.83203125 3975.774658203125 2277.825927734375 1178.1739501953125 116.3448638916015625 81.094329833984375 nan nan nan nan nan nan nan nan nan nan nan nan nan nan nan nan nan nan nan nan nan nan
nan nan nan nan nan nan nan nan 220.0653228759765625 1940.779541015625 829.179443359375 1048.0198974609375 867.62432861328125 437.5513916015625 532.8201904296875 nan nan nan nan nan nan nan 327.20831298828125 931.14288330078125 1701.59814453125 4912.400390625 6901.4755859375 7272.5341796875 5627.6318359375 3151.728759765625 1180.22265625 116.3448638916015625 81.094329833984375 nan nan nan nan nan nan nan nan nan nan nan nan nan nan nan nan nan nan nan nan nan
nan nan nan nan nan nan nan nan nan 212.9169464111328125 383.96221923828125 626.4696044921875 650.4683837890625 745.73712158203125 336.423492431640625 336.423492431640625 nan nan nan nan nan nan 335.4852294921875 963.1058349609375 3261.18603515625 5457.984375 7602.11181640625 8364.546875 7608.00390625 3978.46630859375 1697.4393310546875 873.90277099609375 2.0487065315246582031 nan nan nan nan nan nan nan nan nan nan nan nan nan nan nan nan nan nan nan nan nan
nan nan nan nan nan nan nan nan nan nan 212.9169464111328125 212.9169464111328125 745.73712158203125 336.423492431640625 336.423492431640625 336.423492431640625 336.423492431640625 nan nan nan nan nan nan 335.4852294921875 963.1058349609375 3433.8076171875 5329.16357421875 6530.2138671875 4383.2900390625 2397.32861328125 1155.056396484375 2.0487065315246582031 nan nan nan nan nan nan nan nan nan nan nan nan nan nan nan nan nan nan nan nan nan nan
nan nan nan nan nan nan nan nan nan nan nan 212.9169464111328125 nan 336.423492431640625 336.423492431640625 336.423492431640625 nan nan nan nan nan nan nan nan 335.4852294921875 321.75067138671875 2550.799072265625 2529.077392578125 1592.6566162109375 1093.251708984375 2.0487065315246582031 nan nan nan nan nan nan nan nan nan nan nan nan nan nan nan nan nan nan nan nan nan nan nan
nan nan nan nan nan nan nan nan nan nan nan nan nan nan 336.423492431640625 nan nan nan nan nan nan nan nan nan nan nan 21.338388442993164062 521.1683349609375 302.491973876953125 nan nan nan nan nan nan nan nan nan nan nan nan nan nan nan nan nan nan nan nan nan nan nan nan nan
nan nan nan nan nan nan nan nan nan nan nan nan nan nan nan nan nan nan nan nan nan nan nan nan nan nan nan 21.338388442993164062 nan nan nan nan nan nan nan nan nan nan nan nan nan nan nan nan nan nan nan nan nan nan nan nan nan nan
nan nan nan nan nan nan nan nan nan nan nan nan nan nan nan nan nan nan nan nan nan nan nan nan nan nan nan nan nan nan nan nan nan nan nan nan nan nan nan nan nan nan nan nan nan nan nan nan nan nan nan nan nan nan
nan nan nan nan nan nan nan nan nan nan nan nan nan nan nan nan nan nan nan nan nan nan nan nan nan nan nan nan nan nan nan nan nan nan nan nan nan nan nan nan nan nan nan nan nan nan nan nan nan nan nan nan nan nan
nan nan nan nan nan nan nan nan nan nan nan nan nan nan nan nan nan nan nan nan nan nan nan nan nan nan nan nan nan nan nan nan nan nan nan nan nan nan nan nan nan nan nan nan nan nan nan nan nan nan nan nan nan nan
nan nan nan nan nan nan nan nan nan nan nan nan nan nan nan nan nan nan nan nan nan nan nan nan nan nan nan nan nan nan nan nan nan nan nan nan nan nan nan nan nan nan nan nan nan nan nan nan nan nan nan nan nan nan
nan nan nan nan nan nan nan nan nan nan nan nan nan nan nan nan nan nan nan nan nan nan nan nan nan nan nan nan nan nan nan nan nan nan nan nan nan nan nan nan nan nan nan nan nan nan nan nan nan nan nan nan nan nan
nan nan nan nan nan nan nan nan nan nan nan nan nan nan nan nan nan nan nan nan nan nan nan nan nan nan nan nan nan nan nan nan nan nan 42.832729339599609375 45.055744171142578125 705.0850830078125 722.42669677734375 655.34576416015625 528.71856689453125 282.975921630859375 592.41961669921875 1036.1796875 1630.1517333984375 714.77044677734375 nan nan nan nan nan nan nan nan nan
nan nan nan nan nan nan nan nan nan nan nan nan nan nan nan nan nan nan nan nan nan nan nan nan nan nan nan nan nan nan nan nan 887.3353271484375 942.365234375 778.2996826171875 920.62872314453125 1472.5675048828125 2391.021240234375 3406.855712890625 1663.65283203125 2368.20361328125 3902.17822265625 6753.7880859375 4133.91796875 4966.8330078125 3689.31689453125 1526.3431396484375 4.9176354408264160156 2646.066162109375 723.37420654296875 271.932861328125 72.93506622314453125 77.51531982421875 nan
nan nan nan nan nan nan nan nan nan nan nan nan nan nan nan nan nan nan nan nan nan nan nan nan nan nan nan nan nan nan nan 935.3382568359375 2535.73291015625 3382.70751953125 3428.646240234375 2616.73095703125 2606.56494140625 4662.52490234375 6981.0400390625 5988.6259765625 7900.0673828125 11704.0908203125 12115.400390625 10843.28515625 12525.52734375 11374.3740234375 5227.9970703125 4873.9599609375 3796.1220703125 3641.373291015625 1068.2421875 422.38323974609375 150.45037841796875 77.51531982421875
nan nan nan nan nan nan nan nan nan nan nan nan nan nan nan nan nan nan nan nan nan nan nan nan nan nan nan nan nan nan 935.3382568359375 3058.90283203125 4663.86279296875 6058.68310546875 4750.3837890625 4020.074462890625 4750.02880859375 7728.47705078125 9754.3779296875 11658.1083984375 14089.2001953125 15278.326171875 16760.896484375 19944.3125 20114.1953125 14885.9208984375 12853.9970703125 12906.515625 6291.03125 5272.27587890625 5347.85595703125 1145.7574462890625 422.38323974609375 150.45037841796875
nan nan nan nan nan nan nan nan nan nan nan nan nan nan nan nan nan nan nan nan nan nan nan nan nan nan nan nan nan 48.002899169921875 1272.0350341796875 3842.425537109375 8792.513671875 10278.1005859375 7736.16162109375 3718.635009765625 8150.7197265625 9461.666015625 11887.0732421875 14204.0380859375 15210.9638671875 16153.0302734375 17757.22265625 19131.650390625 18742.142578125 17285.546875 17672.849609375 13204.1259765625 9536.912109375 12870.3525390625 5928.66357421875 1978.4156494140625 150.45037841796875 77.51531982421875
nan nan nan nan nan nan nan nan nan nan nan nan nan nan nan nan nan nan nan nan nan nan nan nan nan nan nan nan nan 517.99981689453125 1431.5616455078125 5520.53857421875 13155.4404296875 17418.61328125 13110.8603515625 9455.052734375 6898.14111328125 9996.05078125 11966.521484375 14158.716796875 13726.994140625 13428.7275390625 13193.1826171875 13676.8232421875 16527.796875 20793.62890625 16670.076171875 11974.505859375 17869.376953125 15632.2431640625 10448.775390625 4511.5927734375 1633.547607421875 nan
nan nan nan nan nan nan nan nan nan nan nan nan nan nan nan nan nan nan nan nan nan nan nan nan nan nan nan nan 1091.227294921875 4446.76611328125 8618.4873046875 10383.2548828125 17481.685546875 20074.435546875 20408.39453125 14055.8681640625 11422.515625 8288.142578125 11597.9404296875 8427.0263671875 9149.1396484375 8335.2919921875 8494.576171875 8255.6181640625 13770.533203125 15782.703125 14642.8740234375 16128.4111328125 17108.96875 12515.9453125 10896.5751953125 9045.556640625 1751.3394775390625 238.7448577880859375
nan nan nan nan nan nan nan nan nan nan nan nan nan nan nan nan nan nan nan nan nan nan nan nan nan nan nan 2569.93896484375 6411.658203125 10923.28515625 16836.146484375 21034.16015625 16632.859375 19697.970703125 20273.376953125 18918.240234375 12099.8310546875 8589.6103515625 4130.662109375 3738.351318359375 4001.9443359375 3687.855224609375 3479.412353515625 5304.9326171875 9025.728515625 11098.1318359375 9645.080078125 10537.591796875 9699.232421875 10094.2373046875 9765.2890625 2785.992919921875 553.6656494140625 238.7448577880859375
nan nan nan nan nan nan nan nan nan nan nan nan nan nan nan nan nan nan nan nan nan nan nan nan nan nan 3058.836181640625 13572.9599609375 15229.431640625 26514.220703125 24272.6640625 26974.662109375 24011.625 19636.6171875 21861.373046875 14524.734375 10412.685546875 5928.49462890625 3950.5166015625 1202.3455810546875 1075.309814453125 568.6207275390625 736.83453369140625 2699.73681640625 5502.55517578125 5622.45556640625 5489.126953125 4528.181640625 1767.220703125 6457.9169921875 2785.992919921875 314.920806884765625 nan 238.7448577880859375
464.36260986328125 nan nan nan nan nan nan nan nan nan nan nan nan nan nan nan nan nan nan nan nan nan nan nan nan 1967.6087646484375 10830.5751953125 16803.552734375 32114.380859375 42604.0625 43999.47265625 27790.13671875 27613.6328125 22060.705078125 18713.013671875 16569.935546875 10104.2568359375 5277.01953125 583.359130859375 nan nan nan nan 203.0165557861328125 2457.008056640625 2484.114990234375 2155.116455078125 1047.488037109375 nan 719.73272705078125 314.920806884765625 nan nan nan
786.6915283203125 319.187774658203125 141.4622344970703125 nan nan nan nan nan nan nan nan nan nan nan nan nan nan nan nan nan nan nan nan nan 1281.1552734375 15989.990234375 18625.708984375 32624.75 42336 49867.0703125 51914.47265625 46033.5546875 32112.716796875 27840.3984375 20676.955078125 20910.861328125 11831.2314453125 1594.982177734375 nan nan nan nan nan nan 203.0165557861328125 993.0728759765625 293.793243408203125 nan nan nan nan nan nan nan
