ForecastVariables/BuildingFootprint_Total_500m/BuildingFootprintFocal_Random4.asc
ncols        529
nrows        344
xllcorner    2700.000000000000
yllcorner    15900.000000000000
cellsize     100.000000000000
NODATA_value  nan
[rows 72 to 95 of 344, columns 54 to 107 of 529]
nan nan nan nan nan nan nan nan nan nan 1.9536168575286865234 1.9536168575286865234 1.9536168575286865234 389.4769287109375 690.828125 391.504913330078125 2.027996063232421875 nan nan nan nan nan nan nan nan nan nan nan nan nan nan nan nan 405.43719482421875 nan nan nan nan nan nan nan nan nan nan nan nan nan nan nan nan nan nan nan 568.7655029296875
nan nan nan nan nan nan nan nan nan 1.9536168575286865234 1.9536168575286865234 1.9536168575286865234 391.4305419921875 692.78173828125 690.828125 690.828125 391.504913330078125 2.027996063232421875 nan nan nan nan nan nan nan nan nan nan nan nan nan nan 405.43719482421875 405.43719482421875 405.43719482421875 nan nan nan nan nan nan nan nan nan nan nan nan nan nan nan nan nan 568.7655029296875 3316.289306640625
nan nan nan nan nan nan nan nan nan nan 1.9536168575286865234 1.9536168575286865234 301.276824951171875 688.8001708984375 690.828125 690.828125 301.3511962890625 nan nan nan nan nan nan nan nan nan nan nan nan nan nan 405.43719482421875 405.43719482421875 405.43719482421875 405.43719482421875 405.43719482421875 nan nan nan nan nan nan nan nan nan nan nan nan nan nan nan 568.7655029296875 3316.289306640625 6490.25390625
nan nan nan nan nan nan nan nan nan nan nan 1.9536168575286865234 nan 299.323211669921875 688.8001708984375 301.3511962890625 nan nan nan nan nan nan nan nan nan nan nan nan nan nan nan nan 405.43719482421875 405.43719482421875 405.43719482421875 nan nan nan nan nan nan nan nan nan nan nan nan nan nan nan nan 1212.538330078125 1781.3038330078125 3316.289306640625
nan nan nan nan nan nan nan nan nan nan nan nan nan nan 299.323211669921875 nan nan nan nan nan nan nan nan nan nan nan nan nan nan nan nan nan nan 405.43719482421875 456.914215087890625 nan nan nan nan nan nan nan nan nan nan nan nan nan nan nan nan nan 1212.538330078125 1781.3038330078125
nan nan nan nan nan nan nan nan nan nan nan nan nan nan nan nan nan nan nan nan nan nan nan nan nan nan nan nan nan nan nan nan nan 456.914215087890625 456.914215087890625 456.914215087890625 nan nan nan nan nan nan nan nan nan nan nan nan nan nan nan nan 766.27923583984375 1212.538330078125
nan nan nan nan nan nan nan nan nan nan nan nan nan nan nan nan nan nan nan nan nan nan nan nan nan nan nan nan nan nan nan nan 456.914215087890625 456.914215087890625 456.914215087890625 456.914215087890625 456.914215087890625 nan nan nan nan nan nan nan nan nan nan nan nan nan nan 766.27923583984375 766.27923583984375 766.27923583984375
nan nan nan nan nan nan nan nan nan nan nan nan nan nan nan nan nan nan nan nan nan nan nan nan nan nan nan nan nan nan nan nan nan 456.914215087890625 456.914215087890625 456.914215087890625 nan nan nan nan nan nan nan nan nan nan nan 1088.406005859375 191.552001953125 nan 766.27923583984375 766.27923583984375 766.27923583984375 777.68804931640625
nan nan nan nan nan nan nan nan nan nan nan nan nan nan nan nan nan nan nan nan nan nan nan nan nan nan nan nan nan nan nan nan nan nan 456.914215087890625 nan nan nan nan nan 395.19317626953125 218.5053253173828125 72.13986968994140625 nan nan nan 1088.406005859375 1376.0091552734375 1279.9580078125 191.552001953125 nan 766.27923583984375 777.68804931640625 2137.308349609375
nan nan nan nan nan nan nan nan nan nan nan nan nan nan nan nan nan nan nan nan nan nan nan nan nan nan nan nan nan nan nan nan nan nan nan nan nan nan nan 395.19317626953125 613.698486328125 685.83837890625 290.64520263671875 72.13986968994140625 nan 1088.406005859375 1376.0091552734375 1376.0091552734375 1376.0091552734375 1279.9580078125 191.552001953125 337.962066650390625 3426.705322265625 1139.6607666015625
nan nan nan nan nan nan nan nan nan nan nan nan nan nan nan nan nan nan nan nan nan nan nan nan nan nan nan nan nan nan nan nan nan nan nan nan nan nan 395.19317626953125 613.698486328125 685.83837890625 685.83837890625 685.83837890625 290.64520263671875 72.13986968994140625 96.05118560791015625 1184.4571533203125 1400.7208251953125 1376.0091552734375 287.603179931640625 337.962066650390625 3391.07177734375 3174.94873046875 2660.42626953125
nan nan nan nan nan nan nan nan nan nan nan nan nan nan nan nan nan nan nan nan nan nan nan nan nan nan nan nan nan nan nan nan nan nan nan nan nan nan nan 395.19317626953125 613.698486328125 685.83837890625 1767.64404296875 1280.8028564453125 nan nan 216.041839599609375 1253.6104736328125 312.314788818359375 337.962066650390625 3391.07177734375 3591.95556640625 3692.55810546875 3174.94873046875
nan nan nan nan nan nan nan nan nan nan nan nan nan nan nan nan nan nan nan nan nan nan nan nan nan nan nan nan nan nan nan nan nan nan nan nan 990.57354736328125 833.49725341796875 130.37664794921875 642.89111328125 1119.754638671875 2865.185302734375 4440.59765625 2813.43798828125 1208.6629638671875 1021.9298095703125 874.721923828125 260.48345947265625 69.15322113037109375 441.71844482421875 1154.759521484375 4248.0908203125 3692.55810546875 3354.595947265625
nan nan nan nan nan nan nan nan nan nan nan nan nan nan nan nan nan nan nan nan nan nan nan nan nan nan nan nan nan nan nan nan nan nan nan 1494.8472900390625 3703.790771484375 3401.38525390625 3366.1171875 4403.81787109375 4014.132568359375 6763.701171875 5665.9150390625 4496.23388671875 3990.73828125 4827.93017578125 3153.73486328125 1800.712646484375 640.5072021484375 243.34832763671875 3050.66748046875 1979.4609375 3910.12890625 301.486358642578125
nan nan nan nan nan nan nan nan nan nan nan nan nan nan nan nan nan nan nan nan nan nan nan nan nan nan nan nan nan nan nan nan nan nan 1494.8472900390625 4832.46044921875 8087.3486328125 9443.4248046875 11942.1357421875 8429.7744140625 7757.29541015625 6325.70556640625 6891.47705078125 6888.52099609375 8211.5478515625 6092.66357421875 8960.48046875 8021.3291015625 3453.310791015625 3009.13330078125 3023.587890625 3219.233642578125 1224.4920654296875 656.1353759765625
nan nan nan nan nan nan nan nan nan nan nan nan nan nan nan nan nan nan nan nan nan nan nan nan nan nan nan nan nan nan nan nan nan 504.273712158203125 3008.3896484375 8221.76953125 13218.8408203125 18085.005859375 14817.890625 10882.4921875 7966.9013671875 6984.02783203125 5278.91943359375 7241.10302734375 10205.1884765625 14041.6982421875 15841.830078125 15736.5341796875 9251.484375 4967.7275390625 6685.359375 3409.66259765625 2668.82861328125 169.951446533203125
nan nan nan nan nan nan nan nan nan nan nan nan nan nan nan nan nan nan nan nan nan nan nan nan nan nan nan nan nan nan nan nan nan 624.39599609375 3904.5380859375 8662.37890625 14672.130859375 16247.3271484375 14828.0341796875 10527.3583984375 6902.9345703125 2074.692626953125 3857.263916015625 6198.35009765625 17311.1640625 25526.3671875 24295.626953125 18422.2734375 12189.9658203125 10456.080078125 8437.0185546875 6809.27490234375 943.498291015625 66.89398193359375
nan nan nan nan nan nan nan nan nan nan nan nan nan nan nan nan nan nan nan nan nan nan nan nan nan nan nan nan nan nan nan nan nan 473.89862060546875 2216.339599609375 6086.865234375 9910.0546875 11360.833984375 9160.806640625 7429.32177734375 951.0933837890625 501.19952392578125 3524.90185546875 11532.0029296875 18919.67578125 30110.4453125 31636.0546875 23693.1015625 15433.8505859375 9155.580078125 7515.35205078125 5776.09423828125 3985.97900390625 452.968719482421875
nan nan nan nan nan nan nan nan nan nan nan nan nan nan nan nan nan nan nan nan nan nan nan nan nan nan nan nan nan nan nan nan nan nan 473.89862060546875 2216.339599609375 4958.19580078125 4630.0703125 4259.9072265625 951.0933837890625 nan 139.2937164306640625 3938.643798828125 11727.537109375 19910.77734375 26982.08984375 34461.10546875 26566.134765625 12916.552734375 7336.27734375 5540.6337890625 5284.17919921875 2099.86767578125 414.207489013671875
nan nan nan nan nan nan nan nan nan nan nan nan nan nan nan nan nan nan nan nan nan nan nan nan nan nan nan nan nan nan nan nan nan nan nan 473.89862060546875 1118.0450439453125 1064.2822265625 687.66717529296875 nan nan nan 243.96661376953125 6091.63916015625 17062.07421875 24750.818359375 27954.365234375 24341.373046875 12028.9814453125 4513.64990234375 4832.595703125 2032.9736328125 412.822021484375 1.3854699134826660156
nan nan nan nan nan nan nan nan nan nan nan nan nan nan nan nan nan nan nan nan nan nan nan nan nan nan nan nan nan nan nan nan nan nan nan nan nan nan nan nan nan nan nan 243.96661376953125 9068.1259765625 19613.732421875 22295.435546875 22013.77734375 11691.3466796875 2884.236572265625 1299.58544921875 347.313507080078125 nan nan
nan nan nan nan nan nan nan nan nan nan nan nan nan nan nan nan nan nan nan nan nan nan nan nan nan nan nan nan nan nan nan nan nan nan nan nan nan nan nan nan nan nan nan 301.543182373046875 7359.91796875 13678.849609375 17748.7890625 16819.419921875 10185.1884765625 2778.609619140625 nan nan nan nan
nan nan nan nan nan nan nan nan nan nan nan nan nan nan nan nan nan nan nan nan nan nan nan nan nan nan nan nan nan nan nan nan nan nan nan nan nan nan nan nan nan nan nan 4240.06689453125 12429.19140625 13378.740234375 13725.5830078125 11501.3056640625 4854.15966796875 1771.3624267578125 nan nan nan nan
nan nan nan nan nan nan nan nan nan nan nan nan nan nan nan nan nan nan nan nan nan nan nan nan nan nan nan nan nan nan nan nan nan nan nan nan nan nan nan nan nan nan 3256.3359375 11172.5693359375 18366.810546875 19586.603515625 13372.69140625 6874.8935546875 2095.05615234375 295.49462890625 nan nan nan nan
