ForecastVariables/BuildingFootprint_Total_500m/BuildingFootprintFocal_Random4.asc
ncols        529
nrows        344
xllcorner    2700.000000000000
yllcorner    15900.000000000000
cellsize     100.000000000000
NODATA_value  nan
[rows 48 to 71 of 344, columns 324 to 377 of 529]
nan nan nan nan nan nan nan nan nan nan nan nan nan nan nan nan nan nan nan nan nan nan nan nan nan nan nan nan nan nan nan nan nan nan nan nan nan nan nan nan nan nan nan nan nan nan nan nan nan nan nan nan nan nan
nan nan nan nan nan nan nan nan nan nan nan nan nan nan nan nan nan nan nan nan nan nan nan nan nan nan nan nan nan nan nan nan nan nan nan nan nan nan nan nan nan nan nan nan nan nan nan nan nan nan nan nan nan nan
nan nan nan nan nan nan nan nan nan nan nan nan nan nan nan nan nan nan nan nan nan nan nan nan nan nan nan nan nan nan nan nan nan nan nan nan nan nan nan nan nan nan nan nan nan nan nan nan nan nan nan nan nan nan
nan nan nan nan nan nan nan nan nan nan nan nan nan nan nan nan nan nan nan nan nan nan nan nan nan nan nan nan nan nan nan nan nan nan nan nan nan nan nan nan nan nan nan nan nan nan nan nan nan nan nan nan nan nan
nan nan nan nan nan nan nan nan nan nan nan nan nan nan nan nan nan nan nan nan nan nan nan nan nan nan nan nan nan nan nan nan nan nan nan 1.8967163562774658203 856.54412841796875 254.0963134765625 nan nan nan nan nan nan nan nan nan nan nan nan nan nan nan nan
nan nan nan nan nan nan nan nan nan nan nan 7570.19482421875 665.8236083984375 814.819091796875 1148.492919921875 3622.574462890625 1507.6002197265625 894.4073486328125 nan nan nan nan nan nan nan nan nan nan nan nan nan nan nan nan 185.878265380859375 2396.521728515625 2061.187744140625 2180.629150390625 254.0963134765625 nan nan nan 197.2427825927734375 nan nan nan nan nan nan nan nan nan nan nan
nan nan nan nan nan nan nan 663.79302978515625 2622.76025390625 2425.56298828125 11769.763671875 12699.6943359375 9904.0478515625 4054.70947265625 11237.490234375 8690.2470703125 9406.7734375 5366.5029296875 894.4073486328125 nan nan nan nan nan nan nan nan nan nan nan nan nan nan 185.878265380859375 2722.0810546875 6739.8837890625 4669.25732421875 3131.176513671875 2180.629150390625 254.0963134765625 nan 197.2427825927734375 197.2427825927734375 197.2427825927734375 nan nan nan nan nan nan nan nan nan nan
3788.455810546875 nan nan nan 255.86138916015625 1118.564208984375 1915.660888671875 3569.635986328125 6130.955078125 18889.962890625 22105.314453125 23601.107421875 20636.646484375 24499.33984375 17823.130859375 21503.9140625 17344.140625 13215.7958984375 7319.9931640625 894.4073486328125 nan nan nan nan nan nan nan nan nan nan nan nan 183.9815521240234375 1863.6402587890625 5958.4365234375 9255.6298828125 7896.11572265625 4667.36083984375 2272.735595703125 1069.9886474609375 197.2427825927734375 197.2427825927734375 197.2427825927734375 197.2427825927734375 197.2427825927734375 nan nan nan nan nan nan nan nan nan
11008.1884765625 3788.455810546875 nan 2676.884033203125 6309.13623046875 6532.4736328125 9189.3359375 8817.775390625 14484.9345703125 20368.92578125 35912.6640625 36663.05859375 39035.67578125 26748.728515625 28898.408203125 27940.4140625 25965.28515625 18349.75 14040.970703125 4917.9853515625 nan nan nan nan nan nan nan nan nan nan nan nan 141.5777587890625 3469.808349609375 6566.1650390625 7602.95556640625 9155.994140625 5315.6123046875 1069.9886474609375 nan nan 197.2427825927734375 197.2427825927734375 197.2427825927734375 nan nan nan nan nan nan nan nan nan nan
15282.384765625 7720.3955078125 6729.4814453125 9617.837890625 15066.873046875 16189.0927734375 13788.287109375 16631.412109375 17331.337890625 33050.87890625 39967.484375 46158.76953125 31187.68359375 32339.9296875 32695.4765625 31789.173828125 23955.533203125 25295.1484375 14949.0283203125 6799.8759765625 1953.4898681640625 nan nan nan nan nan nan nan nan nan nan nan 187.6154327392578125 1887.4688720703125 5114.3271484375 6468.42626953125 5737.41845703125 2714.50732421875 86.24315643310546875 nan nan nan 197.2427825927734375 nan nan 439.88604736328125 733.44561767578125 nan nan nan nan nan nan nan
20628.021484375 12698.48828125 14234.26953125 17990.779296875 21125.90625 25059.369140625 24033.619140625 18788.703125 33609.5625 34197.34375 42919.8359375 42270.69921875 36516.7421875 30602.150390625 32553.576171875 27051.458984375 30729.783203125 22661.169921875 18570.513671875 13715.3134765625 7634.55859375 nan nan nan nan nan nan nan nan nan nan nan nan 187.6154327392578125 1887.4688720703125 4788.767578125 1644.518798828125 86.24315643310546875 nan nan nan nan nan nan 439.88604736328125 1263.6209716796875 1354.6790771484375 733.44561767578125 nan nan nan nan nan nan
26632.095703125 18687.8359375 16664.6171875 20698.5625 25502.8671875 26330.234375 23564.828125 33517.62890625 35431.21875 39389.0546875 34734.265625 39800.33984375 39086.671875 32362.080078125 26851.56640625 30192.4375 25658.00390625 24298.015625 27480.94921875 19501.634765625 10063.7998046875 4647.59521484375 nan nan nan nan nan nan nan nan nan nan nan nan 187.6154327392578125 1558.275634765625 86.24315643310546875 nan nan nan nan nan nan 682.3160400390625 1963.5477294921875 1444.9683837890625 1444.9683837890625 1354.6790771484375 733.44561767578125 nan nan nan nan nan
35480.5 23188.0390625 20296.09765625 23663.48046875 20606.47265625 21980.193359375 30737.818359375 29387.03125 36585.73046875 41800.05859375 40120.734375 33328.87890625 26429.541015625 33559.83984375 29125.765625 28113.345703125 29868.490234375 32472.40234375 31003.578125 20893.94921875 19038.78125 11151.2099609375 7151.505859375 nan nan nan nan nan nan nan nan nan nan nan nan nan nan nan nan nan nan nan 242.42999267578125 1032.6461181640625 1653.8795166015625 2144.89501953125 1444.9683837890625 1005.08233642578125 181.3473663330078125 nan nan nan nan nan
33394.72265625 26485.6328125 24454.47265625 23188.525390625 25036.625 23388.05078125 29303.435546875 36750.87890625 40308.2734375 42593.01953125 36474.44140625 27477.521484375 30684.44921875 27719.736328125 34336.1171875 27814.341796875 29753.3828125 32818.12890625 27355.63671875 30647.5625 23762.9296875 16847.453125 6919.49169921875 4872.0947265625 nan nan nan nan nan nan nan nan nan nan nan nan nan nan nan nan nan 242.42999267578125 942.35675048828125 942.35675048828125 1032.6461181640625 1653.8795166015625 1705.009033203125 181.3473663330078125 nan nan nan nan nan nan
25303.6796875 31247.017578125 31989.66015625 24251.103515625 20618.53515625 25101.3359375 33780.30078125 45174.734375 46578.2421875 35086.44140625 30851.76953125 38075.8671875 33449.984375 29938.64453125 26676.20703125 29557.076171875 28934.634765625 32241.7734375 33995.22265625 29761.419921875 20509.865234375 16211.1435546875 18148.4296875 7158.845703125 3857.19873046875 nan nan nan nan nan nan nan nan nan nan nan nan nan nan nan nan nan 242.42999267578125 942.35675048828125 942.35675048828125 790.216064453125 181.3473663330078125 nan nan nan nan nan nan nan
21239.46875 25404.62109375 28143.26171875 21075.333984375 18104.251953125 21609.056640625 29732.52734375 37465.44140625 42474.5546875 39184.16015625 31240.609375 27277.267578125 37255.71875 29452.798828125 27300.986328125 25380.69921875 27705.91796875 29606.291015625 28308.65625 26156.697265625 24198.951171875 25351.9375 19864.24609375 13306.654296875 4745.08642578125 1353.287841796875 nan nan nan nan nan nan nan nan nan nan nan nan nan nan nan nan nan 242.42999267578125 699.9267578125 nan nan nan nan nan nan nan nan nan
20178.708984375 23495.427734375 22559.49609375 17620.634765625 14554.8330078125 18765.96484375 22329.1875 24535.5 28229.8828125 30798.396484375 37570.7890625 31988.58203125 26194.046875 33246.08984375 24898.869140625 25219.943359375 26413.54296875 29887.765625 33781.44140625 20616.2578125 31738.939453125 31048.25390625 25206.912109375 17072.818359375 11225.041015625 5098.99609375 nan nan nan nan nan nan nan nan nan nan nan nan nan nan nan nan nan nan nan nan nan nan nan nan nan nan nan nan
17219.98046875 25756.38671875 22541.10546875 20001.6796875 17018.33984375 10983.5078125 11647.0205078125 16641.658203125 18386.888671875 28370.056640625 31496.171875 37940.83203125 29171.138671875 26414.447265625 29500.548828125 29010.62890625 28639.73828125 32443.98046875 36776.84375 37001.60546875 29890.5078125 34290.1875 28890.998046875 22679.12890625 17011.212890625 6498.4306640625 3548.23681640625 nan nan nan nan nan nan nan nan nan nan nan nan nan nan nan nan nan nan nan nan nan nan nan nan nan nan nan
20141.943359375 24439.171875 26459.103515625 26572.716796875 20940.546875 12440.3837890625 8198.5634765625 6129.0439453125 23965.2890625 29155.279296875 27646.037109375 26874.87890625 32159.9609375 29822.296875 30766.384765625 29950.197265625 33588.9140625 33176.21484375 34786.125 38460.54296875 38456.2890625 30222.59765625 30118.037109375 24373.7109375 12313.1875 10622.8671875 6755.2607421875 4880.4931640625 nan nan nan nan nan nan nan nan nan nan nan nan nan nan nan nan nan nan nan nan nan nan nan nan nan nan
25772.376953125 21909.091796875 31664.23046875 30270.77734375 23115.083984375 16628.212890625 9816.0927734375 10750.185546875 10015.7421875 24817.45703125 35810.90625 26258.064453125 17820.765625 17937.20703125 32681.974609375 30071.130859375 32586.052734375 35707.8671875 29782.41796875 34851.55859375 31538.849609375 27054.568359375 25897.615234375 16442.86328125 17532.392578125 14321.09375 13024.96484375 6373.443359375 6265.09912109375 1534.7894287109375 nan nan nan nan nan nan nan nan nan nan nan nan nan nan nan nan nan nan nan nan nan nan nan nan
27915.384765625 32003.94921875 33975.84375 31732.26953125 24254.705078125 16439.7734375 12751.8828125 8364.509765625 13701.7255859375 22781.119140625 30745.98828125 23608.107421875 10364.4873046875 26152.697265625 30464.7421875 31897.822265625 25787.0234375 31284.642578125 35502.41796875 27712.5078125 22135.81640625 22949.279296875 19173.80859375 18056.986328125 20476.25 23194.369140625 14960.712890625 15433.197265625 14615.1357421875 12181.7216796875 1666.6025390625 nan nan nan nan nan nan nan nan nan nan nan nan nan nan nan nan nan nan nan nan nan nan nan
33606.0703125 36656.16015625 35890.0546875 31299.3984375 30976.337890625 26902.9765625 12436.5048828125 16692.599609375 23093.076171875 25729.337890625 22651.65234375 18672.849609375 27993.11328125 25873.21875 33132.32421875 33529.671875 31995.111328125 24207.443359375 30428.435546875 29929.64453125 26210.478515625 22011.458984375 15718.357421875 21247.85546875 25647.931640625 25121.7265625 26578.923828125 25317.900390625 23129.576171875 15467.8544921875 11622.4140625 1907.6201171875 539.75244140625 nan nan nan nan nan nan nan nan nan nan nan nan nan nan nan nan nan nan nan nan nan
39124.2265625 41476.53515625 30298.966796875 35303.34375 37669.0234375 35647.2109375 34186.16015625 27340.6875 27890.08984375 31324.888671875 26402.80078125 25590.7265625 24215.919921875 35991.171875 36841.6171875 35566.73046875 29142.51171875 32658.880859375 30375.943359375 29644.314453125 25655.1796875 23141.2109375 21600.46484375 23560.787109375 26252.759765625 25364.755859375 27738.78515625 27928.53125 27070.775390625 20794.095703125 12967.259765625 9320.130859375 1849.095703125 2981.3544921875 nan nan nan nan nan nan nan nan nan nan nan nan nan nan nan nan nan nan nan nan
40755.0546875 31254.142578125 38087.8046875 37058.6953125 35873.9609375 45008.734375 51499.59765625 47216.12890625 38434.4296875 30102.392578125 30181.98046875 23320.583984375 33629.98828125 39456.73828125 48751.83203125 35826.68359375 25496.85546875 28639.712890625 36292.76171875 31072.80078125 29360.857421875 24549.705078125 22615.45703125 25323.021484375 27890.884765625 29250.505859375 23032.490234375 23607.0703125 23254.275390625 21168.462890625 14707.169921875 8044.3388671875 13221.19140625 6714.90966796875 3338.1572265625 284.0963134765625 366.480224609375 5657.16259765625 nan nan nan nan nan nan nan nan nan nan nan nan nan nan nan nan
