ForecastVariables/BuildingFootprint_Total_500m/BuildingFootprintFocal_Random5.asc
ncols        529
nrows        344
xllcorner    2700.000000000000
yllcorner    15900.000000000000
cellsize     100.000000000000
NODATA_value  nan
[rows 216 to 239 of 344, columns 108 to 161 of 529]
nan nan nan 2775.180419921875 6387.6640625 5488.6015625 2208.01025390625 nan nan nan 1091.2774658203125 134.5992889404296875 nan nan nan 3295.720458984375 2717.822509765625 nan 329.2587890625 6643.7734375 7652.52880859375 7703.974609375 7703.974609375 6994.67431640625 1540.84423828125 6222.3466796875 9233.806640625 12817.55859375 9498.9296875 8530.6171875 4940.64208984375 7842.72802734375 12385.955078125 13547.8134765625 15097.1904296875 16508.4453125 19032.755859375 17227.095703125 13469.37109375 7185.619140625 4847.2822265625 450.2772216796875 nan nan nan nan nan nan nan nan nan nan nan nan
nan nan 2775.180419921875 6387.6640625 6893.0751953125 7515.3740234375 5489.05859375 2208.01025390625 nan nan nan nan nan nan nan nan nan nan nan 828.0439453125 7194.00439453125 7703.974609375 7374.7158203125 1574.8050537109375 582.4254150390625 1514.77978515625 6855.80908203125 8329.4794921875 6667.3916015625 2251.762451171875 4624.63916015625 3367.90966796875 3617.789306640625 8042.642578125 8033.20947265625 9519.642578125 12542.8115234375 15428.484375 9534.8583984375 8522.16015625 4255.43359375 1511.66796875 nan nan nan nan nan nan nan nan nan nan nan nan
nan nan 1404.473388671875 4685.06494140625 7515.3740234375 10721.2578125 4740.65087890625 505.86810302734375 nan nan nan nan nan nan nan nan nan nan nan nan 828.0439453125 6864.74560546875 1574.8050537109375 566.04974365234375 705.017822265625 2609.29052734375 7895.12353515625 10397.93359375 5205.3125 4105.763671875 2513.51708984375 3025.3681640625 2033.37890625 2884.043212890625 3675.08154296875 4543.494140625 6506.66748046875 7537.0078125 8405.80078125 4255.43359375 2115.40283203125 2115.40283203125 1511.66796875 nan nan nan nan nan nan nan nan nan nan nan
nan nan nan 2026.7724609375 8513.248046875 7946.07763671875 4333.59423828125 622.75616455078125 0.45712479948997497559 nan nan nan nan nan nan nan nan nan nan nan nan 1013.38916015625 566.04974365234375 705.017822265625 2139.581298828125 7116.0263671875 11536.12890625 11203.97265625 10043.7734375 6161.73876953125 3215.42529296875 2134.46728515625 2252.556640625 1651.8131103515625 1236.6502685546875 2445.38671875 2305.614013671875 1715.307373046875 2293.48876953125 2115.40283203125 2115.40283203125 1511.66796875 nan nan nan nan nan nan nan nan nan nan nan nan
nan nan nan 3205.427001953125 5232.19921875 4333.59423828125 3828.18310546875 3205.884033203125 nan nan nan 8.3472757339477539062 1434.2535400390625 71.60113525390625 3564.64111328125 nan nan nan nan nan nan nan 514.60406494140625 570.71258544921875 2566.0478515625 6405.826171875 9583.5830078125 10939.7119140625 9063.0263671875 4901.8388671875 1869.493408203125 2019.7523193359375 1024.5399169921875 232.8044281005859375 nan 1003.8458251953125 333.9180908203125 nan nan 603.73486328125 1511.66796875 nan nan nan nan nan nan nan nan nan nan nan nan nan
nan nan 6136.564453125 1906.539306640625 3205.427001953125 3827.72607421875 3205.884033203125 nan nan nan 8.3472757339477539062 1442.600830078125 2090.19384765625 5165.07275390625 4788.7998046875 3564.64111328125 nan nan nan nan nan nan nan 514.60406494140625 56.108509063720703125 2057.6767578125 6221.64501953125 7958.60546875 3956.6259765625 120.9479827880859375 730.238525390625 1024.5399169921875 nan nan nan nan nan nan nan nan nan nan nan nan nan nan nan nan nan nan nan nan nan nan
nan 7271.06396484375 11891.3837890625 8043.103515625 1906.539306640625 3205.427001953125 nan nan nan 8.3472757339477539062 1442.600830078125 2090.19384765625 5749.41162109375 6901.96923828125 6317.63037109375 4788.7998046875 3564.64111328125 nan nan nan nan 1750.9263916015625 3225.7158203125 2534.831298828125 2389.020263671875 56.108509063720703125 1811.1544189453125 2982.160400390625 6.2329759597778320312 nan nan nan nan nan nan nan nan nan nan nan nan nan nan nan nan nan nan nan nan nan nan nan nan nan
7271.06396484375 13385.205078125 15918.7734375 11891.3837890625 8043.103515625 1906.539306640625 nan nan nan nan 584.339111328125 2113.16943359375 3337.328125 6893.6220703125 5459.36865234375 4811.775390625 1152.5574951171875 nan nan nan 1810.76953125 12982.4765625 12900.1923828125 8324.2939453125 8718.732421875 2389.020263671875 nan 6.2329759597778320312 nan nan nan nan nan nan nan nan nan nan nan nan nan nan nan nan nan nan nan nan nan nan nan nan nan nan
5342.1015625 20895.06640625 16278.0947265625 15918.7734375 5754.8193359375 nan nan nan nan nan nan 584.339111328125 2104.822265625 1894.727294921875 4811.775390625 1152.5574951171875 nan nan nan 1810.76953125 16597.73828125 30298.416015625 24177.859375 19258.8203125 12119.1748046875 8718.732421875 2389.020263671875 4474.71923828125 3206.19189453125 nan nan nan nan nan nan nan nan nan nan nan nan nan nan nan nan nan nan nan nan nan nan nan nan nan
10910.22265625 14758.5029296875 20895.06640625 9007.03125 2892.8896484375 nan nan nan nan nan nan nan 575.9918212890625 974.5247802734375 8974.724609375 3053.74658203125 13.594110488891601562 nan 59.843173980712890625 11621.095703125 31252.056640625 36109.20703125 35928.83203125 26221.8125 14282.177734375 6358.62744140625 8269.599609375 7680.9111328125 7799.25341796875 3206.19189453125 nan nan nan nan nan nan nan nan nan nan nan nan nan nan nan nan nan nan nan nan nan nan nan nan
6882.83349609375 10910.22265625 13624.00390625 9416.4013671875 nan nan nan nan nan nan nan nan 879.9478759765625 8783.4267578125 15528.71484375 19788.087890625 9166.4453125 13.594110488891601562 3555.418212890625 16106.5751953125 28727.88671875 36876.3125 35251.16015625 22886.51171875 7066.71240234375 8269.599609375 7680.9111328125 7799.25341796875 7799.25341796875 7799.25341796875 3206.19189453125 nan nan nan nan nan nan nan nan nan nan nan nan nan nan nan nan nan nan nan nan nan nan nan
6523.51171875 6882.83349609375 9416.4013671875 nan nan nan nan nan nan nan nan 879.9478759765625 8783.4267578125 15610.025390625 24522.19921875 30780.513671875 27721.47265625 12258.7119140625 3172.3623046875 10621.578125 21022.748046875 29676.82421875 23504.291015625 5742.92578125 4747.60400390625 nan 4593.0615234375 7799.25341796875 7799.25341796875 3324.5341796875 118.3422393798828125 nan nan nan nan nan nan nan nan nan nan nan nan nan nan nan nan nan nan nan nan nan nan nan
nan 6523.51171875 nan nan nan nan nan nan nan nan nan 81.310943603515625 4734.11181640625 21454.857421875 30848.23046875 31816.158203125 27475.888671875 23953.41796875 9191.37109375 3214.825439453125 10677.634765625 17407.486328125 5624.2568359375 1008.78045654296875 nan nan nan 4593.0615234375 3324.5341796875 118.3422393798828125 nan nan nan nan nan nan nan nan nan nan nan nan nan nan nan nan nan nan nan nan nan nan nan nan
nan nan nan nan nan nan nan nan nan nan nan nan 81.310943603515625 4974.63330078125 22649.712890625 27462.294921875 24664.880859375 15752.7080078125 8942.140625 3092.2666015625 3214.825439453125 3963.4482421875 1008.78045654296875 nan nan nan nan nan 118.3422393798828125 nan nan nan nan nan nan nan nan nan nan nan nan nan nan nan nan nan nan nan nan nan nan nan nan nan
nan nan nan nan nan nan nan nan nan nan nan nan nan 81.310943603515625 4484.31591796875 15459.916015625 15752.7080078125 9413.08203125 7578.80029296875 4015.59228515625 nan 56.057155609130859375 nan nan nan nan nan nan nan nan nan nan nan nan nan nan nan nan nan nan nan nan nan nan nan nan nan nan nan nan nan nan nan nan
nan nan nan nan nan nan nan nan nan nan nan nan nan nan nan 711.46331787109375 6320.8154296875 7578.80029296875 4015.59228515625 nan nan nan nan nan nan nan nan nan nan nan nan nan nan nan nan nan nan nan nan nan nan nan nan nan nan nan nan nan nan nan nan nan nan nan
nan nan nan nan nan nan nan nan nan nan nan nan nan nan nan nan 470.94158935546875 4015.59228515625 nan nan nan nan nan nan nan nan nan nan nan nan nan nan nan nan nan nan nan nan nan nan nan nan nan nan nan nan nan nan nan nan nan nan nan nan
2024.8349609375 465.3009033203125 nan nan nan nan nan nan nan nan nan nan nan nan nan nan nan nan nan nan nan nan nan nan nan nan nan nan nan nan nan nan nan nan nan nan nan nan nan nan nan nan nan nan nan nan nan nan nan nan nan nan nan nan
2512.822265625 2744.720703125 841.462890625 nan nan nan nan 658.55694580078125 nan nan nan nan nan nan nan nan nan nan nan nan nan nan nan nan nan nan nan nan nan nan nan nan nan nan nan nan nan nan nan nan nan nan nan nan nan nan nan nan nan nan nan nan nan nan
2767.4072265625 1869.7254638671875 1847.0390625 841.462890625 nan nan 2194.145263671875 1208.02783203125 658.55694580078125 nan nan nan nan nan nan nan nan nan nan nan nan nan nan nan nan nan nan nan nan nan nan nan nan nan nan nan nan nan nan nan nan nan nan nan nan nan nan nan nan nan nan nan nan nan
1869.7254638671875 1938.3182373046875 1433.639404296875 1292.4775390625 376.1619873046875 2194.145263671875 2743.6162109375 2743.6162109375 1208.02783203125 658.55694580078125 nan nan nan nan nan nan nan nan nan nan nan nan nan nan nan nan nan nan nan nan nan nan nan nan nan nan nan nan nan nan nan nan nan nan nan nan nan nan nan nan nan nan nan nan
1907.8157958984375 1859.653076171875 3060.6669921875 1825.112548828125 2197.31884765625 2085.05908203125 2743.6162109375 2743.6162109375 2743.6162109375 549.470947265625 nan nan nan nan nan nan nan nan nan nan nan nan nan nan nan nan nan nan nan nan nan nan nan nan nan nan nan nan nan nan nan nan nan nan nan nan nan nan nan nan nan nan nan nan
3448.22509765625 3593.387451171875 3590.445068359375 2879.548583984375 1448.95068359375 2197.31884765625 2085.05908203125 2743.6162109375 549.470947265625 nan nan nan nan nan nan nan nan nan nan nan nan nan nan nan nan nan nan nan nan nan nan nan nan nan nan nan nan nan nan nan nan nan nan nan nan nan nan nan nan nan nan nan nan nan
4034.443603515625 4122.2626953125 3788.430908203125 3123.00390625 2450.677734375 449.62835693359375 1535.5882568359375 549.470947265625 nan nan nan nan nan nan nan nan nan nan nan nan nan nan nan nan nan nan nan nan nan nan nan nan nan nan nan nan nan nan nan nan nan nan nan nan nan nan nan nan nan nan nan nan nan nan
