ForecastVariables/BuildingFootprint_Total_500m/BuildingFootprintFocal_Random1.asc
ncols        529
nrows        344
xllcorner    2700.000000000000
yllcorner    15900.000000000000
cellsize     100.000000000000
NODATA_value  nan
[rows 72 to 95 of 344, columns 270 to 323 of 529]
nan nan nan nan nan 4357.4814453125 12325.322265625 24140.59375 25394.890625 24755.529296875 41186.4453125 51055.8671875 46201.69921875 29042.8671875 24456.548828125 28362.15625 23451.4140625 25237.232421875 30547.634765625 30187.640625 30359.9453125 27084.322265625 22417.8984375 18501.005859375 12822.2998046875 12518.404296875 5432.1796875 1134.5120849609375 nan nan nan nan nan nan nan 148.78070068359375 148.78070068359375 148.78070068359375 168.267974853515625 168.267974853515625 168.267974853515625 nan nan nan 5901.08984375 6626.34326171875 14896.9599609375 13197.6171875 16657.287109375 26627.818359375 34953.95703125 41560.984375 43442.6953125 40206.84375
nan nan nan nan nan 2992.45849609375 12774.470703125 30206.796875 30988.728515625 38567.75 44211.01171875 46931.47265625 49000.1171875 43260.9140625 38916.36328125 37426.953125 42259.87109375 31934.884765625 36566.859375 32247.70703125 22968.8046875 33956.484375 23887.41796875 12521.1337890625 12220.1552734375 9047.1103515625 2538.301025390625 193.069305419921875 nan nan nan nan nan nan 148.78070068359375 148.78070068359375 148.78070068359375 317.048675537109375 317.048675537109375 168.267974853515625 168.267974853515625 168.267974853515625 nan 8093.79541015625 13654.2490234375 19929.5234375 17375.90625 24148.4765625 23618.806640625 34106.15234375 35507.8515625 34128.55859375 41657.265625 39257.953125
nan nan nan nan 46.137653350830078125 2624.188232421875 20029.205078125 33095.4296875 43351.765625 44017.96875 36247.30078125 39081.41796875 54735.4140625 52048.70703125 44447.58984375 44486.3515625 49309.765625 47033.32421875 39468.77734375 37487.85546875 33868.171875 39369.1875 29802.759765625 20557.111328125 11377.49609375 6949.033203125 2067.197998046875 231.2098388671875 nan nan nan nan nan nan nan 148.78070068359375 148.78070068359375 148.78070068359375 168.267974853515625 168.267974853515625 168.267974853515625 nan 7494.107421875 12792.6982421875 19760.544921875 22386.234375 31722.978515625 26552.20703125 29903.626953125 26374.6796875 31893.056640625 31940.1796875 34073.6015625 28860.873046875
nan nan nan 46.137653350830078125 566.29730224609375 14979.59765625 30698.18359375 40483.43359375 43997.40234375 39013.89453125 38420.49609375 45680.03515625 41892.33984375 38347.0390625 44985.49609375 50497.2578125 47232.6015625 50122.3828125 38850.21875 40291.6328125 55944.70703125 46013.94921875 33952.8125 22427.23046875 14473.2548828125 5550.36669921875 2050.904296875 672.2598876953125 2684.15283203125 486.282623291015625 1808.0201416015625 2577.70361328125 3898.482666015625 1547.2999267578125 638.17755126953125 1045.714111328125 2257.94189453125 4076.68408203125 nan 168.267974853515625 nan 2192.70556640625 5843.6689453125 14491.24609375 18458.052734375 36415.8125 32304.833984375 32899.7890625 22833.626953125 26016.2578125 29020.978515625 32153.166015625 22941.634765625 22610.4921875
nan nan nan 261.181671142578125 4720.61962890625 16655.4296875 37617.44921875 49755.671875 46743.72265625 32919.953125 34444.9296875 30553.2109375 25880.38671875 26927.83203125 32639.0234375 32436.681640625 32214.978515625 32334.958984375 32269.95703125 37389.078125 39179.59765625 35598.31640625 34562.97265625 23848.51953125 9110.3232421875 8325.6455078125 3360.476318359375 5416.38720703125 4116.11376953125 6905.158203125 5714.71923828125 11099.0498046875 8762.8779296875 6859.328125 6705.2041015625 7838.38232421875 10961.3388671875 7231.22607421875 4076.68408203125 nan nan 844.64599609375 5246.689453125 12185.04296875 31796.47265625 28836.263671875 32955.2890625 25412.693359375 29399.044921875 24692.775390625 28183.92578125 25260.8203125 22606.849609375 22981.92578125
nan nan nan 174.190399169921875 4938.6962890625 16090.7421875 33130.5625 47273.4609375 34938.90625 28912.7890625 24697.642578125 21540.298828125 17399.7265625 22628.103515625 17560.443359375 24612.56640625 19617.82421875 15447.951171875 25079.177734375 21202.533203125 22524.240234375 27208.568359375 24928.345703125 13190.2919921875 11784.0712890625 10204.16015625 16778.69140625 9124.236328125 11610.1513671875 13959.064453125 17591.73046875 16799.919921875 15625.1982421875 15606.73046875 19422.96875 22347.41015625 17845.029296875 14619.8798828125 7231.22607421875 4076.68408203125 nan 1862.413818359375 5602.416015625 13711.2119140625 18333.8125 29730.697265625 30591.6953125 31444.611328125 21710.037109375 22787.8828125 19167.75 18638.916015625 21317.96484375 18638.51953125
nan nan nan nan 4352.70703125 13615.31640625 21097.224609375 29012.80078125 25740.26953125 21840.42578125 21110.9765625 23490.15234375 24074.669921875 15715.064453125 21226.43359375 26064.166015625 20994.62890625 21587.904296875 20997.443359375 18521.31640625 18019.3125 25369.279296875 18828.498046875 21880.443359375 18405.373046875 22590.705078125 21375.06640625 23695.05859375 17769.16015625 19879.93359375 22320.408203125 19684.375 22888.037109375 22598.400390625 23420.12109375 23836.146484375 28385.349609375 21955.5 11465.0048828125 2219.77099609375 nan nan 3497.22705078125 10225.9873046875 20247.5234375 25588.08984375 31762.28125 19720.0078125 17230.09765625 16869.10546875 13046.8349609375 11277.9453125 12774.8623046875 15979.9296875
nan nan nan nan 1156.9166259765625 6325.32177734375 13995.642578125 12180.599609375 12718.728515625 17014.455078125 25112.1640625 26989.21875 27105.48828125 22731.55078125 25166.623046875 25369.185546875 29819.328125 29901.7421875 23754.029296875 19378.998046875 26233.134765625 23610.755859375 26342.673828125 26703.751953125 27341.30859375 26111.384765625 28038.0390625 26516.46484375 29999.541015625 20186.568359375 23414.068359375 24244.78515625 20732.6484375 22552.568359375 23693.625 32935.1171875 31049.12109375 21774.28515625 9168.935546875 3787.55029296875 1174.3902587890625 1648.956787109375 6049.05810546875 15198.1337890625 21924.484375 28631.4375 25953.654296875 24194.5703125 19825.65625 12806.1162109375 12071.3642578125 8172.64892578125 12940.525390625 16834.31640625
nan nan nan nan nan 1156.9166259765625 6151.13134765625 5313.8017578125 6280.90185546875 13935.9521484375 26255.1328125 30841.34765625 28739.001953125 30566.859375 25958.421875 25491.654296875 29965.220703125 35418.6875 28509.775390625 34564.10546875 34209.921875 31620.87109375 30922.69140625 30447.59765625 29569.2265625 30133.478515625 25552.376953125 35835.59375 33125.6171875 28598.466796875 31740.109375 23599.833984375 25541.29296875 20898.181640625 31240.5078125 33166.84765625 33638.8515625 20119.638671875 11260.7783203125 4355.5927734375 2823.34716796875 7214.36962890625 13912.951171875 17207.580078125 28779.005859375 31870.232421875 27891.416015625 26769.662109375 20284.5078125 13874.9501953125 11019.1376953125 15698.3720703125 20855.75390625 23386.916015625
nan nan nan nan nan nan 1156.9166259765625 815.69793701171875 2866.725830078125 11751.427734375 23398.767578125 32254.26171875 26774.974609375 24681.02734375 32682.1171875 36455.17578125 33347.1953125 28481.56640625 41484.95703125 39532.3359375 34607.875 38344.3046875 36069.12109375 26903.181640625 24892.685546875 22996.91015625 35898.87109375 31595.171875 31510.1953125 41939.99609375 36200.1171875 34232.90625 20966.81640625 26125.84765625 29165.7265625 32789.6328125 27935.7421875 22350.615234375 9648.4736328125 2407.16064453125 3680.842529296875 10719.86328125 18497.310546875 28272.513671875 35183.76171875 37146.9609375 30993.95703125 24095.93359375 22219.1640625 21295.578125 18408.3125 19369.068359375 26644.69140625 30534.560546875
nan nan nan nan nan nan nan nan 1094.873291015625 4789.8818359375 25801.85546875 25123.693359375 27097.685546875 30709.189453125 32844.78125 39821.453125 36622.69921875 34185.51953125 43031.42578125 42965.0859375 37543.9453125 33766.1875 32073.39453125 24197.474609375 20470.736328125 27108.763671875 29076.7109375 34032.7265625 41954.703125 39302.15625 35480.21484375 32238.78125 32198.3671875 23662.21484375 26256.033203125 26132.8984375 26298.54296875 15266.033203125 5414.91796875 2608.201904296875 6390.65869140625 11501.619140625 20839.298828125 31752.935546875 38440.9453125 37270.5859375 33560.8515625 27225.544921875 26756.41015625 32878.9765625 22454.748046875 25261.462890625 26874.982421875 30832.21875
nan nan nan nan nan nan nan nan 166.4007415771484375 14177.9326171875 25363.615234375 23376.302734375 30508.0234375 33115.48046875 33902.91015625 33476.48046875 38266.2734375 44827.31640625 40981.078125 40257.4296875 36945.2890625 24385.21875 21068.0546875 25640.482421875 24509.08203125 24172.08203125 27958.822265625 29825.607421875 35604.36328125 35786.203125 33397.9453125 34459.0546875 25494.8515625 23134.724609375 17905.1640625 22226.25 18534.349609375 10236.3017578125 4684.38232421875 2698.540283203125 4469.57568359375 11941.3828125 18700.197265625 28325.9375 33409.078125 34768.19921875 30738.5546875 31074.4453125 36085.55859375 32561.923828125 32327.712890625 29343.72265625 29346.38671875 27646.25390625
nan nan nan nan nan nan nan nan 8019.419921875 14592.033203125 22336.6640625 30973.34375 29252.75 27450.6328125 38272.10546875 40300.734375 37195.4375 45026.125 37537.29296875 35604.11328125 38315.0234375 24074.595703125 18688.296875 29313.767578125 25011.75 23548.158203125 24370.314453125 29830.1328125 27765.625 33375.60546875 37121.82421875 29997.583984375 28908.65625 21931.58203125 20679.232421875 18139.115234375 13171.244140625 10213.765625 15165.568359375 10658.5927734375 9016.193359375 15191.4892578125 23318.087890625 23694.845703125 29267.18359375 32333.466796875 30629.72265625 33556.3359375 36506.671875 37136.7734375 39703.26953125 31902.58203125 28689.095703125 29840.400390625
1271.316162109375 212.687591552734375 1496.670654296875 1580.2921142578125 1832.501708984375 2066.2236328125 nan nan 6022.0830078125 15667.1396484375 23703.361328125 32818.34765625 26319.294921875 31159.755859375 41570.08203125 37931.56640625 33694.15625 45205.27734375 42429.98046875 32482.025390625 21813.330078125 21679.931640625 22883.4609375 26191.17578125 25733.650390625 23489.857421875 25587.23046875 26613.59375 31760.41015625 33958.65625 37812.98046875 32997.39453125 36522.93359375 25595.9140625 21208.640625 14785.0927734375 13209.55859375 20497.9375 22432.927734375 20112.564453125 23384.3125 29169.1015625 26218.1640625 28431.74609375 29964.21875 31086.75390625 31063.150390625 33487.125 36860.83984375 37177.2890625 37310.9609375 38269.6171875 32942.8125 28505.94140625
6083.435546875 3661.754150390625 5827.70556640625 8316.951171875 6383.3056640625 4826.42578125 7111.9521484375 2381.9169921875 1484.9632568359375 10737.61328125 21168.5234375 23228.75 25026.279296875 38596.06640625 36262.1015625 40620.55078125 44103.296875 37068.171875 35691.109375 29677.39453125 22431.28125 21367.544921875 24456.2421875 25301.064453125 30651.833984375 30880.611328125 24300.47265625 27696.95703125 36357.18359375 38342.03515625 40047.1796875 48958.3359375 34040.36328125 32418.515625 20229.447265625 15113.267578125 19935.23046875 23012.212890625 23771.82421875 29772.80859375 35672.49609375 34269.1640625 35688.30859375 33911.14453125 33323.67578125 31486.935546875 35086.18359375 36000.75 37925.203125 35054.5390625 34521.3125 51393.64453125 41327.078125 32748.52734375
18735.84375 13325.333984375 14266.25390625 15668.2431640625 14050.1884765625 12469.4208984375 17493.072265625 13064.515625 4331.69873046875 8823.953125 13111.650390625 10948.4541015625 28691.62890625 31933.55859375 43062.37890625 38756.625 39576.5625 39080.73046875 36989.57421875 28241.294921875 18419.41796875 21040.07421875 27333.365234375 33062.44140625 40568.5625 33474.30078125 25611.724609375 27703.01171875 35770.953125 38467.37109375 50420.46484375 47073.890625 41533.61328125 34613.27734375 26270.892578125 18873.2109375 17700.28515625 16608.193359375 22867.150390625 33106.18359375 34437.7109375 34962.58984375 40823.71875 37529.25390625 34432.828125 34820.2890625 37052.14453125 38519.1484375 37037.6171875 43950.39453125 47483.20703125 43089.55078125 45935.0546875 35698.546875
31062.474609375 28326.826171875 23179.513671875 18664.908203125 22712.4765625 24995.333984375 20428.28125 22834.95703125 20679.677734375 14912.8251953125 11346.251953125 15662.0419921875 21717.634765625 36119.43359375 41348.0625 40356.03125 33758.82421875 43147.859375 44758.34765625 28407.083984375 23822.203125 22842.23828125 30069.408203125 40665.91015625 40796.87109375 34842.91015625 28406.921875 28427.3046875 32823.87890625 46348.42578125 39430.73046875 46741.640625 45753.0078125 40815.203125 25156.705078125 18560.4375 11245.2666015625 12489.521484375 18975.232421875 18547.271484375 23478.666015625 35986.84765625 41001.68359375 37342.76953125 34054.9296875 32767.298828125 38460.83203125 38969.3359375 34796.58984375 40900.5546875 46432.53125 46274.73046875 41649.55859375 34651.625
38888.41015625 31356.53515625 24367.640625 22003.193359375 21962.931640625 24512.9296875 27295.7734375 34179.76171875 32734.3046875 22127.22265625 18688.734375 20475.017578125 30567.861328125 36996.9296875 40480 39260.04296875 40973.28515625 46167.4609375 39921.796875 39982.0078125 28942.650390625 33662.96875 27575.708984375 37002.42578125 34416.8671875 32562.068359375 31563.341796875 27259.162109375 28575.421875 36368.30859375 40876.20703125 40103.48828125 44534.51953125 31161.611328125 26201.69140625 17338.130859375 7215.43896484375 5526.23681640625 12626.697265625 8801.296875 17862.60546875 34556.8125 37725.57421875 36392.19140625 33695.6015625 34952.1640625 35693.2109375 38254.23046875 35025.21484375 30896.5234375 38273.8828125 44038.82421875 38525.703125 25359.57421875
38805.3046875 26779.5 24263.5625 23229.787109375 18684.7890625 22037.873046875 32440.41796875 38224.3828125 38017.2421875 33033.58984375 28303.484375 28172.849609375 31359.255859375 45610.59765625 42423.4375 34962.9453125 36037.37109375 45827.30859375 45427.609375 34545.78125 36271.79296875 27705.87109375 26216.296875 27683.97265625 26842.7578125 27028.423828125 22717.845703125 24979.90234375 29377.673828125 34614.83203125 36081.31640625 37967.7734375 32782.3046875 32029.705078125 27007.783203125 14465.955078125 6464.85595703125 14745.2744140625 6007.89794921875 9544.1357421875 14778.970703125 28201.486328125 39504.296875 40612.15625 33989.03125 34365.79296875 34746.77734375 32815.87890625 38507.17578125 33505.2421875 29929.2109375 38858.93359375 29073.568359375 26578.81640625
37702.78515625 26358.404296875 22003.986328125 19798.958984375 17581.14453125 18611.673828125 30433.69921875 35714.35546875 42672.6171875 43092.72265625 31674.5625 33221.47265625 42154.765625 42804.14453125 47003.39453125 35986.82421875 35905.921875 44346.0078125 42986.6640625 46390.15625 36225.29296875 32031.033203125 27391.923828125 29433.5234375 28309.34375 20228.12890625 23574.24609375 28133.462890625 32706.439453125 30174.8828125 34589.8046875 37764.69140625 34514.38671875 33207.18359375 24774.767578125 14993.0859375 19526.3828125 20097.685546875 16760.517578125 12098.080078125 25673.029296875 25528.37890625 40295.25 49210.30078125 40066.9140625 32720.90234375 34895.78515625 43684.8984375 33281.11328125 33580.80859375 31648.076171875 32491.607421875 32424.060546875 28888.16015625
33845.15625 27252.896484375 17121.861328125 10712.45703125 11224.158203125 14566.7890625 19705.115234375 32085.17578125 36995.8984375 39891.71875 34858.359375 38492.26953125 46273.59765625 47632.76953125 44591.3984375 41289.99609375 41722.8671875 44322.140625 46180.5234375 38223.8359375 44665.1015625 40872.7109375 39220.58984375 30674.544921875 30217.001953125 33326.078125 29551.380859375 30115.25390625 36908.9609375 33892.63671875 34464.8203125 37860.3125 39908.73046875 39304.7265625 26697.83203125 29607.294921875 26099.931640625 23900.416015625 24977.91796875 26968.578125 28955.62109375 38621.3515625 37634.7734375 41539.05859375 42612.109375 42132.46875 42841.015625 38745.78125 39552.07421875 31766.953125 35064.8671875 30712.125 28015.279296875 32765.947265625
36232.1328125 18623.9453125 10022.33203125 5868.40576171875 5362.966796875 4086.9697265625 11028.791015625 21192.27734375 27457.61328125 29974.96484375 32912.71875 41652.109375 45299.64453125 49633.21484375 46950.00390625 42148.69921875 42667.48046875 45103.91015625 44151.359375 42422.875 38519.51171875 49277.875 43581.140625 43196.8984375 45074.9453125 44223.29296875 41972.40234375 40748.96875 36489.42578125 38724.375 35241.671875 41394.1640625 43152.515625 36944.58203125 31780.7421875 26177.431640625 29642.498046875 32082.16796875 38705.8515625 24794.708984375 21111.0703125 41000.83984375 45320.32421875 30229.37890625 39049.734375 45121.3671875 43442.9375 38029.34765625 33265.9609375 35503.27734375 30651.517578125 30210.169921875 31609.654296875 32170.0859375
33635.7109375 19448.32421875 3597.28955078125 1138.655517578125 1435.2479248046875 621.85479736328125 669.87335205078125 9513.6875 15651.84765625 19581.87109375 25253.21875 38314.5078125 46302.09375 45534.75390625 43840.16015625 40682.29296875 38563.3984375 39771.87109375 39752.68359375 40512.3125 40851.44140625 39964.171875 47684.4140625 54640.734375 52858.03515625 53331.6015625 52769.65234375 50598.63671875 42738.91015625 38704.59765625 41867.203125 39360.0234375 36513.7734375 34193.75 30647.34375 29028.455078125 35686.31640625 47257.6953125 30562.283203125 32186.650390625 31332.6484375 31350.275390625 36999.109375 40232.84375 34365.31640625 33308.0546875 46221.9140625 39340.5859375 38935.73046875 28448.373046875 27366.67578125 30898.306640625 33707.35546875 30756.611328125
30699.21484375 16556.57421875 7024.0966796875 nan 778.64105224609375 3572.41845703125 2970.304931640625 159.2362213134765625 6043.61767578125 11305.4130859375 18954.3203125 31362.546875 42435.5234375 44705.41796875 37414.21875 35551.40625 35461.1171875 39979.33984375 36547.640625 37251.73828125 37528.08203125 42611.36328125 44011.8515625 52001.546875 57955.2734375 59442.4375 58277.9296875 55787.35546875 47974.2578125 46399.75390625 40552.5078125 32414.603515625 32002.98828125 25946.451171875 30562.763671875 36009.69921875 46057.5234375 48071.14453125 38431.02734375 38515.5234375 42862.51171875 32093.06640625 30064.5859375 32345.779296875 31412.69140625 38688.51953125 38719.94140625 40341.7734375 29859.365234375 34568.3046875 30114.46875 27079.41015625 34189.7734375 31352.63671875
