ForecastVariables/BuildingFootprint_Total_500m/BuildingFootprintFocal_Random2.asc
ncols        529
nrows        344
xllcorner    2700.000000000000
yllcorner    15900.000000000000
cellsize     100.000000000000
NODATA_value  nan
[rows 24 to 47 of 344, columns 162 to 215 of 529]
nan nan nan nan nan nan nan nan nan nan nan nan nan nan nan nan nan nan 682.09033203125 1851.220703125 2234.723388671875 1870.19921875 8128.64697265625 12122.478515625 13201.6904296875 6535.38037109375 877.1920166015625 nan nan 3697.39697265625 16759.1953125 26465.431640625 37719.10546875 34201.54296875 25452.52734375 28315.568359375 29231.376953125 28195.4921875 32067.37109375 39687.625 39464.84375 39185.65234375 34594.4375 27825.26171875 38794.10546875 26615.28125 43644.42578125 43012.609375 48629.12109375 39958.09765625 54323.89453125 51988.30078125 43033.67578125 39431.3125
nan nan nan nan nan nan nan nan nan nan nan nan nan nan nan nan nan 3139.750244140625 9514.54296875 9931.7109375 9043.2275390625 10603.396484375 14390.8515625 26323.763671875 17052.673828125 15280.349609375 8133.43359375 975.35540771484375 nan 5945.7626953125 9670.3125 23055.427734375 36522.9765625 32265.896484375 24253.490234375 22499.298828125 22672.6171875 24676.783203125 36635.296875 35872.22265625 37903.265625 34006.75 27681.70703125 29767.703125 31282.244140625 39576.18359375 20094.009765625 37768.16796875 27396.076171875 35215.0546875 39343.79296875 51052.62109375 50602.43359375 41507.4765625
nan nan nan nan nan nan nan nan nan nan nan nan nan nan nan nan 3139.750244140625 18595.119140625 26423.05078125 29347.845703125 23686.1484375 15848.587890625 25490.677734375 32028.66015625 32707.82421875 18427.650390625 11511.8759765625 6944.0166015625 2746.43603515625 6969.65625 12945.5966796875 18497.705078125 29178.62890625 22845.115234375 22830.173828125 23032.9296875 20844.1015625 28306.25390625 21738.373046875 28735.791015625 28646.6171875 30948.861328125 28413.390625 31059.833984375 38461.69140625 27194.203125 35824.26171875 20070.099609375 28405.03125 26685.318359375 38814.984375 47600.4140625 46624.73046875 37884.953125
nan nan nan nan nan nan nan nan nan nan nan nan nan nan nan 2781.410400390625 16709.310546875 30052.3828125 45529.5703125 53894.859375 44657.8671875 38609.71484375 31344.291015625 37258.99609375 35501.3046875 28805.69921875 18705.990234375 15702.3525390625 14703.6376953125 12675.0771484375 20399.947265625 20039.720703125 16475.5625 18894.66015625 21202.171875 21642.154296875 23207.765625 19290.890625 26250.013671875 23722.703125 24619.48828125 23166.146484375 33649.5078125 42972.99609375 39435.86328125 37967.68359375 34629.5546875 38538.91796875 30690.345703125 33865.36328125 43950.57421875 48520.66796875 44356.69921875 41052.12109375
nan nan nan nan nan nan nan nan nan nan nan nan nan nan nan 6299.1669921875 15976.095703125 32727.494140625 53946.078125 67743.9375 56723.73828125 40427.94140625 36057.20703125 31125.275390625 35411.375 28596.44921875 21816.072265625 19960.232421875 24467.36328125 27466.3203125 25042.216796875 23059.640625 15277.962890625 15035.6923828125 17617.92578125 21584.54296875 26156.517578125 24615.505859375 26648.990234375 32605.599609375 25592.7734375 28256.16015625 33294.61328125 38819.765625 46121.82421875 42968.578125 41335.81640625 34793.89453125 43471.09765625 48111.33984375 47695.35546875 43464.55078125 43338.80859375 41034.109375
nan nan nan nan nan nan nan nan nan nan nan nan nan nan nan 490.569854736328125 9118.8720703125 28130.177734375 49999.27734375 52619.203125 49617.1484375 38767.85546875 29205.25390625 34508.921875 23759.404296875 21713.6171875 23134.107421875 22486.9140625 31948.103515625 33842.11328125 31810.7265625 25444.642578125 17529.970703125 14428.421875 16957.83203125 20703.84375 29378.421875 37935.69921875 32906.37890625 30495.634765625 36448.3046875 34495.78515625 38416.94921875 40025.77734375 39379.38671875 43855.828125 37842.3828125 40853.9140625 44079.99609375 46736.4453125 42726.58984375 45347.28515625 40731.64453125 37877.453125
nan nan nan nan nan nan nan nan nan nan nan nan nan nan nan nan 1794.544677734375 14177.302734375 25018.03515625 34687.6953125 35351.55859375 25280.48828125 23616.9453125 25382.341796875 23449.296875 20553.224609375 20868.8125 25859.830078125 23859.595703125 40320.55078125 40052.0390625 27104.408203125 21589.47265625 19442.890625 18525.90625 26118.240234375 27717.951171875 32372.919921875 35730.453125 35318.76953125 36699.3828125 38637.09765625 38975.49609375 41228.76171875 42074.51953125 36908.39453125 38008.99609375 41853.17578125 40808.40625 38392.43359375 39395.71484375 39285.015625 37441.64453125 34207.8515625
nan nan nan nan nan nan nan nan nan nan nan nan nan nan nan nan nan 1794.544677734375 7387.5654296875 18582.61328125 16309.5087890625 16201.5458984375 18807.9375 22958.099609375 24458.654296875 21209.677734375 25454.830078125 24683.2421875 28371.501953125 33019.28125 35895.53125 34883.296875 33374.53125 29967.349609375 27562.408203125 29071.173828125 28589.759765625 23802.82421875 31577.25390625 37406.74609375 35850.625 37451.93359375 41015.28515625 39911.546875 42077.85546875 39334.1015625 37720.2890625 37878.3984375 34571.87109375 34293.1171875 37268.46875 35935.35546875 35794.55859375 35416.66015625
nan nan nan nan nan nan nan nan nan nan nan nan nan nan nan nan nan 0.0058904928155243396759 4093.20556640625 10704.853515625 8308.646484375 10320.263671875 17183.171875 24230.919921875 24918.970703125 30875.59375 26087.91015625 28329.75390625 27807.724609375 26844.990234375 37153.80078125 39041.8125 36272.71875 41722.921875 40194.47265625 34770.65234375 29841.00390625 30739.828125 28174.2734375 30315.330078125 36107.99609375 39430.59765625 39281.3046875 41192.5625 39884.55859375 40913.765625 35817.00390625 33820.01953125 32604.6796875 33814.1015625 35786.13671875 38031.55078125 37464.29296875 35247.9453125
nan nan nan nan nan nan nan nan nan nan nan nan nan nan nan nan 58.44980621337890625 8615.298828125 10073.8251953125 13303.69140625 16401.21875 14150.115234375 16609.638671875 21226.287109375 28233.93359375 29469.3359375 32806.80859375 28605.484375 28365.134765625 27696.28125 30849.58984375 35815.20703125 39761.9296875 43693.68359375 47982.98828125 37855.06640625 33302.73828125 30028.716796875 29966.15234375 32847.921875 35903.6015625 35858.23046875 37205.87890625 37349.09765625 35838.81640625 35252.546875 35874.76171875 31089.478515625 31119.8515625 31528.0234375 35318.4296875 37446.234375 37054.453125 41361.55078125
nan 357.9246826171875 4322.279296875 nan nan nan nan nan nan nan nan nan nan nan nan 154.7959136962890625 11873.2421875 23169.087890625 26145.482421875 22552.958984375 27100.10546875 18102.091796875 16064.12890625 25295.02734375 24744.923828125 30421.68359375 29195.755859375 31202.349609375 27049.107421875 29354.052734375 32216.462890625 31627.421875 37591.57421875 39249.92578125 34278.51953125 39276.01171875 30648.029296875 29124.0390625 33599.96484375 32695.3046875 31867.310546875 36094.40625 32784.32421875 32013.8515625 33375.80859375 33939.3359375 32051.294921875 30108.54296875 30245.275390625 28079.208984375 33043.1171875 37576.5859375 42353.421875 41470.30078125
10357.9248046875 7067.7705078125 5542.24853515625 4925.1796875 131.543182373046875 196.102691650390625 nan nan nan nan nan nan nan nan 232.8481597900390625 16808.43359375 32671.341796875 40549.765625 38259.76953125 37877.11328125 28776.36328125 23886.779296875 21365.71484375 19941.15234375 28125.607421875 26568.0703125 33184.3046875 30284.212890625 29989.94921875 31149.515625 30897.384765625 31441.275390625 30924.47265625 29412.41796875 36454.83203125 24035.78515625 32157.302734375 30436.06640625 28136.171875 32248.501953125 34926.8359375 31725.919921875 32352.708984375 28796.912109375 30409.0234375 30913.76171875 30175.09375 32119.568359375 31511.26171875 32718.423828125 33106.12109375 38079.328125 39381.4609375 36872.30078125
24116.525390625 20067.498046875 12650.412109375 8558.390625 11219.7119140625 7392.13232421875 3730.27880859375 216.202484130859375 nan nan nan nan nan 5220.22265625 13126.6884765625 33149.0390625 45379.4453125 45976.44921875 49206.81640625 41538.55078125 25333.630859375 27774.625 24110.75 22957.62109375 28131.115234375 34399.2734375 33153.796875 38353.62109375 34826.8828125 30114.3984375 30838.939453125 29143.4921875 23336.35546875 35038.76171875 35552.28125 31310.9296875 25463.69921875 31370.869140625 35719.15234375 40177.3984375 37377.6875 36895.63671875 36447.69140625 34550.71484375 26356.759765625 31710.19921875 37555.38671875 39728.41015625 39329.92578125 35406.79296875 39262.5234375 39601.7734375 44070.1484375 40161.27734375
29779.560546875 31836.8515625 32083.298828125 24746.984375 22057.947265625 23163.890625 16240.27734375 5694.5107421875 1927.8193359375 11.17577362060546875 nan nan 6646.85888671875 14345.0439453125 26412.01953125 32359.5 47791.43359375 57689.22265625 40445.09765625 36072.9921875 27077.10546875 24652.17578125 26769.4765625 28506.78515625 34620.16796875 35218.03125 36973.62109375 40240.9765625 35317.50390625 28325.29296875 22814.220703125 21565.412109375 30841.869140625 30735.61328125 34411.94140625 33414.43359375 32384.23046875 39748.87890625 46918.1640625 48431.17578125 44691.4609375 44621.046875 36889.046875 30704.66015625 31964.736328125 31948.00390625 34339.2734375 40753.765625 38902.30859375 41022.41796875 40729.42578125 40637.46484375 41454.71875 43682.3046875
33211.74609375 35348.1015625 38821.98828125 39644.3203125 44455.51953125 41796.9375 35324.91015625 22016.021484375 10256.5869140625 7188.04345703125 11.17577362060546875 6791.8310546875 12292.724609375 23733.962890625 22019.33984375 35222.63671875 48309.5625 58185.55859375 38867.609375 28271.611328125 33964.3828125 25446.080078125 27454.8046875 44641.1875 36825.98828125 38619.8984375 39441.3671875 34663.65625 31255.484375 25417.2890625 14485.2421875 17649.81640625 20081.048828125 28635.10546875 26248.8984375 32690.912109375 37130.015625 41021.74609375 47063.5 47015.73046875 57997.73828125 51255.20703125 38935.84765625 35356.88671875 31742.4609375 29094.14453125 31098.072265625 35266.70703125 41133.80078125 39942.41015625 39275.265625 41400.859375 40298.5546875 35895.1640625
33029.8125 26917.658203125 35729.48828125 49413.1015625 58809.171875 60996.4296875 47952.81640625 29856.91015625 20984.95703125 19765.087890625 8717.853515625 8721.166015625 20077.7109375 31291.728515625 35965.2265625 36144.05078125 41183.41796875 40936.109375 45415.11328125 34587.02734375 35094.6953125 33488.53125 39422.5859375 40143.5859375 43701.0859375 40496.19921875 37183.7265625 34936.43359375 29946.1328125 22792.701171875 21161.115234375 17661.703125 14069.5908203125 17129.60546875 27846.162109375 25696.693359375 24349.943359375 36528.85546875 44700.47265625 52169.76171875 45672.0390625 46464.5625 45060.01953125 38164.203125 30947.638671875 27192.779296875 31188.4296875 27291.291015625 32640.46875 34592.2421875 37432.9140625 38801.25 37013.828125 36721.37890625
21298.900390625 23784.87109375 32775.74609375 50079.765625 59429.57421875 60091.72265625 47770.33984375 36648.05078125 33439.37109375 23978.2578125 21234.8359375 20117.40625 28063.044921875 42096.90234375 34539.98828125 35127.65234375 29247.1171875 37004.29296875 43573.3828125 43241.609375 26311.89453125 36523.484375 35996.5625 39241.15625 46270.8359375 47084.22265625 35874.375 35562.421875 31646.39453125 27060.375 25728.060546875 22883.798828125 19522.658203125 16640.6875 24986.599609375 23565.70703125 31690.517578125 31561.59765625 43581.76953125 40040.55078125 41680.1328125 49485.30078125 47398.375 39360.09375 33766.84375 33858.76953125 29567.69921875 31193.798828125 30658.89453125 31855.892578125 34358.9921875 38360.70703125 36675.921875 39073.57421875
23759.1796875 24982.681640625 27733.671875 40427.1875 46411.61328125 42059.92578125 35208.14453125 33577.89453125 33125.375 32972.0546875 22302.18359375 29936.771484375 40993.078125 38876.8671875 39704.17578125 31582.0234375 35648.6328125 41370.82421875 36886.80078125 37404.16796875 32225.328125 21028.681640625 32306.224609375 36174.83203125 49977.33203125 43904.12890625 34447.75390625 33480.12890625 30763.353515625 31330.244140625 30759.375 26751.28125 27105.98046875 26658.640625 23526.96875 31780.193359375 34939.015625 41396.89453125 33221.6640625 37664.4453125 35702.37109375 39229.69921875 40691.515625 41057.59765625 43904.74609375 37784.60546875 28889.31640625 28847.875 36269.1640625 33167.125 36432.12890625 31465.966796875 37041.16796875 36775.875
26384.341796875 33137.01953125 29653.775390625 27543.416015625 31569.2421875 28187.58984375 21659.67578125 18371.869140625 31057.69921875 36334.73828125 28780.021484375 30604.431640625 34105.48046875 41704.9765625 40532.5703125 38708.125 42930.31640625 48509.1171875 34360.18359375 32962.19140625 30732.83203125 30077.55859375 21804.826171875 39111.53125 37132.0390625 35047.36328125 36872.69140625 31009.517578125 28888.46484375 28883.31640625 29449.09375 29996.326171875 23109.138671875 22420.123046875 29450.783203125 37032.31640625 39232.34375 32091.072265625 31407.9921875 29061.359375 30362.81640625 31211.548828125 38815.1171875 42194.11328125 40288.98828125 43375.1171875 37391.95703125 41000.8671875 36634.1328125 39791.2734375 36243.1796875 37438.00390625 38361.4453125 36333.796875
36176.20703125 30373.9140625 36865.06640625 28307.25 23377.8125 15494.3994140625 10727.8828125 17565.82421875 27119.865234375 37156.75 35410.41796875 29459.76171875 31243.673828125 44299.16015625 40515.43359375 41429.74609375 48060.7890625 45103.70703125 43478.359375 31541.546875 25834.642578125 19708.009765625 24518.439453125 29372.3671875 33384.98046875 36387.02734375 34100.50390625 32918.1875 29747.9765625 31269.689453125 29819.232421875 29074.87109375 23521.505859375 27559.09765625 30505.841796875 31357.2890625 31868.625 29363.197265625 26376.23828125 20991.51953125 22388.384765625 28016.103515625 36311.92578125 38538.54296875 37997.62109375 38358.62109375 47499.3515625 43993.671875 41564.375 42675.0625 45549.1875 40734.7109375 38466.48828125 32680.8515625
35006.5625 35807.17578125 36713.1875 31958.798828125 19107.56640625 11276.1728515625 6464.869140625 14175.560546875 24596.666015625 29824.77734375 28139.71875 26226.71875 28094.6953125 37724.3984375 33324.12109375 38791.8046875 41653.25 35669.5859375 29507.380859375 20304.404296875 12781.994140625 19133.48046875 21266.4375 25246.064453125 32551.48046875 38214.109375 35694.61328125 31327.962890625 32246.63671875 30530.568359375 32660.69921875 33490.7734375 29471.859375 27435.666015625 29459.33203125 39977.6953125 31523.138671875 30878.54296875 26557.845703125 22737.994140625 25082.021484375 32063.826171875 29800.025390625 39246.9140625 40731.890625 42470.90625 45217.140625 42910.3515625 48818.8046875 49159.08984375 42312.75390625 40860.390625 36845.5546875 28853.41796875
35460.67578125 36380.453125 29571.080078125 22485.630859375 19559.845703125 12503.408203125 2231.396240234375 5256.45458984375 14511.4453125 17958.724609375 14615.1865234375 16798.326171875 30574.8125 33489.3203125 33619.01953125 32255.599609375 24261.767578125 28656.236328125 14575.5107421875 6786.3154296875 9580.193359375 13518.6201171875 19977.576171875 27777.7421875 34235.58203125 37829.80078125 33390.12890625 37815.75 34678.02734375 35925.31640625 32738.955078125 32002.384765625 37377.42578125 31971.923828125 44016.234375 40073.71875 40156.7890625 38775.6875 38396.21875 26775.2890625 22973.28515625 32447.2421875 35781.59765625 33596.84765625 37570.50390625 38815.6640625 41000.8359375 44007.48828125 52827.2890625 44978.6328125 35262.390625 35456.6015625 29620.7734375 23257.232421875
25415.626953125 36372.78125 23937.9296875 30236.68359375 19530.025390625 16306.0185546875 7866.8408203125 863.305908203125 4847.02880859375 7406.63818359375 4745.1181640625 20924.91015625 29883.564453125 33439.5234375 33363.484375 27086.310546875 25163.89453125 15800.0068359375 7094.8984375 4595.53515625 6396.63525390625 9398.4580078125 16618.892578125 26638.310546875 35559.68359375 36098.8984375 39493.08203125 36219.8984375 35912.25390625 34247.30859375 37286.0078125 39502.46484375 33049.5 42946.00390625 40082.203125 44164.3515625 53249.765625 48357.21484375 34132.95703125 30672.8046875 30225.89453125 31426.392578125 34973.5703125 30953.83984375 26885.533203125 35539.72265625 41811.79296875 51335.5234375 43756.1015625 40089.3203125 35986.80078125 23467.162109375 18533.072265625 12569.076171875
32520.451171875 30189.818359375 32991.76171875 28933.041015625 29253.962890625 22277.517578125 8009.35302734375 3516.291015625 461.501708984375 343.506378173828125 1009.14923095703125 11571.7060546875 21802.04296875 31496.01953125 26557.107421875 18905.828125 11842.697265625 7308.6064453125 7030.8974609375 5050.58642578125 1283.5133056640625 7560.08447265625 15291.140625 25644.162109375 34897.046875 39548.6875 41444.3671875 46014.5234375 39755.51953125 38131.9375 38501.22265625 37098.82421875 38486.25 33749.28515625 39784.56640625 44518.65625 48142.37890625 38654.23828125 30291.4453125 33171.76171875 32110.33984375 31056.72265625 35499.51171875 27309.037109375 27856.4453125 28934.01171875 42671.19921875 45683.8671875 41504.671875 33601.4296875 24608.373046875 17566.189453125 10181.3359375 8320.03515625
