ForecastVariables/BuildingFootprint_Total_500m/BuildingFootprintFocal_Random4.asc
ncols        529
nrows        344
xllcorner    2700.000000000000
yllcorner    15900.000000000000
cellsize     100.000000000000
NODATA_value  nan
[rows 120 to 143 of 344, columns 324 to 377 of 529]
48011.06640625 42504.06640625 33977.33984375 33538.984375 36050.1875 46365.14453125 40022.92578125 22543.552734375 12845.5810546875 11688.431640625 5820.68505859375 3330.699462890625 nan nan nan nan nan nan nan nan nan nan nan nan nan nan nan nan nan nan 3396.796875 7789.5625 13154.26171875 23180.94140625 20339.345703125 36336.03515625 48463.12109375 44236.203125 47184.6640625 26040.494140625 34872.015625 39760.38671875 44898.1875 45626.47265625 46059.703125 40959.58984375 37188.26171875 25083.974609375 25913.78515625 23975.970703125 17189.3515625 14537.138671875 12931.5224609375 12335.185546875
51687.953125 46728.6015625 43235.69921875 38858.7890625 37144.3671875 41600.08984375 32308.373046875 16801.123046875 9517.09765625 460.855621337890625 nan nan nan nan nan nan nan nan nan nan nan nan nan nan nan nan nan nan nan nan 3063.59130859375 18026.76171875 20049.310546875 22105.802734375 32579.685546875 43757.19921875 50938.4140625 54307.44140625 48889.78515625 38563.3671875 26647.271484375 34366.02734375 37334.66015625 42695.08984375 43650.49609375 36372.1015625 33176.33984375 30429.65625 22922.072265625 21554.5078125 11766.7451171875 8539.775390625 4638.0556640625 1801.82568359375
46391.76953125 52776.046875 43425.1875 42704.3515625 39071.57421875 33821.0859375 23303.63671875 14547.1865234375 3345.330322265625 164.9966278076171875 nan nan nan nan nan nan nan nan nan nan nan nan nan nan nan nan nan nan nan 1447.3533935546875 12572.322265625 20767.109375 30894.505859375 29330.1015625 37784.41796875 46452.1796875 48783.33984375 51794.56640625 43223.421875 32188.251953125 31878.810546875 29548.556640625 33642.87109375 40052.12890625 39107.23828125 35868.91015625 38453.24609375 31266.109375 30620.75 17717.64453125 13020.728515625 5629.78759765625 2498.35205078125 7957.01708984375
42490.87109375 45430.23828125 49342.61328125 41856.36328125 40360.3046875 28110.1796875 19552.345703125 7905.1640625 1476.784912109375 nan nan nan nan nan nan nan nan nan nan nan nan nan nan nan nan nan nan nan nan 10387.7626953125 17972.65234375 28909.8203125 35627.95703125 37613.16796875 38660.2578125 42600.08203125 43737.03125 42614.734375 33641.04296875 26782.986328125 27848.3984375 32877.89453125 39379.5078125 32284.08984375 37111.11328125 43796.29296875 35020.06640625 38975.625 28614.6484375 24055.884765625 11544.9892578125 5442.59033203125 11121.451171875 14855.4658203125
42177.46484375 39140.09375 41828.11328125 43332.2890625 31931.662109375 27125.6875 13079.1748046875 4066.496337890625 2.8145501613616943359 nan nan nan nan nan nan nan nan nan nan nan nan nan nan nan nan nan nan nan 387.7623291015625 2400.14990234375 22042.015625 29008.421875 38343.46484375 32480.505859375 35971.09765625 36792.671875 40555.0390625 27706.34765625 30242.59375 24247.091796875 26469.67578125 38654.40234375 35204.94140625 34435.12109375 35590.89453125 36874.5234375 41772.14453125 33796.02734375 33238.34375 21309.638671875 17868.67578125 11599.8291015625 18331.970703125 22993.484375
40680.21484375 31559.29296875 31388.880859375 30396.09765625 27287.8046875 19525.689453125 10229.13671875 2.8145501613616943359 nan nan nan nan nan nan nan nan nan nan nan nan nan nan nan nan nan nan nan nan 816.9884033203125 10064.693359375 14282.951171875 31812.775390625 22852.833984375 31730.76953125 35029.6875 30928.962890625 32618.29296875 29927.029296875 22759.400390625 23783.603515625 30340.576171875 29185.564453125 33543.83203125 31192.283203125 30942.900390625 35209.96484375 33315.015625 33445.66796875 31611.09765625 30084.8984375 25368.6875 25538.75390625 27498.9921875 33167.1015625
29717.958984375 25248.73828125 21785.298828125 19736.576171875 13945.583984375 10752.556640625 3966.846435546875 2380.84619140625 nan nan nan nan nan nan nan nan nan nan nan nan nan nan nan nan nan nan nan nan 4606.08447265625 11989.2412109375 22642.162109375 24157.294921875 29634.36328125 24337.53125 32169.23828125 31807.828125 26219.28515625 29006.626953125 27934.04296875 26972.978515625 26135.611328125 28458.6484375 29748.322265625 30161.533203125 29630.14453125 28877.1640625 28936.375 31881.525390625 38524.76171875 38322.80859375 44683.9453125 36796.84765625 38568.6953125 39209.3984375
29479.677734375 24088.849609375 18864.771484375 8980.2373046875 8358.1171875 3964.03173828125 2380.84619140625 662.5941162109375 662.5941162109375 nan nan nan nan nan nan nan nan nan nan nan nan nan nan nan nan nan nan 2817.0947265625 8090.21142578125 13279.7607421875 18817.701171875 39536.64453125 31777.66015625 27880.5234375 22507.771484375 28805.94921875 28365.154296875 24688.162109375 30744.986328125 27663.482421875 29859.181640625 31751.59375 32431.509765625 27237.751953125 25613.87890625 24624.173828125 29435.00390625 31453.64453125 33624.31640625 46444.0859375 46750.33984375 54098.140625 39365.25 36986.5
37309.77734375 31839.291015625 20091.345703125 11833.5234375 4935.4619140625 2380.84619140625 662.5941162109375 662.5941162109375 nan nan nan nan nan nan nan nan nan nan nan nan nan nan 38.144939422607421875 nan nan nan nan 2061.361328125 6203.7060546875 12731.306640625 28715.513671875 28595.1328125 31336.8203125 27302.78515625 23906.76171875 21027.9140625 24932.599609375 26159.109375 30249.763671875 33219.38671875 36191.78515625 35641.39453125 35077.02734375 32469.763671875 28129.748046875 25379.828125 25651.193359375 36270.02734375 51169.984375 46635.5625 49368.4609375 39664.671875 46741.61328125 33822.421875
44163.4765625 38866.63671875 26567.017578125 15170.8017578125 5601.96533203125 nan 662.5941162109375 nan nan nan nan nan nan nan nan nan nan nan nan nan nan 38.144939422607421875 144.1273040771484375 38.144939422607421875 nan nan nan nan 2061.361328125 14076.9560546875 18744.029296875 20567.12890625 23506.263671875 24423.96875 20662.759765625 13579.1318359375 19442.33203125 26181.337890625 31937.046875 34349.44140625 33486.9765625 36237.12109375 37237.28515625 35718.53125 30623.263671875 28780.1171875 33907.03125 47975.5078125 55236.70703125 56078.34765625 48230.234375 43759.99609375 38283.1015625 45265.8046875
47949.18359375 42853.96484375 34109.8125 15468.4365234375 1569.52099609375 nan nan nan nan nan nan nan nan nan nan nan nan nan nan nan 38.144939422607421875 144.1273040771484375 144.1273040771484375 144.1273040771484375 38.144939422607421875 nan nan nan nan 2061.361328125 9198.5 14862.3125 17051.474609375 12296.548828125 16187.2685546875 21071.916015625 13884.3427734375 24867.2734375 32923.97265625 32779.72265625 32854.49609375 37685.203125 38844.74609375 34377.01171875 35740.52734375 37096.58203125 45769.88671875 55902.6875 61438.53515625 54686.46875 56442.38671875 44670.40625 52351.4140625 41150.33984375
48868.203125 39252.6796875 27594.8125 10411.2529296875 2475.044677734375 nan nan nan nan nan nan nan nan nan nan nan nan nan nan nan 105.98236083984375 144.1273040771484375 144.1273040771484375 144.1273040771484375 105.98236083984375 nan nan nan nan nan nan 8301.294921875 8004.7041015625 13586.5146484375 20031.25390625 20697.1015625 22979.03515625 25269.603515625 26626.37890625 30535.826171875 33554.9453125 37668.12890625 36653.7421875 40546.8046875 38786.65625 33917.109375 44854.3671875 54073.8984375 55168.78125 53765.203125 40591.34375 46009.89453125 40652.52734375 43277.80859375
41499.8984375 30480.529296875 13465.42578125 2476.055908203125 nan nan nan nan nan nan nan nan nan nan nan nan nan nan nan nan nan 105.98236083984375 144.1273040771484375 105.98236083984375 nan nan nan nan nan nan nan 1463.517578125 8739.4814453125 20168.998046875 22846.26171875 22877.8671875 29208.119140625 28487.3046875 27264.349609375 29148.744140625 34111.24609375 32511.625 40825.3046875 40982.89453125 37391.08984375 29395.75 33729.125 41528.7890625 43012.4921875 31813.1171875 31748.052734375 34343.671875 43035.484375 34204.31640625
27545.701171875 19235.90625 4937.2900390625 nan nan nan nan nan nan nan nan nan nan nan nan nan nan nan nan nan nan nan 105.98236083984375 nan nan nan 408.957427978515625 nan nan nan 121.57480621337890625 5730.45263671875 10916.791015625 18025.857421875 25715.517578125 29524.95703125 29968.58984375 27161.322265625 29096.365234375 34628.9375 34547.6640625 36457.95703125 37709.5625 38095.70703125 32067.5703125 34558.8359375 26645.892578125 30814.146484375 29110.009765625 24516.142578125 26355.150390625 33263.61328125 35753.3125 32982.66015625
17236.1796875 9831.63671875 3001.41943359375 nan nan nan nan nan nan nan nan nan nan nan nan nan nan nan nan nan nan nan nan nan nan 408.957427978515625 696.7789306640625 408.957427978515625 nan nan 3096.3154296875 5475.2744140625 11743.9375 18974.802734375 26381.0546875 30094.4765625 26001.216796875 28814.328125 35865.1171875 32888.3515625 34033.5078125 39908.2734375 41243.61328125 34660.18359375 32695.58203125 31078.4140625 28844.224609375 29425.810546875 26885.1171875 21350.33203125 30741.65234375 32375.607421875 32925.40234375 30862.025390625
19963.45703125 3612.809326171875 nan nan nan nan nan nan nan nan nan nan nan nan nan nan nan nan nan nan nan nan nan nan 408.957427978515625 696.7789306640625 696.7789306640625 696.7789306640625 408.957427978515625 1051.631103515625 2660.82763671875 6966.97119140625 10800.322265625 18038.939453125 21351.119140625 28887.193359375 28094.240234375 33477.75390625 31131.693359375 31591.208984375 35267.953125 40063.98046875 35776.12890625 38496.08203125 35616.1015625 30157.841796875 30036.48828125 33225.125 29823.67578125 25477.771484375 25557.63671875 30610.443359375 30918.970703125 27997.34765625
22183.443359375 13973.5654296875 611.38983154296875 nan nan nan nan nan nan nan nan nan nan nan nan nan nan nan nan nan nan nan nan nan 287.821502685546875 696.7789306640625 696.7789306640625 696.7789306640625 287.821502685546875 160.6551361083984375 2020.9581298828125 5208.86181640625 11096.333984375 13440.5400390625 18860.029296875 23386.638671875 34454.8125 36263.1328125 31313.283203125 27621.060546875 34798.62109375 33380.64453125 36046.4140625 35041.6640625 36435.53515625 31859.73046875 33374.83984375 32668.33203125 30627.533203125 33691.6875 22882.5 26971.1796875 28261.275390625 25939.818359375
27583.962890625 16595.5703125 9802.533203125 611.38983154296875 nan nan nan nan nan nan nan nan nan nan nan nan nan nan nan nan nan nan nan nan nan 287.821502685546875 696.7789306640625 287.821502685546875 nan nan 160.6551361083984375 2351.593505859375 4487.86572265625 10031.55078125 17028.53515625 24066.677734375 29448.96484375 33744.4921875 37563.98046875 38725.62109375 29558.884765625 32329.220703125 33778.515625 32191.9296875 30601.708984375 31602.07421875 32479.525390625 29942.25390625 34982.54296875 31863.453125 30360.08203125 21281.3125 28414.90625 23677.48828125
38685.48046875 25120.251953125 10074.9931640625 4328.53515625 nan nan nan nan nan nan nan nan nan nan nan nan nan nan nan nan nan nan nan nan nan nan 287.821502685546875 nan nan nan nan 160.6551361083984375 1139.3072509765625 2555.348388671875 7300.58349609375 15875.3056640625 26148.318359375 30744.361328125 36628.22265625 37137.578125 36608.21875 34428.48046875 31738.2421875 28503.279296875 25695.951171875 28562.64453125 33466.57421875 35475.0859375 34221.3203125 38127.90625 32692.96484375 30286.564453125 22620.830078125 26474.7109375
46499.4921875 30050.63671875 10836.1044921875 3076.361572265625 nan nan nan nan nan nan nan nan nan nan nan nan nan nan nan nan 2835.239013671875 nan nan nan nan 1040.8802490234375 nan nan nan nan nan nan nan 330.6353759765625 485.350860595703125 5156.54443359375 12631.591796875 25101.345703125 30945.6171875 41937.55859375 42534.3984375 33792.3515625 26136.1640625 31773.5859375 27550.310546875 26004.947265625 29957.888671875 35932.63671875 36670.87109375 35302.3203125 48094.62890625 33114.8125 25990.3046875 21048.236328125
34949.78125 27318.328125 12401.8173828125 1564.1165771484375 nan nan nan nan nan nan nan nan nan nan 28.678432464599609375 2931.240234375 784.705322265625 2410.227294921875 1247.3968505859375 3731.4248046875 7636.5732421875 2835.239013671875 nan nan 1040.8802490234375 1119.988037109375 1040.8802490234375 nan nan nan nan nan nan nan nan 485.350860595703125 2208.66259765625 12960.6845703125 27452.37890625 35123.75390625 41971.578125 35337.7109375 31216.796875 32756.134765625 33419.33984375 28369.05078125 28578.46875 34582.3125 40565.59765625 43603.47265625 43428.4140625 49922.984375 33851.046875 23975.8515625
27398.55078125 21011.611328125 14193.2314453125 6546.6982421875 nan nan nan nan nan nan nan nan nan 469.80303955078125 6708.2041015625 7214.3193359375 13094.65234375 11353.9541015625 7904.46435546875 13022.7197265625 8584.9921875 8501.3740234375 2835.239013671875 1040.8802490234375 1231.7218017578125 1119.988037109375 1119.988037109375 1040.8802490234375 nan nan nan nan nan nan nan 53.4636993408203125 589.31817626953125 7007.92529296875 19731.453125 28553.185546875 30529.39453125 36054.31640625 35385.703125 28636.47265625 32036.623046875 37356.34765625 30916.041015625 27799.3125 35317.53125 49917.625 56058.7109375 51571.375 46453.5546875 26222.611328125
21043.23828125 18993.732421875 11883.6044921875 3322.506103515625 nan nan nan nan nan 394.936248779296875 nan nan 469.80303955078125 9385.0263671875 14869.9208984375 28168.904296875 26181.158203125 22984.892578125 21761.642578125 20922.646484375 20469.75390625 10678.7412109375 8951.6904296875 2864.0556640625 1231.7218017578125 1231.7218017578125 1119.988037109375 79.10784912109375 nan nan nan nan nan nan nan nan 53.4636993408203125 728.39794921875 8820.4619140625 16853.51171875 19725.806640625 18435.2421875 21265.16796875 27288.119140625 29163.765625 27025.107421875 26048.265625 28152.115234375 31397.03125 51922.87109375 58539.5234375 61112.2109375 48383.5859375 29131.39453125
15540.005859375 17267.126953125 6237.52490234375 463.67755126953125 nan 3865.239501953125 2439.59423828125 2362.406494140625 7606.4892578125 394.936248779296875 394.936248779296875 441.124603271484375 6425.10791015625 13389.673828125 34321.59375 42202.1015625 39053.30078125 32865.07421875 30153.310546875 32386.560546875 26520.02734375 21093.404296875 9399.4755859375 9478.3974609375 3413.532470703125 1231.7218017578125 190.841583251953125 nan nan nan nan nan nan nan nan nan nan 53.4636993408203125 674.93426513671875 7106.40869140625 7665.3076171875 5505.6220703125 10378.5556640625 23493.369140625 24074.228515625 19045.658203125 28824.80859375 33443.1484375 37665.15234375 50599.0078125 65578.90625 63669.828125 52892.13671875 29398.375
