ForecastVariables/BuildingFootprint_Total_500m/BuildingFootprintFocal_Random3.asc
ncols        529
nrows        344
xllcorner    2700.000000000000
yllcorner    15900.000000000000
cellsize     100.000000000000
NODATA_value  nan
[rows 168 to 191 of 344, columns 378 to 431 of 529]
28763.083984375 25688.9140625 27254.359375 36381.28515625 42032.1640625 40302.79296875 37808.078125 31004.896484375 20614.044921875 13166.552734375 7935.791015625 2986.227783203125 1791.8704833984375 225.4874267578125 141.9585723876953125 141.9585723876953125 141.9585723876953125 nan nan nan nan nan nan nan nan nan nan nan 551.09576416015625 8126.7490234375 14485.6103515625 14983.205078125 13067.6826171875 9456.427734375 3813.659912109375 1599.1373291015625 11278.7763671875 14320.306640625 13395.94140625 10422.0478515625 14762.150390625 20431.9296875 13159.34765625 5696.603515625 nan nan nan nan 222.0009613037109375 2714.912353515625 1043.2852783203125 1495.3199462890625 7994.578125 15639.546875
24929.5546875 22463.7421875 25797.41796875 31399.025390625 32563.01171875 35702.64453125 29899.634765625 25549.130859375 15360.294921875 7201.27099609375 764.351318359375 nan nan 141.9585723876953125 141.9585723876953125 141.9585723876953125 141.9585723876953125 141.9585723876953125 nan nan 135.0529022216796875 nan nan nan nan nan nan 551.09576416015625 3886.953857421875 9224.1279296875 14398.6962890625 16125.943359375 15764.8359375 7575.7529296875 2585.355712890625 9764.365234375 11575.111328125 15916.8056640625 16929.689453125 19631.279296875 22104.62890625 21538.5390625 18771.396484375 10278.1943359375 4439.07373046875 nan nan 222.0009613037109375 2714.912353515625 3536.196533203125 5031.03759765625 3235.83544921875 3495.830078125 8167.0556640625
30018.87890625 28148.38671875 26176.392578125 26209.517578125 30497.734375 31010.501953125 28702.642578125 24917.830078125 13374.537109375 3888.325927734375 1562.1343994140625 nan nan nan 666.9532470703125 141.9585723876953125 141.9585723876953125 nan 672.087158203125 135.0529022216796875 135.0529022216796875 135.0529022216796875 nan nan nan nan nan 1278.8326416015625 3479.777587890625 6100.85986328125 9788.185546875 13847.6005859375 9278.0263671875 2570.640625 3941.938720703125 7399.72705078125 12798.4072265625 11781.2138671875 12604.9482421875 12459.1474609375 16420.056640625 19249.708984375 13627.5107421875 7727.326171875 70.22406005859375 nan nan 2492.911376953125 3536.196533203125 3536.196533203125 3833.749755859375 6409.39111328125 5084.91748046875 4263.63330078125
40755.53125 35237.15625 28823.984375 27981.42578125 27787.94921875 31340.51171875 30028.630859375 27489.22265625 13309.6455078125 4387.9423828125 nan nan nan 524.99468994140625 747.7471923828125 666.9532470703125 nan 879.7464599609375 807.14007568359375 807.14007568359375 135.0529022216796875 135.0529022216796875 135.0529022216796875 nan nan nan nan nan 1278.8326416015625 3479.777587890625 5549.76416015625 5901.2314453125 1353.4478759765625 2587.446533203125 2329.98974609375 3532.340087890625 7323.65625 11923.6875 4344.85498046875 1721.640625 7713.984375 9188.4375 7727.326171875 70.22406005859375 nan nan 531.61199951171875 3998.332275390625 4821.29833984375 3536.196533203125 3314.19580078125 1887.1192626953125 3863.47705078125 2768.7919921875
43752.4921875 39071.76953125 31994.568359375 31215.013671875 33462.7109375 26113.990234375 32817.0390625 26353.9296875 17790.712890625 4923.5146484375 nan nan 524.99468994140625 747.7471923828125 747.7471923828125 747.7471923828125 1404.7410888671875 879.7464599609375 879.7464599609375 807.14007568359375 807.14007568359375 135.0529022216796875 nan nan nan nan nan nan nan 1278.8326416015625 1649.84912109375 564.05706787109375 nan 418.674896240234375 1881.8863525390625 2253.918701171875 3113.6650390625 3584.57666015625 231.09710693359375 347.02435302734375 131.28802490234375 3218.0283203125 70.22406005859375 nan nan 531.61199951171875 4529.9443359375 8777.576171875 6761.357421875 4821.29833984375 821.2843017578125 nan 1065.8349609375 2071.0830078125
43081.5859375 44491.51953125 33391.01171875 31675.26171875 27353.2578125 35399.3359375 34108.78125 26340.951171875 13237.00390625 6103.16064453125 744.7969970703125 nan 430.379730224609375 747.7471923828125 747.7471923828125 955.406494140625 430.41180419921875 879.7464599609375 879.7464599609375 879.7464599609375 135.0529022216796875 nan nan nan nan nan nan nan nan nan nan nan nan nan 418.674896240234375 1463.21142578125 372.0323486328125 nan nan nan nan nan nan nan 531.61199951171875 4529.9443359375 8777.576171875 9212.21484375 9212.21484375 6761.357421875 2328.386962890625 nan nan 768.2818603515625
36492.8203125 36553.26953125 36640.67578125 29634.9453125 29551.876953125 29741.388671875 30564.052734375 22724.60546875 12286.6298828125 3054.935546875 1430.181640625 952.4241943359375 207.627197265625 430.379730224609375 747.7471923828125 222.752532958984375 207.6592864990234375 207.6592864990234375 879.7464599609375 nan nan nan nan nan nan nan nan nan nan nan nan nan nan nan nan nan nan nan nan nan nan nan nan nan nan 2450.857177734375 6883.82763671875 9212.21484375 8680.6025390625 4682.2705078125 434.63836669921875 nan nan nan
30883.66796875 29865.07421875 22669.123046875 25514.962890625 22804.81640625 25349.505859375 17691.818359375 16522.380859375 6370.19677734375 3082.679931640625 1637.808837890625 1637.808837890625 952.4241943359375 207.627197265625 430.379730224609375 nan nan 207.6592864990234375 nan nan nan nan nan nan nan nan nan nan nan nan nan nan nan nan nan nan nan nan nan nan nan nan nan nan nan nan 2450.857177734375 6352.2158203125 4682.2705078125 434.63836669921875 nan nan nan nan
15288.3037109375 14714.216796875 11347.2861328125 8583.8134765625 13203.9580078125 10237.390625 8794.466796875 4940.01513671875 2337.8828125 1430.181640625 1430.181640625 952.4241943359375 207.627197265625 207.627197265625 nan nan nan nan nan nan nan nan nan nan nan nan nan nan nan nan nan nan nan nan nan nan nan nan nan nan nan nan nan nan nan nan nan 1919.2451171875 434.63836669921875 nan nan nan nan nan
2357.10595703125 6243.06201171875 1834.21484375 3424.9052734375 2735.51513671875 2572.98828125 1662.762939453125 1652.498291015625 nan 685.3846435546875 744.7969970703125 nan 207.627197265625 nan nan nan nan nan nan nan nan nan nan nan nan nan nan nan nan nan nan nan nan nan nan nan nan nan nan nan nan nan nan nan nan nan nan nan nan nan nan nan nan nan
667.91583251953125 339.140472412109375 nan nan nan nan nan nan nan nan nan nan nan nan nan nan nan nan nan nan nan nan nan nan nan nan nan nan nan nan nan nan nan nan nan nan nan nan nan nan nan nan nan nan nan nan nan nan nan nan nan nan nan nan
339.140472412109375 nan nan nan nan nan nan nan nan nan nan nan nan nan nan nan nan nan nan nan nan nan nan nan nan nan nan nan nan nan nan nan nan nan nan nan nan nan nan nan nan nan nan nan nan nan nan nan nan nan nan nan nan nan
nan nan nan nan nan nan nan nan nan nan nan nan nan nan nan nan nan nan nan nan nan nan nan nan nan nan nan nan nan nan nan nan nan nan nan nan nan nan nan nan nan nan nan nan nan nan nan nan nan nan nan nan nan nan
nan nan nan nan nan nan nan nan nan nan nan nan nan nan nan nan nan nan nan nan nan nan nan nan nan nan nan nan nan nan nan nan nan nan nan nan nan nan nan nan nan nan nan nan nan nan nan nan nan nan nan nan nan nan
nan nan nan nan nan nan nan nan nan nan nan nan nan nan nan nan nan nan nan nan nan nan nan nan nan nan nan nan nan nan nan nan nan nan nan nan nan nan nan nan nan nan nan nan nan nan nan nan nan nan nan nan nan nan
nan nan nan nan nan nan nan nan nan nan nan nan nan nan nan nan nan nan nan nan nan nan nan nan nan nan nan nan nan nan nan nan nan nan nan nan nan nan nan nan nan nan nan nan nan nan nan nan nan nan nan nan nan nan
nan nan nan nan nan nan nan nan nan nan nan nan nan nan nan nan nan nan nan nan nan nan nan nan nan nan nan nan nan nan nan nan nan nan nan nan nan nan nan nan nan nan nan nan nan nan nan nan nan nan nan nan nan nan
nan nan nan nan nan nan nan nan nan nan nan nan nan nan nan nan nan nan nan nan nan nan nan nan nan nan nan nan nan nan nan nan nan nan nan nan nan nan nan nan nan nan nan nan nan nan nan nan nan nan nan nan nan nan
nan nan nan nan nan nan nan nan nan nan nan nan nan nan nan nan nan nan nan nan nan nan nan nan nan nan nan nan nan nan nan nan nan nan nan nan nan nan nan nan nan nan nan nan nan nan nan nan nan nan nan nan nan nan
nan nan nan nan nan nan nan nan nan nan nan nan nan nan nan nan nan nan nan nan nan nan nan nan nan nan nan nan nan nan nan nan nan nan nan nan nan nan nan nan nan nan nan nan nan nan nan nan nan nan nan nan nan nan
nan nan nan nan nan nan nan nan nan nan nan nan nan nan nan nan nan nan nan nan nan nan nan nan nan nan nan nan nan nan nan nan nan nan nan nan nan nan nan nan nan nan nan nan nan nan nan nan nan nan nan nan nan nan
nan nan nan nan nan nan nan nan nan nan nan nan nan nan nan nan nan nan nan nan nan nan nan nan nan nan nan nan nan nan nan nan nan nan nan nan nan nan nan nan nan nan nan nan nan nan nan nan nan nan nan nan nan nan
nan nan nan nan nan nan nan nan nan nan nan nan nan nan nan nan nan nan nan nan nan nan nan nan nan nan nan nan nan nan nan nan nan nan nan nan nan nan nan nan nan nan nan nan nan nan nan nan nan nan nan nan nan nan
nan nan nan nan nan nan nan nan nan nan nan nan nan nan nan nan nan nan nan nan nan nan nan nan nan nan nan nan nan nan nan nan nan nan nan nan nan nan nan nan nan nan nan nan nan nan nan nan nan nan nan nan nan nan
