ForecastVariables/BuildingFootprint_Total_500m/BuildingFootprintFocal_Random1.asc
ncols        529
nrows        344
xllcorner    2700.000000000000
yllcorner    15900.000000000000
cellsize     100.000000000000
NODATA_value  nan
[rows 96 to 119 of 344, columns 270 to 323 of 529]
24008.541015625 15810.21875 8323.3134765625 4404.77685546875 10970.0263671875 14635.7158203125 7919.51123046875 5471.21875 14.078745841979980469 6179.50537109375 13842.37109375 25861.71875 38176.20703125 42024.45703125 38595.5234375 32485.880859375 37241.09765625 38779.13671875 40329.21484375 36284.05078125 39509.99609375 39271.30859375 39831.04296875 44889.546875 51762.22265625 57468.42578125 54579.2109375 52262.4296875 55769.37109375 45152.58984375 39656.2890625 31390.142578125 25261.375 27135.197265625 29258.75390625 43265.85546875 54407.3984375 47509.37890625 50464.76953125 43861.17578125 45912.9375 43027.17578125 28996.056640625 23888.111328125 30458.892578125 38667.60546875 35484.75 33345.515625 38629.0078125 31902.46875 35860.1796875 37018.6640625 32057.16015625 37126.9140625
25392.91796875 18783.8203125 11093.2890625 17983.033203125 25043.2890625 23147.71484375 20411.7890625 11033.990234375 5471.21875 906.29278564453125 9117.6884765625 26734.71875 34411.4453125 43290.6171875 40575.76171875 38417 34517.36328125 37912.875 38936.12890625 42181.203125 36459.51953125 32217.177734375 35047.29296875 36339.0703125 43545.28125 42754.23046875 44986.05078125 46749.5390625 44986.6953125 46300.73828125 40433.2890625 34573.45703125 22508.30078125 21028.1171875 32032.509765625 44009.265625 52937.390625 53140.20703125 48214.5859375 49125.82421875 45184.73828125 45845.63671875 33990 22943.22265625 23822.322265625 30376.21875 36138.203125 41259.2890625 33184.1328125 33448.25 35740.6171875 33933.86328125 37831.48828125 32351.759765625
30696.31640625 26650.009765625 26463.357421875 25927.86328125 30241.93359375 32618.501953125 27884.94140625 17674.849609375 4491.2666015625 5149.73046875 8466.0380859375 22042.662109375 39720.58984375 44785.75390625 46427.71875 33567.296875 33531.21875 33532.73046875 39093.6171875 36839.984375 36590.05078125 30572.1640625 29490.0390625 34399.796875 34372.5234375 36186.6328125 37793.359375 36318.73828125 36893.25390625 35250.9765625 34389.6015625 30366.806640625 30548.736328125 27884.6875 39694.703125 43047.43359375 42278.02734375 47242.23828125 50954.0859375 52564.2578125 49966.37109375 37414.04296875 29059.408203125 24268.298828125 23807.35546875 26470.08984375 33743.22265625 29050.0859375 34668.91015625 30297.837890625 26557.005859375 30186.15234375 33154.015625 35123.484375
37591.5625 35512.45703125 26507.224609375 26542.4453125 29715.326171875 34891.421875 23834.435546875 12815.5595703125 11873.8369140625 8139.3515625 9420.302734375 27321.798828125 37709.41015625 45785.171875 42355.15625 37665.3125 27373.9765625 26949.763671875 30994.47265625 38741.4140625 33544.37890625 30326.548828125 28403.34765625 32595.0234375 34617.046875 34890.48046875 30364.61328125 24260.3125 23446.935546875 31818.341796875 26799.5625 24262.84765625 27668.3046875 32661.1875 37167.90625 45453.21484375 39968.984375 36752.6484375 39481.68359375 45251.70703125 45788.2265625 32607.376953125 22447.931640625 23965.921875 25810.73046875 29742.861328125 30081.171875 27533.064453125 24695.71484375 22938.517578125 22607.13671875 24338.302734375 29996.53515625 28165.89453125
44237.00390625 40822.109375 29957.466796875 22167.755859375 26768.951171875 24334.716796875 20756.265625 25031.818359375 25698.958984375 18534.88671875 17784.79296875 22985.703125 35526.53515625 40523.7734375 38670.296875 30006.8515625 27543.06640625 25570.138671875 27751.904296875 29364.552734375 33222.578125 33655.8359375 31804.458984375 33880.765625 36038.6796875 33738.62890625 27195.310546875 23660.01953125 19821.25 15475.22265625 27660.162109375 20260.798828125 28159.83203125 34068.19140625 39425.65625 40543.328125 41949.36328125 31658.75390625 33778.54296875 37755.01953125 34000.203125 29025.88671875 25556.931640625 28228.83984375 29805.220703125 31304.623046875 31799.640625 29620.560546875 22097.3671875 18781.138671875 22776.685546875 24390.98828125 25290.423828125 24935.138671875
46154.328125 41174.171875 27303.6640625 24780.853515625 22326.345703125 22988.0234375 32107.716796875 39331.890625 45123.8984375 33732.41015625 23764.017578125 29476.166015625 25479.572265625 34362.89453125 30520.765625 22505.513671875 16754.4296875 24847.486328125 28332.228515625 29097.19921875 27173.25390625 25314.392578125 29016.974609375 32137.31640625 35550.32421875 31443.712890625 30812.291015625 25547.994140625 10863.87109375 19117.98046875 22012.734375 23369.88671875 26275 34348.68359375 41505.44921875 38248.24609375 32273.771484375 30236.451171875 31371.51953125 34030.12890625 27949.0703125 28486.71875 30163.697265625 30273.15234375 37528.0234375 35479.85546875 33386.859375 30401.541015625 27197.98046875 25103.443359375 26822.087890625 27658.517578125 26360.7421875 20880.6328125
40280.625 38100.3203125 31240.9921875 18934.771484375 22540.794921875 29652.779296875 41322.4453125 47213.15234375 54650.75 44815.58984375 32712.009765625 24215.294921875 25914.267578125 20137.126953125 15282.9345703125 15232.2783203125 17004.2265625 25589.4453125 30448.787109375 29728.4765625 27583.015625 29717.080078125 35451.65234375 38310.40625 40143.8828125 41517.84375 39826.21484375 30681.984375 33656.7734375 31349.490234375 30331.775390625 28315.3125 35937.90234375 38184.73828125 42630.61328125 38156.390625 35579.6171875 34468.875 32861.55859375 32668.755859375 27454.546875 30184.00390625 34919.4140625 36119.6171875 35896.15625 34426.64453125 33861.0859375 28688.70703125 29044.03125 29893.51171875 32390.564453125 31167.29296875 27792.01953125 16550.0546875
32954.20703125 33185.61328125 29774.390625 24774.74609375 21247.8984375 28796.76171875 36410.17578125 53580.10546875 51995.69921875 51558.97265625 28868.451171875 16957.73828125 23640.046875 26315.72265625 15095.29296875 8819.8623046875 20590.798828125 27255.57421875 37564.359375 35940.17578125 38788.12890625 40349.734375 44848.984375 47677.34765625 50376.54296875 52127.7421875 44846.41796875 46156.5234375 54871.5234375 48758.58203125 40472.234375 38537.609375 40114.125 41041.23828125 40136.5703125 37938.3125 35788.03515625 32399.2109375 32752.703125 30493.744140625 30850.34375 31368.8984375 32972.7265625 39212.5546875 35456.4921875 31549.298828125 30038.55859375 30424.71875 26607.650390625 28224.365234375 31119.279296875 33493.8203125 24822.904296875 14971.2294921875
30293.84765625 29859.94921875 22363.3515625 22880.013671875 27601.75390625 25034.35546875 31690.666015625 45223.57421875 46785.45703125 35778.6640625 30107.802734375 24274.421875 30257.341796875 27782.349609375 21576.802734375 13276.8896484375 19800.994140625 30984.251953125 44418.41796875 50018.7734375 39368.07421875 43764.765625 49826.65234375 52516.48828125 47778.4921875 48491.91015625 53865.73046875 56267.47265625 52292.6796875 51084.60546875 49597.34375 40123.72265625 36642.0859375 37052.046875 35326.49609375 32729.232421875 31387.91015625 32053.607421875 35225.87890625 27892.87890625 26167.583984375 31931.05859375 35283.578125 37281.02734375 33291.47265625 31092.783203125 31102.662109375 27919.04296875 22205.958984375 22704.09765625 29308.046875 26409.517578125 23628.28515625 14113.587890625
23613.806640625 27230.9296875 23569.2265625 21986.14453125 20956.84375 25801.91796875 26911.177734375 31655.24609375 40636.9921875 31585.779296875 23197.6953125 33408.3984375 35536.44140625 40469.51953125 34162.62890625 20053.072265625 21818.7265625 36709.90625 50787.2890625 45335.26953125 42710.171875 43758.67578125 50981.6796875 47991.3125 46090.35546875 44119.0546875 50154.0546875 52171.6796875 50547.1171875 52606.12890625 49531 32478.7109375 34753.74609375 34868.1171875 34340.97265625 30072.66796875 26965.03515625 32984.484375 33392.34765625 29610.6953125 25952.765625 31472.814453125 35768.70703125 32682.056640625 32885.625 37075.16796875 32916.26953125 27217.935546875 22196.41015625 24507.091796875 25428.642578125 26363.794921875 23070.265625 17802.87109375
19830.568359375 23978.986328125 26389.169921875 20747.244140625 21342.73046875 23741.78125 32709.505859375 26579.015625 35235.90234375 29043.34765625 26071.32421875 32957.9921875 42593.4296875 53559.41796875 45794.4140625 35356.61328125 32220.001953125 51309.45703125 51538.359375 49308.8984375 45983.83984375 48897.8515625 45899.54296875 47037.87890625 45529.515625 39956.54296875 39816.23828125 41834.828125 45527.46875 48489.82421875 36672.5078125 29649.7265625 28691.517578125 35512.9140625 31455.583984375 25885.146484375 30326.1640625 33666.25390625 33712.9140625 32185.77734375 30038.443359375 31203.06640625 29660.318359375 33278.3984375 37079.5546875 36260.828125 32428.24609375 29242.1953125 26085.251953125 30595.9375 26232.548828125 29961.15234375 27037.0703125 20669.23828125
20704.22265625 23857.8515625 24377.783203125 25304.5 26989.7109375 32910.48046875 31570.763671875 30445.9453125 26385.310546875 29906.34765625 27726.8359375 32443.369140625 41673.74609375 53594.15625 57975.37109375 51683.35546875 46841.6640625 54361.1796875 64093.4765625 56733.890625 49389.63671875 41393.8515625 47210.25 50688.625 42834.21484375 36486.6171875 38317.33203125 40121.78515625 42224.35546875 39014.8125 36162.88671875 25856.984375 36416.46484375 32394.705078125 31584.140625 30243.060546875 33807.60546875 38495.578125 41611.76953125 36505.9140625 35334.3515625 30534.638671875 33398.62109375 35608.0859375 38862.3046875 35240.171875 40011.58984375 35238.1328125 33138.3125 36244.37109375 37339.9921875 30316.201171875 33383.140625 33272.28515625
22776.619140625 24129.123046875 27215.80859375 30865.990234375 36524.39453125 38312.9453125 34996.09375 31141.109375 28428.4609375 25844.4765625 26378.234375 28221.068359375 40688.77734375 49853.703125 58951.703125 59283.30859375 60357.26171875 63801.50390625 59541.25390625 52712.6796875 43765.9609375 46707.77734375 44439.1015625 39572.84765625 38905.24609375 36759.32421875 38770.1015625 37673.984375 39222.05078125 39253.828125 30077.244140625 30649.125 32816.9296875 33413.171875 33319.90625 34540.40234375 34681.14453125 39118.35546875 45074.27734375 43446.5546875 34342.1484375 35064.34765625 33179.05859375 36121.21875 34360.3984375 40514.484375 44616.203125 42673.3828125 37164.34375 39583.89453125 42397.6796875 39134.31640625 33109.47265625 35684.984375
29176.435546875 24488.814453125 25494.4453125 34947.7734375 41114.78515625 41906.86328125 36457.69921875 32297.630859375 25886.34765625 25529.84375 26638.15234375 25096.275390625 31785.54296875 43376.9140625 55229.07421875 62744.61328125 67619.0390625 61002.3515625 55200.546875 41132.7265625 38552.984375 40995.61328125 39395.296875 34664.26953125 34623.9609375 37534.55859375 38729.21484375 43019.140625 44475.58984375 39920.796875 36178.04296875 28379.216796875 33527.27734375 36577.70703125 37741.21875 33582.67578125 36060.046875 41283.40625 44988.6875 40043 36176.5 33099.2578125 33063.296875 30480.931640625 36445.15625 44021.00390625 40696.0234375 39810.5078125 44026.39453125 39847.46484375 39333.98046875 40000.6875 33543.515625 36495.91796875
29521.87109375 26119.26171875 25101.169921875 31918.390625 38727.50390625 38062.9296875 37642.90234375 25907.74609375 22371.890625 21284.123046875 27213.107421875 22804.67578125 22556.845703125 32799.21875 48899.8203125 64886.05078125 65666.0390625 56962.3125 49016.65234375 39242.83984375 31025.2265625 34751.07421875 37192.85546875 34359.5 34227.703125 35147.54296875 43592.44921875 48925.3515625 50087.3046875 42809.10546875 33287.70703125 31142.14453125 30802.005859375 38195.4140625 32680.966796875 30201.09765625 34518.97265625 40098.51953125 37402.328125 37065.890625 32422.880859375 29623.5078125 27269.587890625 32340.4609375 38447.8359375 39034.10546875 42887.86328125 34407.8046875 36266.95703125 41469.1015625 31350.109375 29975.015625 37070.74609375 34070.78515625
37100.671875 28766.1484375 34030.35546875 34686.3671875 35515.84765625 36069.16796875 29137.671875 23449.220703125 24113.470703125 24935 22026.931640625 19339.48046875 12947.0185546875 24686.455078125 43494.51171875 59261.23828125 63532.7421875 59767.578125 49292.08984375 37725.48046875 35370.54296875 40049.66015625 37838.4140625 37708.34765625 32180.203125 40792.79296875 47039.53515625 53263 49151.703125 43071.859375 33205.69921875 26516.50390625 33232.4375 33461.5234375 34438.52734375 32991.390625 30863.50390625 31362.962890625 35185.82421875 33677.01953125 31262.001953125 24208.921875 26170.0390625 31968.11328125 36243.140625 43509.58984375 39820.66015625 38258.63671875 28715.6484375 37760.58984375 32518.33203125 26015.61328125 27634.91796875 36338.62890625
45204.85546875 43769.3984375 36824.95703125 40040.8984375 33391.5390625 32949.9765625 27767.888671875 25269.873046875 29026.2109375 25492.58203125 18701.009765625 13603.4384765625 10170.3544921875 14500.8330078125 37674.88671875 53580.88671875 64480.6328125 65404.0703125 51448.76953125 44504.875 46263.62109375 44926.20703125 42855.11328125 42430.65234375 39284.71484375 39354.796875 47711.76171875 48776.84765625 47622.92578125 38042.73046875 28420.6171875 27352.291015625 33096.83984375 34934.4765625 35489.60546875 33171.06640625 30382.15234375 30387.794921875 32374.302734375 28685.083984375 24640.537109375 21371.072265625 23443.751953125 28232.216796875 41538.67578125 37195.453125 38596.6875 37469.51171875 35845.64453125 28674.330078125 33396.7734375 30468.93359375 28734.876953125 27104.83984375
46452.6484375 38981.48828125 34633.9296875 30746.927734375 33948.6953125 25495.00390625 26365.892578125 31103.24609375 26172.365234375 25454.517578125 21663.892578125 14414.708984375 8576.7578125 14614.6845703125 32643.646484375 53116.640625 64670.3828125 68670.078125 62700.2734375 54961.015625 54229.74609375 56880.53125 49774.22265625 43963.96875 39440.46484375 41959.09375 41029.328125 43581.87109375 42973.4296875 36097.69140625 33618.2734375 32975.44921875 38901.2890625 43401.07421875 42451.9765625 39593.703125 37773.47265625 34682.33984375 32658.25 29988.529296875 24193.5078125 18764.072265625 16216.2705078125 27840.62109375 30446.46484375 36456.1875 32145.61328125 32976.02734375 28573.603515625 29714.5234375 31478.78125 30234.3828125 25859.810546875 28280.61328125
35211.2890625 37039.7109375 31554.66796875 26302.16015625 24605.642578125 23842.01953125 24973.99609375 29979.912109375 29317.705078125 27680.0703125 22174.572265625 13953.083984375 10823.279296875 18334.12109375 33261.125 52040.98046875 63817.95703125 70748.5625 71488.296875 64493.4296875 58459.0078125 55240.7578125 50554.25390625 38973.16796875 37655.73828125 35927.21875 37805.578125 37308.828125 34100.0859375 33840.6328125 34466.33984375 37407.5703125 46075.2734375 52186.03515625 48601.5390625 44298.1171875 43924.73046875 40888.8671875 39631.3671875 35649.62109375 29937.623046875 18202.234375 17713.99609375 21633.41796875 31264.7109375 28230.693359375 27156.001953125 16302.0419921875 23947.314453125 33027.64453125 29663.83203125 26898.4453125 27309.65234375 30319.021484375
31922.14453125 26360.427734375 27579.41015625 22900.65234375 20272.669921875 24218.904296875 28581.548828125 28130.80078125 32038.099609375 26781.6015625 22163.095703125 17926.359375 13347.2431640625 25500.0390625 37424.33984375 52340.92578125 61659.109375 70805.53125 70115.09375 64961.28125 58053.66796875 53009.62890625 43670.84375 36257.171875 31996.712890625 30091.955078125 29935.509765625 29540.333984375 30296.17578125 34289.96484375 32969.7734375 36579.078125 47294.515625 47783.203125 47355.44921875 48292.3046875 46195.86328125 45567.59765625 45532.6015625 44046.0546875 33910.22265625 28976.306640625 25971.208984375 26091.287109375 24406.5625 27819.720703125 20422.916015625 17559.888671875 24616.73046875 30683.814453125 28719.576171875 30025.662109375 30781.54296875 29200.400390625
32534.470703125 23852.384765625 22291.0625 24155.494140625 20450.15625 27342.044921875 26678.986328125 27023.77734375 27839.1015625 25125.189453125 27512.037109375 20947.00390625 23803.6875 29239.419921875 43495.125 51564.1953125 61772.22265625 65963.7578125 65673.828125 57223.10546875 53605.7890625 48198.546875 39370.92578125 34199.0703125 31149.87890625 30893.630859375 27845.95703125 23799.466796875 26203.416015625 32571.005859375 32337.306640625 39924.87109375 42574.6875 41487.5546875 42290.0546875 43502.37109375 43478.53515625 46188.23046875 50765.94140625 48129.80859375 42888.5234375 35267.34375 34402.3125 33109.57421875 27228.37109375 21538.603515625 24393.58984375 23725.705078125 24665.115234375 28770.705078125 33130.16796875 30581.48828125 26742.869140625 29039.8046875
28846.9609375 30476.64453125 23652.427734375 23198.98046875 22749.875 22976.74609375 25064.578125 26367.82421875 25685.58203125 28546.123046875 27666.51953125 27692.47265625 30268.39453125 38807.890625 47788.19140625 58608.15234375 60752.76953125 60535.85546875 54330.671875 54482.7265625 50664.53515625 48187.72265625 41972.34375 39565.7578125 37286.06640625 39183.92578125 34275.3828125 28404.212890625 28956.646484375 31707.884765625 39884.1796875 40003.11328125 39578.3203125 42631.11328125 44510.27734375 39166.8203125 40003.796875 45910.79296875 47293.87109375 46999.3125 44763.28125 40128.796875 37057.80859375 34739.7890625 30415.515625 25166.689453125 22598.134765625 27265.53515625 25540.28515625 29391.51171875 30031.677734375 29579.05859375 25762.4921875 30393.83203125
26897.09375 26800.388671875 28810.6171875 22284.240234375 25493.689453125 21376.48828125 25231.806640625 27369.919921875 26043.2890625 26461.662109375 28063.0078125 33007.13671875 35432.7734375 42932.6953125 55405.4375 56163.140625 55249.28515625 51838.4765625 50053.9140625 47212.421875 47511.01171875 45610.99609375 46749.96875 49022.94921875 49766.0703125 46030.1484375 39375.7265625 33740.9921875 37671.25 41140.328125 43195.37890625 43826.6484375 43390.67578125 47054.19140625 41457.8828125 43580.40234375 45853.02734375 41724.49609375 40192.16015625 43033.77734375 39459.9453125 39891.26953125 37961.6484375 35201.76953125 32955.53515625 29210.2734375 26968.13671875 24408.189453125 31147.6171875 25769.115234375 27758.265625 24955.775390625 26717.51953125 25398.853515625
16528.26171875 19718.275390625 22861.18359375 28816.69921875 20498.66796875 24333.416015625 26947.30078125 27616.9375 28275.5703125 32051.34765625 30834.166015625 35166.5390625 35832.39453125 49668.015625 55868.734375 55369.46875 49807.953125 46630.8984375 45876.796875 46926.85546875 46446.2890625 49184.23046875 48543.73046875 50576.125 53580.43359375 54922.8515625 45430.65234375 38807.40625 40101.6875 46113.921875 48302.8125 46203.765625 50713.56640625 48022.55859375 48389.23046875 49516.36328125 46831.18359375 41932.30078125 40438.234375 37476.546875 39109.1015625 36148.703125 39326.5390625 37874.33984375 35907.3984375 34142.1484375 33140.4453125 30344.259765625 26193.607421875 30191.587890625 24153.302734375 27251.701171875 24991.630859375 37341.07421875
