ForecastVariables/BuildingFootprint_Total_500m/BuildingFootprintFocal_Random1.asc
ncols        529
nrows        344
xllcorner    2700.000000000000
yllcorner    15900.000000000000
cellsize     100.000000000000
NODATA_value  nan
[rows 168 to 191 of 344, columns 54 to 107 of 529]
54264.34765625 58501.2890625 53694.72265625 35714.8359375 35410.69140625 35426.06640625 38052.01171875 31173.392578125 38307.203125 55064.484375 62833.640625 63466.58984375 60798.0625 46465.890625 55253.7265625 50088.6328125 52244.125 51042.11328125 60838.19921875 62094.23046875 66409.15625 61823.859375 60857.95703125 55128.16015625 47949.2109375 45665.9609375 39285.54296875 36742.796875 34505.7890625 39301.01171875 45137.5234375 40242.8359375 38845.6640625 40257.9921875 40981.6953125 45931.40625 56997.59375 63357.66796875 69580.421875 67307.953125 72818.6875 60439.95703125 54962.83203125 63091.453125 54448.05859375 43433.23046875 41839.0078125 33191.40625 32726.099609375 18563.37109375 18424.609375 24847.791015625 26881.78515625 30631.970703125
51650.38671875 51285.6171875 44802.58984375 41068.265625 28829.396484375 26721.478515625 27947.30078125 35786.28515625 39913.09765625 50727.23046875 50343.7421875 54667.04296875 57347.1875 51576.70703125 48317.1640625 52417.359375 49397.70703125 56072.53515625 60058.62890625 64923.875 62449.96484375 65295.87890625 66550.875 60409.6640625 49637.56640625 44005.7734375 41800.26953125 42513.35546875 41977.890625 40780.5078125 43459.5234375 29732.111328125 29928.494140625 30545.3515625 36536.05859375 40896.1015625 40650.16796875 53707.43359375 55693.4921875 66870.5625 55319.31640625 56801.03125 53628.7578125 50172.80078125 51459.16015625 41683.7265625 34464.91015625 44633.4921875 26343.64453125 22146.720703125 10731.9609375 12504.447265625 24348.556640625 22491.966796875
40454.953125 33638.87109375 37223.9375 36836.59375 28089.8515625 34425.62890625 39378.56640625 39814.23046875 41152.18359375 39409.00390625 52122.359375 54428.89453125 50403.9296875 49964.37109375 51549 49485.27734375 51472.8125 49134.00390625 57327.0234375 58010.21484375 62039.7265625 62670.56640625 64203.1015625 57155.75 51400.41796875 46374.2890625 50190.58984375 44486.02734375 42385.359375 38121.93359375 28577.716796875 23342.40234375 15841.791015625 15941.0546875 21305.91796875 28298.90234375 29200.166015625 27586.732421875 47734.55859375 47833.390625 49249.75 50276.171875 51292.58203125 40868.2265625 32458.341796875 35701.328125 42024.4296875 42734.1015625 31266.46484375 16241.470703125 17655.46875 14897.5029296875 29494.48046875 26830.109375
28668.763671875 27612.3671875 33318.69140625 38705.796875 38110.6015625 47310.41796875 49011.55859375 45671.84765625 43164.296875 45550.9296875 46780.8828125 53391.1875 47797.77734375 50721.31640625 53869.2734375 52042.16796875 53146.96875 50739.0078125 47658.640625 55814.58203125 54344.36328125 56931.59765625 53064.99609375 56436.3359375 45764.53125 49403.9921875 52224.09765625 50308.546875 43513.921875 34515.27734375 21417.123046875 19648.5625 10252.84375 8643.703125 9863.2236328125 15101.96484375 19339.86328125 26529.91796875 26540.88671875 38949.91015625 44002.58984375 40641.921875 40373.51953125 39150.05078125 40145.79296875 30052.28515625 25969.25390625 41581.515625 31056.90234375 21612.234375 8852.8740234375 20389.318359375 29100.91796875 33849.62890625
25000.40625 28278.2890625 32901.19140625 43096.32421875 58992.6015625 52561.1796875 54940.76953125 49556.96484375 47038.1484375 45416.3359375 50665.1953125 45540.65234375 50954.78515625 46737.87109375 57605.48046875 56661.83984375 56491.90625 47021.265625 49214.265625 52580.53515625 49945.9453125 41789.125 45226.51171875 41942.25 45724.87109375 47820.32421875 51967.78515625 44345.2578125 45168.22265625 29440.76171875 22237.775390625 17909.82421875 12324.888671875 7728.3232421875 8789.919921875 9151.3017578125 13347.857421875 14760.4580078125 19450.71875 20331.08984375 30622.974609375 39772.41796875 41563.33203125 40871.37890625 32568.291015625 33977.2578125 38211.55859375 30827.10546875 29644.87109375 9031.5703125 13715.49609375 19344.328125 26955.82421875 37411.6875
38259.84765625 41628.60546875 39962.81640625 40794.8125 54105.05859375 63161.7578125 56822.015625 49213.1328125 41886.46875 47768.26171875 48160.921875 53462.1171875 43563.19921875 47382.73046875 53215.1171875 64653.1796875 58504.51171875 58428.74609375 56851.171875 58089.921875 46353.1484375 43135.5859375 37967.11328125 36491.0625 39283.3359375 48717.3515625 48077.13671875 47297.22265625 36462.0390625 26331.822265625 19404.40625 12469.98828125 9128.9921875 9046.033203125 7957.07177734375 7976.70263671875 8460.52734375 5498.5087890625 8592.1416015625 14201.2861328125 21523.26953125 36774.46484375 51064.82421875 54531.54296875 47567.79296875 47531.99609375 48324.18359375 44149.0703125 17643.798828125 9564.0654296875 13391.0126953125 19347.20703125 26669.82421875 39086.3359375
40527.2890625 44345.09375 48121.4375 45224.5546875 42135.30859375 53690.1328125 51543.44140625 40618.71484375 47213.6171875 44908.703125 55127.83984375 48807.08203125 48027.44140625 42146.7578125 53692.3203125 59999.64453125 66596.8125 66914.7578125 67914.8515625 60405.55859375 55709.28515625 43548.25390625 40658.67578125 40737.37890625 44302.92578125 45836.12890625 50362.61328125 50804.015625 35909.9609375 20495.91015625 15058.8046875 7147.12158203125 7080.4619140625 8816.40625 9719.078125 10899.025390625 11696.0400390625 5049.51708984375 3222.999267578125 7547.0498046875 17907.23046875 30766.619140625 46266.42578125 67310.734375 64452.984375 52674.3515625 50665.2890625 47067.2578125 30165.265625 13508.70703125 11707.517578125 19249.33203125 36449.25390625 33513.26953125
47442.51171875 35978.44140625 39891.73046875 48885.33984375 41906.83984375 43666.86328125 37741.97265625 41958.8515625 40275.32421875 52431.42578125 49869.81640625 49353.70703125 39801.62890625 42347.3515625 48272.80859375 62580.46484375 61805.32421875 61624.0390625 59055.80859375 67763.296875 57529.83984375 42079.5 42142.8125 48700.27734375 53288.05859375 55068.11328125 49972.0234375 46692.9765625 33817.83984375 20254.72265625 10294.8173828125 6867.06005859375 6295.11181640625 8010.568359375 14040.5 16693.97265625 13479.259765625 10624.8330078125 4134.76123046875 27.416177749633789062 7762.2998046875 26626.2265625 45601.08203125 45958.3359375 52551.55859375 56212.62109375 49148.1328125 53687.16796875 41424.30078125 26057.76953125 13928.30078125 27384.412109375 28483.265625 30732.14453125
36199.40625 37842.1796875 33428.6484375 32950.12109375 44207.109375 39035.30859375 38777.01171875 35304.92578125 43613.44140625 41599.5703125 52857.89453125 49160.4453125 47934.78515625 41322.60546875 50395.37890625 53988.97265625 61833.265625 55903.7890625 62584.40234375 67478.1171875 61554.65234375 56253.37890625 51458.0390625 58474.859375 59094.3125 59595.88671875 53312.2578125 42247.94921875 33334.59375 20226.095703125 5790 5556.28955078125 7547.69921875 8937.212890625 14210.05859375 18006.818359375 17742.7421875 11680.193359375 5428.02978515625 803.87786865234375 471.450958251953125 14237.7587890625 26626.365234375 30212.453125 35313.8828125 38943.54296875 54552.0234375 50513.34375 46755.1015625 30716.884765625 26203.88671875 28452.826171875 28272.052734375 20303.193359375
22823.90234375 28497.017578125 26215.380859375 27915.40625 32324.564453125 41858.7109375 37845.55859375 39769.25 34312.32421875 44601.01171875 44682.4609375 54057.78515625 48465.84765625 51025.21484375 53137.03125 50822.29296875 52006.14453125 53408.9453125 57288.4609375 63537.66796875 63822.375 60427.859375 57381.7734375 57773.6953125 62388.33984375 46449.53515625 40900.8828125 35769.24609375 26902.134765625 14657.8046875 4255.58349609375 2488.864013671875 6101.98095703125 6513.61181640625 8839.0478515625 13474.6455078125 12642.3369140625 6556.92919921875 947.1534423828125 6.0158486366271972656 2212.56201171875 4338.83447265625 12868.9716796875 21067.833984375 21803.9296875 31867.07421875 47285.1875 54380.12890625 40864.796875 39901.328125 43793.26953125 41598.15625 30107.78125 23153.240234375
12199.6953125 8222.8134765625 16631.890625 32235.01171875 32340.255859375 35858.1875 43905.78515625 34096.9921875 36892.01953125 34308.2890625 43641.17578125 44443.08984375 49558.48828125 50438.5703125 46932.29296875 45455.4140625 42331.0390625 42609.52734375 47895.453125 55763.1328125 57816.66796875 59525.03515625 55905.86328125 56760.1015625 46592.33984375 39592.59375 27072.92578125 26945.326171875 17735.806640625 6721.62451171875 5023.107421875 8109.45751953125 7593.486328125 7219.212890625 5411.49169921875 4983.7138671875 6398.966796875 2199.06689453125 1150.98095703125 297.89678955078125 724.9228515625 3957.16357421875 7422.3818359375 16180.48828125 19456.794921875 24199.453125 35010.21484375 46128.58984375 46546.92578125 43444.73828125 56425.9765625 58291.6875 46624.52734375 26042.015625
5141.162109375 7943.67919921875 15604.6162109375 28444.294921875 41221.76953125 42474.10546875 33770.1015625 33676.94921875 33117.32421875 34580.43359375 36742.375 37724.25390625 45286.6484375 42755.97265625 36976.515625 35498.3984375 29889.072265625 26788.966796875 34387.53515625 45331.04296875 54737.27734375 48210.953125 49283.79296875 39304.8046875 42332.76171875 39573.5859375 24080.447265625 16510.6015625 14898.1015625 9277.453125 7419.9130859375 7362.59912109375 9960.8701171875 8816.6435546875 5399.2412109375 2895.06884765625 2929.70947265625 1571.4920654296875 568.86358642578125 1011.95526123046875 763.63433837890625 2373.2705078125 10868.013671875 11702.8408203125 17328.576171875 22436.177734375 23332.7578125 34867.0078125 31123.392578125 42978.60546875 66498.515625 76708.765625 62180.84765625 34785.59765625
4986.32373046875 18585.27734375 21374.91796875 30486.375 38955.63671875 38396.953125 33980.42578125 34191.87109375 28020.287109375 23728.8359375 31054.517578125 34331.6953125 35070.75 31610.529296875 31274.123046875 24753.583984375 22107.576171875 23480.099609375 24276.01171875 37856.125 45150.25 50667.27734375 42739.93359375 46948.3515625 44210.43359375 40888.93359375 30869.9921875 23089.591796875 15769.1103515625 9900.94140625 4155.38671875 8329.119140625 11362.2099609375 10309.4541015625 5755.8583984375 2894.750244140625 2633.511474609375 1948.7628173828125 713.559326171875 199.3485565185546875 747.56866455078125 5781.03955078125 12572.0859375 14944.5732421875 11940.353515625 16822.01953125 21936.986328125 18944.85546875 20363.6484375 39895.3984375 66334.5859375 82798.9375 73891.5390625 51534.3984375
14054.654296875 17615.703125 33123.921875 32569.138671875 34775.6953125 32950.96875 34624.484375 37630.85546875 34159.4375 31617.34765625 29656.904296875 39105.44921875 30295.201171875 26743.78515625 29635.90234375 18933.970703125 16530.91796875 16150.2666015625 19812.80859375 25638.029296875 34602.97265625 39487.75390625 48936.484375 48291.8828125 49723.4453125 44822.03515625 40600.41796875 30453.013671875 20516.955078125 8370.119140625 6083.95947265625 7037.583984375 12818.630859375 8034.0703125 4624.71240234375 2682.779541015625 1625.8060302734375 840.10540771484375 79.42364501953125 nan 3362.534423828125 7647.748046875 17409.02734375 15231.986328125 15450.0771484375 17968.64453125 17441.03515625 12979.2607421875 15999.4873046875 32308.201171875 57293.1015625 77723.921875 75214.6171875 58364.86328125
21937.1015625 30521.8671875 30007.8046875 33042.390625 33488.125 36635.6328125 36882.39453125 32736.255859375 44111.5234375 51755.30859375 42247.58984375 36621.27734375 26496.39453125 20211.287109375 21135.80859375 18679.4921875 11494.1875 7702.7392578125 8233.8623046875 17958.46484375 25790.80078125 40812.72265625 43864.88671875 46469.578125 51915.4453125 53967.05078125 41458.5625 31200.61328125 23224.783203125 13813.462890625 4006.139892578125 5890.97705078125 10906.9736328125 11296.0703125 5035.96240234375 2333.513916015625 10569.138671875 63.357967376708984375 nan 1701.610107421875 3081.5869140625 21745.5078125 19853.521484375 21683.439453125 20532.578125 19537.615234375 25301.109375 14069.66015625 14636.099609375 19409.716796875 41513.75 62365.73046875 63427.06640625 50589.6640625
34763.71484375 37374.4296875 29179.94140625 31696.8984375 34135.6875 35190.3515625 36583.3984375 47250.57421875 54307.94140625 61136.4765625 53703.4140625 35617.046875 28319.92578125 28135 17322.994140625 16584.140625 10666.4365234375 1399.5640869140625 1953.9185791015625 5990.1572265625 23816.7890625 36003.0625 41717.05859375 40991.17578125 48158.83203125 50533.6953125 43815.94921875 34267.63671875 27745.775390625 13788.333984375 9765.037109375 7454.85107421875 10834.3447265625 13959.6787109375 8655.263671875 17251.333984375 11127.5283203125 12018.56640625 4311.43798828125 3577.501708984375 18981.8125 23205.537109375 33483.84375 26312.8828125 24235.708984375 26729.111328125 30428.37109375 27938.65234375 14886.2294921875 14715.8466796875 21506.52734375 34829.6015625 42283.23046875 42411.19921875
38717.38671875 37449.6796875 34147.9375 34043.578125 33972.2890625 30188.517578125 39924.70703125 46571.0859375 52598.1171875 49928.73046875 52466.54296875 34420.48828125 26203.1171875 20334.146484375 25029.3359375 14339.01171875 5814.52197265625 1580.377685546875 1558.61279296875 7603.6513671875 15036.064453125 25055.49609375 30693.033203125 36494.2109375 40112.75 40403.86328125 40303.4609375 37578.140625 36085.3828125 18386.8125 6574.6865234375 7406.7353515625 12358.8583984375 14007.2939453125 23731.41796875 19947.529296875 19183.24609375 21916.587890625 20883.54296875 14829.578125 16018.6943359375 28531.09765625 29991.861328125 30530.373046875 21957.427734375 25541.978515625 33133.40234375 27037.3828125 21409.947265625 10758.8115234375 15436.88671875 16454.658203125 24043.01953125 29452.275390625
46568.73046875 37447.7109375 33458.6953125 36345.328125 38560.76171875 42803.8671875 27493.052734375 32887.80859375 37090.8984375 42807.9765625 38029.04296875 36706.09375 22031.5390625 23419.708984375 26963.830078125 19369.494140625 4852.349609375 697.7568359375 nan 1558.61279296875 7603.6513671875 13057.005859375 18028.4765625 17918.04296875 23011.005859375 32824.9921875 39484.24609375 42030.5625 39036.3203125 23153.3203125 6586.06103515625 3963.454345703125 11150.7900390625 19216.810546875 13679.57421875 21535.4921875 27506.03125 32152.123046875 15511.984375 12703.9375 21540.505859375 20587.783203125 25672.18359375 11904.7958984375 12368.3720703125 22916.244140625 31306.53515625 30748.91796875 21547.39453125 13481.42578125 5936.16796875 9991.181640625 14444.755859375 23615.2734375
46854.78515625 50591.74609375 38129.8671875 37259.0390625 50200.6484375 36948.12890625 27135.8359375 17810.064453125 25284.22265625 27579.419921875 29711.3671875 30327.36328125 32149.99609375 28062 27529.1640625 16123.078125 7623.63037109375 263.574462890625 nan nan 1558.61279296875 5860.5888671875 4861.7783203125 12538.9951171875 20139.1171875 22853.705078125 34672.9765625 39939.0078125 38723.265625 29230.939453125 11194.9453125 2164.080810546875 9883.3955078125 13188.5009765625 17843.4609375 16447.345703125 32139.8203125 21563.43359375 17291.439453125 12934.7412109375 8269.9951171875 17180.390625 10013.3935546875 6317.7177734375 3450.057373046875 16412.712890625 29664.625 30127.36328125 22671.771484375 14584.9970703125 7391.61572265625 3058.259765625 6816.07080078125 13037.0439453125
46944.61328125 55653.68359375 49860.08984375 40024.01171875 37676.80078125 34432.40234375 22553.59375 14612.650390625 10603.39453125 22020.796875 26754.814453125 34042.921875 30237.33203125 35407.3359375 24100.08984375 18781.158203125 6843.97998046875 514.568359375 nan nan nan 895.4580078125 5367.18310546875 10378.904296875 16745.671875 19648.701171875 22511.19140625 30401.095703125 33089.9453125 23525.904296875 11697.3486328125 6658.39501953125 7902.50146484375 13232.3525390625 14953.408203125 22243.84765625 18262.39453125 18852.884765625 17909.275390625 9381.9931640625 4246.640625 4328.4208984375 7240.5810546875 511.124420166015625 7155.8486328125 11351.5009765625 19712.927734375 23624.55078125 22845.982421875 11724.4541015625 5787.42138671875 1254.8326416015625 24.9340057373046875 3275.090576171875
42483.53515625 43063.25390625 40513.92578125 35681.50390625 28366.6171875 20328.576171875 10181.3134765625 1780.876708984375 7191.45703125 14675.2548828125 24187.84765625 29398.33203125 32975.82421875 31471.060546875 26138.109375 13408.2021484375 13529.7353515625 3456.09912109375 178.1166229248046875 nan nan 4440.80322265625 10172.28515625 10927.0908203125 11102.7880859375 14763.1455078125 13863.01171875 16406.994140625 23413.958984375 14496.224609375 6795.60498046875 4739.4130859375 9500.306640625 12991.13671875 12639.3740234375 14480.919921875 17517.40625 17035.794921875 11931.625 5544.4833984375 3377.068359375 3377.068359375 3377.068359375 1481.00537109375 nan 7155.8486328125 11324.291015625 14540.88671875 9179.1875 5787.42138671875 1254.8326416015625 nan nan 24.9340057373046875
32003.4765625 28714.71875 20426.720703125 18710.97265625 15291.998046875 7519.5986328125 1389.6658935546875 1083.8704833984375 732.1162109375 8649.8798828125 19346.849609375 27804.46875 35414.83203125 30415.2265625 25462.6796875 19161.46875 15656.3212890625 13795.6875 7347.81396484375 178.1166229248046875 nan 41.361789703369140625 5206.048828125 10896.1689453125 10031.6328125 5661.07421875 2122.526611328125 3367.5947265625 12346.919921875 8014.6142578125 4128.39013671875 81.582794189453125 1911.6151123046875 10110.5458984375 9799.005859375 9400.01171875 9498.759765625 10073.546875 4398.791015625 2305.056396484375 3377.068359375 3377.068359375 1481.00537109375 nan nan nan 7155.8486328125 1725.3270263671875 2607.511474609375 1254.8326416015625 nan nan nan nan
9647.0927734375 16053.751953125 10689.71484375 4440.91748046875 2180.96533203125 276.044525146484375 1083.8704833984375 nan 1815.56005859375 8856.33984375 18920.796875 32372.8515625 35131.19921875 30596.580078125 38499.76953125 31105.482421875 21099.619140625 24138.439453125 21001.521484375 8597.5390625 177.8791656494140625 nan 41.361789703369140625 5206.048828125 5559.90771484375 723.8836669921875 nan 1300.591796875 3059.787353515625 4128.39013671875 1055.7025146484375 1055.7025146484375 81.582794189453125 1569.120849609375 4349.85009765625 4830.06494140625 4232.4970703125 4398.26025390625 408.993499755859375 nan 1896.06298828125 1481.00537109375 nan nan nan nan nan nan nan nan nan nan nan nan
212.806884765625 3957.011962890625 4338.8115234375 74.38085174560546875 nan nan nan 1237.0963134765625 4015.3857421875 7677.80029296875 18015.533203125 29080.341796875 38179.72265625 41917.48828125 38228.0703125 40502.44921875 35519.64453125 31308.29296875 28043.75 19601.09765625 7287.74609375 nan nan 41.361789703369140625 723.8836669921875 nan nan nan 1300.591796875 1055.7025146484375 1055.7025146484375 nan nan nan nan 950.03021240234375 2112.34033203125 408.993499755859375 nan nan nan nan nan nan nan nan nan nan nan nan nan nan nan nan
