ForecastVariables/BuildingFootprint_Total_500m/BuildingFootprintFocal_Random1.asc
ncols        529
nrows        344
xllcorner    2700.000000000000
yllcorner    15900.000000000000
cellsize     100.000000000000
NODATA_value  nan
[rows 48 to 71 of 344, columns 216 to 269 of 529]
2155.770751953125 nan nan nan nan nan nan nan nan nan nan nan nan nan nan nan nan nan nan nan 1674.972900390625 3478.54541015625 3837.712890625 3902.85693359375 4925.5869140625 8750.31640625 20833.177734375 34590.10546875 36422.73046875 33873.90625 32242.203125 35122.83203125 33834.1484375 27567.8515625 24521.888671875 23848.783203125 25027.564453125 25050.345703125 36627.953125 50525.8046875 60935.5625 49171.4375 28869.837890625 17669.91015625 16876.28125 20401.068359375 24433.544921875 30698.294921875 40801.44921875 43176.6953125 37351.4765625 33685.11328125 30785.125 28936.421875
nan nan nan nan nan nan nan nan nan nan nan nan nan nan nan nan nan nan nan nan 1803.572509765625 3837.712890625 3837.712890625 3837.712890625 3476.4189453125 11620.7216796875 24214.888671875 34867.23046875 32705.955078125 32591.388671875 28223.77734375 27375.904296875 33080.82421875 30981.517578125 21317.755859375 21955.341796875 25966.017578125 30425.09375 32125.5703125 38425.96875 46819.5 38785.625 30072.873046875 16816.515625 7475.091796875 10102.373046875 19030.771484375 24894.73828125 29883.44140625 35044.2734375 38600.3515625 35109.69921875 27330.810546875 26364.185546875
nan nan nan 501.7886962890625 nan nan nan nan nan nan nan nan nan nan nan nan nan nan nan nan 359.16741943359375 2162.739990234375 3837.712890625 2210.579345703125 4048.9423828125 12022.70703125 23522.216796875 30881.466796875 32376.634765625 26865.423828125 26412.8125 26324.51953125 29711.87109375 25268.572265625 24493.033203125 24183.390625 26810.849609375 27946.376953125 26440.736328125 24977.232421875 26178.6171875 35528.76171875 32471.962890625 20121.59375 8731.8134765625 7345.99267578125 9421.3095703125 16534.58203125 19158.673828125 29884.23828125 33291.07421875 32294.99609375 26024.40234375 22540.244140625
nan nan 501.7886962890625 860.2418212890625 1082.482666015625 nan nan nan nan nan nan nan nan nan nan nan nan nan nan nan nan 359.16741943359375 2162.739990234375 989.64129638671875 3289.3623046875 10774.44140625 16718.3515625 24940.00390625 25944.615234375 20173.08203125 21609.06640625 28674.552734375 23980.7890625 23117.64453125 22940.130859375 24975.2109375 26673.498046875 26197.732421875 17539.666015625 16274.796875 24325.8515625 33312.8515625 35820.4375 26721.798828125 22325.486328125 12835.4130859375 6386.037109375 5060.099609375 14728.4296875 27735.501953125 31260.453125 30067.298828125 26538.591796875 29179.609375
nan 501.7886962890625 860.2418212890625 1440.935791015625 1625.1707763671875 1082.482666015625 nan nan nan nan nan nan nan nan nan 1897.97998046875 594.51275634765625 990.0308837890625 565.83343505859375 1041.17724609375 117.54067230224609375 nan 359.16741943359375 nan 630.473876953125 3504.869873046875 12360.25 13965.208984375 14143.083984375 13196.62890625 14981.7490234375 17204.443359375 23869.443359375 22089.93359375 19477.068359375 20613.677734375 26687.650390625 26101.2265625 16159.828125 15293.6650390625 22641.283203125 31880.92578125 45830.83203125 41945.6875 27860.04296875 15104.837890625 12175.416015625 9967.888671875 11725.5849609375 24654.208984375 35757.3046875 37066.19140625 37242.28515625 32795.2890625
nan 358.453094482421875 1594.4022216796875 2924.573486328125 1625.1707763671875 1123.382080078125 580.6939697265625 nan nan nan nan nan nan 1126.7247314453125 4127.439453125 4884.904296875 6918.70703125 5325.013671875 5869.99609375 2804.541259765625 2629.01220703125 137.008514404296875 nan nan nan 1438.1253662109375 3659.2734375 9729.81640625 6630.15283203125 11606.56640625 12646.2392578125 15117.2919921875 17460.82421875 17830.54296875 16947.2578125 23590.427734375 26173.619140625 24726.783203125 17435.728515625 14660.7041015625 22819.27734375 39287.83203125 48249.82421875 42718.921875 29839.5390625 25747.912109375 19273.78515625 16498.890625 19057.72265625 28268.5546875 37743.38671875 43558.28125 38252.3203125 39761.15625
nan 153.4664306640625 4099.62939453125 3078.039794921875 2422.78466796875 764.92901611328125 184.23504638671875 nan nan nan nan 556.0208740234375 3055.86181640625 6271.6103515625 9375.0556640625 13372.4658203125 13880.435546875 17352.451171875 11758.041015625 11003.7353515625 7314.6376953125 4699.07958984375 137.008514404296875 nan 807.6514892578125 832.716796875 3805.222412109375 7136.58544921875 10951.380859375 16355.5419921875 15247.6630859375 15651.62890625 17681.8203125 17496.228515625 22112.1015625 24248.810546875 25510.5 25911.18359375 21672.693359375 22562.283203125 31233.142578125 44358.85546875 42550.65625 40512.640625 39059.6171875 32627.009765625 26983.775390625 23799.197265625 27483.109375 34709.59375 41660.6015625 42402.79296875 43860.17578125 36181.828125
153.4664306640625 3556.94140625 3556.94140625 4099.62939453125 2217.798095703125 1483.6376953125 nan nan nan nan 556.0208740234375 3611.8828125 7107.5947265625 12262.296875 16371.5625 19727.234375 23028.044921875 20776.740234375 21382.755859375 17438.380859375 15474.599609375 8856.6640625 3824.9501953125 19.46783447265625 nan 2595.2431640625 4659.10986328125 9593.20703125 20011.265625 23587.830078125 22175.3125 22073.318359375 18257.787109375 21973.6328125 21245.451171875 23898.115234375 29645.95703125 25315.61328125 27451.7421875 28032.5625 32693.6875 43059.13671875 41797.9296875 41009.1171875 33114.08203125 32705.724609375 33645.5234375 32628.71484375 32611.03125 39810.1015625 37920.74609375 42969.11328125 38143.7578125 39909.1953125
6548.01025390625 2257.53857421875 3556.94140625 3556.94140625 3587.7099609375 nan nan nan nan 556.0208740234375 2485.157958984375 3751.41015625 8973.451171875 14173.5595703125 17468.806640625 22161.01953125 20448.431640625 21938.462890625 21076.884765625 20857.150390625 14556.6591796875 12744.978515625 7067.7919921875 2335.18798828125 nan 677.36993408203125 5665.40625 16494.52734375 26894.689453125 25234.130859375 32610.9765625 28099.189453125 22774.1015625 19652.732421875 24258.1484375 29472.9765625 25425.62890625 30521.412109375 31079.689453125 35355.90625 36419.12109375 37148.37890625 43419.94921875 33070.74609375 32060.0234375 37787.9375 39427.79296875 37172.52734375 37806.015625 38571.5703125 40897.69140625 37194.77734375 36311.89453125 34410.21875
23600.70703125 5339.60205078125 2257.53857421875 3403.474853515625 nan nan nan nan nan nan 804.82745361328125 5695.314453125 8379.7197265625 11324.662109375 14429.515625 16780.56640625 18960.58203125 16478.625 15599.951171875 16859.037109375 16032.080078125 11762.609375 6448.013671875 1977.3902587890625 284.588348388671875 398.812591552734375 9182.6025390625 23184.85546875 31719.236328125 36934.5625 31559.9375 32642.126953125 27933.2421875 25984.26171875 26970.283203125 31155.40234375 34538.62109375 32195.142578125 32788.9296875 35908.875 37429.5390625 35221.66796875 34280.5 31135.42578125 34008.24609375 38916.96875 37372.203125 38109.8671875 36839.7578125 37090.1484375 37725.00390625 35760.4921875 33109.3984375 37073.70703125
32725.861328125 16284.734375 5037.9609375 nan nan nan nan nan nan nan 528.19842529296875 1694.482177734375 5660.39599609375 8681.775390625 11476.240234375 11423.5498046875 13527.99609375 15500.638671875 12984.1748046875 11908.52734375 13642.166015625 9863.5625 5531.68994140625 2362.649658203125 594.36419677734375 5569.8232421875 18056.34375 28565.109375 31730.705078125 35478.65625 37265.2734375 28742.193359375 33400.0703125 29812.56640625 32230.92578125 38424.66015625 34853.43359375 41445.1171875 36285.77734375 38628.26171875 36314.75 33179.19140625 30434.107421875 34083.8046875 35451.1171875 35104.01953125 32052.83203125 32321.400390625 32857.8828125 34795.734375 33795.75 33821.96875 37507.01953125 33142.73828125
37083.15625 16503.380859375 7430.0029296875 nan nan nan nan nan nan nan nan 528.19842529296875 1138.46142578125 3794.556396484375 6065.5810546875 9293.9521484375 9009.658203125 10412.19140625 9355.412109375 8874.3720703125 7371.91064453125 6783.439453125 3345.7353515625 1662.131591796875 3938.69921875 9770.0556640625 19991.404296875 28732.5703125 29932.642578125 35304.15625 31522.509765625 33163.28515625 24473.748046875 33628.3671875 36442.96875 31658.470703125 40708.4140625 42808.78125 50482.60546875 40734.2421875 33344.47265625 34388.5 36236.24609375 30668.013671875 33267.52734375 31575.224609375 29450.80078125 23697.5703125 25406.833984375 30673.681640625 31301.689453125 34027.046875 35700.515625 30041.634765625
22534.63671875 15405.607421875 2153.1796875 nan nan nan nan nan 157.041107177734375 1856.7391357421875 3987.413818359375 1101.222900390625 609.6329345703125 361.45635986328125 471.7503662109375 4283.517578125 5470.65673828125 4535.96533203125 5214.49365234375 2925.827392578125 3606.9404296875 2466.782958984375 1662.131591796875 84.68154144287109375 471.880157470703125 9057.99609375 18606.744140625 27285.3125 30338.421875 24355.09375 27339.64453125 29772.3515625 30361.859375 26289.74609375 26170.208984375 34963.69140625 39577.921875 48582.19921875 47628.85546875 47109.9765625 39335.94921875 40758.00390625 34645.1875 35352.47265625 34000.17578125 35469.97265625 27350.087890625 22583.966796875 22215.361328125 26140.62890625 27542.2265625 29876.46484375 28775.826171875 29811.232421875
15405.607421875 2153.1796875 nan nan nan nan nan 157.041107177734375 2593.676513671875 6977.70849609375 11615.8994140625 8593.2568359375 1742.6632080078125 81.43451690673828125 569.2667236328125 1541.96533203125 1426.1077880859375 2325.22705078125 44.543071746826171875 1536.337890625 nan 983.0858154296875 84.68154144287109375 nan 1940.448974609375 8701.80078125 16766.361328125 23703.4140625 29277.513671875 24920.15234375 25665.4453125 29398.083984375 30372.865234375 24920.748046875 23845.3046875 25247.076171875 36223.5625 42006.375 46480.8671875 46646.6640625 45076.2734375 36905.0390625 33127.11328125 34914.56640625 40326.91796875 36202.328125 29281.138671875 25635.2421875 20952.30078125 20929.41015625 21670.337890625 18676.27734375 17570.271484375 14306.9521484375
2153.1796875 nan nan nan nan nan 157.041107177734375 3283.186279296875 7836.13330078125 13355.818359375 16412.19140625 16626.734375 11884.3642578125 2311.929931640625 1924.072021484375 3638.546875 3001.4072265625 790.183349609375 2045.0206298828125 1578.4864501953125 5207.580078125 892.14874267578125 nan nan 3719.349609375 9727.8232421875 18410.591796875 19954.162109375 21056.95703125 29333.712890625 30893.294921875 29218.958984375 28094.986328125 22571.728515625 23509.44140625 20574.29296875 23177.861328125 38790.1171875 42864.20703125 40861.38671875 34975.265625 34725.078125 32577.470703125 43616.578125 29608.9140625 32221.052734375 34755.48046875 27433.744140625 22997.74609375 20879.90234375 9287.5234375 9002.9736328125 7601.2900390625 4656.22314453125
nan nan nan nan nan nan 1269.406005859375 3462.90673828125 9617.439453125 16114.4267578125 18286.294921875 19007.09765625 14773.109375 8704.404296875 5071.32958984375 7987.0166015625 10864.5400390625 6558.828125 7639.478515625 16766.076171875 13717.8427734375 12811.513671875 953.3802490234375 3489.7919921875 3948.00146484375 8605.5439453125 15707.5791015625 26999.515625 24523.30859375 23787.533203125 28234.10546875 28601.796875 27771.90625 22231.19921875 20713.64453125 16370.408203125 19973.234375 27181.408203125 32238.529296875 31276.46484375 29171.197265625 25456.62109375 34832.94140625 29503.82421875 34051.86328125 32785.53125 27720.28125 24842.470703125 25214.30859375 17323.197265625 13480.7607421875 3372.44775390625 3296.02978515625 160.2375335693359375
nan nan nan nan nan 689.50970458984375 1749.4549560546875 2738.037353515625 4758.14404296875 11463.994140625 18465.759765625 14909.9404296875 9815.203125 8710.96875 12783.572265625 17336.1484375 18079.92578125 19170.548828125 28360.423828125 30742.1640625 35207.73828125 24718.015625 13349.255859375 1685.1307373046875 7142.771484375 8379.5166015625 17815.537109375 25470.533203125 28382.794921875 27010.541015625 26134.271484375 27478.962890625 24425.318359375 32210.88671875 17902.09765625 15911.0322265625 18418.75390625 17805.435546875 19661.6484375 19404.521484375 20651.51171875 27375.521484375 23704.3359375 22557.146484375 37205.20703125 34066.2265625 21899.966796875 24694.05859375 30767.748046875 24838.86328125 12100.9482421875 8566.5498046875 497.325469970703125 nan
nan nan nan nan nan 781.4166259765625 1853.1453857421875 2860.108154296875 4365.74169921875 6798.2392578125 11063.8623046875 10992.404296875 11789.1298828125 12707.3251953125 18528.849609375 22517.462890625 26593.708984375 38666.42578125 40987.04296875 56351.92578125 46642.56640625 37566.67578125 19058.42578125 9188.0546875 894.63922119140625 13508.359375 15023.515625 19090.841796875 22827.005859375 26698.30078125 25752.263671875 26452.169921875 27955.02734375 26925.236328125 18987.5078125 13442.9365234375 12732.1005859375 10395.072265625 10599.107421875 10800.0439453125 8299.3154296875 7745.72021484375 16112.486328125 25383.9296875 31172.22265625 26830.6015625 21423.751953125 24136.119140625 29468.13671875 28266.44921875 19090.150390625 5087.19677734375 3375.8154296875 nan
nan nan nan nan nan nan 1509.8507080078125 3480.849853515625 5265.77197265625 6446.5908203125 8098.14697265625 11925.6337890625 15182.0986328125 18309.658203125 22063.005859375 27716.591796875 34077.6171875 38689.69921875 55091.8359375 58943.7734375 61051.484375 32739.4375 19544.619140625 7042.2255859375 2450.993408203125 683.10150146484375 10895.083984375 13645.53515625 18385.3984375 16620.123046875 18173.294921875 25317.35546875 26989.390625 18959.89453125 17682.27734375 13651.458984375 5184.69873046875 6409.28173828125 4427.82373046875 2526.401611328125 1565.5816650390625 1732.17138671875 10259.046875 24032.125 18951.533203125 19323.98828125 26602.533203125 24803.201171875 20014.42578125 24683.486328125 15783.1005859375 9174.943359375 838.62823486328125 nan
nan nan nan nan nan nan nan 2809.425048828125 5292.21533203125 6896.57763671875 13387.8310546875 13646.8447265625 15812.73828125 20850.552734375 28486.7890625 31312.689453125 32185.4140625 44156.6484375 57038.796875 59169.6875 50118.62890625 42945.83203125 14707.451171875 3746.346923828125 2577.349609375 1993.0849609375 335.978790283203125 7436.103515625 6307.412109375 12508.681640625 13523.4541015625 12588.3359375 17616.69921875 15232.625 14191.5830078125 3229.97021484375 3012.50146484375 2675.411865234375 167.127288818359375 7.6808261871337890625 nan nan 324.34503173828125 9393.609375 13370.41015625 16133.60546875 6638.73828125 9378.0244140625 16044.0732421875 12701.76953125 9565.109375 838.62823486328125 nan nan
nan nan nan nan nan nan nan 191.098052978515625 2575.11572265625 7537.07568359375 10956.146484375 13140.69921875 18068.732421875 21211.1953125 23185.82421875 26406.4453125 29956.533203125 37837.9453125 57766.1328125 51679.24609375 45475.9375 30904.25390625 16602.205078125 6364.80615234375 1632.2784423828125 335.978790283203125 300.0234375 300.0234375 806.44720458984375 2482.578857421875 7742.1123046875 8248.916015625 8200.330078125 7375.26171875 1716.9234619140625 1706.7327880859375 1020.9044189453125 nan nan nan nan nan nan 324.34503173828125 8380.822265625 3998.76806640625 1682.36572265625 999.12451171875 6527.21435546875 5350.6650390625 838.62823486328125 nan nan nan
nan nan nan nan nan nan nan 112.4708251953125 3301.616455078125 7532.49755859375 8769.9755859375 11203.908203125 18186.734375 20458.35546875 22440.2265625 21841.47265625 24399.037109375 34276.8515625 40708.02734375 52427.578125 37700.046875 20670.07421875 16557.4921875 8953.0927734375 3795.52099609375 1677.0933837890625 3506.14794921875 370.498870849609375 335.443084716796875 335.443084716796875 335.443084716796875 5414.5478515625 1293.5101318359375 623.98651123046875 2.5025219917297363281 641.8458251953125 nan nan nan nan nan nan nan nan nan nan nan 401.64434814453125 390.16571044921875 nan nan nan nan nan
nan nan nan nan nan nan nan nan 2413.7216796875 6240.2119140625 9423.861328125 11291.4482421875 12675.689453125 17994.59765625 23299.884765625 19351.9765625 21723.515625 29901.0546875 30604.30859375 33088.265625 32640.453125 22121.556640625 13461.2587890625 10883.56640625 9022.2626953125 8925.1689453125 8070.58447265625 3937.052734375 705.94195556640625 335.443084716796875 335.443084716796875 335.443084716796875 nan nan nan 1007.41351318359375 2446.5986328125 352.024566650390625 nan nan nan nan nan nan nan nan nan nan nan nan nan nan nan nan
nan nan nan nan nan nan nan nan nan 2413.7216796875 6824.25 8399.0048828125 10525.1787109375 15011.5458984375 18113.455078125 21227.607421875 24459.583984375 30283.908203125 30891.244140625 26737.984375 26170.228515625 27190.666015625 23250.9375 21745.529296875 23523.091796875 18876.177734375 12292.4736328125 8095.57080078125 3937.052734375 705.94195556640625 335.443084716796875 nan nan nan 1328.23681640625 3917.451416015625 5118.25927734375 3280.575439453125 352.024566650390625 nan nan nan nan nan nan nan nan nan nan nan nan nan nan nan
