ForecastVariables/BuildingFootprint_Total_500m/BuildingFootprintFocal_Random3.asc
ncols        529
nrows        344
xllcorner    2700.000000000000
yllcorner    15900.000000000000
cellsize     100.000000000000
NODATA_value  nan
[rows 192 to 215 of 344, columns 162 to 215 of 529]
13127.6474609375 8739.41796875 6192.19189453125 8408.5400390625 1661.3682861328125 nan nan nan nan 154.2091827392578125 159.0709381103515625 653.2626953125 2369.789306640625 7428.29833984375 14867.4169921875 23186.982421875 25814.765625 22527.677734375 16929.134765625 19981.10546875 21702.16796875 31783.212890625 44064.0546875 37534.46875 30557.671875 17888.255859375 21832.916015625 18408.333984375 18672.541015625 23843.64453125 32322.33984375 40002.48046875 43573.015625 43451.79296875 44142.3671875 44499.6171875 35000.2421875 42915.43359375 35139.7109375 45618.890625 50423.3671875 53934.87109375 53284.90625 46543.95703125 42185.12890625 37622.375 26292.70703125 20817.654296875 21526.642578125 23033.3984375 30575.869140625 30945.30078125 31910.26171875 28796.6875
3519.19091796875 2280.706787109375 2053.504150390625 971.490966796875 nan nan nan nan nan nan 154.2091827392578125 159.0709381103515625 844.74920654296875 3806.845947265625 12856.7607421875 19323.919921875 29328.447265625 27370.6796875 25804.86328125 20240.76171875 24350.421875 33556.27734375 32236.498046875 34952.86328125 27525.712890625 26436.4765625 10926.4287109375 16511.455078125 23647.224609375 28852.501953125 36453.6953125 47545.421875 60553.8515625 55372.203125 58984.39453125 53040.1640625 40826.203125 28653.73046875 44995.66015625 45232.80859375 47069.48828125 62237.77734375 59442.84375 48152.02734375 41486.9921875 44109.6015625 28679.30859375 24234.89453125 19835.384765625 22728.974609375 23172.25 31561.796875 31255.712890625 28227.53515625
nan 850.9818115234375 0.26816481351852416992 nan nan nan nan nan nan nan nan 370.091522216796875 3900.173095703125 2781.29345703125 6927.47802734375 16941.53125 27258.609375 34167.8984375 31743.748046875 26179.85546875 27929.8671875 30192.83203125 34872.57421875 40539.89453125 40947.3203125 28092.580078125 19780.78515625 19400.029296875 24932.40234375 26491.541015625 32767.2421875 44856.11328125 54906.7421875 62694.90234375 59866.41796875 55207.20703125 45521.68359375 30436.205078125 25120.658203125 37486.171875 47573.640625 54684.22265625 57028.7265625 41672.01171875 49011.2109375 31408.16796875 35835.37890625 27222.2421875 28315.234375 23563.4375 29502.28515625 25126.26953125 32231.123046875 36602.0078125
nan nan nan nan nan nan nan nan nan nan 215.88232421875 6055.248046875 7301.23388671875 5480.099609375 5216.857421875 12732.2880859375 23568.396484375 29461.18359375 30730.67578125 34466.3671875 32807.05859375 32818.7734375 36751.83984375 46314.56640625 44648.3828125 39702.73828125 34182.89453125 28974.017578125 22689.5546875 20849.828125 25954.07421875 31858.125 42783.30078125 53370.23828125 61319.09375 58986.03125 41762.64453125 31096.052734375 14626.583984375 27131.904296875 40136.171875 45541.828125 38030.171875 43767.83984375 28821.322265625 32624.189453125 26546.3203125 38741.4375 31508.720703125 33061.41796875 27088.279296875 30450.748046875 32419.73046875 37370.49609375
nan nan nan nan nan nan nan nan nan 24.39580535888671875 6458.81640625 12527.3271484375 10310.490234375 7694.84033203125 6918.55224609375 8120.2353515625 15943.6953125 22785.2890625 30858.931640625 31862.59765625 32432.2109375 36486.19140625 42654.96875 42945.52734375 42685.6171875 42131.5234375 40607.859375 34251.0234375 25273.484375 20164.552734375 13506.2626953125 22149.044921875 29921.955078125 42579.94921875 52407.35546875 51476.1171875 40390.51171875 25600.83984375 25269.423828125 21974.05078125 33117.41015625 28318.2578125 33565.71484375 32993.203125 27672.4921875 30078.517578125 37940.84375 36413.52734375 43556.97265625 28714.78125 28345.056640625 30803.04296875 32835.3359375 34440.96875
nan nan nan nan nan nan nan nan nan 2730.595703125 9786.5458984375 12643.7353515625 13401.0419921875 10094.607421875 3775.13330078125 3318.21240234375 8603.2177734375 16857.4921875 23719.494140625 31324.328125 31186.912109375 36492.99609375 35421.72265625 38535.01171875 44466.32421875 40129.9765625 37793.796875 30945.78515625 29638.595703125 20856.150390625 14845.06640625 15509.9853515625 24741.62109375 29364.125 34634.3046875 42117.578125 37765.66796875 32291.02734375 17673.306640625 25292.904296875 21620.87109375 27150.1875 26861.619140625 27436.58984375 30038.533203125 36848.07421875 32508.783203125 36571.85546875 31938.3515625 32406.19140625 22627.85546875 28400.828125 24684.79296875 27153.205078125
nan nan nan nan nan nan nan nan 595.0548095703125 5436.2646484375 8082.2216796875 10296.9619140625 12619.33984375 7345.7939453125 873.71533203125 nan 4241.57421875 7439.45166015625 16803.08984375 18967.0078125 30384.986328125 33581.84765625 32879.8671875 32910.94921875 33895.2421875 41515.7265625 36521.18359375 36258.2265625 33186.203125 24931.537109375 23088.689453125 19717.15625 26727.876953125 21476.404296875 26180.064453125 27059.609375 32458.322265625 26146.513671875 29388.826171875 27240.3203125 26724.509765625 29061.439453125 30724.72265625 29349.96875 33721.89453125 37077.48828125 38089.296875 30943.71875 27584.09765625 21093.37109375 22097.42578125 17364.2578125 28849.490234375 31046.625
nan nan nan nan nan nan nan nan 1750.6578369140625 2376.01953125 5466.57177734375 8082.2216796875 7541.970703125 904.02227783203125 nan nan 78.0948333740234375 3140.129150390625 5304.80126953125 15010.7041015625 18537.919921875 22878.76953125 26390.71875 29246.228515625 33760.5703125 35112.1015625 37530.65234375 40080.9609375 37958.4453125 33921.65234375 28706.263671875 30676.42578125 33770.48046875 23166.150390625 21921.919921875 23571.70703125 17188.205078125 25720.05859375 35421.33984375 37083.6171875 28235.62109375 24590.3046875 28426.2578125 34439.9140625 39549.60546875 28127.07421875 24514.853515625 24033.6015625 13443.671875 9474.974609375 12644.0986328125 20133.92578125 25249.138671875 34881.33984375
nan nan nan nan nan nan nan nan nan 1750.6578369140625 2376.01953125 4871.5166015625 510.415924072265625 nan nan 78.0948333740234375 368.5003662109375 319.63238525390625 1995.6624755859375 4741.22265625 12211.9423828125 12961.9697265625 17058.796875 21820.8984375 24063.34375 31893.625 35989.328125 37933.84765625 36728.921875 33279.9453125 33201.7109375 39046.125 35469.4921875 32104.19921875 25195.888671875 18507.50390625 17145.97265625 22716.2421875 29991.259765625 29638.333984375 30733.62109375 29481.58984375 26514.0859375 34766.08203125 28253.068359375 29011.33984375 22757.1328125 10231.0078125 6935.65087890625 3290.031494140625 6887.51806640625 14047.8193359375 24392.97265625 33743.32421875
nan nan nan nan nan nan nan nan nan nan 1750.6578369140625 30.306928634643554688 nan nan 78.0948333740234375 368.5003662109375 687.2086181640625 1055.6202392578125 677.90289306640625 818.9422607421875 2449.364013671875 8354.0712890625 8993.443359375 10997.17578125 15831.6123046875 19604.166015625 24727.197265625 30748.3203125 31648.1640625 28391.66015625 32733.447265625 38821.0703125 36086.8359375 38341.984375 27983.486328125 18974.716796875 20006.439453125 15782.0361328125 15989.5517578125 27447.64453125 25782.4921875 20769.521484375 25522.705078125 29029.17578125 27260.3984375 27938.21875 24904.509765625 13592.70703125 3290.5380859375 1601.1116943359375 3090.3955078125 9581.7548828125 17870.001953125 29509.216796875
nan nan nan nan nan nan nan nan nan nan nan nan nan nan 238.4996490478515625 550.134521484375 1034.49658203125 1412.9033203125 1418.7369384765625 715.41717529296875 249.09014892578125 2235.97802734375 2217.476806640625 3124.493408203125 6186.67578125 11830.9521484375 19730.71875 29417.947265625 31967.55859375 29862.486328125 24082.986328125 29909.849609375 42257.5390625 43823.81640625 26074.7578125 22972.794921875 18333.66796875 13920.6650390625 14351.953125 17141.609375 16281.228515625 11506.9013671875 15849.9716796875 25405.091796875 33263.7734375 36163.9453125 25379.71875 21369.798828125 9865.3671875 3669.091064453125 2061.18017578125 6348.689453125 12968.20703125 20438.513671875
nan nan nan nan nan nan nan nan nan nan nan nan nan nan 129.07659912109375 800.03240966796875 1275.8291015625 1257.364990234375 1079.3944091796875 1009.7762451171875 823.2999267578125 184.05810546875 nan nan 2007.6798095703125 13137.705078125 28341.5390625 35453.984375 40185.140625 37472.375 32996.71875 28484.49609375 39633.5625 31673.625 37556.3046875 30745.306640625 18669.728515625 17392.994140625 16615.748046875 13319.99609375 5553.08447265625 10169.0576171875 12518.2705078125 19106.36328125 32821.26953125 35990.09375 34668.078125 26722.771484375 16109.3408203125 6145.98193359375 3181.060791015625 2211.5595703125 7800.6728515625 21377.64453125
nan nan nan nan nan nan nan nan nan nan nan nan nan nan nan 129.07659912109375 807.75714111328125 994.22613525390625 804.4959716796875 690.77642822265625 537.7862548828125 389.813201904296875 43.8098297119140625 nan 5594.1689453125 16603.53125 31679.498046875 47634.2890625 53415.66015625 48160.03125 40882.109375 37806.91015625 30609.34765625 30232.353515625 38901.59375 36607.671875 25878.810546875 19884.798828125 16743.62890625 13286.0869140625 8727.2119140625 4050.633544921875 5072.6328125 17249.640625 20763.998046875 29680.943359375 31522.5078125 25661.82421875 15240.8916015625 8543.6376953125 3623.304931640625 4077.024658203125 9725.4619140625 14284.97265625
nan nan nan nan nan nan nan nan nan nan nan nan nan nan nan nan 129.07659912109375 440.180908203125 646.96661376953125 397.5379638671875 389.813201904296875 362.54644775390625 318.73663330078125 1591.74951171875 11009.8984375 20475.2734375 29563.6171875 49774.1015625 58962.984375 49929.94921875 40738.0234375 33055.1015625 33068.375 33078.5625 30738.5546875 32826.53515625 33260.640625 24093.9453125 14646.15625 14417.19140625 6784.46826171875 4005.480712890625 3440.149658203125 7027.50634765625 13058.73046875 15470.810546875 22341.755859375 15578.3212890625 11888.1240234375 6842.958984375 4802.19970703125 5563.87548828125 5779.59228515625 10765.6220703125
nan nan nan nan nan nan nan nan nan nan nan nan nan nan nan nan nan nan 7.7247767448425292969 346.00335693359375 362.54644775390625 318.73663330078125 701.5887451171875 7243.92724609375 13480.05859375 17771.787109375 27276.88671875 39026.17578125 44682.24609375 43518.80078125 34687.875 29655.8515625 23045.859375 26784.892578125 28041.33203125 35785.05078125 32823.1328125 21670.646484375 17945.8515625 14414.853515625 9560.373046875 7327.42626953125 3195.519775390625 3628.775146484375 4009.495361328125 7395.05810546875 6926.43359375 9013.23046875 6849.6826171875 6148.58935546875 6511.81298828125 6639.80712890625 5276.68310546875 6298.4912109375
nan nan nan nan nan nan nan nan nan nan nan nan nan nan nan nan nan nan nan nan 318.73663330078125 nan 4856.59619140625 9499.162109375 12496.982421875 18074.728515625 23481.041015625 22965.068359375 24834.26171875 32518.310546875 32268.970703125 25126.068359375 17709.388671875 20732.244140625 31481.00390625 36584.4375 33891.4375 31698.94140625 25315.90625 18080.888671875 15673.939453125 8782.4931640625 7640.904296875 2837.18408203125 1458.6044921875 1334.077392578125 1218.9315185546875 4726.57080078125 3110.07958984375 4333.88134765625 6650.7607421875 7875.47705078125 7869.013671875 6683.560546875
nan nan nan nan nan nan nan nan nan nan nan nan nan nan nan nan nan nan nan nan nan nan 207.7794647216796875 6171.96484375 10606.7509765625 11795.3935546875 9940.640625 9113.6416015625 14237.8330078125 18754.203125 19449.19921875 16989.150390625 15903.35546875 20179.552734375 31438.349609375 40656.08203125 41496.0625 38929.89453125 30357.541015625 26669.748046875 20786.51953125 17664.12890625 10743.6220703125 7973.28271484375 3992.670654296875 300.2745361328125 2405.295654296875 1509.5447998046875 2292.5107421875 4573.99365234375 6124.71728515625 7298.578125 8653.7041015625 8365.5498046875
nan nan nan nan nan nan nan nan nan 934.09649658203125 42.54195404052734375 115.27468109130859375 nan nan nan nan nan nan nan nan nan nan nan 207.7794647216796875 6171.96484375 5048.56591796875 1312.0782470703125 3475.62841796875 6250.3447265625 7306.5146484375 10278.69921875 11739.1455078125 14439.6279296875 19098.44140625 26901.806640625 39278.16015625 45464.234375 36817.09375 37685.59375 34515.0625 30994.654296875 21930.9765625 17927.619140625 14699.22265625 11555.80078125 8774.32421875 5950.0556640625 3277.2666015625 3129.529541015625 6041.15771484375 7465.6884765625 6503.52978515625 7193.53857421875 9145.8642578125
nan nan nan nan nan nan nan nan 934.09649658203125 979.06561279296875 1280.450439453125 5132.48974609375 2979.0234375 52.602512359619140625 nan nan nan nan nan nan nan nan nan nan 207.7794647216796875 1107.5892333984375 nan nan 193.0364227294921875 2355.63134765625 5702.46728515625 7284.56396484375 8295.36328125 11605.5029296875 20580.75 32164.119140625 37793.19921875 36658.48046875 37468.4921875 42583.77734375 35554.44140625 34288.171875 30487.263671875 27324.00390625 21585.677734375 18759.21875 14877.0849609375 8164.322265625 6451.2490234375 9685.3330078125 8057.5458984375 8636.595703125 6441.61767578125 7870.4560546875
nan nan nan nan nan nan nan 934.09649658203125 979.06561279296875 1282.8775634765625 6257.55078125 9184.373046875 10572.1240234375 3577.90771484375 52.602512359619140625 nan nan nan nan nan nan nan nan nan nan nan nan nan nan 193.0364227294921875 1973.65478515625 3137.39208984375 2959.6455078125 7186.20556640625 15395.1630859375 22041.5234375 23115.818359375 29725.177734375 35729.453125 40923.671875 46828.859375 43317.5546875 40994.39453125 36985.94921875 34517.85546875 27495.57421875 19067.1015625 13913.416015625 13783.5810546875 14521.486328125 16257.484375 14896.6669921875 8300.7470703125 6927.9541015625
nan nan nan nan nan nan nan 2.4271907806396484375 1125.0609130859375 6142.2763671875 9186.7998046875 10828.5888671875 11329.9013671875 10960.58984375 3462.633056640625 52.602512359619140625 nan nan nan nan nan nan nan nan nan nan nan nan nan nan nan 123.698272705078125 1634.723388671875 2538.42529296875 7915.6572265625 9444.4462890625 12233.5537109375 19486.841796875 27379.611328125 37203.4921875 42362.9296875 45605.03125 42139.93359375 40976.1171875 38683.37890625 30016.232421875 24785.931640625 19786.408203125 17345.666015625 22682.865234375 27976.51171875 28094.728515625 18496.45703125 20213.47265625
nan nan nan nan nan nan nan nan 2.4271907806396484375 1190.5611572265625 7796.962890625 11277.298828125 11026.08984375 6051.416015625 3122.167236328125 546.28179931640625 nan nan nan nan nan nan nan nan nan nan nan nan nan nan nan nan nan 1348.0361328125 796.72210693359375 3098.101806640625 5307.6416015625 6211.5478515625 15385.6796875 24909.94921875 30495.552734375 32002.416015625 34427.35546875 33766.0703125 33224.73828125 30934.869140625 28296.90234375 25273.18359375 28086.548828125 34487.63671875 44501.42578125 36454.77734375 46892.296875 42360.296875
nan nan nan nan nan nan nan nan nan 2.4271907806396484375 254.03741455078125 7563.45654296875 5998.8134765625 3122.167236328125 546.28179931640625 nan nan nan nan nan nan nan nan nan nan nan nan nan nan nan nan nan nan nan 143.67047119140625 nan 1553.476318359375 110.3139801025390625 3542.571044921875 10136.783203125 15192.30859375 16444.609375 19981.9296875 24419.2421875 25254.345703125 27047.873046875 29676.390625 29712.712890625 33489.4453125 47620.4453125 48732.9296875 58965.078125 61030.45703125 65762.78125
nan nan nan nan nan nan nan nan nan nan nan 65.5001678466796875 2523.282958984375 546.28179931640625 nan nan nan nan nan nan nan nan nan nan nan nan nan nan nan nan nan nan nan nan nan nan nan nan 110.3139801025390625 1355.6168212890625 4122.96923828125 5764.59814453125 12201.849609375 19060.357421875 17505.630859375 24525.748046875 32769.6875 36267.94140625 38423.23046875 40380.9140625 53566.1953125 67583.390625 75563.40625 73690.296875
