ForecastVariables/BuildingFootprint_Total_500m/BuildingFootprintFocal_Random3.asc
ncols        529
nrows        344
xllcorner    2700.000000000000
yllcorner    15900.000000000000
cellsize     100.000000000000
NODATA_value  nan
[rows 192 to 215 of 344, columns 270 to 323 of 529]
45079.2421875 46626.41796875 43585.9140625 47839.1953125 58715.52734375 64187.6328125 62841.79296875 61937.19921875 50797.68359375 30655.130859375 28503.64453125 18212.759765625 17102.591796875 4166.9189453125 410.42236328125 1222.389404296875 1847.1444091796875 1941.18359375 13307.2109375 20272.87109375 32378.14453125 33863.5234375 32778.7109375 31216.58984375 35098.6875 40744.40234375 36624.9765625 35602.7421875 31666.537109375 18135.87890625 7430.29150390625 10077.3955078125 27922.638671875 28447.69921875 31147.681640625 18694.228515625 13630.5615234375 21162.103515625 18257.982421875 12974.50390625 9006.58203125 9774.6923828125 8025.64501953125 11857.6943359375 17323.08984375 23022.3984375 21543.1015625 21304.08203125 20872.708984375 17700.17578125 12721.96875 14553.0234375 13407.22265625 11369.908203125
37498.19140625 46090.23046875 44243.3671875 53472.8359375 57469.76171875 66532.671875 67213.421875 63301.2734375 55566.14453125 51247.921875 35726.30859375 28942.126953125 25584.1484375 21136.48046875 4777.99658203125 3267.554931640625 5014.39697265625 4217.20068359375 7567.45703125 23150.052734375 31136.099609375 33046.921875 29727.22265625 29996.4921875 31731.326171875 25616.470703125 16859.345703125 21693.052734375 18840.521484375 7499.65185546875 9352.1328125 20315.09765625 22381.646484375 25361.361328125 18047.056640625 18961.27734375 11023.833984375 11064.73828125 8978.5322265625 6653.10498046875 4468.52099609375 1878.0111083984375 3657.908447265625 5376.0498046875 9665.001953125 12110.685546875 11961.7587890625 10159.748046875 10863.19921875 8459.04296875 8083.92919921875 6697.234375 4546.494140625 3844.063232421875
39238.5625 43485.77734375 54227.5546875 49755.6484375 59711.0234375 67048.3203125 65787.6875 60911.6796875 59971.6171875 60940.04296875 54672.16796875 43713.2734375 37851.421875 24134.541015625 16219.177734375 7556.45458984375 5790.59814453125 6173.00390625 9157.96484375 15606.4912109375 23870.912109375 20619.978515625 21276.716796875 22978.232421875 15537.005859375 13223.9775390625 14562.744140625 7218.3779296875 2942.265380859375 5920.90234375 11388.3232421875 24540.8046875 26579.294921875 19651.671875 11992.7412109375 3214.306396484375 6145.1259765625 4622.14404296875 2103.596923828125 2933.924072265625 1195.8289794921875 268.24517822265625 nan 2553.6015625 3014.7568359375 3695.72802734375 3823.76025390625 4323.7548828125 3968.281005859375 3769.975830078125 2992.982421875 1299.231689453125 912.72607421875 781.17718505859375
36755.51171875 54816.90625 53989.08984375 54809.21875 55000.8203125 58333.421875 54876.9296875 55923.80859375 61236.2421875 64935.98046875 59640.5234375 64410.9296875 44084.79296875 25936.16796875 14681.505859375 8908.787109375 7115.61279296875 4501.64990234375 3429.83984375 7985.28125 12722.4853515625 11814.884765625 11359.7109375 7655.07373046875 6687.57373046875 13259.716796875 18146.955078125 17594.48046875 6542.94921875 10971.9482421875 24276.205078125 25428.865234375 25340.89453125 23447.095703125 6033.7529296875 1018.08258056640625 1129.3330078125 120.2682647705078125 582.3804931640625 225.93280029296875 268.24517822265625 nan nan nan 1138.36669921875 259.01800537109375 605.62762451171875 1250.4046630859375 1247.75830078125 1200.408935546875 144.006011962890625 nan nan nan
41538.41015625 56840.13671875 54477.7578125 50925.875 46806.79296875 38606.203125 39299.54296875 45706.58984375 62498.6015625 64924.3515625 70700.1171875 62852.46875 51904.10546875 29140.59375 12387.9208984375 6943.75048828125 7151.93701171875 6131.2236328125 595.67327880859375 1400.9549560546875 5205.98876953125 5784.8662109375 3651.500732421875 5110.65673828125 11056.9462890625 18781.57421875 28152.375 29824.802734375 21975.740234375 15307.890625 19725.4375 25076.294921875 23254.232421875 14502.21875 1087.552978515625 nan nan nan nan nan nan nan nan nan nan nan nan nan nan 80.675537109375 nan nan nan nan
40015.359375 56474.37109375 56203.46484375 46053.33203125 32022.0078125 26004.96484375 22370.47265625 33611.41015625 55102.09375 77763.4375 79540.40625 64659.1953125 51184.015625 33905.52734375 12296.9072265625 7752.3525390625 7787.806640625 7150.26806640625 3608.1806640625 343.8634033203125 1428.3060302734375 2145.4931640625 1968.4874267578125 4961.2109375 12157.8232421875 27154.787109375 32612.91796875 31962.37109375 22962.919921875 14417.8408203125 14135.8154296875 17550.8046875 14502.21875 1087.552978515625 nan nan nan 27.066434860229492188 nan nan nan nan nan nan nan nan nan nan nan nan nan nan nan nan
42532.29296875 50907.55078125 62878.328125 45287.8203125 21537.572265625 15057.134765625 16956.205078125 38054.96484375 56759.51953125 73324.2578125 80224.3515625 72628.84375 53128.375 26347.435546875 13708.7548828125 12711.9130859375 14664.70703125 8957.3369140625 5163.02099609375 1528.880126953125 365.693939208984375 1794 1299.8419189453125 1474.3294677734375 4027.063232421875 13068.2216796875 28348.787109375 22962.919921875 15104.849609375 5559.5615234375 2431.0439453125 7776.34521484375 1087.552978515625 nan nan 11.487728118896484375 162.112579345703125 419.732421875 27.066434860229492188 nan nan nan nan nan nan nan nan nan nan nan nan nan nan nan
42122.6796875 60492.96484375 60190.7109375 37902.28515625 21557.25 12649.498046875 18965.494140625 44351.375 61922.37890625 66155.203125 64520.09765625 66216.4609375 48037.828125 27052.244140625 15961.6630859375 17952.759765625 22159.587890625 14012.974609375 5959.783203125 2372.0244140625 nan 365.693939208984375 1299.8419189453125 365.693939208984375 174.4875335693359375 2613.6279296875 9403.794921875 12663.3408203125 5559.5615234375 400.252349853515625 nan 171.426422119140625 3423.112060546875 nan 11.487728118896484375 235.8695220947265625 581.16802978515625 554.778564453125 419.732421875 27.066434860229492188 nan nan nan nan nan nan nan nan nan nan nan nan nan nan
42635.71875 49979.85546875 51453.05078125 38333.0859375 19602.384765625 14177.75 22283.41015625 30807.572265625 46546.6484375 52599.3125 53451.08984375 52370.73046875 36772.41796875 20339.6484375 14427.1318359375 17316.81640625 20500.990234375 16427.64453125 7177.05908203125 1092.21240234375 nan nan 365.693939208984375 nan nan nan nan 2717.80029296875 400.252349853515625 nan 171.426422119140625 3594.53857421875 3980.73046875 3576.07958984375 208.8030853271484375 616.37078857421875 643.437255859375 581.16802978515625 554.778564453125 392.665985107421875 nan nan nan nan nan nan nan nan nan nan nan nan nan nan
44518.390625 43048.76953125 37987.0234375 36138.65234375 15803.8798828125 7948.94873046875 16142.4111328125 24729.345703125 29343.333984375 32145.16796875 37930.4921875 36271.91796875 31280.5859375 15671.267578125 12663.6240234375 15151.833984375 14132.4599609375 12433.478515625 4742.9130859375 nan nan nan nan nan nan nan nan nan nan 171.426422119140625 3594.53857421875 3980.73046875 4122.21044921875 4705.2333984375 3653.25048828125 223.7048187255859375 616.37078857421875 631.94952392578125 407.567718505859375 nan nan nan nan nan nan nan nan nan nan nan nan nan nan nan
48900.55078125 36827.390625 30614.19140625 21836.044921875 17193.046875 8229.37109375 7120.96484375 15248.91796875 13439.75390625 15228.14453125 19396.37109375 29037.287109375 24328.76953125 14706.3056640625 2972.746337890625 8360.7587890625 8969.2421875 4742.9130859375 nan nan nan nan nan nan nan nan nan nan nan nan 557.618408203125 4122.21044921875 4642.9638671875 4594.00390625 1110.69482421875 230.1385498046875 212.2170867919921875 407.567718505859375 nan nan nan nan nan nan nan nan nan nan nan nan nan nan nan nan
47205.1171875 36272.90234375 30087.142578125 22042.943359375 20973.154296875 16217.84765625 6707.10546875 6526.63525390625 2604.972900390625 1015.644287109375 15173.0751953125 24328.126953125 32292.65625 11806.6455078125 3143.81494140625 1715.2218017578125 3650.70068359375 931.663818359375 36.296405792236328125 nan nan nan nan nan nan nan nan nan nan nan nan 1078.3720703125 4594.00390625 1170.8916015625 784.69964599609375 583.02294921875 14.901726722717285156 nan nan nan nan nan nan nan nan nan nan nan nan nan nan nan nan nan
45054.45703125 37487.4921875 39746.69921875 36793.203125 30365.08984375 19321.4375 13562.154296875 5267.93115234375 2041.2861328125 4238.08447265625 10516.525390625 29519.361328125 36439.796875 29740.9921875 13744.265625 5936.3837890625 1190.947998046875 7091.93798828125 7792.615234375 2299.55810546875 nan nan nan nan nan nan nan nan nan nan nan 122.4660491943359375 1029.4117431640625 784.69964599609375 643.21978759765625 122.4660491943359375 nan nan nan nan nan nan nan nan nan nan nan nan nan nan nan nan nan nan
59509.4375 51091.71484375 50246.41796875 51414.76953125 40771.1796875 33437.44140625 13629.4892578125 4997.724609375 1172.0457763671875 4930.48876953125 17281.18359375 44420.28515625 48487.69140625 44310.34375 28879.7890625 19726.009765625 11703.1494140625 14066.3740234375 19228.78125 14728.3017578125 2550.432373046875 nan nan nan nan nan nan nan nan nan nan 113.92360687255859375 3772.88671875 643.21978759765625 122.4660491943359375 nan nan nan nan nan nan nan nan nan nan nan nan nan nan nan nan nan nan nan
68671.0625 62764.6796875 61507.84375 59100.7421875 54641.05859375 34394.65234375 15924.455078125 1829.5244140625 2953.025390625 7015.55517578125 29308.16015625 55776.90234375 59817.44140625 54086.42578125 43913.078125 31230.380859375 26751.423828125 22646.20703125 26466.185546875 23605.3515625 14122.8388671875 2606.87939453125 2107.9931640625 nan nan nan nan nan nan nan 113.92360687255859375 4051.515869140625 4656.796875 3772.88671875 nan nan nan nan nan nan nan nan nan nan nan nan nan nan nan nan nan nan nan nan
66449.171875 66270.25 68322.8515625 65655.8359375 50991.30078125 35704.61328125 15569.095703125 7823.630859375 5903.12158203125 18981.142578125 35429.2109375 54180.5546875 73747.21875 66316.0859375 48673.57421875 27647.974609375 27610.384765625 33470.66015625 29167.978515625 21045.265625 10824.7890625 7235.6591796875 2649.62060546875 3921.35009765625 2099.071533203125 nan nan nan nan 113.92360687255859375 4051.515869140625 4943.96826171875 4943.96826171875 4656.796875 3650.420654296875 nan nan nan nan nan nan nan nan nan nan nan nan nan nan nan nan nan nan nan
59369 62849.6875 66279.5859375 61054.80859375 53198.890625 28679.15625 17914.640625 5910.986328125 10368.990234375 26808.466796875 35311.66015625 56312.01953125 74029.4453125 60370.2890625 47548.01171875 30978.28515625 19950.6953125 21071.458984375 24088.41015625 19057.12109375 16878.65234375 3146.177490234375 4328.70849609375 12323.6640625 11297.384765625 3930.204833984375 nan nan nan 287.17156982421875 1293.5478515625 4943.96826171875 4943.96826171875 4830.044921875 892.45263671875 nan nan nan nan nan nan nan nan nan nan nan nan nan nan nan nan nan nan nan
67279.984375 62163.12109375 56051.20703125 55448.40234375 46273.3515625 35076.8125 22740.43359375 11465.552734375 15674.3916015625 25806.775390625 44747.265625 53822.23046875 54085.078125 50414.12890625 43921.71484375 33397.35546875 14153.5625 9976.2041015625 15870.330078125 24432.830078125 22239.626953125 11482.0732421875 13624.9150390625 20412.033203125 22598.380859375 12361.7138671875 3930.204833984375 nan nan nan 287.17156982421875 1293.5478515625 4830.044921875 892.45263671875 nan nan nan nan nan nan nan nan nan nan nan nan nan nan nan nan nan nan nan nan
67961.171875 61328.60546875 58958.53125 42249.625 43463.28125 42493.640625 37670.12890625 28724.486328125 20786.03515625 24956.53515625 33523.9765625 49524.1171875 44906.00390625 44807.09765625 27619.78125 19514.630859375 9954.5263671875 12355.234375 23250.0390625 29256.640625 24579.12109375 27206.951171875 27681.59765625 33786.16015625 26645.708984375 21928.203125 8449.28515625 1831.13330078125 nan nan nan 287.17156982421875 892.45263671875 nan nan nan nan nan nan nan nan nan nan nan nan nan nan nan nan nan nan nan nan nan
63721.03125 55482.4296875 50491.40234375 47794.70703125 48379.16015625 49936.2109375 40040.5390625 32812.13671875 32579.572265625 26617.27734375 30134.447265625 30767.466796875 40342.2421875 29027.0234375 19137.03515625 10893.9375 10824.2705078125 15290.2822265625 32153.533203125 31540.767578125 31619.15234375 32724.357421875 39670.76171875 34421.6953125 33111 16848.095703125 8539.6787109375 1341.1888427734375 nan nan nan nan nan nan nan nan nan nan nan nan nan nan nan nan nan nan nan nan nan nan nan nan nan nan
64868.10546875 52716.8125 46065.8203125 42827.1796875 56022.703125 55197.02734375 48017.18359375 38267.2734375 27548.4375 26322.703125 24296.056640625 27743.81640625 25432.68359375 18437.98828125 17176.83203125 11078.662109375 12335.458984375 19683.7734375 26463.0078125 38596.34765625 40006.69921875 39663.2890625 26784.35546875 30276.951171875 25116.380859375 15659.3291015625 1473.4764404296875 nan nan nan nan nan nan nan nan nan nan nan nan nan nan nan nan nan nan nan nan nan nan nan nan nan nan nan
51504.859375 46597.25390625 41461.33984375 45776.3359375 48679.40234375 54757.9609375 46433.03515625 32439.298828125 31321.5234375 20040.025390625 21459.1875 27449.53515625 20888.408203125 14336.169921875 10785.9013671875 8150.40087890625 17402.6796875 29098.12890625 31989.19921875 36809.1171875 42734.125 27781.087890625 30828.265625 22489.75390625 16282.8173828125 2593.1591796875 132.2876129150390625 132.2876129150390625 nan nan nan nan nan nan nan nan nan nan nan nan nan nan nan nan nan nan nan nan nan nan nan nan nan nan
38783.19140625 32715.958984375 36363.5625 39465.3203125 45938.96484375 49065.5703125 46943.6640625 44897.38671875 29824.595703125 31251.87109375 22650.89453125 32372.7109375 23016.048828125 17883.060546875 10446.6845703125 10295.9443359375 21575.31640625 34120.38671875 33158.76171875 35843.92578125 37395.2109375 26635.900390625 18666.47265625 17619.9765625 3782.89404296875 132.2876129150390625 132.2876129150390625 nan nan nan nan nan nan nan nan nan nan nan nan nan nan nan nan nan nan nan nan nan nan nan nan nan nan nan
29655.580078125 28822.5625 24122.677734375 31562.94921875 50037.14453125 52551.484375 54522.609375 40248.6484375 43007.34765625 33455.328125 36987.84375 30189.650390625 38317.52734375 31245.1328125 17866.59375 18804.78125 27438.75390625 33243.34765625 36066.59375 34479.2421875 27453.234375 24913.958984375 12637.279296875 3650.6064453125 nan 132.2876129150390625 nan nan nan nan nan nan nan nan nan nan nan nan nan nan nan nan nan nan nan nan nan nan nan nan nan nan nan nan
