ForecastVariables/BuildingFootprint_Total_500m/BuildingFootprintFocal_Random2.asc
ncols        529
nrows        344
xllcorner    2700.000000000000
yllcorner    15900.000000000000
cellsize     100.000000000000
NODATA_value  nan
[rows 168 to 191 of 344, columns 0 to 53 of 529]
nan nan nan nan nan nan nan nan nan nan nan nan nan nan 276.999908447265625 7451.4580078125 17468.138671875 32452.185546875 24969.1875 30399.443359375 33330.94140625 31236.287109375 38750.703125 44566.09375 46227.5 45828.11328125 35987.41015625 38640.453125 58454.25 60158.16015625 59425.328125 61301.3984375 67890.5546875 60530.171875 62267.73046875 60498.37109375 56236.1015625 52814.91015625 51252.8828125 52701.53515625 34926.84375 26516.779296875 23233.654296875 39730.65234375 46451.92578125 43456.25390625 46989.32421875 45970.48046875 45501.5234375 49479.35546875 42403.00390625 53067.69140625 47809.64453125 56119.4453125
nan nan nan nan nan nan nan nan nan nan nan nan nan nan 4336.18408203125 8403.3251953125 16770.84375 26200.0625 29476.892578125 17314.291015625 14411.1142578125 25898.6015625 36349.51171875 48434.26953125 49718.25 48577.0703125 47052.51171875 42167.11328125 55171.84765625 60175.7734375 57089.515625 63811.79296875 57979.453125 57655.48828125 53653.71484375 50045.2421875 45865.11328125 47474.30859375 51554.88671875 41527.703125 46087.9921875 23344.94921875 25043.943359375 36838.43359375 38833.87109375 41920.15625 38933.3515625 48553.84765625 54363.38671875 50230.0546875 50909.07421875 43723.76171875 56432.21484375 48395.0078125
nan nan nan nan nan nan nan nan nan nan nan nan nan nan 2974.33837890625 12271.884765625 20819.951171875 32081.662109375 22142.203125 14762.8876953125 10534.3837890625 18578.25 33062.30078125 48316.04296875 48311.484375 41955.125 49369.92578125 43262.328125 48978.3984375 44726.62109375 57530.70703125 48569.4296875 40357.9609375 47066.59375 43323.0234375 49481.08984375 40063.8515625 36511.859375 35619.890625 46547.1171875 34760.609375 35195.42578125 28231.029296875 30275.708984375 39395.63671875 36424.2421875 38870.0546875 45307.6171875 52469.0078125 55871.45703125 46782.71875 42525.56640625 42024.8125 46725.171875
nan nan nan nan nan nan nan nan nan nan nan nan nan nan 2704.03662109375 9743.73046875 32839.6875 31114.599609375 31168.5078125 13160.9990234375 10201.4169921875 17012.607421875 27920.392578125 36370.19921875 46893.64453125 41368.37109375 34842.3515625 39469.9609375 34282.66015625 43072.8359375 47131.41796875 33182.40234375 34138.4453125 41701.453125 49503.32421875 48587.359375 40029.94140625 29089.162109375 35503.57421875 36945.8984375 36986.1015625 31897.111328125 31337.58984375 32718.443359375 31324.55078125 27015.30078125 30288.26953125 45968.2578125 55033.171875 47360.7890625 40470.890625 31327.462890625 40104.32421875 33611.40234375
nan nan nan nan nan nan nan nan nan nan nan nan nan nan 2727.9765625 21598.501953125 30184.4765625 37436.82421875 29996.498046875 21370.32421875 10425.7373046875 16701.67578125 31036.474609375 35198.7109375 36561.10546875 36622.24609375 31316.61328125 28548.1875 34113.13671875 38913.34765625 29161.677734375 33713.78125 36543.80078125 39672.41796875 51477.3203125 49563.47265625 45792.23828125 32900.45703125 23785.388671875 33126.94140625 39699.30859375 29622.796875 26829.12890625 33108.8359375 31886.912109375 27914.328125 31769.1328125 40007.13671875 50051.046875 43951.8359375 35505.76171875 37865.16796875 34482.89453125 37353.97265625
nan nan nan nan nan nan nan nan nan nan nan nan nan nan 6166.4892578125 11048.2958984375 29499.486328125 30253.255859375 28410.107421875 14662.6552734375 16780.296875 16535.41015625 35717.78125 42590.01953125 31393.650390625 34575.3671875 32184.236328125 31438.224609375 28488.048828125 28092.71875 20214.296875 20792.953125 36246.90625 32230.287109375 44931.09765625 45547.62890625 33787.08984375 24270.625 22938.783203125 28999.5625 32878.515625 26615.6953125 30089.6796875 38209.46875 30786.02734375 26779.833984375 32251.88671875 45618.87109375 48979.890625 40344.70703125 33617.50390625 37792.8671875 45937.7265625 38314.8671875
nan nan nan nan nan nan nan nan nan nan nan nan nan nan nan 6166.4892578125 11048.2958984375 24067.47265625 10130.341796875 12552.23828125 14875.494140625 30092.82421875 36128.23828125 51442.15234375 43720.80859375 33247.890625 36614.77734375 34281.7421875 31407.814453125 22068.466796875 23136.919921875 21083.318359375 17954.470703125 35455.90234375 31904.42578125 36743.4609375 23764.4765625 20880.302734375 30875.4296875 25876.609375 19646.17578125 29104.462890625 41740.03125 37645.328125 32149.509765625 29570.56640625 36264.8203125 45318.578125 42266.984375 41484.73046875 41188.41796875 41145.61328125 43146.02734375 47238.484375
nan nan nan nan nan nan nan nan nan nan nan nan nan nan nan nan 6166.4892578125 2153.830078125 9390.3427734375 7152.48486328125 22031.583984375 35476.2265625 44739.4921875 43709.24609375 48017.22265625 42156.91796875 40833.7265625 34723.84375 30221.544921875 27403.572265625 29809.3515625 16488.083984375 20366.59375 26621.28515625 30198.619140625 29815.263671875 26490.837890625 31404.96875 24540.400390625 25283.009765625 25076.208984375 31433.376953125 32009.36328125 35990.71484375 36293.75390625 29267.09375 36734.05078125 40562.67578125 41825.6484375 44573.66015625 44142.21484375 35869.89453125 44857.13671875 50211.15234375
nan nan nan nan nan nan nan nan nan nan nan nan nan nan nan nan nan 1004.227294921875 3609.966796875 17954.16796875 20771.7421875 35821.35546875 45064.265625 41777.31640625 40797.58984375 41427.55859375 41692.6484375 40442.48046875 38316.48828125 32104.873046875 22323.072265625 25606.171875 23533.25 25320.673828125 31441.17578125 29182.921875 33750.359375 29833.9609375 29213.6875 28262.09375 27251.90234375 20219.794921875 27600.03125 34637.09375 35481.79296875 32751.35546875 34888.93359375 39413.16015625 43274.43359375 44197.99609375 40200.08984375 46825.09765625 41439.38671875 37019.08984375
nan nan nan nan nan nan nan nan nan nan nan nan nan nan nan nan nan 1601.7470703125 11992.7509765625 17921.3125 30216.24609375 28222.908203125 43605.3828125 42224.9375 40027.25390625 36533.828125 38741.84765625 43909.97265625 43188.78125 38142.7890625 29499.55859375 32565.822265625 27166.267578125 29569.8984375 29342.2578125 28685.6953125 32943.4921875 36056.5390625 41513.046875 23281.56640625 19446.236328125 18239.767578125 21519.513671875 36410.63671875 30764.57421875 34158.64453125 33790.58203125 38439.79296875 47534.87109375 40597 46445.44921875 44669.7421875 34366.265625 21028.134765625
nan nan nan nan nan nan nan nan nan nan nan nan nan nan nan nan nan 4346.20703125 10396.638671875 22181.29296875 37468.48046875 39916.78125 34800.671875 45689.30078125 41139.40234375 38014.7734375 40814.05078125 43971.65625 42880.91015625 40305.51953125 41626.76171875 30074.33203125 39675.640625 37688.46484375 31304.005859375 29491.4609375 34021.3359375 41641.546875 40275.49609375 30870.107421875 15434.263671875 14265.498046875 21824.603515625 26280.814453125 28541.55078125 26949.71484375 34467.78125 40229.5 32589.958984375 44730.80078125 46938.53515625 36119.3125 20641.77734375 19945.6484375
nan nan nan nan nan nan nan nan nan nan nan nan nan nan nan nan 829.73297119140625 2990.4560546875 14026.2880859375 30305.48046875 47761.28515625 45050.5703125 42350.1328125 56257.96484375 50216.6171875 45055.4609375 39707.31640625 43926.85546875 39906.02734375 38289.95703125 32658.48828125 39243.75 42271.08984375 44699.69140625 31346.73828125 33733.38671875 41823.71875 47122.62890625 40189.8828125 41466.15625 26943.845703125 15906.1513671875 17536.66796875 20345.341796875 23388.912109375 34555.84765625 34483.1875 31243.095703125 30047.849609375 37844.77734375 43451.81640625 25934.81640625 19380.626953125 11137.5390625
nan nan nan nan nan nan nan nan nan nan nan nan nan nan nan nan 1623.273681640625 6893.43701171875 20664.140625 39830.68359375 43044.9765625 52503.63671875 68719.4140625 65652.390625 58405.1328125 50314.69140625 45735.37109375 43468.80078125 38360.5859375 27766.294921875 37809.70703125 35616.3828125 43737.48046875 32782.62890625 35820.36328125 36728.4765625 50767.33984375 54544.9765625 50111.8046875 42111.72265625 30416.400390625 14615.3447265625 21546.2734375 28919.443359375 33340.02734375 29815.515625 30840.494140625 32544.560546875 32854.359375 35045.44921875 23473.958984375 23400.146484375 12029.2646484375 4986.85009765625
nan nan nan nan nan nan nan nan nan nan nan nan nan nan nan nan 2532.25244140625 10412.2802734375 21718.2890625 33126.3046875 40981.09375 54820.78515625 71821.1953125 71643.1015625 65850.25 57760.75390625 49374.72265625 42254.234375 37082.15625 35373.79296875 31062.712890625 44782.12109375 33229.76953125 39251.53125 45999.49609375 41964.578125 47200.1484375 58162.8046875 64674.28515625 37637.25390625 36091.55078125 38533.75 36688.66796875 40005.49609375 33478.7421875 32784.17578125 44948.42578125 37925.4375 27282.287109375 17181.0390625 19295.21875 12453.5009765625 5935.21142578125 7269.537109375
nan nan nan nan nan nan nan nan nan nan nan nan nan nan nan nan 3225.6796875 11669.3583984375 21206.958984375 27313.21484375 41246.6875 47774.86328125 62960.27734375 70227.6796875 73340.3125 54807.73046875 49421.07421875 43358.6171875 40585.05078125 32367.333984375 33198.99609375 40748.6953125 49029.19921875 41717.14453125 42139.84765625 44813.3671875 43817.625 51884.8046875 56894.921875 50661.3515625 47184.82421875 53619.15234375 42766.93359375 37277.55859375 39413.0234375 45287.609375 47407.1171875 36299.9453125 20909.115234375 12410.9140625 7401.46630859375 5369.2138671875 5287.72509765625 17376.48828125
nan nan nan nan nan nan nan nan nan nan nan nan nan nan nan 3023.500732421875 7563.77490234375 13470.619140625 26252.2890625 33871.85546875 38373.9453125 45584.25390625 57835.15234375 72710.3046875 65876.2890625 54442.578125 50309.6796875 39960.69921875 33263.1015625 35838.86328125 34249.1328125 41528.58203125 46747.59765625 46637.1015625 38048.109375 43558.49609375 56992.30078125 44064.4375 51148.9453125 58874.6484375 53155.328125 43315.34765625 48433.94921875 44866.74609375 39925.36328125 35974.06640625 34246.9140625 31464.625 21649.63671875 8838.056640625 3052.824462890625 7624.4228515625 14290.623046875 19262.9140625
nan nan nan nan nan nan nan nan nan nan nan nan nan nan nan 1430.1942138671875 9419.091796875 21303.93359375 30666.4609375 32694.8046875 37302.609375 51729.0859375 58878.78125 65022.96484375 56303.125 53331.60546875 42893.9765625 39023.1796875 28911.4453125 28862.208984375 37495.44140625 27587.17578125 36082.50390625 47823.421875 41314.21875 38505.49609375 35787.640625 49421.76171875 41286.20703125 47280.25390625 46972.42578125 46298.66796875 37504.4921875 30218.427734375 16151.20703125 24291.203125 27936.0234375 26584.21875 11131.3330078125 3084.62939453125 5174.96435546875 15001.2490234375 19786.490234375 32619.43359375
nan nan nan nan nan nan nan nan nan nan nan nan nan nan nan 775.16204833984375 12336.056640625 28720.384765625 28847.2109375 29511.076171875 42125.69921875 54854.703125 58989.8515625 56538.70703125 52368.92578125 48630.71875 48911.03125 38770.12109375 34100.296875 28791.642578125 31513.337890625 36961.28515625 33957.56640625 39000.15625 47179.4453125 32621.80859375 37144.8125 36053.2265625 47915.3359375 40604.859375 51784.43359375 36002.671875 26697.376953125 20183.759765625 14781.734375 14681.380859375 18162.375 12742.0810546875 4077.253173828125 5442.96044921875 12618.4248046875 14378.0986328125 24770.404296875 37582.078125
nan nan nan nan nan nan nan nan nan nan nan nan nan nan 775.16204833984375 17727.75390625 20495.900390625 28272.47265625 28051.703125 34592.4453125 46398.78515625 48742.046875 59002.87890625 60261.37109375 51277.51171875 47991.27734375 46484.3046875 44253.7578125 33984.82421875 31099.62890625 31060.775390625 32885.64453125 33528.19921875 35875.2890625 34537.4765625 35010.0078125 25000.564453125 32272.4140625 42505.16796875 44935.8515625 41220.109375 36568.62890625 31792.763671875 18369.6328125 14356.1611328125 6507.67431640625 7279.69482421875 3926.786865234375 2885.842529296875 8844.0009765625 11671.8291015625 16934.041015625 24689.779296875 39783.078125
nan nan nan nan nan nan nan nan nan nan nan nan nan nan 14309.8759765625 35928.2734375 40408.5546875 29650.25390625 32013.228515625 34800.0546875 43104.73828125 51871.9453125 64599.07421875 58778.79296875 57668.03125 45627.33984375 43076.22265625 31984.458984375 35579.34765625 31791.6875 28405.978515625 26727.26171875 28908.404296875 34245.6484375 29682.6953125 19869.91796875 26610.693359375 26364.1015625 39031.37890625 42639.46484375 53574.37109375 57305.34765625 34431.01953125 16869.361328125 8425.2607421875 5967.72314453125 2631.75341796875 2796.418212890625 5252.19482421875 5610.5576171875 8717.0498046875 13987.4345703125 26252.0546875 35345.23046875
nan nan nan nan nan nan nan nan nan nan nan nan nan 10000 28870.017578125 40091.1328125 53739.24609375 42907.48046875 29842.837890625 30577.833984375 38484.1484375 54368.5703125 59651.47265625 56769.02734375 48467.55078125 46692.81640625 39651.47265625 29655.916015625 22665.078125 28728.423828125 32003.583984375 29053.916015625 32414.642578125 32418.021484375 24042.697265625 21154.22265625 26416.447265625 33676.86328125 36115.609375 49022.18359375 64987.65234375 57974.87109375 40970.33203125 20273.3828125 9069.01953125 1250.08984375 nan nan 2796.418212890625 4856.3046875 5214.66748046875 9109.4072265625 11342.0380859375 30612.818359375
nan nan nan nan nan nan nan nan nan nan nan nan nan 14891.3486328125 33616.44921875 43325.82421875 45956.17578125 43405.640625 31848.3125 29556.900390625 33769.3125 48057.5859375 48855.0625 48572.078125 46587.65234375 45609.25390625 43844.01171875 35557 30590.677734375 29380.16015625 34494.77734375 48491.8515625 51464.01171875 38067.7265625 29426.3359375 25982.173828125 28707.98828125 33691.984375 38051.9609375 49191.74609375 57091.05859375 51549.62109375 34893.62109375 19793.80859375 3990.5478515625 nan nan nan nan 2400.528076171875 2455.77685546875 268.938323974609375 3095.19970703125 15166.68359375
nan nan nan nan nan nan nan nan nan nan nan nan 4891.3486328125 8654.892578125 26726.33203125 44907.2109375 43051.7890625 35299.14453125 33288.99609375 31350.11328125 39019.59765625 41268.72265625 39914.8359375 40165.72265625 42580.83203125 43412.90625 45394.8515625 48404.43359375 42849.34375 35460.98828125 45023.6328125 57234.96484375 57685.30859375 46208.578125 36136.91796875 31725.251953125 25130.263671875 24069.39453125 30069.619140625 38186.78125 43123.52734375 40405.359375 23829.5859375 5746.5107421875 nan nan nan nan nan nan nan nan nan 3095.19970703125
nan nan nan nan nan nan nan nan nan nan nan nan 3051.567626953125 14251.3671875 15462.716796875 44123.328125 47498.6640625 36890.55078125 33465.14453125 44301.5 42910.19140625 37680.86328125 29125.18359375 38873.984375 31958.693359375 40407.02734375 52860.50390625 50617.12890625 41151 42638.0390625 50579 49793.85546875 50057.1875 53119.23046875 30595.787109375 17381.05078125 21653.15234375 25639.70703125 29721.8046875 19257.470703125 29344.7890625 25183.791015625 19532.427734375 4017.67626953125 nan nan nan nan nan nan nan nan nan nan
