ForecastVariables/BuildingFootprint_Total_500m/BuildingFootprintFocal_Random2.asc
ncols        529
nrows        344
xllcorner    2700.000000000000
yllcorner    15900.000000000000
cellsize     100.000000000000
NODATA_value  nan
[rows 192 to 215 of 344, columns 108 to 161 of 529]
nan nan nan nan nan nan nan nan nan nan nan nan nan nan nan nan nan nan nan nan nan nan nan nan nan nan nan nan nan nan nan nan nan nan nan nan nan nan nan nan nan 1037.396728515625 138.9022064208984375 nan 115.07134246826171875 2170.3701171875 4270.60205078125 4179.7802734375 7205.7900390625 10933.3662109375 14621.8955078125 18510.94140625 18566.416015625 17291.76953125
nan nan nan nan nan nan nan nan nan nan nan nan nan nan nan nan nan nan nan nan nan nan nan nan nan nan nan nan nan nan nan nan nan nan nan nan nan nan nan nan nan nan nan nan nan 115.07134246826171875 1162.1063232421875 936.29925537109375 1023.58258056640625 3854.84765625 5561.5732421875 7297.85986328125 7733.00537109375 6574.7861328125
nan nan nan nan nan nan nan nan nan nan nan nan nan nan nan nan nan nan nan nan nan nan nan nan nan nan nan nan nan nan nan nan nan nan nan nan nan nan nan nan nan nan nan nan nan nan nan nan nan nan 551.3724365234375 3068.95947265625 551.3724365234375 nan
nan nan nan 12.901362419128417969 nan 266.8131103515625 nan nan nan nan nan nan nan nan nan nan nan nan nan nan nan nan nan nan nan nan nan nan nan nan nan nan nan nan nan nan nan nan nan nan nan nan nan nan nan nan nan nan nan nan nan 551.3724365234375 nan nan
nan nan 12.901362419128417969 2267.69189453125 279.7144775390625 369.53009033203125 266.8131103515625 nan nan 934.3558349609375 nan nan nan nan nan nan nan nan nan nan nan nan nan nan nan nan nan nan nan nan nan nan nan nan nan nan nan nan nan nan nan nan nan nan nan nan nan nan nan nan nan nan nan nan
nan 12.901362419128417969 2635.564697265625 2534.5048828125 2637.221923828125 382.43145751953125 566.41009521484375 389.216400146484375 934.3558349609375 1884.5185546875 934.3558349609375 nan nan nan nan nan nan nan nan nan nan nan nan nan nan nan nan nan nan nan nan nan nan nan nan nan nan nan nan nan nan nan nan nan nan nan nan nan nan nan nan nan nan nan
523.9190673828125 2781.731689453125 3233.762939453125 2738.281494140625 2637.221923828125 2821.20068359375 936.6474609375 1386.0162353515625 2006.9217529296875 1884.5185546875 2959.18994140625 934.3558349609375 3422.17236328125 2908.16357421875 455.6751708984375 nan nan nan nan nan nan nan nan nan nan nan nan nan nan nan nan nan nan nan nan nan nan nan nan nan nan nan nan nan nan nan nan nan nan nan nan nan nan nan
1050.8603515625 1649.05859375 3379.93017578125 3233.762939453125 2922.26025390625 936.6474609375 699.4945068359375 1546.940185546875 2234.063232421875 3322.9736328125 2959.18994140625 5447.00634765625 6470.9267578125 7544.33349609375 4839.6845703125 455.6751708984375 nan 291.4451904296875 nan nan nan nan nan nan nan nan nan nan nan nan nan nan nan nan nan nan nan nan nan nan nan nan nan nan nan nan nan nan nan nan nan nan nan nan
1281.1859130859375 1649.05859375 3105.59130859375 4734.2744140625 1781.257080078125 849.818115234375 596.7774658203125 597.37872314453125 2666.713134765625 3243.236328125 5688.38671875 7545.59814453125 8759.595703125 9160.7705078125 9020.1796875 4839.6845703125 747.120361328125 291.4451904296875 291.4451904296875 nan nan nan nan nan nan nan nan nan nan nan nan nan nan nan nan nan nan nan nan nan nan nan nan nan nan nan nan nan nan nan nan nan nan nan
682.987548828125 2737.718505859375 3936.0166015625 4498.93603515625 4226.50146484375 3227.177978515625 2768.118896484375 641.8790283203125 284.046356201171875 2279.220458984375 1469.6485595703125 5637.1376953125 8705.0947265625 9160.7705078125 5738.59814453125 2981.288818359375 1767.291015625 291.4451904296875 291.4451904296875 291.4451904296875 692.89111328125 nan nan nan nan nan nan nan nan nan nan nan nan nan nan nan nan nan nan nan nan nan nan nan nan nan nan nan nan nan nan nan nan nan
1980.45166015625 2969.945556640625 4498.93603515625 5837.67041015625 7609.0625 8798.138671875 5247.5947265625 2505.045166015625 254.386260986328125 254.386260986328125 1328.45654296875 152.995574951171875 4321.0859375 5507.5595703125 2689.843505859375 1475.8458251953125 291.4451904296875 291.4451904296875 291.4451904296875 692.89111328125 2039.7420654296875 696.95623779296875 nan nan nan nan nan nan nan nan nan nan nan nan nan nan nan nan nan nan nan nan nan nan nan nan nan nan nan nan nan nan nan nan
nan 1611.1685791015625 4629.71875 7336.33544921875 8952.775390625 7598.4306640625 6677.80517578125 3961.04443359375 2202.658203125 253.785003662109375 12.404719352722167969 nan 365.227508544921875 982.959228515625 1700.482421875 nan nan 291.4451904296875 692.89111328125 2289.53173828125 4415.01611328125 8336.6748046875 697.34649658203125 nan nan nan nan nan nan nan nan nan nan nan nan nan nan nan nan nan nan nan nan nan nan nan nan nan nan nan nan nan nan nan
nan nan 1611.1685791015625 3953.014404296875 6260.83203125 6677.80517578125 4740.87255859375 2969.48046875 169.235504150390625 181.640228271484375 nan 224.63665771484375 224.63665771484375 224.63665771484375 224.63665771484375 224.63665771484375 nan nan 1596.6407470703125 5885.83349609375 17455.875 14311.115234375 8296.3779296875 1616.5810546875 3573.387939453125 1406.6041259765625 nan nan nan nan nan nan nan nan nan nan nan nan nan nan nan nan nan nan nan nan nan nan nan nan nan nan nan nan
nan nan nan 1110.180908203125 3774.10009765625 3657.40478515625 2969.48046875 169.235504150390625 169.235504150390625 nan nan nan 224.63665771484375 224.63665771484375 224.63665771484375 nan nan 249.789764404296875 3842.0263671875 18092.865234375 23571.78125 22663.55859375 14561.603515625 13617.6015625 7807.88427734375 4979.9921875 1406.6041259765625 nan nan nan nan nan nan nan nan nan nan nan nan nan nan nan nan nan nan nan nan nan nan nan nan nan nan nan
nan nan 955.54486083984375 1330.066162109375 1480.7054443359375 2260.53369140625 2537.267822265625 1263.64990234375 nan 725.10009765625 nan nan nan 224.63665771484375 nan nan nan 1221.0277099609375 8089.84375 15566.8427734375 26393.642578125 25217.6171875 25389.68359375 13575.4560546875 10376.775390625 9181.6376953125 5203.0185546875 1452.9356689453125 nan nan nan nan nan nan nan nan nan nan nan nan nan nan nan nan nan nan nan nan nan nan nan nan nan nan
2455.567138671875 nan 374.52130126953125 1480.7054443359375 1480.7054443359375 2911.7890625 3088.09423828125 2943.193115234375 1819.5145263671875 725.10009765625 725.10009765625 280.361846923828125 36.79528045654296875 nan nan 0.58203870058059692383 nan 120.8240966796875 3016.414794921875 13133.3984375 19921.525390625 22717.291015625 11532.248046875 10641.2080078125 14510.8798828125 13216.0849609375 6102.74658203125 2756.084716796875 46.331531524658203125 nan nan nan nan nan nan nan nan nan nan nan nan nan nan nan nan nan nan nan nan nan nan nan nan nan
3570.157958984375 497.071380615234375 nan 374.52130126953125 2911.7890625 3088.09423828125 2980.628662109375 3555.08935546875 3517.65380859375 1819.5145263671875 1907.9288330078125 1469.27392578125 1544.9219970703125 591.216552734375 164.1237640380859375 1313.3695068359375 235.709625244140625 512.89703369140625 3262.99560546875 6728.466796875 13487.0693359375 9718.16796875 5349.2646484375 9956.8857421875 15196.576171875 18129.65625 18640.501953125 8730.3642578125 5765.787109375 51.8997650146484375 nan nan nan nan nan nan nan nan nan nan nan nan nan nan nan nan nan nan nan nan nan nan nan nan
5738.361328125 2807.032470703125 497.071380615234375 nan 411.956787109375 1886.214111328125 2829.9892578125 2829.9892578125 2124.005859375 2174.984619140625 2371.74072265625 3253.61083984375 2662.74267578125 2884.205078125 2695.448486328125 3045.7802734375 2504.819580078125 2938.1669921875 6225.671875 5087.484375 5386.61474609375 5357.1904296875 5662.65234375 9236.6396484375 17120.619140625 28270.1484375 32335.3671875 31991.62890625 12177.4453125 5775.72021484375 5.5682349205017089844 nan nan nan nan nan nan nan nan nan nan nan nan nan nan nan nan nan nan nan nan nan nan nan
7015.73291015625 5738.361328125 2309.961181640625 nan nan 37.435489654541015625 1735.5748291015625 1398.9056396484375 1169.522705078125 2054.583740234375 3216.8154296875 4009.364501953125 4728.6943359375 5106.76904296875 7586.2666015625 5152.84375 5484.3544921875 6380.27197265625 5175.56298828125 6217.7666015625 4583.7431640625 2250.486572265625 426.826324462890625 8756.9150390625 23015.083984375 32580.763671875 44080.1640625 40300.5234375 34974.51171875 10762.697265625 3288.99365234375 742.2674560546875 nan nan nan nan nan nan nan nan nan nan nan nan nan nan nan nan nan nan nan nan nan nan
7270.15087890625 6559.048828125 2880.358642578125 nan nan nan 37.435489654541015625 267.05572509765625 nan 1281.6719970703125 2068.185302734375 4163.5791015625 4074.594482421875 6561.2626953125 7072.7119140625 11337.9052734375 9751.81640625 6245.42138671875 4840.26220703125 4654.6513671875 4062.466796875 nan 666.0965576171875 2252.08349609375 14829.482421875 34750.0703125 41184.1484375 48213.79296875 33793.04296875 28494.625 5727.0888671875 1098.4713134765625 1794.397216796875 nan 1275.654052734375 772.057861328125 nan nan nan nan nan nan nan nan nan nan nan nan nan nan nan nan nan nan
8507.138671875 4503.505859375 1368.729248046875 nan nan nan nan nan nan 223.113677978515625 2720.756103515625 1425.0106201171875 4063.974853515625 3641.24169921875 8354.888671875 15170.7353515625 13643.9326171875 6242.83984375 3876.034423828125 2237.97802734375 nan nan nan 1881.05224609375 5613.74462890625 17542.4453125 40464.96875 39696.5078125 40245.6328125 22334.33203125 15099.3359375 5945.6220703125 5068.6923828125 5325.599609375 3768.1455078125 4870.60986328125 1555.15380859375 nan nan nan nan nan nan nan nan nan nan nan nan nan nan nan nan nan
5094.53662109375 1623.14697265625 345.7752685546875 91.357513427734375 nan nan nan nan 158.164031982421875 1374.134521484375 1573.6834716796875 1952.8885498046875 621.17303466796875 6222.2685546875 11837.857421875 15270.005859375 13096.5615234375 9761.57421875 4551.15283203125 nan nan nan 465.558441162109375 465.558441162109375 3499.485107421875 12426.431640625 21789.056640625 37884.5234375 30749.466796875 23160.716796875 15740.849609375 12124.7587890625 10935.8994140625 14956.4697265625 11743.08203125 8492.771484375 7546.12744140625 5349.2099609375 nan nan nan nan nan nan nan nan nan nan nan nan nan nan nan nan
2481.515625 345.7752685546875 91.357513427734375 nan nan nan nan nan 1091.2774658203125 1384.040771484375 1508.7337646484375 1573.6834716796875 1350.5697021484375 3432.7041015625 11490.380859375 12418.1181640625 12290.9296875 8326.7177734375 2717.822509765625 nan 329.2587890625 6314.5146484375 509.970184326171875 1225.3917236328125 2566.4521484375 8750.6083984375 18207.171875 23255.609375 26937.81640625 19749.7890625 14811.2529296875 13882.1669921875 16211.8818359375 22081.7421875 20976.5625 15376.9873046875 14615.63671875 10848.9873046875 7462.4892578125 450.2772216796875 nan nan nan nan nan nan nan nan nan nan nan nan nan nan
254.4177703857421875 91.357513427734375 nan nan 2775.180419921875 2208.01025390625 nan nan nan 1091.2774658203125 1384.040771484375 1350.5697021484375 134.5992889404296875 nan 3298.104736328125 9977.7548828125 8326.7177734375 2717.822509765625 nan 329.2587890625 6643.7734375 7652.52880859375 6994.67431640625 1190.5887451171875 5138.5361328125 8572.890625 14106.2978515625 17201.423828125 17790.462890625 16721.46875 10573.248046875 13606.900390625 18985.62890625 18420.248046875 20967.66796875 23662.708984375 17383.755859375 15123.4892578125 12268.3623046875 7129.67041015625 450.2772216796875 nan nan nan nan nan nan nan nan nan nan nan nan nan
