Input_PredictorVariables/BuildingFootprint_focal.asc
ncols        529
nrows        344
xllcorner    2700.000000000000
yllcorner    15900.000000000000
cellsize     100.000000000000
NODATA_value  0
[rows 216 to 239 of 344, columns 220 to 274 of 529]
18962.8125 9778.9111328125 8856.2705078125 22336.39453125 31639.19921875 33797.9375 31021.6015625 32752.0390625 33157.94921875 26457.46484375 14809.962890625 7554.2421875 3367.05615234375 855.3455810546875 1602.5548095703125 6152.9052734375 12357.7099609375 18839.1875 25774.025390625 29943.166015625 23972.6796875 22969.1640625 22042.966796875 29287.708984375 34041.640625 27435.27734375 19464.056640625 20117.34765625 16291.66015625 12851.61328125 8437.525390625 7937.349609375 7968.85791015625 10365.283203125 20786.607421875 34070.9921875 32912.78125 32220.015625 33328.83203125 33018.78125 35789.8515625 46319.71875 48175.71875 52480.94140625 56699.0625 56539.1015625 59988.80078125 46500.8203125 36731.63671875 37227.03125 26682.2265625 14140.9970703125 5899.35400390625 2578.728759765625 12320.6611328125
21275.216796875 15156.3984375 16563.75 21509.416015625 29622.736328125 34039.76171875 33331.5 33509.453125 32990.99609375 25785.51953125 16810.056640625 9166.27734375 4512.40673828125 1344.4957275390625 27.233425140380859375 51.85753631591796875 5670.509765625 12490.3505859375 19517.658203125 21851.76171875 25243.623046875 17355.28515625 16721.19140625 25607.330078125 32678.576171875 24776.107421875 22932.7578125 15888.271484375 21602.6484375 14969.71875 5172.15283203125 2061.557373046875 4640.5380859375 8047.08544921875 13080.36328125 18146.283203125 23570.5625 22993.283203125 20197.4375 22830.916015625 32961.9453125 38341.0078125 43260.97265625 49793.45703125 52826.71484375 53100.98828125 54467.62109375 43927.8515625 31460.8671875 23067.478515625 16980.89453125 10083.5751953125 3534.638916015625 0 1069.0037841796875
21949.8359375 20819.69921875 18940.763671875 24152.44921875 27699.513671875 30190.181640625 32217.0390625 31696.642578125 26176.119140625 22708.087890625 16013.67578125 8946.8681640625 3425.6787109375 1399.980712890625 929.26959228515625 302.752227783203125 880.54522705078125 10202.013671875 12103.3779296875 20229.548828125 19652.2578125 18347.26953125 17521.71875 19065.8984375 26115.857421875 27637.6015625 22909.6015625 30779.552734375 30922.546875 23847.08203125 14868.2744140625 2945.47998046875 4672.802734375 9467.22265625 15459.376953125 13271.322265625 18748.087890625 16906.00390625 18815.701171875 22375.08203125 27521.970703125 30224.07421875 34435.01953125 43483.35546875 40942.14453125 42612.6640625 37361.5078125 30193.75 22325.2890625 10168.37109375 9322.65625 4916.36767578125 17.732339859008789062 0 0
16820.97265625 11941.1787109375 14059.970703125 17238.16015625 22928.025390625 22188.830078125 23860.986328125 24220.515625 22593.46484375 21336.759765625 16978.5078125 7712.15771484375 3644.32666015625 2967.27978515625 947.84368896484375 397.8465576171875 2753.91748046875 5439.1025390625 12862.798828125 13999.2763671875 17502.69921875 17618.6484375 19982.94921875 19776.43359375 22206.330078125 25816.92578125 40712.48046875 47864.21875 41342.6328125 32935.57421875 23700.6015625 14086.6220703125 7145.40234375 14120.5625 17851.2890625 21470.013671875 18480.173828125 19506.267578125 17934 22534.35546875 20035.92578125 21917.7578125 31321.4453125 26299.255859375 25315.32421875 24047.447265625 20415.091796875 18496.8046875 10222.6806640625 3821.81591796875 5021.0849609375 17.732339859008789062 0 0 0
9098.0087890625 8158.14794921875 5922.43603515625 9612.21875 11754.1884765625 16764.958984375 17883.818359375 19017.37109375 20582.16015625 21466.6796875 18457.46875 16874.99609375 8383.3583984375 2206.815673828125 1025.1114501953125 1453.7757568359375 2787.049560546875 4263.45361328125 6451.61669921875 12767.9921875 14012.630859375 14305.9970703125 16735.96484375 19290.630859375 18486.435546875 36854.1875 50769.421875 49245.98828125 45503.20703125 38923.6796875 25000.994140625 12980.0615234375 15692.7626953125 14719.509765625 20615.173828125 24250.75 23601.88671875 20448.423828125 20520.958984375 18313.96484375 16271.78125 18382.123046875 16803.109375 17584.07421875 12353.3662109375 11758.3740234375 10525.19140625 11536.294921875 10753.8203125 5382.50927734375 17.732339859008789062 0 0 0 0
1549.541259765625 1915.797607421875 2702.47265625 2461.282470703125 4790.08349609375 7630.77587890625 10075.31640625 13550.19921875 18862.140625 19530.994140625 18125.341796875 18311.146484375 14521.236328125 4561.740234375 855.1358642578125 1600.5765380859375 4028.3232421875 3536.3505859375 5697.69189453125 6073.52294921875 11534.0517578125 11593.78125 9842.7958984375 15205.0009765625 28684.505859375 38049.0703125 48657.41796875 41606.0859375 41261.890625 29087.287109375 7873.05712890625 5389.7763671875 5407.3623046875 12189.640625 12252.5888671875 13857.1552734375 10856.28125 14124.6806640625 13280.796875 7947.173828125 5770.8955078125 6927.1689453125 9740.0556640625 8706.26171875 6754.751953125 4028.3076171875 8783.126953125 10989.4228515625 11950.3837890625 9806.64453125 3071.33642578125 0 0 0 0
0 21.364748001098632812 452.18463134765625 1088.271240234375 874.701904296875 2142.325927734375 4330.8662109375 5858.93994140625 8893.1611328125 16594.4140625 18155.9375 15327.5947265625 10607.8935546875 6444.978515625 2076.034423828125 1761.975341796875 3463.654052734375 5598.10791015625 4144.14697265625 4228.67822265625 6992.81005859375 8503.6875 8792.7685546875 14461.244140625 24480.265625 32482.470703125 38046.23046875 42903.90234375 23323.326171875 3584.391845703125 3503.1220703125 0 1886.6541748046875 3520.708251953125 6782.27783203125 1949.6029052734375 5125.2744140625 3781.40380859375 5125.25341796875 1760.0186767578125 0 2863.8583984375 3570.043701171875 4756.99169921875 47.98802947998046875 1182.7779541015625 7918.0859375 11003.20703125 11003.20703125 7902.43310546875 3634.53369140625 0 0 0 0
0 0 21.364748001098632812 2153.032958984375 3052.402099609375 1180.7139892578125 3946.41455078125 5310.18505859375 5730.77490234375 8118.5009765625 16482.431640625 14816.767578125 11724.80078125 6778.98876953125 4935.021484375 2449.205810546875 3562.557861328125 5572.298828125 4908.21728515625 4620.67333984375 5983.41259765625 8109.6640625 7533.4658203125 7312.64306640625 16732.671875 24663.505859375 30342.4453125 20990.33984375 7401.24267578125 1083.721435546875 0 0 0 0 0 0 0 0 0 0 0 0 1430.9071044921875 47.98802947998046875 0 0 1196.5628662109375 7931.87109375 7902.43310546875 3648.318603515625 13.784962654113769531 0 0 0 0
0 0 1978.5487060546875 6763.3857421875 8309.66015625 7493.5986328125 5748.79248046875 10380.60546875 9694.1484375 11205.458984375 11449.5888671875 18158.12109375 15460.998046875 13306.9609375 7036.69677734375 3925.916015625 4746.39404296875 7186.4248046875 5000.98095703125 5708.46337890625 5567.013671875 8580.9013671875 8527.0869140625 5830.8515625 4248.63330078125 16361.5380859375 15824.4990234375 7191.48291015625 1083.721435546875 0 0 0 0 0 0 0 0 0 0 0 0 0 0 0 0 0 0 1196.5628662109375 3648.318603515625 13.784962654113769531 0 0 0 0 0
0 3978.50830078125 6823.72265625 10042.095703125 13726.6708984375 15021.6083984375 15713.6376953125 15398.42578125 15745.7451171875 14354.7509765625 18048.439453125 22546.88671875 27000.63671875 19395.21484375 14496.4560546875 8548.62890625 11737.81640625 9631.0888671875 9955.5859375 6271.77294921875 8345.6279296875 9060.5380859375 8856.119140625 7337.6181640625 8940.3701171875 7187.59912109375 8311.345703125 2271.4521484375 0 0 0 0 0 0 0 0 0 0 0 0 0 0 0 0 0 0 0 0 13.784962654113769531 0 0 0 0 0 0
1999.95947265625 5098.18896484375 8485.880859375 10448.1591796875 13512.5966796875 16946.029296875 15503.08984375 14574.7685546875 13450.87109375 17471.931640625 17148.666015625 24286.24609375 28034.41796875 28259.189453125 18341.2578125 17676.3515625 19782.119140625 19868.94921875 19146.14453125 12556.654296875 9271.2705078125 9279.779296875 8075.69140625 16828.38671875 14905.9208984375 10908.0107421875 6013.572265625 2575.81396484375 1187.7308349609375 0 0 0 0 0 0 0 0 0 0 0 0 0 0 0 0 0 0 0 0 0 0 0 0 0 0
3380.552490234375 4118.96826171875 6265.89990234375 9907.2451171875 9536.1708984375 7917.77197265625 10027.4501953125 9027.0517578125 10461.009765625 9503.6142578125 13934.0009765625 17642.93359375 25166.228515625 23186.076171875 21384.330078125 21399.09375 26160.724609375 31108.650390625 33425.328125 16101.3544921875 9034.869140625 7227.95263671875 14761.544921875 15631.5732421875 14815.9208984375 11158.4453125 9958.990234375 4552.38623046875 0 0 0 0 0 0 0 0 0 0 0 0 0 0 0 0 0 0 0 0 0 0 0 0 0 0 0
4052.06494140625 4549.65283203125 4401.46630859375 4265.9404296875 4114.6005859375 2525.94140625 3309.89599609375 6142.9189453125 6210.8759765625 4531.48583984375 6334.580078125 13559.494140625 14252.0654296875 15188.662109375 16494.79296875 19133.048828125 26483.779296875 39506.55859375 33722.75390625 24319.642578125 9686.8525390625 8509.263671875 7389.9755859375 9990.0791015625 12642.5185546875 13279.8720703125 5001.111328125 0 0 0 0 0 0 0 0 0 0 0 0 0 0 0 0 0 0 0 0 0 0 0 0 0 0 0 0
1939.8116455078125 4453.15283203125 2534.89501953125 1035.712158203125 639.5306396484375 1215.91162109375 730.3074951171875 4093.689208984375 4621.62109375 4496.40966796875 3808.5791015625 4628.18115234375 6644.83740234375 6488.318359375 6584.09130859375 7631.7919921875 23202.794921875 30784.162109375 26010.662109375 18920.298828125 10060.1904296875 346.278411865234375 4059.887451171875 5186.23974609375 8527.1328125 3813.38037109375 0 0 0 0 324.796875 983.28472900390625 4.9481825828552246094 0 0 0 0 0 0 0 0 0 0 0 0 0 0 0 0 0 0 0 0 0 0
358.4219970703125 1925.01318359375 1169.1004638671875 415.886474609375 0 125.728271484375 813.5587158203125 1264.329833984375 2948.721435546875 4470.04150390625 2810.9736328125 589.8143310546875 782.39141845703125 2423.94189453125 1186.5341796875 2059.73779296875 8800.4423828125 16132.201171875 18872.369140625 11663.9169921875 1343.22119140625 62.59143829345703125 0 4059.887451171875 448.724853515625 0 0 0 0 1931.1461181640625 1717.197998046875 3483.741455078125 1762.5535888671875 4.9481825828552246094 0 0 0 0 0 0 0 0 0 0 0 0 0 0 0 0 0 0 0 0 0
133.38824462890625 358.4219970703125 415.886474609375 0 0 18.993778228759765625 125.728271484375 813.5587158203125 1112.7503662109375 2220.642578125 589.8143310546875 0 0 197.475799560546875 1554.888671875 1816.450927734375 2331.916015625 3949.049072265625 11363.6240234375 2388.092529296875 87.4451446533203125 0 0 0 0 0 0 0 1931.1461181640625 3323.54736328125 5845.09912109375 6097.4111328125 5598.83837890625 1781.6888427734375 4.9481825828552246094 0 0 0 0 0 0 0 0 0 0 0 0 0 0 0 0 0 0 0 0
0 133.38824462890625 0 0 554.0560302734375 1013.54486083984375 468.72442626953125 125.728271484375 536.25091552734375 0 0 0 560.44329833984375 2701.8466796875 3557.151611328125 4050.031005859375 5037.13232421875 3901.2509765625 3479.126708984375 87.4451446533203125 300.1026611328125 0 0 0 0 0 0 1606.3492431640625 2129.3984375 6397.6240234375 8772.39453125 9390.4287109375 7132.52587890625 4309.89208984375 793.4559326171875 0 0 0 0 0 0 0 0 0 0 0 0 0 0 0 0 0 0 0 0
0 0 0 554.0560302734375 1548.607177734375 2022.8575439453125 2907.3671875 1003.02154541015625 99.07147216796875 0 0 560.44329833984375 3131.252197265625 7261.81640625 10156.6796875 13720.6162109375 9653.779296875 11608.8798828125 8843.0634765625 2685.01611328125 1272.3519287109375 300.1026611328125 0 0 0 0 0 113.9326629638671875 5745.44482421875 10061.5361328125 12678.396484375 11193.4462890625 6086.0166015625 3564.46484375 1359.9117431640625 19.135343551635742188 0 0 0 0 0 0 0 0 0 0 0 0 0 0 0 0 0 0 0
0 0 535.062255859375 1529.61328125 2022.8575439453125 3472.5224609375 5861.84130859375 5818.2958984375 3367.94921875 99.071502685546875 429.405426025390625 2087.182861328125 6121.990234375 12012.2158203125 21300.806640625 21500.12890625 22605.83984375 22761.92578125 24869.064453125 14693.337890625 8135.1533203125 3187.802490234375 300.1026611328125 0 0 0 113.9326629638671875 3799.911376953125 10020.73046875 14614.7607421875 16211.0048828125 17667.5625 7284.44140625 1359.9117431640625 19.135343551635742188 0 0 0 0 483.62921142578125 0 0 0 0 0 0 0 0 0 0 0 0 0 0 0
0 0 0 559.58209228515625 3003.798095703125 5867.41455078125 8501.7509765625 8993.7099609375 6658.8642578125 3326.35546875 135.180694580078125 2119.10546875 6414.1767578125 14709.392578125 19411.91796875 26444.3203125 32916.9375 43490.89453125 36847.625 33470.15234375 24082.9609375 11583.4970703125 2922.438720703125 0 0 0 2145.220703125 7758.9892578125 13553.8076171875 19248.53515625 22265.31640625 20365.0625 13315.033203125 6613.83203125 236.7688446044921875 0 0 0 822.66534423828125 1206.28662109375 483.62921142578125 0 0 0 0 0 0 0 0 0 0 0 0 0 0
0 0 0 5.5733447074890136719 2425.750244140625 7418.65185546875 9692.978515625 9317.7998046875 7483.50439453125 5139.7587890625 4106.55810546875 1303.252685546875 3476.58154296875 8576.6708984375 19254.39453125 22925.693359375 38099.54296875 51727.3671875 58891.3203125 51552.58203125 39310.4140625 24257.9765625 13393.927734375 1954.507568359375 0 6.7073626518249511719 1618.9781494140625 5229.47802734375 11212.4345703125 19818.427734375 22079.0390625 17714.267578125 17002.66796875 10511.5634765625 5759.328125 2750.044921875 0 822.66534423828125 1545.32275390625 1545.32275390625 1206.28662109375 483.62921142578125 0 0 0 0 0 0 0 0 0 0 0 0 0
0 0 0 0 798.34051513671875 2683.455078125 6399.5810546875 8177.2001953125 5965.369140625 4085.486083984375 3750.97509765625 5054.79833984375 3025.27587890625 6762.50439453125 13852.939453125 26806.9453125 33636.546875 51281.55859375 67541.390625 69277.859375 50640.4765625 34008.13671875 22819.28515625 7956.4453125 39.05704498291015625 0 6.7073626518249511719 1618.9781494140625 5289.43017578125 11239.8466796875 14721.982421875 17062.619140625 12798.1298828125 10321.18359375 10607.845703125 8272.6044921875 3089.0810546875 1061.693603515625 1545.32275390625 1545.32275390625 1545.32275390625 722.657470703125 0 0 0 0 0 0 0 0 0 0 0 0 0
0 0 0 0 0 798.34051513671875 2653.362060546875 3173.310546875 4154.4384765625 3783.818359375 5680.81298828125 6921.265625 11558.8896484375 10235.740234375 10798.638671875 21530.732421875 36032.015625 47589.40234375 62802.6328125 65735.0390625 56248.55859375 43784.140625 25085.388671875 15602.7060546875 4954.32470703125 1054.816650390625 0 6.7073626518249511719 1612.270751953125 1531.9385986328125 4268.0244140625 8958.9501953125 10084.4140625 10607.845703125 8745.08984375 5142.67919921875 4433.42431640625 2852.312255859375 1061.693603515625 1545.32275390625 722.657470703125 0 0 0 0 0 0 0 0 0 0 0 0 0 0
0 0 0 0 0 0 861.719482421875 68.9523162841796875 731.0760498046875 4364.0439453125 6678.1689453125 8646.5380859375 8374.3681640625 12991.4951171875 14007.060546875 15600.3818359375 23344.16015625 40401.4296875 51532.1328125 45892.578125 50863.421875 44758.03515625 28463.8203125 17877.40625 9035.3662109375 2138.361328125 1050.49853515625 0 0 0 59.951873779296875 2226.614013671875 2335.2412109375 5995.044921875 5142.67919921875 4433.42431640625 2513.276123046875 0 339.0361328125 722.657470703125 0 0 0 0 0 616.15435791015625 3002.17138671875 2653.350830078125 1436.71826171875 5.2975564002990722656 0 0 0 0 0
