Input_PredictorVariables/BuildingFootprintMean_Focal.asc
ncols        529
nrows        344
xllcorner    2700.000000000000
yllcorner    15900.000000000000
cellsize     100.000000000000
NODATA_value  0
[rows 184 to 206 of 344, columns 265 to 317 of 529]
2527.412353515625 3351.268310546875 3432.611572265625 4059.402099609375 4588.63818359375 5109.94189453125 6636.75537109375 8527.3671875 9261.1181640625 9801.6025390625 9990.8662109375 7221.4560546875 7098.04638671875 6285.3515625 5548.73291015625 7041.69091796875 6836.66357421875 5465.31982421875 8983.580078125 8581.8583984375 10934.5341796875 6776.46240234375 8093.54638671875 9289.4765625 2876.0068359375 1072.2862548828125 513.22015380859375 1132.8526611328125 2599.408935546875 8525.6845703125 28707.677734375 59068.59375 97976.3046875 107981.5078125 87117.3984375 53039.140625 30908.255859375 8251.041015625 1481.02783203125 2707.239013671875 6873.12451171875 6543.0654296875 7186.13720703125 9321.0654296875 9185.46484375 4495.26123046875 3632.5703125 3959.6220703125 2930.623046875 3067.92138671875 3710.906005859375 6508.8984375 7980.77685546875
2731.027587890625 3479.866455078125 3973.18212890625 3840.451416015625 4022.210205078125 5797.63623046875 6661.02978515625 8733.083984375 10266.5068359375 12656.0029296875 12426.716796875 9691.400390625 5705.9873046875 5074.15234375 8419.8681640625 7594.09130859375 6767.123046875 7256.76953125 8176.8671875 10174.8955078125 10136.3232421875 10689.701171875 14723.58984375 9983.025390625 8654.4423828125 1435.4854736328125 248.84576416015625 501.921356201171875 1123.64599609375 6752.5859375 22689.607421875 57034.5390625 79763.578125 89781.828125 70238.0859375 50075.21484375 20332.884765625 5837.537109375 1011.67529296875 2866.109619140625 1390.958984375 6770.48095703125 10483.23828125 8948.76953125 5662.88037109375 4271.119140625 4546.00537109375 2901.272705078125 2705.757568359375 3079.1474609375 3437.417724609375 3410.0869140625 5930.71728515625
4893.146484375 4945.72314453125 4901.01220703125 4373.14404296875 5199.04345703125 5610.33935546875 9084.8271484375 10423.947265625 12138.9248046875 13310.720703125 13805.322265625 11110.0546875 7412.11328125 6305.78076171875 9489.47265625 8924.380859375 6382.5634765625 7614.1923828125 9755.8681640625 12614.8798828125 16174.3232421875 16465.21875 15414.2705078125 13416.099609375 8779.9931640625 7075.14892578125 612.3658447265625 0 381.054107666015625 772.62890625 15333.845703125 37037.16015625 58825.96484375 66654.5703125 54627.17578125 26872.03125 11636.291015625 6389.6279296875 5614.90576171875 2129.008544921875 2416.43603515625 5542.2412109375 11078.8408203125 8089.38427734375 5529.39453125 6114.1787109375 3691.87548828125 3527.784423828125 2870.20654296875 3156.7705078125 3346.5869140625 3243.7451171875 2781.489990234375
8576.1376953125 17012.796875 6680.494140625 8577.63671875 6479.50927734375 9522.0625 9790.2646484375 12552.1162109375 12033.5576171875 14298.6796875 12278.7998046875 13288.5908203125 9843.3193359375 12856.2255859375 10026.51171875 10243.2529296875 11275.4228515625 7487.646484375 13134.3818359375 19941.431640625 18679.25 15596.03515625 13803.3779296875 13015.564453125 10484.833984375 1642.5458984375 1204.8497314453125 324.8515625 0 1284.33203125 4439.90283203125 25219.28125 42936.47265625 49382.96484375 33353.74609375 19823.41796875 10911.66015625 8541.1826171875 2202.708984375 2232.501708984375 5534.7255859375 5948.90576171875 8730.1533203125 9407.1591796875 9546.404296875 5458.69384765625 4377.91162109375 3122.395751953125 3597.7294921875 3476.43701171875 3362.72509765625 3267.496337890625 2904.513671875
19349.70703125 18174.41015625 21766.41015625 10529.46875 13542.5048828125 13996.9326171875 14028.912109375 11672.966796875 13513.8046875 12873.3759765625 15331.3447265625 12711.1279296875 16176.0986328125 15097.5859375 14903.8974609375 16158.2373046875 11732.544921875 14859.884765625 19494.552734375 17573.357421875 15656.728515625 15370.8671875 11904.5078125 10214.0576171875 1521.6787109375 1281.6302490234375 401.632080078125 0 0 324.70001220703125 3120.583984375 15265.46484375 33122.31640625 27052.298828125 25212.82421875 18708.3125 11234.6103515625 3380.071044921875 1974.20263671875 2045.171142578125 2515.911376953125 6830.49609375 16700.3828125 15341.2548828125 7318.80224609375 5608.18115234375 3904.771728515625 3833.506103515625 3584.2314453125 3908.984130859375 3602.008056640625 3123.898193359375 2900.12109375
16860.27734375 22023.25390625 19033.509765625 20331.005859375 13604.1513671875 19338.619140625 16122.29296875 13883.34375 11315.5693359375 12897.88671875 13655.33984375 19755.306640625 17351.447265625 16626.53515625 20243.779296875 18359.0625 16522.12890625 13640.0087890625 14095.939453125 17146.171875 15174.77734375 8995.9326171875 4015.83447265625 776.438720703125 1433.386474609375 680.06988525390625 0 0 113.0745849609375 564.47705078125 726.073486328125 5239.994140625 16784.474609375 21274.650390625 15809.46484375 8848.1728515625 3480.649169921875 4416.5205078125 2112.95654296875 801.2989501953125 2483.006591796875 12837.2265625 20437.615234375 19195.044921875 11970.796875 5444.06787109375 4470.19921875 3582.00927734375 3644.282470703125 4131.0888671875 3968.487548828125 3319.705078125 2884.497802734375
19190.765625 16556.724609375 17944.11328125 13619.91015625 16980.681640625 14092.6865234375 16022.708984375 13534.359375 11366.2421875 10063.25 16535.462890625 15392.0390625 19981.04296875 17876.716796875 17824.3828125 12218.8330078125 11620.802734375 13294.3046875 8426.4111328125 9594.42578125 8590.447265625 626.25677490234375 626.25677490234375 476.6077880859375 814.6143798828125 851.6922607421875 278.43780517578125 113.0745849609375 699.30438232421875 2073.72021484375 1828.2713623046875 2574.230712890625 5357.9072265625 14125.9775390625 6169.28857421875 3067.302978515625 4305.82177734375 3584.6806640625 1945.1602783203125 760.908203125 8824.146484375 16713.197265625 18605.490234375 19044.826171875 17629.615234375 8273.6767578125 3287.22119140625 3572.085693359375 4484.876953125 4463.49267578125 4470.5244140625 3374.179443359375 2821.20947265625
7978.7548828125 19347.61328125 8073.533203125 12874.193359375 14064.9931640625 13781.3701171875 13605.1611328125 10276.861328125 8926.0009765625 14506.048828125 15358.138671875 17710.34375 13295.1923828125 16528.478515625 12520.513671875 11108.7783203125 14773.28125 4888.2744140625 5725.46923828125 2521.646240234375 0 449.94781494140625 476.6077880859375 737.8338623046875 1476.094970703125 1546.0648193359375 1139.0657958984375 1185.6932373046875 2075.927490234375 3454.70751953125 4413.05419921875 4741.5400390625 4738.00732421875 7286.93017578125 4701.24462890625 4248.48388671875 4438.44873046875 2030.7408447265625 2031.9844970703125 2798.536376953125 4141.390625 13798.205078125 19053.490234375 17930.298828125 8844.6943359375 4346.275390625 3021.357177734375 3564.099365234375 4136.27978515625 5931.43798828125 4519.49853515625 4308.822265625 3489.023193359375
10571.6162109375 11561.044921875 12270.966796875 8027.640625 10450.4521484375 18152.193359375 13261.2548828125 9650.490234375 11532.794921875 14035.494140625 15854.6640625 16628.830078125 16515.203125 13649.625 10572.8857421875 21219.6015625 13570.8740234375 16620.748046875 4166.9189453125 410.42236328125 387.1898193359375 416.6473388671875 488.8699951171875 1197.6571044921875 2150.450927734375 2645.3896484375 2061.264892578125 2994.5751953125 2787.855224609375 3762.53466796875 5152.001953125 5970.10498046875 6774.03515625 6154.0888671875 4781.193359375 3167.065185546875 3237.922607421875 2448.360107421875 2359.26171875 3041.851806640625 5540.513671875 6712.7177734375 14551.5341796875 10236.1181640625 4817.61376953125 2970.67822265625 2766.8935546875 2365.8369140625 4360.4853515625 5037.7216796875 5602.18603515625 4157.0947265625 4538.30908203125
12336.349609375 8410.8671875 9666.9013671875 10922.51953125 13808.447265625 14752.298828125 15220.5419921875 12261.615234375 12524.9091796875 13690.1015625 18625.921875 17117.619140625 16520.6328125 20342.7109375 29044.576171875 26403.251953125 26057.359375 21725.140625 18837.83984375 3942.796875 1108.0589599609375 1777.97021484375 973.98065185546875 1465.3465576171875 2669.217529296875 3266.8037109375 3761.87353515625 2645.3232421875 3503.95751953125 3802.63427734375 4065.56396484375 4476.99072265625 4922.11767578125 4724.83837890625 4284.9716796875 3769.411865234375 7470.36279296875 7555.591796875 840.96087646484375 2232.4638671875 4291.453125 5772.15185546875 5656.359375 4537.89990234375 2430.0703125 1904.0416259765625 959.43115234375 2157.0439453125 2723.6064453125 4312.28662109375 4393.19189453125 4516.62255859375 3427.553466796875
10274.9072265625 9455.6416015625 5457.22607421875 9248.0146484375 12630.4560546875 15172.8583984375 13267.677734375 15593.68359375 12121.763671875 18470.484375 24677.072265625 17533.880859375 19799.4765625 30142.40234375 43965.09765625 41693.40234375 36325.40625 27981.744140625 15877.162109375 11924.2255859375 4263.04345703125 2497.186767578125 2332.045654296875 1735.9666748046875 2173.378173828125 3856.18798828125 3820.0361328125 2784.962646484375 2232.37451171875 3860.134033203125 2889.969970703125 8188.96044921875 3602.9248046875 2531.6640625 3248.208251953125 10444.7392578125 21366.935546875 13734.5595703125 5703.427734375 840.96087646484375 2052.643310546875 3784.35546875 2470.845703125 916.0966796875 1136.7431640625 732.037109375 268.24517822265625 0 1610.1116943359375 1936.5087890625 2567.2509765625 1831.5899658203125 2069.327392578125
4611.537109375 5252.017578125 2809.196044921875 4228.01513671875 9835.779296875 12238.673828125 16799.888671875 11699.287109375 16296.65625 24515.349609375 25440.037109375 25166.90234375 26310.509765625 38405.26171875 45825.46875 45700.2578125 48637.9140625 27624.369140625 14897.3076171875 6694.14208984375 3479.919677734375 3822.20166015625 2043.4381103515625 1691.3935546875 1830.594482421875 2391.223876953125 2937.72900390625 3282.623779296875 2404.749755859375 2544.606201171875 9377.765625 15876.892578125 17348.833984375 5599.36474609375 10028.36328125 23332.62109375 24485.28125 22167.025390625 13447.0947265625 5638.32080078125 596.03326416015625 1129.3330078125 120.2682647705078125 291.19024658203125 112.966400146484375 268.24517822265625 0 0 0 1138.36669921875 259.01800537109375 605.62762451171875 625.20233154296875
9850.18359375 1368.862548828125 1985.45068359375 3768.055419921875 4779.30859375 12072.953125 16179.75 14444.41015625 20145.537109375 22860.328125 22148.068359375 22552.51953125 30898.4140625 38143.171875 47543.2109375 54232 42138.29296875 32143.607421875 12099.220703125 3747.15673828125 3653.122314453125 4693.7255859375 4997.30859375 595.67327880859375 796.4237060546875 1468.5565185546875 2028.1104736328125 4065.30908203125 3265.115234375 9227.2841796875 16951.912109375 26409.95703125 29824.802734375 21975.740234375 14364.3056640625 18781.853515625 24132.708984375 23254.232421875 14502.21875 1087.552978515625 0 0 0 0 0 0 0 0 0 0 0 0 0
12993.9697265625 14697.0712890625 4897.24169921875 2524.8818359375 10421.05078125 12123.29296875 14683.2333984375 16022.53125 17376.583984375 18586.912109375 19809.919921875 14822.5810546875 15393.26953125 37548.73828125 59758.37109375 62410.94140625 45683.0859375 33504.4765625 21549.9921875 5952.04345703125 6549.97265625 6009.447265625 7150.26806640625 3608.1806640625 343.8634033203125 1428.3060302734375 2145.4931640625 1881.24365234375 3131.548828125 10328.16015625 25325.125 30783.255859375 30219.953125 22962.919921875 14417.8408203125 13192.23046875 17550.8046875 14502.21875 1087.552978515625 0 0 0 27.066434860229492188 0 0 0 0 0 0 0 0 0 0
18016.3125 21959.34375 17646.0234375 11260.912109375 12289.9287109375 16342.6416015625 14512.5068359375 19822.44140625 19621.7734375 12520.201171875 12979.962890625 9714.669921875 25774.029296875 40990.69140625 57119.91796875 66443.7578125 61814.38671875 44186.58984375 20002.5703125 11666.890625 9618.83203125 14020.2626953125 8312.892578125 5163.02099609375 1528.880126953125 365.693939208984375 1794 1299.8419189453125 1387.085693359375 2197.40087890625 11238.55859375 26606.369140625 22962.919921875 15104.849609375 5559.5615234375 2431.0439453125 7776.34521484375 1087.552978515625 0 0 11.487728118896484375 162.112579345703125 419.732421875 27.066434860229492188 0 0 0 0 0 0 0 0 0
25343.740234375 23261.865234375 23513.779296875 16523.576171875 14476.7353515625 16760.7734375 25367.728515625 22307.5703125 14167.5712890625 12095.9228515625 7505.26513671875 14316.9248046875 35509.2734375 48519.00390625 54942.21875 55500.28515625 60791.578125 40036.9296875 24697.7734375 12868.58203125 14953.28515625 19962.974609375 13368.5302734375 5315.3388671875 2372.0244140625 0 365.693939208984375 1299.8419189453125 365.693939208984375 87.24376678466796875 871.20928955078125 9403.794921875 12663.3408203125 5559.5615234375 400.252349853515625 0 171.426422119140625 1711.5560302734375 0 11.487728118896484375 235.8695220947265625 581.16802978515625 554.778564453125 419.732421875 27.066434860229492188 0 0 0 0 0 0 0 0
24150.826171875 23542.66796875 20396.384765625 21440.759765625 13742.779296875 17731.0546875 20541.076171875 19927.884765625 16398.509765625 10448.6953125 13900.228515625 20425.560546875 24515.166015625 36434.43359375 44861.0625 45511.29296875 42685.3125 29249.158203125 13661.8671875 11759.49609375 14317.34375 17501.517578125 14231.03125 7177.05908203125 1092.21240234375 0 0 365.693939208984375 0 0 0 0 2717.80029296875 400.252349853515625 0 171.426422119140625 1882.982421875 2076.078369140625 1864.523681640625 208.8030853271484375 616.37078857421875 643.437255859375 581.16802978515625 554.778564453125 392.665985107421875 0 0 0 0 0 0 0 0
18268.70703125 23709.005859375 19604.263671875 14390.3583984375 20329.38671875 13163.4052734375 13980.5068359375 16633.478515625 17788.0078125 8469.8876953125 5789.9453125 14562.4033203125 21559.970703125 23592.951171875 25033.6484375 26902.4375 26973.705078125 22782.359375 9610.53515625 8210.21484375 12796.8046875 11132.986328125 11630.619140625 4742.9130859375 0 0 0 0 0 0 0 0 0 0 171.426422119140625 1882.982421875 2076.078369140625 2217.558349609375 2540.204345703125 1941.694580078125 223.7048187255859375 616.37078857421875 631.94952392578125 407.567718505859375 0 0 0 0 0 0 0 0 0
17508.892578125 21045.513671875 17522.66015625 15253.7626953125 11601.271484375 11497.5576171875 11800.51953125 11759.6611328125 10673.779296875 6891.037109375 4538.23779296875 6467.20654296875 13668.91015625 11784.5107421875 11410.7421875 14327.3017578125 19192.703125 16094.2939453125 11925.19921875 2169.88671875 6005.7294921875 8166.3828125 4742.9130859375 0 0 0 0 0 0 0 0 0 0 0 0 364.52239990234375 2217.558349609375 2477.93505859375 2428.974853515625 657.221923828125 230.1385498046875 212.2170867919921875 407.567718505859375 0 0 0 0 0 0 0 0 0 0
21212.296875 18636.525390625 18866.302734375 14778.5 9581.3232421875 10195.9638671875 9427.0224609375 10803.099609375 7740.85546875 8564.390625 8081.84619140625 4565.9697265625 6150.3984375 1302.4864501953125 662.88818359375 11549.591796875 16543.4765625 24875.984375 5906.3232421875 1768.4783935546875 912.36224365234375 3650.70068359375 931.663818359375 36.296405792236328125 0 0 0 0 0 0 0 0 0 0 0 0 624.8992919921875 2428.974853515625 717.41876220703125 524.32275390625 322.646087646484375 14.901726722717285156 0 0 0 0 0 0 0 0 0 0 0
19658.703125 20224.072265625 18614.826171875 12087.4794921875 11326.4228515625 8773.9990234375 9179.8408203125 12264.1611328125 13112.853515625 11499.671875 8062.8271484375 6966.81982421875 3780.55322265625 2041.2861328125 2036.7987060546875 5036.4384765625 28861.01171875 28578.310546875 19259.03515625 5414.50927734375 1678.58984375 1091.0936279296875 7091.93798828125 7792.615234375 2299.55810546875 0 0 0 0 0 0 0 0 0 0 0 122.4660491943359375 575.93890380859375 524.32275390625 382.8428955078125 122.4660491943359375 0 0 0 0 0 0 0 0 0 0 0 0
17454.75 19955.82421875 14200.5810546875 14804.953125 12141.74609375 13762.1435546875 13480.8671875 13613.8740234375 14767.7919921875 13469.2001953125 12247.990234375 6109.9287109375 3490.804931640625 629.7239990234375 2019.387939453125 19851.658203125 42203.6640625 39547.859375 33448.328125 16028.5048828125 4225.0732421875 8028.2265625 13966.51953125 19228.78125 14728.3017578125 2550.432373046875 0 0 0 0 0 0 0 0 0 0 113.92360687255859375 3772.88671875 382.8428955078125 122.4660491943359375 0 0 0 0 0 0 0 0 0 0 0 0 0
14844.904296875 14526.986328125 14138.7509765625 12747.810546875 13145.91015625 14729.115234375 16660.259765625 14819.8369140625 15019.8642578125 15176.5478515625 13494.37890625 7133.04833984375 1073.880859375 886.44537353515625 7994.90771484375 36512.61328125 52999.5 51496.0625 41184.2265625 20253.78515625 9296.9501953125 14060.4697265625 19375.005859375 24756.19921875 23348.728515625 14122.8388671875 2606.87939453125 2107.9931640625 0 0 0 0 0 0 0 113.92360687255859375 4051.515869140625 4656.796875 3772.88671875 0 0 0 0 0 0 0 0 0 0 0 0 0 0
