Input_PredictorVariables/BuildingFootprintMean_Focal.asc
ncols        529
nrows        344
xllcorner    2700.000000000000
yllcorner    15900.000000000000
cellsize     100.000000000000
NODATA_value  0
[rows 92 to 114 of 344, columns 159 to 211 of 529]
0 0 12.751261711120605469 398.707183837890625 456.81341552734375 591.93157958984375 1292.1029052734375 195.7491455078125 1871.008544921875 3175.361328125 6107.4345703125 8552.525390625 10761.5498046875 13131.1435546875 10183.7841796875 7782.22705078125 8168.50341796875 11016.0751953125 8758.884765625 14692.2880859375 9081.748046875 10274.61328125 7528.52099609375 7034.11279296875 6766.6435546875 6491.06494140625 6884.90380859375 5002.7666015625 2835.041259765625 702.10125732421875 0 0 0 0 0 0 0 0 0 0 0 0 0 0 0 0 0 0 0 0 0 0 0
288.936767578125 0 0 195.3758087158203125 1220.416259765625 6777.4677734375 6261.5712890625 2186.50048828125 2087.922119140625 3607.13232421875 5992.48291015625 10048.94140625 12008.1494140625 10626.1416015625 9169.6279296875 8880.359375 10788.9345703125 8669.25 11253.7333984375 9768.650390625 11841.404296875 9453.1484375 8663.693359375 8173.7568359375 6859.11328125 7318.30712890625 6068.326171875 5232.263671875 2401.904296875 871.630615234375 0 0 0 0 0 0 0 0 0 0 0 0 0 0 0 0 0 0 0 0 0 0 0
1511.826171875 612.37786865234375 924.92919921875 3477.605712890625 8355.3330078125 16328.8359375 11386.626953125 9943.8056640625 3098.587646484375 3726.343994140625 5793.3984375 6366.28076171875 13783.4833984375 8709.4755859375 8425.958984375 12982.359375 8175.423828125 9582.5439453125 9663.9775390625 13600.70703125 10539.6728515625 10108.43359375 9808.2958984375 8190.99072265625 7700.76025390625 6722.82373046875 7354.6953125 7591.68359375 2676.47509765625 415.0531005859375 0 0 0 0 0 0 0 0 0 0 0 0 0 0 0 0 0 0 0 0 0 0 0
2691.713134765625 3050.427978515625 4405.72265625 10532.8447265625 18694.76171875 18953.58203125 20405.814453125 16339.2724609375 8498.8857421875 2785.60546875 4069.489990234375 8449.37109375 10553.8544921875 11476.94140625 11150.5078125 10641.177734375 12107.08203125 7813.79052734375 10023.4951171875 8576.30078125 11216.4814453125 10256.0361328125 8822.8115234375 7389.7333984375 8650.544921875 9227.3798828125 8667.72265625 8206.2001953125 4822.6484375 1650.5311279296875 415.0531005859375 0 0 0 0 0 0 0 0 0 0 0 0 0 0 0 0 0 0 0 0 0 0
6029.2607421875 5976.49072265625 7492.19873046875 11847.080078125 17734.39453125 24614.623046875 24493.279296875 16367.6162109375 6305.861328125 5258.04638671875 5242.8701171875 7797.71484375 10149.4921875 13790.26953125 14255.216796875 11022.125 9999.5556640625 11643.9169921875 5534.54248046875 7193.18603515625 8923.80078125 9706.0966796875 7587.66845703125 7743.5712890625 8433.5029296875 10120.015625 9881.537109375 12866.6572265625 8168.0107421875 2595.860595703125 13.522645950317382812 0 0 0 0 0 0 0 0 0 0 0 0 0 0 0 0 0 0 0 0 0 0
6008.43310546875 6914.44287109375 7859.5849609375 10400.2802734375 15314.9443359375 19159.8671875 18880.51953125 9055.78125 8255.326171875 4478.09765625 2469.493896484375 7079.546875 10556.2705078125 11299.6689453125 11422.0263671875 10913.9130859375 10158.4580078125 6227.0830078125 5326.25732421875 5704.62890625 7646.91064453125 7654.29150390625 7281.6240234375 9090.232421875 7522.93701171875 8593.3212890625 14039.0048828125 14744.1845703125 13159.0166015625 3693.921142578125 0 0 0 0 0 0 0 0 0 0 0 0 0 0 0 0 0 0 0 0 0 0 0
6940.36474609375 6744.31494140625 8555.0263671875 10086.267578125 9513.947265625 11640.7998046875 8848.1337890625 10940.830078125 5740.81494140625 3353.328125 4382.673828125 5621.55859375 15726.08984375 7924.2431640625 8052.87548828125 10869.0234375 7684.20654296875 6048.2578125 4928.12744140625 5978.30224609375 6013.98974609375 7102.18896484375 8905.080078125 8043.6875 8752.7685546875 11775.17578125 13735.1767578125 15330.5576171875 11503.400390625 9303.400390625 2680.07958984375 0 0 0 0 0 0 0 0 0 0 0 0 0 0 0 0 0 0 0 0 0 0
7430.70751953125 7728.04833984375 7966.837890625 9723.2607421875 7901.87451171875 8266.8671875 6918.35986328125 7938.60888671875 6832.9482421875 5700.20556640625 6143.70654296875 12327.5849609375 12760.1240234375 13040.2265625 6258.35791015625 7046.46484375 8630.2685546875 7540.16552734375 6040.75830078125 5865.91650390625 6088.982421875 8291.234375 8678.91796875 8753.859375 8258.0126953125 7439.91845703125 12238.27734375 13834.6201171875 12060.2509765625 5339.7490234375 1274.364013671875 0 0 0 0 0 0 0 0 0 0 0 0 0 0 0 0 0 0 0 0 0 0
7935.0322265625 7250.16650390625 8036.29052734375 9283.22265625 9038.6923828125 8255.4931640625 6610.77587890625 6587.650390625 7894.00830078125 8649.22265625 12204.1689453125 12862.1923828125 12867.333984375 11449.1328125 11331.1923828125 8609.4794921875 13678.427734375 8703.873046875 8273.3125 6275.52001953125 7143.578125 7286.1826171875 8884.9091796875 8591.935546875 9032.92578125 7844.173828125 6986.794921875 11745.625 7483.00341796875 3639.166015625 1042.839599609375 111.20269775390625 0 0 0 0 0 0 0 0 0 0 0 0 0 0 0 0 0 0 0 0 0
7832.89990234375 7626.6865234375 8570.861328125 9975.6337890625 9268.8701171875 6926.6943359375 7018.0859375 7981.9296875 7461.861328125 7702.73388671875 7101.71484375 10924.9287109375 11718.5048828125 10377.2314453125 6838.1025390625 13531.0302734375 15192.4716796875 14968.9052734375 8500.4130859375 6713.94970703125 6381.10107421875 7549.810546875 7119.5380859375 9306.0634765625 8129.49072265625 6967.7685546875 7705.86181640625 7022.271484375 6355.13232421875 3285.5546875 1044.39697265625 491.3419189453125 0 0 0 0 0 0 0 0 0 0 0 0 0 0 0 0 0 0 0 0 0
7311.92626953125 7998.16259765625 8627.69921875 9381.0322265625 9446.58984375 7720.66552734375 6240.6630859375 9439.865234375 6191.1103515625 6030.4453125 5457.80419921875 4184.693359375 9757.609375 5021.0888671875 11091.609375 13295.314453125 16044.833984375 16670.103515625 12693.357421875 6802.3701171875 6767.42529296875 5763.9580078125 7293.55712890625 7160.080078125 7760.44384765625 7634.6669921875 6946.26513671875 7584.8681640625 6125.39892578125 4068.65087890625 2082.7275390625 253.377410888671875 155.31781005859375 0 0 0 0 0 0 0 0 0 0 0 0 0 0 0 0 0 0 0 0
6880.798828125 8301.6142578125 9096.5341796875 8944.283203125 9930.65234375 8201.52734375 8426.0126953125 8490.8037109375 8306.1044921875 4827.86376953125 3435.56591796875 2835.204345703125 2236.807861328125 2874.705078125 7051.5341796875 15343.798828125 15690.4248046875 14129.142578125 8089.2373046875 7784.74658203125 6252.10107421875 6068.6953125 6469.8046875 6942.99267578125 7043.439453125 7558.56689453125 7196.6572265625 6954.224609375 6625.07275390625 4955.49658203125 2643.179931640625 1728.359375 376.4708251953125 178.0529022216796875 0 0 0 0 0 0 0 0 0 0 0 0 0 0 0 0 0 0 0
7049.8603515625 7103.3671875 8814.6474609375 11607.1337890625 8285.052734375 8968.9306640625 8810.2783203125 8476.1669921875 7450.3173828125 5917.3486328125 2527.41748046875 2065.300537109375 1720.3326416015625 2649.170654296875 5939.91357421875 12253.3740234375 15872.1669921875 9689.5107421875 8055.84375 7335.166015625 7934.3388671875 5956.1357421875 6900.5556640625 6620.26171875 6193.17041015625 6318.7666015625 6558.5439453125 6498.955078125 6188.775390625 4529.8955078125 3563.84033203125 1418.9844970703125 928.5792236328125 247.209808349609375 22.735090255737304688 0 0 0 0 0 0 0 0 0 0 0 0 0 0 0 0 0 0
6587.32666015625 7779.9951171875 12156.23046875 10467.32421875 8557.943359375 6401.505859375 8255.876953125 6503.337890625 6018.14208984375 3826.027099609375 2521.08544921875 1346.5975341796875 1683.5443115234375 3902.00146484375 6940.03662109375 9680.2392578125 11964.185546875 10896.568359375 9228.091796875 8276.658203125 7376.39697265625 7131.673828125 5775.384765625 7549.24609375 6390.091796875 5150.853515625 5461.63818359375 5372.4189453125 5639.69775390625 5379.240234375 2862.340576171875 1709.0765380859375 636.77288818359375 635.05047607421875 247.209808349609375 22.735090255737304688 0 0 0 0 0 0 0 0 0 0 0 0 0 0 0 0 0
6686.2998046875 11278.4462890625 10482.3505859375 10800.8896484375 9549.1162109375 5712.22998046875 2314.400146484375 5163.5185546875 2977.46923828125 1653.5020751953125 1380.3470458984375 1208.4493408203125 622.88897705078125 2152.6630859375 5779.59716796875 9352.7490234375 10693.2509765625 10272.94921875 8625.9248046875 8197.9931640625 7372.32275390625 6936.912109375 8110.35693359375 6419.78369140625 6861.537109375 5011.7705078125 4717.6435546875 5436.51220703125 5665.5244140625 4888.20166015625 3032.3642578125 1613.076171875 956.7703857421875 247.209808349609375 26.056783676147460938 3.3216931819915771484 0 0 0 0 0 0 0 0 0 0 0 0 0 0 0 0 0
6375.77197265625 8740.248046875 10618.5244140625 11579.625 10150.962890625 3990.898681640625 1383.6148681640625 1750.2708740234375 968.663330078125 861.6151123046875 860.5718994140625 671.2076416015625 309.16986083984375 621.571044921875 3471.21142578125 6560.34423828125 9239.8115234375 8526.462890625 7938.81201171875 7667.14404296875 6770.8095703125 7841.1572265625 6589.34228515625 6533.4638671875 5793.7412109375 5211.22705078125 4877.31884765625 5450.9775390625 5514.32373046875 5165.4970703125 2858.125 1647.722412109375 563.1639404296875 26.056783676147460938 214.848358154296875 0 0 0 0 0 0 0 0 0 0 0 0 0 0 0 0 0 0
3181.2099609375 6168.73583984375 9133.12109375 8987.466796875 4494.42236328125 4158.7763671875 2593.302978515625 184.80035400390625 141.195404052734375 540.144287109375 473.28826904296875 168.032196044921875 0 318.4605712890625 1369.0225830078125 4842.9130859375 5859.99755859375 7506.8125 7415.224609375 6554.34033203125 6587.1123046875 4930.9091796875 6040.7314453125 6062.3369140625 5040.21923828125 3700.5908203125 3887.876220703125 4860.001953125 5100.9462890625 4662.90283203125 3345.025634765625 1886.42138671875 0 214.848358154296875 394.7049560546875 211.52667236328125 0 0 0 0 0 0 0 0 0 0 0 0 0 0 0 0 0
1920.294921875 2496.64892578125 4322.353515625 3928.42333984375 4835.1767578125 4219.466796875 967.31207275390625 203.7186737060546875 0 141.195404052734375 168.032196044921875 0 0 0 688.4217529296875 2493.787841796875 4511.646484375 6000.8623046875 6527.45849609375 9131.14453125 5079.0224609375 4796.29833984375 4587.97119140625 4903.3818359375 3342.71435546875 3093.43798828125 3473.3251953125 3825.8955078125 4108.42236328125 3679.218994140625 4050.3017578125 2418.1376953125 1177.1170654296875 394.7049560546875 394.7049560546875 394.7049560546875 211.52667236328125 0 0 0 0 0 0 0 0 0 0 0 0 0 0 0 0
547.26007080078125 1002.49102783203125 1514.8673095703125 2722.264404296875 5411.201171875 2914.22998046875 1439.6396484375 438.904388427734375 0 0 0 0 0 0 152.1190643310546875 1187.18212890625 2740.851318359375 5194.27294921875 9680.537109375 9510.525390625 8783.9521484375 4339.515625 4200.98046875 3851.6953125 3082.1796875 2902.0546875 2616.95751953125 2628.257568359375 3037.49951171875 3960.551025390625 3723.83740234375 3124.859130859375 1921.272216796875 1348.8306884765625 394.7049560546875 394.7049560546875 183.1782989501953125 0 0 0 0 0 0 0 0 0 0 0 0 0 0 0 0
231.286407470703125 907.8626708984375 2202.214111328125 3904.462158203125 4311.908203125 3453.41748046875 2080.229248046875 653.4395751953125 0 0 0 0 0 0 0 368.60260009765625 1968.4149169921875 8198.9306640625 10014.041015625 11536.0556640625 9501.427734375 8128.89453125 5175.62451171875 6406.78515625 5235.50146484375 4437.0654296875 2197.313232421875 1620.3310546875 1768.9322509765625 3203.91259765625 4303.70849609375 4109.99365234375 2498.02294921875 585.845458984375 408.043792724609375 183.1782989501953125 0 0 0 0 0 0 0 0 0 0 0 0 0 0 0 0 0
695.5504150390625 1721.2220458984375 2799.711181640625 4244.828125 4513.53271484375 3755.504150390625 2146.23828125 650.25457763671875 0 0 0 0 0 0 0 203.9334716796875 1840.3775634765625 4000.2958984375 10302.669921875 11802.5205078125 11374.1962890625 7685.3330078125 7442.5048828125 9050.7890625 10242.9677734375 6221.59521484375 3429.455078125 1096.171875 3005.96630859375 3140.804443359375 3947.6240234375 4215.2880859375 2313.2607421875 734.228271484375 183.1782989501953125 0 0 0 0 0 0 0 0 0 0 0 0 0 0 0 0 0 0
1167.718994140625 2656.873291015625 3008.322998046875 3719.34375 4472.90673828125 3430.55615234375 1311.133056640625 275.708892822265625 0 0 0 0 0 0 0 58.23421478271484375 796.1397705078125 3686.9765625 5979.23681640625 10303.482421875 9025.3974609375 11123.0126953125 11675.6875 11379.41015625 10507.583984375 8607.3115234375 4501.6171875 4186.1494140625 2756.578125 3876.28564453125 3360.865234375 3091.67822265625 1827.8316650390625 566.0423583984375 0 0 0 0 0 0 0 0 0 0 0 0 30.803182601928710938 80.51068878173828125 0 0 0 0 0
4378.458984375 5592.66650390625 3908.67919921875 4543.095703125 3675.729736328125 3052.759765625 790.72906494140625 0 0 0 0 0 0 0 0 0 93.90351104736328125 1214.5738525390625 3966.979248046875 6580.9462890625 7563.22998046875 8596.1748046875 10590.1884765625 11525.2958984375 9574.2822265625 5760.44091796875 8088.29443359375 6128.24951171875 7037.125 2658.954833984375 3848.6591796875 2039.3287353515625 566.0423583984375 0 0 0 0 0 0 0 0 0 0 0 0 30.803182601928710938 111.313873291015625 111.313873291015625 80.51068878173828125 0 0 0 0
