Input_PredictorVariables/BuildingFootprint_focal.asc
ncols        529
nrows        344
xllcorner    2700.000000000000
yllcorner    15900.000000000000
cellsize     100.000000000000
NODATA_value  0
[rows 0 to 23 of 344, columns 220 to 274 of 529]
2159.608154296875 1830.8946533203125 394.67730712890625 2854.71044921875 6216.38232421875 7892.5341796875 4843.40771484375 10919.1123046875 17618.369140625 19599.375 25100.46484375 19859.64453125 17803.640625 16860.32421875 18169.599609375 12471.921875 11729.1484375 7903.2080078125 5262.552734375 1208.2694091796875 0 0 0 0 0 0 0 0 0 0 0 0 0 0 0 0 0 0 0 0 0 0 0 0 0 0 0 0 0 0 0 0 0 0 0
10356.3623046875 6387.91943359375 8952.0498046875 11023.4462890625 18834.58203125 18093.98046875 21644.240234375 28597.28515625 34952.53125 42278.36328125 37282.65625 37836.859375 27190.765625 27864.673828125 22994.8828125 21431.333984375 16397.078125 12982.6015625 7946.125 5508.9736328125 1208.2694091796875 0 0 0 0 0 0 0 0 0 0 0 0 0 0 0 0 0 0 0 0 0 0 0 0 0 0 0 0 0 0 0 0 0 0
21897.1328125 20174.76953125 21652.767578125 28276.748046875 28855.40625 38273.37890625 37282.87890625 37699.91015625 52302.86328125 54362.3046875 50262.38671875 33028.09765625 30847.474609375 25682.626953125 24761.24609375 19267.677734375 17819.55078125 12868.34765625 8697.146484375 3047.02392578125 1381.2191162109375 246.421142578125 0 0 0 0 2194.58642578125 3091.287841796875 240.288421630859375 0 0 0 0 0 0 0 0 0 0 0 0 0 0 0 0 0 0 0 0 0 0 0 0 0 0
35759.33203125 37134.8828125 36109.2578125 39738.04296875 47242.9140625 46511.93359375 49234.76953125 51770.5625 54353.61328125 58837.53125 51021.45703125 38025.40234375 24578.396484375 26678.580078125 24880.359375 20836.341796875 10754.7939453125 9949.595703125 6182.89208984375 2770.2568359375 246.421142578125 0 0 0 0 5762.0791015625 11191.203125 9336.390625 5262.240234375 351.469482421875 0 234.216644287109375 0 0 0 0 0 0 0 0 0 0 0 0 0 0 0 0 0 0 0 0 0 0 0
49726.3359375 50796.22265625 46932.203125 49832.265625 51293.2734375 54748.7109375 51200.5078125 54024.12109375 53607.12109375 54437.8359375 52831.453125 42625.15234375 35017.15625 28394.109375 25914.552734375 18254.62890625 11601.5712890625 5951.455078125 2693.649169921875 267.354736328125 628.90838623046875 761.78485107421875 0 0 5762.0791015625 16891.27734375 27368.609375 26535.24609375 14767.8515625 11435.517578125 1419.099853515625 2902.966552734375 786.9332275390625 0 0 0 0 0 0 0 0 0 0 0 0 0 0 0 0 0 0 0 0 0 0
62564.078125 57363.61328125 52885.73828125 49959.56640625 56655.71875 54115.046875 51094.21484375 48040.27734375 58271.69140625 54561.765625 52943.36328125 47635.9609375 43552.453125 35481.09765625 30222.638671875 20802.626953125 8279.5224609375 2184.31884765625 1006.2918701171875 3882.265625 4444.09423828125 1613.497802734375 761.78485107421875 3567.49267578125 12884.126953125 32588.072265625 44955.4296875 45159.578125 34310.765625 18056.7890625 15138.09375 8602.263671875 8406.9033203125 2967.819091796875 0.078643120825290679932 541.10894775390625 0 0 0 0 0 0 0 0 0 0 0 0 0 0 0 0 0 0 0
63301.23046875 60487.91015625 59193.94921875 53316.9375 50178.4375 49247.4296875 43074.8203125 55988.3828125 51615.23828125 55586.37109375 52558.4296875 54230.18359375 41723.703125 39478.984375 31852.82421875 23808.259765625 11886.720703125 2437.818359375 6786.00244140625 13133.7744140625 9438.888671875 4666.89892578125 1613.497802734375 4173.09033203125 22275.21875 44916.46875 52764.55078125 52048.921875 39148.69140625 29548.09375 27606.71484375 27530.580078125 17530.291015625 11122.4453125 4327.16650390625 7778.734375 1138.181884765625 327.280548095703125 0 0 0 0 0 0 0 0 0 0 0 0 0 0 0 0 0
55799.31640625 63925.48046875 57569.01171875 49905.8203125 39845.69140625 41169.1875 49648.45703125 42241.921875 45307.91015625 50088.60546875 62587.578125 49657.92578125 46227.27734375 39951.30859375 27299.869140625 22276.40234375 19487.6640625 16962.1171875 17179.728515625 16880.60546875 16387.130859375 9466.1044921875 5295.78125 8238.552734375 17839.951171875 34384.953125 50879.7265625 42947.3046875 33332.3984375 28609.3203125 37701.578125 39152.26171875 31029.091796875 16156.2705078125 16892.373046875 12509.849609375 8703.087890625 1465.46240234375 327.367156982421875 0 0 0 0 0 0 0 0 0 0 0 0 0 0 0 0
59946.0234375 59811.10546875 55567.8671875 48497.5546875 40505.65625 38481.921875 34434.5859375 38852.55859375 48411.796875 69930.5078125 57898.5546875 54207.43359375 48031.8046875 41917.1796875 32587.541015625 23169.90234375 23460.125 27720.859375 24880.083984375 21787.498046875 18937.91015625 11567.6552734375 2132.609619140625 5178.44580078125 12727.8359375 25361.962890625 35810.0390625 32924.77734375 21381.34765625 26101.294921875 40136.99609375 51413.515625 38968.19140625 28758.154296875 15346.1103515625 11585.400390625 10656.166015625 8187.4345703125 2576.76171875 365.31640625 478.808624267578125 0 0 0 0 0 0 0 0 0 0 0 0 0 0
56434.234375 56602.89453125 57882.1328125 47707.76953125 36276.2734375 29697.666015625 32255.791015625 38951.75 59209.63671875 55463.49609375 66836.5859375 63245.2578125 48079.4453125 32266.119140625 31453.21484375 32887.61328125 26719.423828125 22556.421875 25047.685546875 26475.24609375 17584.84765625 8440.73046875 3988.41650390625 4539.75732421875 12674.10546875 19852.994140625 22723.1015625 23899.13671875 23729.4453125 32460.53125 46357.6171875 51120.859375 37268.5 25067.341796875 15891.3134765625 10489.2470703125 9248.576171875 4750.67724609375 5371.05419921875 6777.5126953125 3514.14697265625 1176.8026123046875 0 0 0 0 0 0 0 0 0 0 0 0 0
50548.96875 55419.21875 50902 41602.2578125 32215.18359375 28323.544921875 22294.40625 34455.859375 40235.79296875 47256.86328125 49695.91796875 47521.0078125 35410 23222.34375 19179.02734375 19633.76171875 22266.619140625 25781.275390625 26593.275390625 19895.236328125 13512.8896484375 13455.6728515625 13171.2802734375 7108.98779296875 5956.0361328125 16455.837890625 22055.890625 20666.951171875 20212.048828125 30521.771484375 41798.84375 42047.046875 39950.58203125 22882.251953125 7098.36181640625 8324.1357421875 4423.31005859375 7985.705078125 15151.3232421875 15868.2548828125 13312.5185546875 4213.58056640625 1176.8026123046875 42.674114227294921875 405.53350830078125 0 0 0 0 0 0 0 0 0 0
41979.32421875 45463.4453125 40350.46875 39441.296875 26869.724609375 20270.7734375 18385.810546875 15036.8095703125 21473.439453125 28207.337890625 27580.9765625 15780.62890625 12556.5419921875 13991.3974609375 8448.453125 9344.08203125 18013.01171875 25118.25390625 24743.28515625 18323.5859375 19105.375 21050.14453125 18304.73828125 15022.9384765625 9433.47265625 8282.62109375 15543.947265625 15835.8515625 16297.4716796875 19798.96875 24753.611328125 35253.06640625 31979.84765625 16732.94140625 9438.0595703125 6430.6904296875 6735.1044921875 17784.025390625 25798.017578125 25313.529296875 17729.71484375 11623.7744140625 4747.15966796875 1261.4805908203125 3516.17529296875 729.993408203125 0 0 0 0 0 0 0 0 0
39755.67578125 44227.0625 40202.5625 35200.56640625 28210.876953125 20832.658203125 13025.47265625 9874.6953125 5380.87939453125 11835.6337890625 5342.12353515625 1991.0989990234375 2198.7568359375 2342.368408203125 1495.909912109375 9036.5078125 14412.8359375 17088.39453125 16835.2265625 20740.37109375 22358.349609375 19307.89453125 22647.951171875 17595.900390625 11384.185546875 8614.638671875 6831.44384765625 12442.12109375 10399.2783203125 6421.57373046875 18128.61328125 22614.681640625 18500.904296875 15044.37109375 13501.3076171875 8249.8974609375 13213.9013671875 22374.232421875 30858.822265625 26626.421875 19049.12890625 10326.978515625 5110.46533203125 4640.64306640625 3955.914306640625 3840.63525390625 729.993408203125 0 0 0 0 0 0 0 0
44928.21875 45125.61328125 46322.63671875 39024.8984375 31302.98046875 21612.146484375 11401.845703125 4503.97998046875 5020.83642578125 229.6469268798828125 1241.059326171875 3957.75244140625 1894.494384765625 1835.2506103515625 95.28339385986328125 2204.416748046875 7228.41943359375 10748.154296875 12244.3544921875 11872.40234375 11651.5400390625 17912.576171875 18852.8515625 13835.5498046875 8622.72265625 6657.45166015625 9802.72265625 8513.52734375 7272.45458984375 4513.998046875 7222.4580078125 12437.1796875 13473.673828125 17083.689453125 10688.37109375 11184.4033203125 21398.203125 25651.15625 24782.87890625 23263.880859375 14520.150390625 5574.88232421875 4235.10986328125 4963.57666015625 4963.57666015625 3913.239990234375 3392.427734375 324.459930419921875 0 0 0 0 0 0 0
45839.78515625 48211.8671875 49168.10546875 39203.6328125 29887.93359375 21532.986328125 14125.822265625 9962.9658203125 5710.37060546875 3971.11083984375 6934.951171875 10321.91796875 10320.763671875 7988.49169921875 4346.89111328125 4291.69140625 712.06951904296875 5565.60400390625 7012.51806640625 5228.58203125 7724.56005859375 12906.265625 11452.1591796875 10632.712890625 8561.8935546875 8661.56640625 9521.9111328125 11060.5400390625 9826.4521484375 8174.68359375 6269.93994140625 8366.1494140625 12771.8271484375 14536.9296875 13935.453125 22070.12109375 23894.513671875 25291.34375 22452.041015625 13765.6201171875 6339.005859375 1009.1888427734375 1122.9415283203125 4233.58349609375 3913.239990234375 3710.76611328125 324.459930419921875 0 0 0 0 0 0 0 0
51040.078125 51236.359375 40314.30078125 36251.30078125 26881.53125 20871.208984375 16759.8984375 17808.208984375 16394.53515625 15633.63671875 18228.3984375 20361.2109375 21572.44921875 20377.888671875 15778.185546875 8693.8271484375 4788.3896484375 2074.603759765625 3107.4404296875 2439.5341796875 5647.673828125 6903.072265625 8217.9306640625 7390.91357421875 7677.72021484375 8480.3349609375 12127.1884765625 11608.98046875 11930.1552734375 10768.2685546875 9883.7109375 11535.3740234375 12792.947265625 13210.9560546875 17535.931640625 21335.56640625 23531.994140625 21715.298828125 15967.58203125 5276.01318359375 182.573150634765625 0 1007.66259765625 115.27889251708984375 3386.30615234375 642.79840087890625 318.338470458984375 0 0 0 0 0 0 0 0
54236.48828125 44328.4140625 34005.19140625 29014.560546875 19083.0234375 21460.3203125 25209.759765625 22535.5078125 25494.396484375 28668.263671875 27179.0703125 32637.29296875 33038.44921875 30485.716796875 23136.583984375 13549.9345703125 9684.6572265625 4983.3505859375 2424.090087890625 1605.9613037109375 1957.33544921875 3636.356201171875 4019.4404296875 3832.04638671875 3960.736328125 7786.37841796875 10455.306640625 11729.994140625 11628.140625 10286.0185546875 12735.9208984375 12503.4501953125 12616.21875 12652.8759765625 12721.9150390625 14826.9189453125 16614.646484375 13475.974609375 5999.65673828125 182.573150634765625 0 0 0 318.338470458984375 318.338470458984375 318.338470458984375 318.338470458984375 318.338470458984375 0 0 0 0 0 0 0
49008.78125 43703.08203125 32879.7265625 21232.81640625 20441.384765625 24106.13671875 28605.296875 32487.83984375 33138.02734375 33669.1015625 29124.2421875 36009.8984375 37726.0625 32884.73046875 25931.08984375 19155.134765625 13643.970703125 8109.45068359375 7216.92138671875 4635.86376953125 633.3448486328125 759.15447998046875 1346.013916015625 1370.733642578125 4192.0283203125 6725.400390625 7913.509765625 11803.4345703125 12219.4814453125 11981.380859375 10592.3583984375 11519.734375 10992.044921875 7897.2001953125 7753.6611328125 6995.96728515625 8417.94140625 3313.299560546875 265.354461669921875 0 0 0 0 0 318.338470458984375 318.338470458984375 318.338470458984375 0 0 0 0 0 0 0 0
50036.2265625 45298.859375 29602.904296875 22669.60546875 26392.517578125 29106.611328125 33104.3515625 40110.8984375 35391.5234375 32441.759765625 29498.126953125 31895.025390625 33937.73828125 34026.30859375 27325.7890625 27014.025390625 19314.046875 19113.44140625 16766.916015625 11824.5546875 4167.36328125 2006.77734375 4065.959716796875 3203.595703125 6869.111328125 7003.57080078125 9070.013671875 10241.6259765625 11127.0927734375 9183.2138671875 10157.1220703125 10262.7177734375 8157.1025390625 5995.564453125 1789.14306640625 2925.4931640625 1784.7650146484375 82.80136871337890625 0.020067730918526649475 0 0 0 0 0 0 318.338470458984375 0 0 0 0 0 0 0 0 0
49225.15234375 42807.87109375 37743.09375 32480.78125 35414.421875 41227.8984375 42160.8671875 42491.28125 41400.92578125 34427.50390625 30385.482421875 32228.021484375 34171.8046875 38263.84375 36736.52734375 32103.046875 33190.28515625 31872.052734375 26521.65625 22738.611328125 18136.498046875 12059.1435546875 11050.9931640625 9650.873046875 8369.22265625 9030.43359375 9327.5625 10924.4970703125 8167.1904296875 8697.658203125 10414.0478515625 12278.1728515625 6683.96875 3231.976318359375 1714.6326904296875 404.218048095703125 442.7095947265625 21.42638397216796875 0 0 0 0 0 0 0 0 0 0 0 0 0 0 0 0 0
50058.69140625 47208.63671875 42468.01171875 45198.0234375 45628.0234375 48680.40234375 47716.3984375 47229.515625 47667.890625 40188.35546875 31443.44921875 33423.0234375 36630.34765625 45901.6171875 41699.70703125 38152.0703125 39197.84375 40901.40625 37603.8671875 31955.669921875 31294.75390625 24754.220703125 20636.587890625 17020.35546875 12930.0185546875 10005.134765625 11026.3193359375 8020.82958984375 8792.0146484375 9709.677734375 14080.8095703125 14635.0380859375 8511.3017578125 2667.822021484375 508.581268310546875 359.908203125 21.42638397216796875 0 0 0 0 0 0 0 0 0 0 0 0 0 0 0 0 0 0
50739.0234375 47438.2421875 49726.9765625 49544.90625 50869.54296875 51112.0390625 51058.07421875 49548.39453125 49073.78515625 37337.34375 30881.384765625 35536.31640625 42289.41015625 44354.0625 44852.7109375 41409.5078125 43101.52734375 43260.5078125 45586.5078125 37511.1953125 34670.3984375 36588.31640625 32147.365234375 26073.861328125 17514.7890625 13734.453125 10188.2705078125 8882.94921875 9731.6591796875 15085.3798828125 18004.677734375 18415 14923.384765625 5042.72265625 703.44915771484375 21.406316757202148438 0 0 0 0 0 0 0 0 0 0 0 0 0 0 0 0 0 0 0
46119.6796875 52523.078125 47697.25 51686.41796875 53723.22265625 52724.43359375 51837.515625 46823.77734375 39742.80078125 37542.33203125 32189.1484375 34569.19921875 40329.5 43743.08203125 44067.87109375 47922.72265625 40418.7109375 39518.81640625 41508.8046875 39429.40625 37051.3359375 35743.49609375 33115.3671875 27025.98828125 22285.951171875 14526.2265625 9658.7919921875 8446.8828125 12174.783203125 12854.6806640625 18171.404296875 21833.501953125 22851.26953125 7818.2490234375 145.6950531005859375 0 0 0 0 0 0 0 0 0 0 0 0 0 0 0 0 0 0 0 0
42833.046875 45371.4765625 51734.8671875 52167.7734375 54529.65234375 52900.921875 47315.92578125 47776.62109375 42532.328125 34031.90625 26576.515625 28769.486328125 37752.25390625 44490.3828125 43056.6640625 38227.84375 38909.80859375 43081.3515625 34290.01171875 31029.501953125 24559.18359375 24913.732421875 25349.216796875 20063.65625 15334.650390625 11955.962890625 8751.578125 8151.34326171875 7471.18994140625 12146.408203125 18297.15625 27862.197265625 21607.173828125 17376.287109375 4964.279296875 0 0 0 0 0 0 0 0 0 0 0 0 0 0 0 0 0 0 0 0
