Input_PredictorVariables/BuildingFootprint_focal.asc
ncols        529
nrows        344
xllcorner    2700.000000000000
yllcorner    15900.000000000000
cellsize     100.000000000000
NODATA_value  0
[rows 96 to 119 of 344, columns 330 to 384 of 529]
23122.7578125 15039.734375 6006.9326171875 2096.7939453125 140.3798675537109375 0 0 0 0 301.587921142578125 405.553558349609375 1263.0780029296875 85.19640350341796875 95.06014251708984375 0 0 0 0 0 0 0 0 0 0 0 0 0 2397.174560546875 7398.5263671875 9835.7685546875 11630.60546875 6459.068359375 3394.939208984375 1678.5321044921875 11942.275390625 25536.1796875 23104.7421875 16376.95703125 8926.8203125 5796.48583984375 1178.5902099609375 347.275726318359375 2168.469482421875 3676.11669921875 12226.1953125 16817.220703125 16927.181640625 11198.375 4496.13916015625 716.63189697265625 475.1484375 141.4622344970703125 0 0 218.593414306640625
21651.125 12573.330078125 4532.21337890625 0 0 0 0 0 0 0 0 22.347723007202148438 117.407867431640625 117.407867431640625 95.06014251708984375 0 0 0 0 0 0 0 0 0 0 0 0 0 2397.174560546875 6387.6474609375 6779.03125 8763.265625 1962.6636962890625 10191.8896484375 24935.048828125 33143.2421875 33230.51953125 31423.376953125 17586.919921875 10642.5625 8037.51416015625 3996.256103515625 5807.69580078125 12680.00390625 24911.43359375 30814.3984375 31150.177734375 27092.830078125 16951.41796875 9066.6953125 3480.375244140625 475.1484375 141.4622344970703125 218.593414306640625 253.7718505859375
18634.263671875 9747.3427734375 1875.013671875 0 0 0 0 0 0 0 22.347723007202148438 117.407867431640625 117.407867431640625 117.407867431640625 117.407867431640625 95.06014251708984375 0 0 0 0 0 0 0 0 0 0 0 0 0 1948.212890625 9187.583984375 12433.1337890625 12166.2392578125 18263.53515625 25864.642578125 33145.375 42498.88671875 34402.6953125 21793.15234375 16866.650390625 13416.9443359375 12909.5673828125 13482.7734375 25759.46875 36020.125 46842.48828125 50230.6171875 40238.609375 30302 21682.396484375 11512.2783203125 3480.375244140625 552.2796630859375 253.7718505859375 253.7718505859375
17735.71875 7416.7880859375 1827.1143798828125 0 0 0 0 0 0 0 0 22.347723007202148438 117.407867431640625 117.407867431640625 95.06014251708984375 0 0 0 0 0 0 0 0 0 0 0 0 0 561.91729736328125 6325.685546875 12502.66796875 19768.025390625 32661.361328125 34252.25390625 25981.861328125 33963.98046875 35913.0390625 29621.015625 26090.474609375 21025.4921875 19421.41796875 16873.626953125 23802.076171875 31805.443359375 43016.26171875 54688.21875 56901.9453125 50002.875 41776.96484375 28365.576171875 15567.240234375 8290.80859375 2430.05712890625 218.593414306640625 253.7718505859375
17512.345703125 10181.859375 2404.962158203125 35.373378753662109375 0 0 0 0 0 0 0 0 405.2305908203125 96.43032073974609375 204.340911865234375 0 0 0 0 0 0 165.4613189697265625 1499.2943115234375 0 0 0 0 0 395.441619873046875 6213.779296875 18553.28515625 35020.37109375 50237.07421875 47507.94921875 36520.51953125 35659.91796875 30316.60546875 27265.357421875 29001.921875 27103.8671875 22625.96875 27144.259765625 28167.189453125 33942.62109375 45033.6875 52864.37890625 54740.41796875 49361.078125 40009.4765625 27274.837890625 16537.771484375 7423.2744140625 1594.06787109375 0 218.593414306640625
19558.810546875 17420.30859375 7141.1474609375 1949.452392578125 35.373378753662109375 0 0 0 0 0 0 382.88287353515625 384.2530517578125 588.59393310546875 205.711090087890625 204.340911865234375 0 0 594.5780029296875 0 165.4613189697265625 2732.137451171875 4758.125 2080.306884765625 0 0 0 0 0 2642.050537109375 16500.349609375 39824.6484375 51749.57421875 50336.44140625 46374.35546875 37975.86328125 26989.0703125 30458.9375 28019.537109375 29861.720703125 27677.41796875 26651.900390625 34775.07421875 37472.9609375 44870.203125 45898.61328125 43979.80078125 40200.31640625 29663.71484375 22002.625 13595.744140625 3807.404296875 880.80029296875 484.02520751953125 0
25717.650390625 21135.513671875 13067.3330078125 3096.7119140625 345.382080078125 0 0 0 0 0 382.88287353515625 384.2530517578125 588.59393310546875 588.59393310546875 588.59393310546875 205.711090087890625 204.340911865234375 594.5780029296875 2778.48876953125 760.039306640625 2952.96240234375 10879.0400390625 13021.7265625 8802.9501953125 3473.8994140625 0 0 0 24.396238327026367188 2709.3515625 6828.2138671875 26404.5625 37015.1171875 46061.7109375 40475.921875 29415.71875 29714.044921875 28601.458984375 31363.091796875 26141.27734375 26535.759765625 33815.21484375 34653.62890625 36998.89453125 39284.17578125 38953.55078125 34102.55078125 25787.927734375 18813.53125 10974.267578125 3831.811767578125 930.54888916015625 828.26043701171875 294.486602783203125 12.299807548522949219
25730.8359375 20348.9921875 12021.462890625 6828.529296875 501.548919677734375 0 0 0 0 0 0 382.88287353515625 384.2530517578125 588.59393310546875 205.711090087890625 204.340911865234375 594.5780029296875 2819.42236328125 4256.0009765625 4195.9130859375 12909.654296875 24131.4140625 28379.21484375 25246.876953125 10449.7841796875 1974.60498046875 0 24.396238327026367188 3480.11865234375 9979.3974609375 10664.3896484375 8721.51171875 22623.251953125 31861.80859375 27610.298828125 27716.943359375 27714.05859375 30341.0703125 26315.552734375 29283.486328125 27303.767578125 29340.349609375 32700.384765625 35193.97265625 33258.171875 31409.994140625 27006.99609375 18128.982421875 11483.8642578125 3461.88134765625 1342.751953125 828.26043701171875 344.2352294921875 160.559906005859375 1782.7979736328125
26429.283203125 21228.099609375 12498.2255859375 2500.338134765625 0 0 0 0 0 0 0 0 382.88287353515625 1.3701767921447753906 204.340911865234375 0 2224.844482421875 4296.9345703125 4974.14404296875 12374.08203125 23819.91015625 35069.56640625 43521.875 39719.82421875 21661.74609375 6775.40234375 1417.9886474609375 3480.11865234375 10736.904296875 22229.837890625 21149.505859375 19444.48828125 12369.7783203125 18359.23828125 19531.24609375 27197.845703125 34007.75 28146.923828125 27136.72265625 25196.580078125 29384.201171875 27888.853515625 28027.787109375 31513.998046875 30263.029296875 28235.849609375 25754.658203125 19759.984375 9670.4931640625 10312.6826171875 3134.953125 1547.007568359375 160.559906005859375 237.8948211669921875 1676.93896484375
24378.515625 20646.197265625 9732.765625 2324.660888671875 0.087778411805629730225 0 0 0 0 0 0 52.051433563232421875 0 0 0 40.9334869384765625 1518.445556640625 4158.74072265625 7467.82421875 12929.400390625 22271.0625 36334.515625 46620.22265625 37890.3359375 24533.619140625 11001.712890625 2675.50390625 7855.6640625 22408.21484375 31988.5703125 32146.359375 28139.96484375 25581.142578125 24164.2265625 23322.048828125 24236.794921875 21918.25 30910.923828125 27581.275390625 28020.84375 22666.77734375 24406.4140625 25586.41015625 24116.392578125 27254.322265625 28571.91796875 28912.185546875 23125.197265625 21821.783203125 12828.8779296875 10530.3642578125 4056.772216796875 2794.00048828125 1518.70654296875 5762.68603515625
20177.365234375 16327.6953125 5255.16650390625 1984.06689453125 0 0 0 945.974853515625 775.3079833984375 6320.2998046875 209.9566650390625 52.051433563232421875 52.051433563232421875 0 0 0 368.1005859375 1845.6126708984375 4158.74072265625 4648.40185546875 9552.212890625 23996.62890625 30533.921875 23465.1953125 14554.833984375 7801.24951171875 3148.37060546875 7450.0107421875 21151.375 45093.2578125 44610.1796875 32791.34375 30747.140625 30379.6796875 31901.751953125 23123.62109375 20012.3828125 16338.4013671875 24788.90234375 23904.4609375 23745.111328125 20146.830078125 20186.427734375 22048.75390625 23486.150390625 28712.294921875 27398.3359375 30200.443359375 25752.96484375 20934.21875 9965.0703125 9808.0419921875 6207.7578125 6461.65185546875 10816.73828125
17341.005859375 8335.1201171875 4292.0380859375 251.8737030029296875 0 0 945.974853515625 8015.447265625 13835.7421875 15115.9423828125 6530.25634765625 209.9566650390625 52.051433563232421875 52.051433563232421875 0 0 0 368.1005859375 1804.67919921875 456.3843994140625 2714.50537109375 6160.49755859375 10393.26171875 11243.244140625 7801.24951171875 10696.15234375 16277.919921875 20646.79296875 27656.23046875 38724.35546875 47772.92578125 41877.73046875 43038.046875 38679.765625 34037.19140625 32388.38671875 18750.357421875 15262.4873046875 13344.0625 18314.759765625 17760.986328125 18230.564453125 18108.26953125 20476.798828125 24758.00390625 23766.3671875 27864.666015625 24254.6796875 25448.61328125 18163.697265625 18484.849609375 13978.26953125 15494.0673828125 14766.1767578125 12491.7177734375
8943.9462890625 6840.49072265625 486.19195556640625 0 0 945.974853515625 8417.3515625 25757.984375 33569.9609375 24605.39453125 15115.9423828125 6530.25634765625 209.9566650390625 0 0 0 0 0 327.167083740234375 0 0 0 325.1685791015625 5726.33447265625 10696.15234375 21210.38671875 31943.875 37359.890625 42664.3671875 39667.30859375 31965.599609375 39573.25 44700.07421875 47902.4375 43730.296875 26896.9765625 16804.103515625 7250.162109375 9942.2509765625 10586.0791015625 12224.927734375 15925.79296875 16417.078125 22032.515625 26682.5703125 28380.982421875 25754.994140625 23337.40625 14670.2158203125 18740.072265625 23847.826171875 25931.298828125 24270.75 21699.30859375 14306.1328125
6954.21337890625 618.89544677734375 0 0 0 6696.068359375 22677.501953125 39300.24609375 41841.5 35429.5078125 22884.111328125 8020.33447265625 0 0 0 0 0 0 0 0 0 0 0 5049.3994140625 15608.751953125 27836.716796875 34511.078125 43051.87890625 49590.875 54555.7890625 37833.1328125 27637.599609375 28032.650390625 45844.74609375 44171.734375 32359.044921875 16612.796875 8533.73046875 3526.163818359375 6376.880859375 9983.6669921875 11887.8193359375 18976.7734375 22506.9296875 29195.765625 29352.013671875 25114.75 19456.4453125 17319.69140625 19409.333984375 29066.82421875 34498.60546875 39362.51953125 28275.875 16732.8046875
367.021759033203125 0 0 0 401.90374755859375 9643.2021484375 32714.91796875 38468.546875 41159.796875 33830.20703125 16245.576171875 2801.36962890625 0 0 0 0 0 0 0 0 0 0 0 244.4691619873046875 7948.708984375 20439.30859375 37026.1796875 45506.9921875 45250.7421875 41206.953125 30743.283203125 22430.099609375 24884.564453125 28480.6796875 28007.220703125 21525.248046875 15186.1845703125 4690.15771484375 553.88616943359375 7115.41015625 11038.3095703125 12754.7275390625 15594.9794921875 23560.28125 25232.24609375 28861.3828125 26499.337890625 19801.38671875 16965.765625 24660.443359375 32302.150390625 45345.28515625 47737.62890625 34601.0234375 19996.263671875
0 0 0 0 3613.22119140625 15889.5595703125 29778.052734375 34078.32421875 30830.65625 22266.181640625 2805.523193359375 4.1535506248474121094 0 0 0 0 0 0 0 0 0 0 0 0 244.4691619873046875 10956.7099609375 20362.427734375 32488.6953125 33670.11328125 31177.94921875 23087.69921875 11856.4013671875 11677.0810546875 11689.068359375 12792.021484375 12765.943359375 4690.15771484375 553.88616943359375 7471.72705078125 15823.38671875 15229.953125 12003.658203125 12890.623046875 16105.4765625 21536.775390625 22533.412109375 24075.423828125 19590.525390625 17281.02734375 21987.560546875 35437.828125 46774.08203125 46347.58984375 36010.609375 24159.8203125
0 0 0 0 5695.923828125 21950.982421875 28693.701171875 29396.00390625 18140.955078125 4144.91748046875 4.1535506248474121094 0 0 0 0 0 0 0 0 0 0 0 0 0 0 1359.025634765625 6777.39794921875 9646.6171875 21632.783203125 22626.42578125 15009.869140625 3171.76220703125 870.873046875 1146.3714599609375 4517.9599609375 2492.765869140625 529.031982421875 4268.72705078125 12412.4814453125 15718.5986328125 15830.29296875 14838.3212890625 8465.4140625 7132.8583984375 9424.33984375 14611.7626953125 15880.2333984375 16002.7294921875 16913.443359375 19845.203125 27038.28125 41944.21484375 42374.81640625 36220.0234375 23590.431640625
0 0 0 568.65301513671875 11871.0966796875 28276.50390625 32345.197265625 27494.392578125 8848.9228515625 24.008928298950195312 0 0 0 0 0 0 0 0 0 0 0 0 0 0 0 0 2914.939453125 4957.3779296875 9118.9873046875 16053.0673828125 9468.71875 4925.373046875 2202.417236328125 385.83160400390625 0 0 1070.7779541015625 5952.771484375 9810.533203125 13116.24609375 15700.6513671875 9429.3447265625 3315.850830078125 0 2075.18994140625 5039.04443359375 8954.896484375 9963.25390625 11478.04296875 13804.380859375 25079.40625 30472.380859375 36026.53515625 30741.849609375 26883.5859375
0 0 0 3812.770263671875 16049.4794921875 34624.38671875 41807.04296875 26382.8125 6790.8896484375 0 0 0 0 0 0 0 0 0 0 0 0 0 0 0 0 1800.3829345703125 2641.250244140625 9728.6005859375 9237.6494140625 12990.9130859375 11809.59375 8499.3740234375 7099.10107421875 1102.538818359375 2641.385986328125 1087.3660888671875 3059.2431640625 6355.65869140625 7058.98388671875 9817.439453125 8822.6650390625 703.76434326171875 6.9068193435668945312 0 0 852.4541015625 2646.153076171875 4409.71875 5700.68212890625 12740.0673828125 18548.822265625 20185.2890625 24828.931640625 27820.958984375 26804.09375
0 0 0 7712.8388671875 26854.4140625 44637.0390625 44300.40234375 25339.619140625 9765.9013671875 2815.816650390625 0 0 0 0 0 0 0 0 0 0 0 0 0 0 1800.3829345703125 2084.93505859375 6801.513671875 10831.4482421875 13583.1318359375 11452.83203125 12434.59765625 12068.1884765625 7379.45849609375 6542.75634765625 4326.18896484375 6341.103515625 9773.19140625 11070.04296875 10313.6806640625 5993.525390625 703.76434326171875 6.9068193435668945312 0 0 0 0 121.49919891357421875 121.49919891357421875 1926.762939453125 5518.482421875 9971.65234375 12473.978515625 16759.921875 16246.2880859375 17763.083984375
0 0 409.776336669921875 9319.4404296875 36719.921875 47595.1171875 43388.88671875 21739.677734375 7642.34326171875 530.9437255859375 0 0 0 0 0 0 0 0 0 0 0 0 0 0 6.0474801063537597656 4955.85791015625 6050.63330078125 7617.7841796875 9031.0654296875 10947.9287109375 11039.57421875 7379.45849609375 7256.9619140625 8482.0087890625 10343.109375 13096.9638671875 21787.345703125 23945.94921875 19622.62890625 9240.359375 414.67462158203125 901.59820556640625 0 0 0 0 0 121.49919891357421875 0 1805.2637939453125 1387.23828125 5723.9345703125 5492.4140625 7191.40087890625 9955.044921875
0 0 3833.7958984375 20045.41015625 31054.302734375 42652.94921875 36069.5078125 20225.822265625 3133.26953125 0 0 0 0 0 0 0 0 0 0 0 0 0 0 0 96.55525970458984375 918.87347412109375 5772.12841796875 4250.25 5532.84912109375 3570.175048828125 2929.388671875 4155.81982421875 4753.2568359375 7516.6376953125 7469.849609375 17597.525390625 30932.16015625 35318.3828125 29096.974609375 14613.6357421875 7965.7490234375 2370.5732421875 1720.14599609375 0 0 0 0 0 0 0 0 471.55889892578125 763.60467529296875 2515.08984375 9275.44921875
3333.545654296875 2367.17724609375 5820.68505859375 12985.1806640625 23376.109375 30644.52734375 26030.4453125 6463.96875 0 0 0 0 0 0 0 0 0 0 0 0 0 0 0 0 0 96.55525970458984375 918.87347412109375 3965.697998046875 816.270751953125 1106.1226806640625 2070.45751953125 714.2056884765625 4155.81982421875 1405.7261962890625 8217.2109375 17314.923828125 33775.59375 44396.4453125 37639.3125 24925.2734375 15433.642578125 8998.01171875 5142.22265625 2638.781494140625 0 0 0 0 0 0 0 0 511.03955078125 7454.09375 12101.0771484375
11580.349609375 6161.57861328125 2367.17724609375 5820.68505859375 12985.1806640625 19132.537109375 5933.025390625 0 0 0 0 0 0 0 0 0 0 0 0 0 0 0 0 0 0 0 1637.64306640625 1818.626708984375 1106.32373046875 8410.0498046875 11356.029296875 2070.45751953125 714.2056884765625 94.083587646484375 2081.6435546875 13902.4736328125 35246.2734375 47275.48828125 43642.12890625 27631.244140625 20279.96875 16957.30078125 14116.0068359375 7186.3623046875 1737.183349609375 0 0 0 0 0 0 1440.7889404296875 7055.921875 10666.9609375 16885.69140625
