Input_PredictorVariables/BuildingFootprintMean_Focal.asc
ncols        529
nrows        344
xllcorner    2700.000000000000
yllcorner    15900.000000000000
cellsize     100.000000000000
NODATA_value  0
[rows 138 to 160 of 344, columns 212 to 264 of 529]
323.626953125 298.311737060546875 154.739288330078125 0 0 0 0 0 0 0 0 0 0 0 0 0 76.3007049560546875 0 0 0 0 0 0 0 0 0 0 0 0 0 0 0 0 0 0 0 0 0 0 0 0 0 433.895904541015625 2723.106689453125 3802.4296875 3986.9013671875 5136.7041015625 7473.708984375 10330.8076171875 13591.623046875 14716.9697265625 15070.0205078125 13351.0361328125
599.51275634765625 374.6346435546875 39.706760406494140625 0 0 0 0 0 0 0 0 0 0 0 0 0 0 0 0 0 0 0 0 0 0 0 0 0 0 0 0 0 0 0 0 0 0 0 0 0 0 232.7180328369140625 428.49212646484375 1018.34332275390625 2376.093994140625 2965.6240234375 3447.69921875 4978.283203125 6750.23291015625 10809.724609375 13072.064453125 14646.4111328125 13347.7509765625
1140.2144775390625 550.31768798828125 154.8733978271484375 0 0 0 0 0 824.6749267578125 144.218292236328125 0 0 0 0 0 47.288356781005859375 1377.32177734375 0 0 0 0 0 0 0 0 0 0 0 0 0 0 0 0 0 0 0 0 0 0 0 232.7180328369140625 428.49212646484375 1345.8721923828125 990.4874267578125 1711.080322265625 2421.459716796875 2518.956787109375 3571.6904296875 5795.83642578125 7594.52197265625 8828.3984375 16208.6005859375 19805.93359375
1607.9072265625 1176.90087890625 510.61090087890625 154.8733978271484375 0 1.6523492336273193359 59.910369873046875 824.6749267578125 1069.2557373046875 1089.669677734375 144.218292236328125 0 0 0 47.288356781005859375 2615.916259765625 1734.997802734375 1377.32177734375 0 0 0 0 0 0 0 0 0 0 0 0 0 0 0 0 0 0 0 0 0 252.3191375732421875 212.19537353515625 1150.09814453125 1584.822021484375 1929.1702880859375 2337.126708984375 3947.563232421875 3935.864990234375 4713.2587890625 5981.56298828125 6604.44482421875 14780.6474609375 20759.515625 21725.248046875
2286.966064453125 1685.6568603515625 825.45184326171875 79.85167694091796875 1.6523492336273193359 138.194732666015625 977.21246337890625 1129.1661376953125 1190.0322265625 1190.0322265625 1089.669677734375 144.218292236328125 0 47.288356781005859375 2615.916259765625 2926.3037109375 2926.3037109375 1734.997802734375 1377.32177734375 0 0 0 0 0 0 0 0 0 0 0 0 0 0 0 0 0 0 0 459.5540771484375 618.45166015625 1222.2740478515625 1039.0823974609375 1847.256103515625 2838.33447265625 4132.3134765625 4793.78515625 6335.6787109375 6299.78515625 10547.1669921875 7974.0703125 17135.58984375 21912.427734375 20267.916015625
2330.07666015625 2133.370361328125 840.7667236328125 178.2482452392578125 138.194732666015625 229.169525146484375 329.53204345703125 1198.3514404296875 1249.942626953125 1190.0322265625 365.3572998046875 120.77649688720703125 0 1191.3060302734375 1548.9820556640625 2926.3037109375 2926.3037109375 2879.015380859375 310.387664794921875 0 0 0 0 0 0 0 91.02556610107421875 93.13777923583984375 137.120758056640625 0 0 0 0 0 0 0 0 459.5540771484375 1007.15283203125 1021.511962890625 827.27197265625 1914.660888671875 2425.61865234375 3162.793212890625 3412.068603515625 5779.22265625 6370.76025390625 10239.19921875 9554.65234375 10187.5625 7458.853515625 15922.7578125 18295.369140625
2418.197509765625 2017.40380859375 1181.5523681640625 357.989044189453125 201.43695068359375 229.169525146484375 229.169525146484375 327.87969970703125 1136.7886962890625 365.3572998046875 120.77649688720703125 0 0 0 1191.3060302734375 1548.9820556640625 2879.015380859375 645.55859375 27.957332611083984375 0 0 0 0 0 0 91.02556610107421875 412.83245849609375 564.536865234375 230.258544921875 137.120758056640625 0 0 0 0 0 0 207.234954833984375 706.85699462890625 1173.92529296875 1725.609375 3083.8056640625 2078.2265625 2759.305419921875 3408.4267578125 4554.5869140625 4375.13720703125 9280.001953125 8102.66552734375 8992.197265625 9221.625 7286.8212890625 5986.61328125 10791.6240234375
1827.470703125 1370.1956787109375 780.8297119140625 409.521575927734375 146.477508544921875 476.1199951171875 227.517181396484375 118.070098876953125 295.55816650390625 862.2645263671875 355.40234375 0 0 0 0 1191.3060302734375 716.21160888671875 509.506561279296875 564.96343994140625 900.4036865234375 0 0 0 0 91.02556610107421875 561.3336181640625 1181.4462890625 793.2059326171875 564.536865234375 230.258544921875 137.120758056640625 0 0 0 0 0 345.68487548828125 1121.2767333984375 1782.8143310546875 3731.943603515625 4491.591796875 3717.94775390625 3668.773681640625 4034.84326171875 3915.34228515625 4126.54296875 3525.4326171875 8221.5361328125 7307.80517578125 7374.306640625 3461.75537109375 3106.173828125 4007.495849609375
912.2427978515625 780.8297119140625 437.488250732421875 69.8455047607421875 693.4976806640625 807.19140625 826.03387451171875 530.6051025390625 1217.6990966796875 1774.8590087890625 2013.017578125 603.14886474609375 186.7485198974609375 115.486480712890625 0 405.823944091796875 898.0286865234375 1087.85498046875 1694.7603759765625 1518.7713623046875 1072.9324951171875 160.865875244140625 0 0 377.1702880859375 1392.83984375 1378.32080078125 1181.4462890625 702.180419921875 380.37353515625 0 0 0 0 22.762582778930664062 164.2187042236328125 536.75030517578125 1210.362060546875 3644.19873046875 5242.78759765625 5854.6689453125 5638.02685546875 5084.40869140625 4156.240234375 4471.46484375 3377.593994140625 3037.840087890625 3811.521484375 7545.48486328125 3075.476806640625 3359.212158203125 4805.09228515625 5079.89306640625
770.4044189453125 542.8944091796875 339.594970703125 927.9046630859375 1213.935302734375 1681.997314453125 1829.1171875 2468.681640625 2665.355712890625 3580.1455078125 3406.301025390625 2638.818359375 1091.5712890625 927.65069580078125 186.13946533203125 534.900390625 1377.766845703125 2694.841796875 2293.28564453125 1889.0272216796875 1562.2569580078125 1466.9910888671875 297.236907958984375 148.501190185546875 829.8924560546875 1506.573486328125 1585.053466796875 1287.2952880859375 768.61383056640625 0 0 0 0 22.762582778930664062 31.674486160278320312 212.1517486572265625 531.94244384765625 1580.7984619140625 3638.404296875 6009.41552734375 6420.23583984375 6630.69775390625 5290.49365234375 4349.7275390625 3810.583251953125 3064.862548828125 2317.079833984375 2523.838623046875 3094.98291015625 2798.916748046875 3678.31591796875 4094.64453125 7854.14453125
1188.95361328125 1280.5462646484375 1136.6026611328125 1681.3773193359375 2212.739990234375 2474.42138671875 2961.789306640625 3165.678955078125 4747.2421875 5494.6552734375 4758.70703125 3360.233642578125 2680.205810546875 1716.5059814453125 2182.6435546875 809.868896484375 1257.43212890625 2016.4501953125 2959.106201171875 2395.287353515625 2008.091552734375 885.49652099609375 872.81878662109375 627.40618896484375 889.6640625 1288.2781982421875 1513.2928466796875 1116.8575439453125 185.4941558837890625 0 0 0 22.762582778930664062 31.674486160278320312 31.674486160278320312 31.674486160278320312 413.478668212890625 922.60382080078125 2608.00830078125 4896.689453125 6736.79296875 5502.0166015625 5001.4892578125 4669.7666015625 3311.8525390625 2515.555419921875 2547.62841796875 2020.7532958984375 2245.927734375 3133.784912109375 3474.701904296875 7845.2294921875 7683.77197265625
1913.5703125 2003.796142578125 2663.441162109375 2132.920166015625 2621.690185546875 3313.370361328125 3371.54638671875 3769.167724609375 4618.0498046875 5688.048828125 5182.591796875 4322.2138671875 3029.121826171875 3587.706787109375 2782.959716796875 3797.540771484375 1140.73193359375 1602.97705078125 1495.1455078125 2293.5751953125 1301.6943359375 1221.58544921875 810.52752685546875 838.96014404296875 739.431884765625 900.03790283203125 1139.7769775390625 454.73126220703125 6.7193703651428222656 0 0 0 8.91190338134765625 31.674486160278320312 31.674486160278320312 31.674486160278320312 8.91190338134765625 798.23291015625 1687.7403564453125 3470.666748046875 5365.60009765625 4676.9794921875 5757.33740234375 5669.2734375 3442.6025390625 1814.7615966796875 1860.876220703125 2806.542724609375 2823.0068359375 3066.79931640625 6391.4638671875 13139.13671875 10444.087890625
2411.968994140625 2580.490478515625 2515.40869140625 2877.585693359375 2882.490966796875 3219.38330078125 3496.0810546875 4041.71923828125 4453.33984375 4743.6298828125 4796.298828125 3681.46533203125 4562.28173828125 4461.662109375 5662.001953125 4188.1982421875 6156.06298828125 752.20989990234375 832.8692626953125 570.7786865234375 924.34857177734375 810.52752685546875 576.4423828125 318.9468994140625 445.093597412109375 603.06085205078125 458.385711669921875 10.373838424682617188 0 0 104.25896453857421875 0 0 8.91190338134765625 31.674486160278320312 55.651821136474609375 209.837188720703125 340.478912353515625 1562.95361328125 2678.573974609375 3849.875 5048.37060546875 6206.0078125 8955.486328125 4425.09033203125 2147.763671875 1848.0450439453125 3916.2900390625 5295.10107421875 7836.7431640625 13052.6748046875 16515.1640625 15165.0771484375
3114.627197265625 2413.0048828125 2640.1572265625 2993.36328125 3512.121826171875 3233.08544921875 3588.535400390625 3702.3642578125 4037.1875 4405.69677734375 3808.078857421875 3516.595458984375 3799.61181640625 6770.650390625 6255.92529296875 8361.810546875 5998.11376953125 4901.0703125 350.27325439453125 295.527069091796875 73.21924591064453125 403.05303955078125 315.29241943359375 178.92138671875 40.672794342041015625 266.172210693359375 10.373838424682617188 0 0 104.25896453857421875 104.25896453857421875 104.25896453857421875 0 0 55.651821136474609375 494.7076416015625 637.7984619140625 704.55206298828125 1366.031494140625 2505.230224609375 4031.427978515625 5746.45947265625 8284.279296875 8350.3828125 7860.70166015625 2715.42919921875 3148.0029296875 4560.6611328125 6363.923828125 12065.546875 17393.6953125 21397.7109375 16626.64453125
2163.045654296875 2794.197509765625 2977.107177734375 3340.720703125 3339.42724609375 3568.46875 3629.64697265625 3661.346923828125 4914.2783203125 5803.38427734375 3181.773193359375 3023.908203125 3830.32958984375 4724.03857421875 9532.7109375 7380.302734375 6397.04443359375 4197.97705078125 3332.825439453125 335.7457275390625 19.97962188720703125 0 141.9030609130859375 37.0183258056640625 0 3.6544680595397949219 0 0 104.25896453857421875 104.25896453857421875 104.25896453857421875 104.25896453857421875 104.25896453857421875 272.319000244140625 877.2589111328125 856.17047119140625 1429.8521728515625 1447.5113525390625 1638.322021484375 2379.5244140625 2667.204833984375 6512.6044921875 7955.7802734375 8476.66015625 6573.17626953125 4849.865234375 2755.5625 5129.07275390625 7387.21142578125 10682.8154296875 19581.9765625 21249.59765625 19189.962890625
3287.756591796875 2668.80712890625 3308.2216796875 3401.739501953125 3694.52099609375 4645.83984375 8997.181640625 6457.37548828125 9204.6953125 11236.5556640625 6443.0205078125 3270.342529296875 2981.375 3787.463134765625 4364.7998046875 7465.9140625 5159.43310546875 4106.06201171875 858.35028076171875 679.7225341796875 335.7457275390625 892.5343017578125 532.512939453125 144.647491455078125 147.5723114013671875 0 0 0 0 104.25896453857421875 104.25896453857421875 104.25896453857421875 225.5790863037109375 1588.4552001953125 1494.0042724609375 2012.306884765625 1572.4488525390625 1917.52392578125 1845.5965576171875 2123.40966796875 3127.28466796875 2980.673583984375 7332.54052734375 6896.71484375 5416.06787109375 2744.3037109375 4067.782958984375 5015.85205078125 6648.15673828125 12869.1533203125 15019.068359375 19584.640625 14405.484375
4661.25390625 3139.279052734375 2675.1708984375 3519.91064453125 4499.525390625 9750.62890625 12311.5087890625 16687.62890625 15502.59375 15092.4033203125 13443.466796875 6357.65478515625 2978.851806640625 3537.20166015625 3693.533935546875 3525.412841796875 5361.1220703125 1754.7677001953125 1440.3446044921875 1184.900390625 1452.5167236328125 1673.9075927734375 1923.292236328125 1056.6484375 567.64453125 333.48046875 249.0762481689453125 0 0 0 104.25896453857421875 225.5790863037109375 1350.32470703125 1671.7003173828125 3062.271240234375 2171.206298828125 2077.99609375 1382.4742431640625 1566.5982666015625 2903.312744140625 2677.862060546875 3082.608642578125 3749.15869140625 6354.3203125 3900.751953125 3504.558349609375 2231.46142578125 4302.43310546875 6224.75537109375 8870.9130859375 14082 15889.2177734375 11119.193359375
4479.6796875 3749.631591796875 3333.70068359375 3949.439453125 9636.888671875 11103.7783203125 14613.8173828125 19662.830078125 22058.1796875 17173.435546875 14464.3662109375 10301.4482421875 5125.8349609375 3588.4345703125 3251.9638671875 3846.357421875 3766.193115234375 3036.61181640625 2536.4228515625 2084.776611328125 2732.50732421875 2814.208740234375 2721.09716796875 2869.7783203125 1971.9599609375 1222.1654052734375 914.6112060546875 249.8126373291015625 0 0 0 730.0189208984375 1370.6732177734375 3169.479736328125 2527.66845703125 2836.692138671875 1266.0301513671875 885.78668212890625 1915.15087890625 3020.989990234375 3413.78564453125 3639.858642578125 4148.62353515625 4317.5859375 4044.725341796875 3192.9326171875 3295.814208984375 5412.62060546875 5979.2626953125 7098.38916015625 10315.3037109375 13717.67578125 8687.20703125
4441.43798828125 4195.8173828125 3676.569091796875 3455.89404296875 4220.01513671875 11220.884765625 12026.453125 12630.04296875 13611.0009765625 14400.103515625 9593.5009765625 5463.234375 4419.65966796875 3948.041259765625 4324.4599609375 4677.92041015625 4107.9990234375 4764.59423828125 3730.737060546875 2567.28564453125 3225.159423828125 4214.009765625 3908.40576171875 3446.511962890625 3036.52294921875 2342.064208984375 1436.2825927734375 1108.019287109375 427.38128662109375 185.40948486328125 215.1222686767578125 364.36407470703125 2425.874755859375 2798.871826171875 3261.224853515625 1177.3438720703125 1152.4403076171875 1008.06182861328125 1724.4930419921875 3176.11328125 4454.70947265625 4926.82177734375 3553.7138671875 4268.39453125 4429.0625 5619.43505859375 4457.98193359375 3562.878173828125 5098.22314453125 6982.6728515625 8252.513671875 7956.095703125 7590.88818359375
5338.71728515625 4048.184326171875 3972.069091796875 4307.24560546875 4946.47998046875 5570.18701171875 10983.15234375 5451.20654296875 4921.06884765625 7034.54443359375 4368.39794921875 3806.3408203125 3380.98095703125 3453.3818359375 4548.23583984375 4936.53857421875 5904.39208984375 5721.4228515625 4984.39111328125 3832.849853515625 3677.328857421875 4499.802734375 4612.53955078125 3985.094482421875 3756.218994140625 3321.8544921875 2437.570068359375 1758.23388671875 1237.5704345703125 754.578369140625 1022.56634521484375 1736.17431640625 1609.3896484375 3022.015625 2160.59814453125 1909.3416748046875 0 586.4979248046875 2024.5533447265625 2591.3671875 3616.123779296875 3786.830810546875 6047.69189453125 4202.87744140625 5612.01953125 5873.1669921875 5313.30078125 3197.163330078125 3879.14990234375 6290.28759765625 7070.66552734375 7406.93603515625 6768.18115234375
4765.0869140625 4702.6572265625 4264.0771484375 5116.7158203125 5375.1376953125 7044.4189453125 11165.6455078125 10717.16796875 3592.468505859375 1199.9671630859375 3313.140869140625 2515.14306640625 2980.12646484375 3465.18505859375 3638.380859375 4879.2919921875 6616.00244140625 6885.61181640625 5434.38037109375 5177.53515625 4042.8154296875 4243.52392578125 4470.646484375 4296.3046875 4161.07958984375 4002.441650390625 3380.9814453125 2435.388916015625 2022.499755859375 2159.072265625 1900.335205078125 1925.064208984375 2653.846435546875 2244.369873046875 2550.268798828125 469.465545654296875 317.324188232421875 278.6453857421875 991.57452392578125 2444.080322265625 2475.452880859375 4270.0830078125 4617.91357421875 6664.2841796875 4503.5341796875 4922.4326171875 4973.2119140625 4469.03759765625 3308.412841796875 4292.322265625 5207.2861328125 7455.1025390625 6489.8369140625
4188.15234375 4124.947265625 4565.369140625 4886.4072265625 8419.0126953125 12644.2001953125 17269.79296875 16972.599609375 10908.275390625 5307.65625 5451.13427734375 3794.5498046875 2728.394775390625 2864.884521484375 3426.234375 4661.84375 6412.75244140625 6631.30517578125 6613.4619140625 4640.79443359375 4410.287109375 3990.068603515625 4026.66259765625 4159.91796875 4348.63134765625 3886.481201171875 3505.8505859375 3042.227294921875 3056.246826171875 2881.5439453125 2723.851806640625 2515.720703125 2566.750244140625 3127.218017578125 1877.0528564453125 890.209228515625 354.53363037109375 329.639373779296875 333.3228759765625 1520.33544921875 3453.120849609375 3629.944580078125 8994.61328125 8116.3525390625 6444.505859375 4016.627197265625 4172.13037109375 3459.3681640625 3375.8935546875 4536.3310546875 6573.44921875 7255.3974609375 7966.78125
3843.802734375 4281.57177734375 4346.00830078125 6621.451171875 12075.138671875 18913.34375 19300.666015625 18726.30078125 18301.21484375 14654.822265625 9172.1015625 7421.69970703125 4425.9560546875 2996.72705078125 3380.578369140625 4268.56201171875 5232.9619140625 7326.8359375 5720.8759765625 4723.67236328125 3581.966064453125 3708.66748046875 3305.3251953125 3573.313232421875 4216.8486328125 4115.791015625 3722.4228515625 3614.56884765625 3237.815185546875 3263.454833984375 3312.613525390625 3568.744384765625 3789.9658203125 3245.5576171875 2234.677490234375 2635.68212890625 2362.440185546875 916.9384765625 894.88140869140625 1285.36865234375 1874.330322265625 8809.9990234375 12851.2734375 12985.71875 6673.89599609375 4570.4716796875 2418.350830078125 2619.76025390625 3121.73583984375 5618.43798828125 7201.09228515625 8336.736328125 9564.5546875
