Input_PredictorVariables/BuildingFootprintMean_Focal.asc
ncols        529
nrows        344
xllcorner    2700.000000000000
yllcorner    15900.000000000000
cellsize     100.000000000000
NODATA_value  0
[rows 92 to 114 of 344, columns 265 to 317 of 529]
24224.654296875 17497.439453125 11385.345703125 8390.8291015625 10707.7568359375 12350.2236328125 9804.5654296875 4338.9033203125 2913.483154296875 3006.0517578125 3199.923828125 3961.763916015625 4331.515625 4963.37841796875 5593.80615234375 5547.7451171875 5206.0849609375 4719.9912109375 3988.080078125 3266.248046875 3257.105712890625 3287.90673828125 3412.527099609375 3332.927978515625 3163.8994140625 3527.84716796875 3725.873779296875 3932.358154296875 4217.35107421875 4629.45263671875 7063.0009765625 5994.65283203125 5709.12744140625 7185.232421875 6930.0283203125 3483.350830078125 3472.73828125 4150.6416015625 4871.35595703125 4313.9921875 4681.994140625 3233.4951171875 2800.96630859375 2270.57421875 3062.22509765625 12367.3623046875 21294.63671875 24299.8359375 22879.06640625 19233.888671875 11220.8876953125 11876.2568359375 8080.00439453125
15474.4609375 16432.34375 14446.958984375 9699.779296875 9331.3310546875 11218.6767578125 5033.033203125 2518.605712890625 1738.081298828125 1841.544921875 1772.5455322265625 2083.4130859375 3113.99560546875 4166.154296875 4770.75927734375 5147.80615234375 5451.48828125 4497.9443359375 4353.248046875 3492.0380859375 3008.66015625 3302.634521484375 3552.040771484375 3683.9267578125 3154.044921875 3091.946533203125 3919.856201171875 4732.68017578125 4610.07177734375 4641.06201171875 4006.62646484375 5363.1005859375 5472.03369140625 5076.3095703125 3087.15185546875 2392.474609375 2320.606689453125 2977.98486328125 3606.32080078125 4290.64453125 4662.7197265625 5779.88720703125 6484.93798828125 4172.35205078125 2670.853515625 2649.215087890625 13842.9169921875 19697.546875 16243.8037109375 10119.6630859375 7335.81982421875 6741.03369140625 6622.83935546875
14229.4931640625 16636.9453125 10908.24609375 8749.6455078125 13418.9619140625 10013.8134765625 7718.4013671875 835.07745361328125 379.551849365234375 717.62396240234375 310.927398681640625 414.554779052734375 1658.2645263671875 2776.25244140625 3232.5224609375 3779.483642578125 4753.11279296875 5150.35791015625 4367.7158203125 3548.037841796875 3157.016845703125 3090.459716796875 3434.9375 3032.02490234375 3149.3583984375 3233.328125 3366.88525390625 4236.43701171875 4607.130859375 4066.809326171875 3228.076904296875 3065.435546875 5578.056640625 2322.76025390625 2105.77490234375 2225.35009765625 2329.0087890625 2349.21875 3476.194091796875 4286.69287109375 5132.49560546875 15631.9912109375 19344.912109375 8110.732421875 7234.8583984375 2367.381103515625 1827.6064453125 8569.07421875 6490.708984375 4942.5498046875 4213.587890625 4337.11669921875 8453.126953125
14707.591796875 9413.90625 9599.873046875 11918.259765625 11267.322265625 12998.0078125 8158.083984375 4627.53515625 0 0 0 0 159.2362213134765625 1097.4930419921875 1943.417236328125 2821.12841796875 4112.29052734375 4934.4150390625 4579.37744140625 3728.025390625 3419.153076171875 3304.624755859375 3073.70654296875 2935.632080078125 2928.052490234375 2952.1376953125 3074.46435546875 3491.739990234375 4027.672119140625 3481.904052734375 3189.6650390625 3109.352294921875 2814.39111328125 2558.239990234375 2349.9912109375 2208.786376953125 2185.789794921875 2256.583251953125 2623.339599609375 4358.796875 15381.810546875 26249.130859375 28892.345703125 24881.791015625 15914.15234375 12406.2783203125 5461.4189453125 1285.1566162109375 1472.8875732421875 1279.48486328125 2161.386474609375 7922.8740234375 7729.94970703125
7190.37158203125 6867.67431640625 7882.22119140625 11239.0087890625 13073.19921875 12250.728515625 8625.970703125 4520.6005859375 2230.973876953125 0 0 0 0 14.078745841979980469 853.42401123046875 2103.956787109375 3298.48583984375 4774.6748046875 4398.27197265625 4114.83984375 3640.015869140625 3309.072021484375 3615.8330078125 3206.73193359375 2909.75146484375 2910.792724609375 3001.72412109375 3036.1982421875 3828.1982421875 2929.791748046875 2930.08349609375 2922.468994140625 2520.88916015625 2579.1416015625 2142.079345703125 1905.7635498046875 2484.48291015625 4056.53271484375 2254.732666015625 10652.1328125 23117.13671875 29753.26171875 34684.24609375 41529.89453125 38371.53515625 27706.244140625 20760.7734375 8004.5673828125 1282.4888916015625 755.83758544921875 7166.93798828125 7133.98681640625 8394.0556640625
4577.71142578125 6026.66650390625 8092.11083984375 8546.2529296875 10724.3818359375 13151.0546875 9570.5703125 3908.13232421875 637.6197509765625 0 0 0 0 0 423.944671630859375 1180.9169921875 2820.02587890625 3714.863037109375 4650.228515625 4345.8447265625 3846.382080078125 3918.471923828125 3920.703125 3744.779052734375 3084.48486328125 2942.83984375 3028.357666015625 3580.715087890625 3348.93115234375 3557.19970703125 3405.430419921875 2996.166748046875 2962.375732421875 2477.203125 2040.322998046875 2501.840576171875 3811.708984375 3509.847900390625 4116.4814453125 4350.81591796875 16341.396484375 28465.880859375 37291.12109375 44780.0625 45392.26171875 42806.5703125 30992.447265625 18324.078125 7307.4462890625 3739.947021484375 3445.5380859375 8744.384765625 8650.919921875
4739.42626953125 9057.6640625 8780.162109375 10008.462890625 14900.6796875 15699.390625 11809.5478515625 5008.61865234375 569.5023193359375 208.9351043701171875 0 0 0 0 0 758.6324462890625 1908.2313232421875 2979.52978515625 3626.258544921875 3920.13818359375 4889.95556640625 4616.41650390625 3708.77587890625 3562.27294921875 3583.07861328125 3482.756591796875 3501.9404296875 3585.82421875 4082.06396484375 5049.30224609375 5512.04833984375 4454.59765625 3891.652099609375 3614.82470703125 3381.120849609375 4528.1162109375 3788.419921875 4626.59326171875 4699.56103515625 7296.41162109375 6669.8173828125 18645.041015625 30152.001953125 33134.734375 43657.0859375 43593.44140625 34405.36328125 20465.189453125 11347.5126953125 4801.89599609375 4606.63330078125 5129.8896484375 9572.5107421875
8154.322265625 8313.8876953125 9932.587890625 14955.552734375 20362.259765625 19584.8125 14291.087890625 6132.55517578125 2341.985107421875 0 0 0 0 5860.43115234375 4771.7890625 157.5350494384765625 1275.7198486328125 2514.56396484375 2902.10546875 3511.784423828125 4413.71337890625 5332.75048828125 5337.41650390625 3990.73779296875 4050.923095703125 3674.45458984375 3018.6669921875 4131.2666015625 5429.85400390625 6458.7353515625 6575.38623046875 6467.396484375 5959.62451171875 4836.650390625 4300.2685546875 3475.0048828125 5374.54443359375 5674.24560546875 6881.17236328125 6454.2197265625 7596.4501953125 8446.8017578125 12972.14453125 18818.169921875 29813.251953125 33706.38671875 24941.3203125 14010.8408203125 8342.0400390625 6282.4345703125 5498.21044921875 6804.69873046875 5291.0302734375
8232.12890625 8274.0947265625 11686.376953125 16878.439453125 19241.37890625 22037.669921875 18356.2578125 8264.2177734375 1314.8310546875 0 0 0 6536.8974609375 19175.716796875 15097.751953125 4771.7890625 639.819091796875 1475.3072509765625 2419.0537109375 3146.6025390625 4518.6416015625 6153.568359375 6492.92431640625 5556.580078125 5112.5927734375 3887.402099609375 5580.154296875 6135.73876953125 8340.25 9567.7744140625 8024.12060546875 9283.9482421875 8508.1806640625 4801.09521484375 5650.5693359375 9427.7373046875 4428.18408203125 7081.27490234375 7136.35107421875 9252.810546875 8511.083984375 6997.15380859375 5616.6240234375 11148.76171875 16754.791015625 15565.27734375 13074.736328125 10450.9970703125 7876.93359375 6804.20556640625 7210.8134765625 6985.74951171875 6963.5703125
7448.8671875 7645.72265625 8412.7509765625 12351.779296875 18093.4453125 21929.759765625 15371.4873046875 7561.03857421875 2075.509033203125 71.54962158203125 0 6536.8974609375 22264.173828125 33427.7421875 25178.19140625 15580.0361328125 5395.3212890625 858.9385986328125 1579.156005859375 3686.36083984375 5337.412109375 5848.4658203125 8362.5048828125 8246.9853515625 7609.255859375 7998.6962890625 8732.7080078125 12269.1708984375 13727.3798828125 15687.390625 14487.02734375 20178.2578125 16890.615234375 7289.66357421875 12265.435546875 16754.89453125 9382.6279296875 6871.28564453125 8566.271484375 9404.9345703125 10356.009765625 7707.82421875 9283.564453125 7226.85302734375 8856.0146484375 8189.30029296875 10586.798828125 9169.623046875 7198.00048828125 8318.86328125 8601.6494140625 7989.4267578125 7851.03662109375
6074.03369140625 5566.92236328125 6173.77978515625 7891.92724609375 15305.775390625 17089.59375 13471.2509765625 7211.0849609375 2711.03564453125 185.0968780517578125 676.466552734375 11631.9541015625 35704.359375 45191.8671875 38929.95703125 19318.78515625 4948.84130859375 1099.769775390625 2261.66357421875 1060.2271728515625 2814.431640625 7119.9541015625 10689.9921875 11302.1123046875 10005.41796875 11752.6494140625 18002.15234375 21944.44140625 22534.8984375 23096.814453125 30793.876953125 32729.3515625 28370.076171875 25986.126953125 23159.408203125 20957.947265625 17942.966796875 12456.673828125 9196.1953125 11202.3818359375 10484.072265625 12365.0341796875 11412.3828125 11089.328125 8042.435546875 9400.4384765625 9384.2294921875 9578.998046875 9707.099609375 8689.1298828125 7658.28076171875 9164.517578125 7803.6767578125
6899.70361328125 4252.0712890625 4708.19970703125 7123.28564453125 9710.4677734375 13673.423828125 12496.6474609375 7228.98388671875 3118.987060546875 1171.3780517578125 3864.4248046875 17340.64453125 35115.76171875 49404.58203125 46043.2578125 20182.71875 2008.7293701171875 3178.326416015625 3191.732666015625 2423.014404296875 3695.437744140625 6857.07958984375 10702.787109375 13498.3193359375 12475.134765625 17805.697265625 20769.55859375 26585.158203125 27085.197265625 30732.189453125 36439.34375 33573.984375 33266.10546875 38048.6640625 33306.3671875 25116.099609375 21099.8984375 14166.9169921875 9195.19140625 11038.357421875 13515.208984375 12980.845703125 12226.1708984375 11982.865234375 13003.3955078125 10007.173828125 9362.5634765625 9913.279296875 11905.328125 9603.7578125 8649.462890625 8555.8515625 9133.8203125
4964.736328125 6243.3662109375 2717.840576171875 4230.060546875 9186.3154296875 11496.8525390625 11439.1650390625 6560.39404296875 5919.2646484375 4264.681640625 7955.06689453125 17600.802734375 30737.189453125 42777.40625 39520.4375 20235.529296875 7808.7275390625 4607.390625 4825.1025390625 4529.8330078125 4718.3056640625 9686.720703125 10484.1484375 15602.9716796875 19176.1015625 18608.38671875 22721.732421875 25988.158203125 25109.748046875 23089.416015625 24528.458984375 32041.74609375 32226.080078125 25776.880859375 25958.888671875 27288.84375 17544.146484375 8851.349609375 8567.9013671875 9341.146484375 9728.2568359375 12326.3935546875 11897.591796875 12355.697265625 8800.0419921875 8570.7578125 11046.8330078125 10685.708984375 10088.490234375 9678.9873046875 9611.640625 9267.576171875 8253.5771484375
4120.9736328125 4255.7666015625 4119.2490234375 3782.244873046875 7406.8095703125 9990.634765625 10522.87109375 9965.55859375 9353.9287109375 8309.6953125 6426.51220703125 10842.046875 24070.228515625 36533.23046875 24927.6875 15814.06640625 9812 7715.53515625 7589.75439453125 7118.5048828125 7333.978515625 8903.021484375 15926.205078125 18392.7421875 16866.32421875 16956.41796875 27965.576171875 28218.310546875 22673.939453125 15241.150390625 14967.4970703125 22476.466796875 23506.65625 18069.095703125 20519.064453125 22443.908203125 11645.4892578125 9716.119140625 8862.3017578125 9078.30078125 8698.267578125 8368.0439453125 11614.4345703125 9241.7626953125 8523.9736328125 8017.75439453125 10273.8447265625 11322.5908203125 8789.1015625 8858.1943359375 13436.11328125 9333.6123046875 8543.1171875
2527.25244140625 4003.891845703125 4816.60498046875 5724.55517578125 5774.248046875 8332.6376953125 10371.24609375 10514.8388671875 9279.7822265625 10599.6171875 10496.7412109375 9569.2568359375 14812.4658203125 21819.58203125 18185.541015625 13719.7490234375 11886.3291015625 9042.7373046875 10258.7587890625 10785.5166015625 9951.0009765625 13007.9404296875 18765.47265625 18276.212890625 17102.96484375 24295.740234375 27451.46484375 27535.408203125 20306.541015625 17914.79296875 11867.79296875 12558.494140625 12758.3896484375 17003.876953125 15628.6171875 13297.623046875 9016.0556640625 6741.8564453125 8783.6220703125 8841.3369140625 7866.08251953125 7108.16943359375 8456.65625 8058.2958984375 9094.3330078125 9517.8203125 10227.71484375 9011.04296875 9523.4853515625 12400.396484375 12174.8916015625 11944.80859375 8532.138671875
4362.623046875 5241.9365234375 6581.1220703125 5438.3916015625 6137.2333984375 6991.85791015625 7855.9345703125 8899.294921875 11275.6982421875 10553.7666015625 11210.8818359375 9166.21484375 8980.0615234375 11141.9482421875 14786.8662109375 12411.87109375 12733.427734375 9125.5927734375 9832.509765625 11092.1630859375 13521.9892578125 13711.1845703125 17589.095703125 18269.330078125 19817.0234375 20530.42578125 23396.80078125 26274.484375 24526.57421875 13650.2490234375 10999.08203125 9990.2734375 13416.2607421875 12815.8720703125 13034.2421875 9683.8837890625 5809.705078125 8756.62109375 6857.115234375 7586.7294921875 6785.74462890625 7555.17236328125 8300.5234375 10283.3232421875 8736.267578125 10538.779296875 9829.3583984375 10170.884765625 13481.92578125 12654.4521484375 11482.6103515625 13891.0556640625 12068.4580078125
4922.0849609375 7953.49072265625 7208.50537109375 7190.8251953125 6638.51318359375 7410.64306640625 6586.427734375 8241.7626953125 11669.7421875 10907.5107421875 9337.623046875 9439.515625 8207.0048828125 8304.1376953125 10691.005859375 12616.431640625 11367.052734375 12109.1220703125 9567.2138671875 11193.4072265625 12039.8837890625 15226.421875 15629.14453125 15948.40234375 13559.0166015625 17735.412109375 25247.216796875 26526.958984375 15908.0244140625 12004.4794921875 9517.1845703125 12623.5830078125 10855.107421875 10829.65625 11008.15625 8915.587890625 7751.94775390625 7672.9873046875 7146.033203125 6156.48486328125 6784.6171875 6611.72998046875 8748.5380859375 13352.4736328125 10864.189453125 8502.65625 9802.640625 10055.404296875 10212.525390625 11919.556640625 13038.6005859375 14250.197265625 10119.6240234375
6930.4208984375 7665.8720703125 9544.8994140625 8218.7568359375 8686.517578125 7550.64453125 8067.701171875 7923.326171875 10715.27734375 11188.986328125 11583.1044921875 8924.3984375 8589.62890625 7003.58984375 11104.763671875 12440.443359375 11099.115234375 11333.5849609375 11497.7578125 10246.673828125 11650.150390625 14076.951171875 14066.03515625 14188.0224609375 13267.546875 17812.16015625 23448.7578125 20663.1875 15060.8095703125 11792.0078125 10239.162109375 9424.1865234375 12637.27734375 11956.5888671875 10604.9375 9458.6591796875 7965.3173828125 8974.845703125 7663.92822265625 7785.1181640625 5675.296875 7677.19580078125 11943.33984375 13302.630859375 12370.3896484375 9001.103515625 9319.9609375 9356.2705078125 8347.3154296875 10034.7626953125 14656.28125 11682.287109375 12391.0166015625
8106.43017578125 8903.876953125 7947.0703125 9455.4765625 10056.572265625 10304.337890625 12789.3955078125 8984.486328125 9659.4619140625 12175.9736328125 10650.2568359375 10508.4365234375 7730.2763671875 7508.529296875 7127.71728515625 12173.052734375 11731.66015625 10098.9326171875 7117.75390625 9673.2744140625 12139.326171875 12000.4814453125 10983.67578125 12387.2021484375 14942.2978515625 13979.1357421875 17199.5078125 22323.404296875 15265.06640625 9584.7451171875 8334.1669921875 10066.466796875 11234.125 14036.490234375 11187.7275390625 9231.8408203125 10086.40625 8858.7275390625 9790.9111328125 6618.767578125 6578.68359375 9691.13671875 13086.3828125 11873.0400390625 11789.2333984375 10306.8056640625 7683.91943359375 8910.298828125 9380.185546875 10674.8359375 12408.9892578125 12392.458984375 13913.12109375
10014.8955078125 7823.4697265625 8296.09765625 11140.205078125 13326.2705078125 17843.271484375 16344.2021484375 15495.0244140625 13217.9765625 11675.5048828125 11084.27734375 9591.1201171875 8716.2861328125 8329.5712890625 8655.736328125 8175.72265625 10994.73828125 5322.623046875 6694.224609375 8082.22802734375 9453.0791015625 9553.638671875 9929.7060546875 9131.59375 7574.30615234375 12320.7265625 18333.779296875 17645.46875 12336.845703125 7804.8408203125 9968.8466796875 9953.8056640625 11730.34765625 11358.005859375 11298.455078125 10880.1259765625 8797.3740234375 9785.705078125 7770.41650390625 7634.86767578125 6707.65283203125 7497.5654296875 10457.8310546875 12085.75 10458.3515625 7144.58984375 6864.455078125 8165.21533203125 9776.2666015625 8736.9560546875 9885.14453125 12464.9365234375 12498.63671875
8111.75439453125 8910.2744140625 9825.4267578125 12593.1083984375 19728.96484375 20962.9140625 20950.37890625 18056.54296875 18041.3984375 11749.8466796875 11589.001953125 10533.0595703125 8995.26171875 9892.330078125 8981.01171875 7482.412109375 5843.9208984375 5076.7626953125 4151.26953125 7040.2373046875 6945.32470703125 7182.35888671875 7466.169921875 5779.76220703125 5614.27197265625 11462.484375 14904.6611328125 11823.765625 11914.3818359375 11248.931640625 7743.37255859375 10533.8505859375 10141.140625 11148.7666015625 9479.08203125 7786.4775390625 7848.0576171875 6979.94677734375 6424.35986328125 5703.98291015625 6183.21923828125 6379.92236328125 6653.94580078125 9827.927734375 6302.64306640625 5569.4951171875 5880.5 6588.74853515625 7347.93701171875 8682.33984375 7299.0517578125 7715.6318359375 8674.3466796875
9207.5126953125 8082.67236328125 8219.8232421875 10544.7158203125 15150.84375 20376.48046875 18443.478515625 17221.888671875 12135.2001953125 13583.3330078125 9682.908203125 9453.9189453125 10329.5966796875 8251.212890625 8623.140625 8650.4423828125 5883.3603515625 3612.3095703125 4059.4609375 4927.18408203125 6296.6796875 4674.0400390625 4676.46435546875 5508.03759765625 6192.0703125 6986.083984375 11246.6767578125 12459.8095703125 12025.6826171875 7850.34814453125 8222.41015625 8991.6875 9079.34375 9626.8681640625 8294.8759765625 6318.2392578125 4238.74609375 4736.57666015625 4092.795166015625 4636.9912109375 4549.39697265625 5066.9013671875 4439.91015625 4998.91259765625 3854.5751953125 3085.477783203125 4054.332275390625 4312.86767578125 6996.5947265625 6616.3125 6344.8759765625 6261.64013671875 5145.29150390625
12293.435546875 7227.50244140625 7356.69287109375 8964.3779296875 11570.1142578125 11783.0390625 16368.72265625 12066.65625 12193.861328125 12152.2998046875 10420.31640625 7785.126953125 9783.708984375 9094.64453125 9330.3037109375 8124.083984375 5866.46826171875 4552.10693359375 3999.63671875 4692.26953125 4408.8916015625 4673.55517578125 4544.62841796875 5775.08447265625 6964.2490234375 7377.3076171875 7990.1142578125 11672.0400390625 7261.70947265625 7519.271484375 8805.705078125 9513.802734375 8275.0341796875 6575.47314453125 5997.14892578125 4443.7763671875 3446.734619140625 3069.590576171875 3007.1123046875 3359.53515625 3583.73876953125 2970.68359375 3561.847412109375 2920.997802734375 2772.112060546875 2369.4482421875 1503.222900390625 5431.89208984375 5512.0537109375 7388.28955078125 6862.369140625 6018.52880859375 5083.1025390625
