Input_PredictorVariables/BuildingFootprint_focal.asc
ncols        529
nrows        344
xllcorner    2700.000000000000
yllcorner    15900.000000000000
cellsize     100.000000000000
NODATA_value  0
[rows 48 to 71 of 344, columns 220 to 274 of 529]
0 0 0 0 0 0 0 0 0 0 0 0 0 0 0 0 1674.972900390625 3478.54541015625 3837.712890625 3902.85693359375 4925.5869140625 8750.31640625 20833.177734375 34590.10546875 36422.73046875 33873.90625 30555.099609375 36301.3515625 37078.8046875 30812.505859375 25706.69140625 24654.556640625 27033.666015625 31141.09765625 40523.69140625 51855.2578125 60935.5625 49171.4375 28869.837890625 17669.91015625 13231.7587890625 19879.697265625 24433.544921875 30698.294921875 40801.44921875 43176.6953125 37205.92578125 33676.31640625 36796.83203125 32681.263671875 32336.732421875 31613.341796875 31896.548828125 36580.6796875 38471.7109375
0 0 0 0 0 0 0 0 0 0 0 0 0 0 0 0 1803.572509765625 3837.712890625 3837.712890625 3837.712890625 3476.4189453125 11620.7216796875 24214.888671875 34867.23046875 32705.955078125 32591.388671875 30283.62890625 29814.783203125 36325.4765625 34226.171875 26249.51171875 24021.474609375 25966.017578125 32431.1953125 33455.0234375 38425.96875 46819.5 38785.625 30072.873046875 16816.515625 7475.091796875 10102.373046875 19030.771484375 24894.73828125 29883.44140625 35044.2734375 37474.7109375 37171.6328125 37359.265625 29650.06640625 28811.287109375 31248.97265625 39990.484375 43628.8984375 38761.08203125
0 0 0 0 0 0 0 0 0 0 0 0 0 0 0 0 359.16741943359375 2162.739990234375 3837.712890625 2210.579345703125 4048.9423828125 12022.70703125 23522.216796875 30881.466796875 32376.634765625 26865.423828125 26412.8125 28384.37109375 32150.75 30200.330078125 26559.166015625 24183.390625 26810.849609375 27946.376953125 26440.736328125 24977.232421875 26178.6171875 35528.76171875 32471.962890625 20121.59375 8731.8134765625 7345.99267578125 9421.3095703125 16534.58203125 19158.673828125 28758.595703125 35498.55859375 39499.31640625 32871.90234375 27803.9765625 26358.19140625 36627.57421875 42407.11328125 38746.203125 33802.00390625
1082.482666015625 0 0 0 0 0 0 0 0 0 0 0 0 0 0 0 0 359.16741943359375 2162.739990234375 989.64129638671875 3289.3623046875 10774.44140625 16718.3515625 24940.00390625 25944.615234375 20173.08203125 21609.06640625 28674.552734375 26040.640625 25183.77734375 22940.130859375 24975.2109375 26673.498046875 26197.732421875 17539.666015625 16274.796875 24325.8515625 33980.7890625 30678.09765625 26721.798828125 22325.486328125 12835.4130859375 6386.037109375 5060.099609375 14728.4296875 27735.501953125 35181.69921875 36654.11328125 32951.80078125 32610.83984375 35558.25 37388.92578125 38054.8125 32799.03125 29712.53125
1625.1707763671875 1082.482666015625 0 0 0 0 0 0 0 0 0 1897.97998046875 594.51275634765625 990.0308837890625 565.83343505859375 1041.17724609375 117.54067230224609375 0 359.16741943359375 0 630.473876953125 3504.869873046875 12360.25 13965.208984375 12958.169921875 12119.57421875 14981.7490234375 17204.443359375 23869.443359375 22089.93359375 19477.068359375 20613.677734375 26687.650390625 26101.2265625 16159.828125 15293.6650390625 23309.220703125 28398.693359375 35243.5 36803.34765625 27860.04296875 15104.837890625 12175.416015625 9967.888671875 11725.5849609375 24654.208984375 35757.3046875 38825.58203125 38374.53125 32582.65625 30869.537109375 31387.306640625 30085.419921875 25797.115234375 15435.72265625
1625.1707763671875 1123.382080078125 580.6939697265625 0 0 0 0 0 0 1126.7247314453125 4127.439453125 4884.904296875 6918.70703125 5325.013671875 5869.99609375 2804.541259765625 2629.01220703125 137.008514404296875 0 0 0 1438.1253662109375 3659.2734375 6757.3115234375 3006.753173828125 7988.20751953125 10604.318359375 15117.2919921875 17460.82421875 17830.54296875 16947.2578125 23590.427734375 26173.619140625 24726.783203125 17435.728515625 15328.6416015625 19337.044921875 29692.669921875 38654.6640625 32131.59375 24697.19921875 25747.912109375 19273.78515625 16498.890625 19057.72265625 28268.5546875 37743.38671875 43558.28125 41137.3515625 32513.390625 27305.9453125 25863.052734375 21605.09375 10410.2958984375 1573.7803955078125
2422.78466796875 764.92901611328125 184.23504638671875 0 0 0 0 556.0208740234375 3055.86181640625 6271.6103515625 9375.0556640625 13372.4658203125 13880.435546875 17352.451171875 11758.041015625 11003.7353515625 7314.6376953125 4699.07958984375 137.008514404296875 0 807.6514892578125 832.716796875 832.716796875 1048.224365234375 2190.0185546875 4413.01220703125 10516.7919921875 13594.4755859375 16956.435546875 17496.228515625 22112.1015625 24248.810546875 25510.5 25911.18359375 21672.693359375 23554.453125 26780.322265625 34763.6953125 32955.49609375 30249.541015625 32946.69140625 32627.009765625 26983.775390625 23799.197265625 27483.109375 34709.59375 41660.6015625 42402.79296875 43860.17578125 30528.279296875 22669.943359375 15426.5 9190.6689453125 1148.946044921875 0
2217.798095703125 1483.6376953125 0 0 0 0 556.0208740234375 3611.8828125 7107.5947265625 12262.296875 16371.5625 19727.234375 23028.044921875 20776.740234375 21382.755859375 17438.380859375 15474.599609375 8856.6640625 3824.9501953125 19.46783447265625 0 807.6514892578125 832.716796875 832.716796875 1073.1962890625 5257.2119140625 7823.02197265625 13655.3515625 17132.71484375 19930.826171875 21245.451171875 23898.115234375 29645.95703125 25315.61328125 27451.7421875 28032.5625 33685.85546875 38606.31640625 31534.830078125 34896.19140625 33114.08203125 32705.724609375 33645.5234375 32628.71484375 32611.03125 39810.1015625 37920.74609375 42969.11328125 34652.0625 28317.998046875 17088.734375 8374.2705078125 1236.2437744140625 0 0
3587.7099609375 0 0 0 0 556.0208740234375 2485.157958984375 3751.41015625 8973.451171875 14173.5595703125 17468.806640625 22161.01953125 20448.431640625 21938.462890625 21076.884765625 20857.150390625 14556.6591796875 12744.978515625 7067.7919921875 2335.18798828125 0 0 807.6514892578125 25.065311431884765625 1232.752197265625 2013.4368896484375 5815.71875 9690.9130859375 13109.7685546875 18354.35546875 22215.341796875 29472.9765625 25425.62890625 25719.833984375 29335.703125 35355.90625 36419.12109375 38140.55078125 37307.01953125 33070.74609375 32060.0234375 37787.9375 39427.79296875 35845.97265625 37806.015625 38571.5703125 40897.69140625 35083.26171875 30706.80859375 20951.3125 13244.419921875 1688.3157958984375 0 0 0
0 0 0 0 0 0 804.82745361328125 5695.314453125 8379.7197265625 11324.662109375 14429.515625 16780.56640625 18960.58203125 16478.625 15599.951171875 16859.037109375 16032.080078125 11762.609375 6448.013671875 1977.3902587890625 284.588348388671875 0 0 639.578125 1258.6954345703125 1260.9017333984375 2762.28125 5984.5048828125 9717.1298828125 18823.8125 26412.521484375 29837.9765625 29737.044921875 25649.578125 26243.3671875 34164.890625 37429.5390625 35221.66796875 34280.5 31135.42578125 34008.24609375 38916.96875 36609.15625 36616.99609375 35513.203125 37090.1484375 37725.00390625 34182.84375 25563.931640625 21170.314453125 7056.38232421875 683.95941162109375 0 0 0
0 0 0 0 0 0 528.19842529296875 1694.482177734375 5660.39599609375 8681.775390625 11476.240234375 11423.5498046875 13527.99609375 15500.638671875 12984.1748046875 11908.52734375 13642.166015625 9863.5625 5531.68994140625 2362.649658203125 594.36419677734375 0 741.7593994140625 3760.7822265625 3296.650390625 2519.32666015625 1599.8150634765625 2447.016845703125 10340.9375 20385.720703125 30423.8984375 33802.3359375 28307.869140625 34899.55078125 29740.21484375 32082.697265625 34570.765625 33179.19140625 30434.107421875 34083.8046875 35451.1171875 34340.97265625 31123.46875 31392.037109375 31365.009765625 33469.1796875 33795.75 33787.02734375 31787.798828125 18978.015625 10909.6669921875 3677.050048828125 7.8988866806030273438 0 0
0 0 0 0 0 0 0 528.19842529296875 1138.46142578125 3794.556396484375 6065.5810546875 9293.9521484375 9009.658203125 10412.19140625 9355.412109375 8874.3720703125 7371.91064453125 6783.439453125 3345.7353515625 1662.131591796875 84.68154144287109375 330.550048828125 6585.52978515625 7507.55810546875 6831 7339.5439453125 5441.740234375 5114.5205078125 10473.265625 18167.779296875 32154.13671875 33820.22265625 35906.8359375 36263.21875 43937.04296875 38990.25390625 33344.47265625 34388.5 36236.24609375 30668.013671875 33831.0390625 31972.416015625 28521.4375 22768.20703125 24477.470703125 30507.36328125 31301.689453125 34027.046875 35166.4453125 22998.3828125 13693.68359375 6643.09228515625 1785.3775634765625 0 0
0 0 0 0 157.041107177734375 1856.7391357421875 3987.413818359375 1101.222900390625 609.6329345703125 361.45635986328125 471.7503662109375 4283.517578125 5470.65673828125 4535.96533203125 5214.49365234375 2925.827392578125 3606.9404296875 2466.782958984375 1662.131591796875 84.68154144287109375 102.1812896728515625 5509.6748046875 11704.62109375 14557.0556640625 11949.80859375 13420.40234375 9729.4033203125 6300.19921875 9286.2451171875 15642.4345703125 27176.353515625 31283.296875 39577.921875 43780.62109375 45884.8671875 47109.9765625 39335.94921875 40758.00390625 34645.1875 35352.47265625 34000.17578125 36033.48046875 27747.279296875 22161.41015625 20282.849609375 26140.62890625 27542.2265625 29876.46484375 28362.16015625 25467.466796875 12207.39453125 4032.351318359375 804.7952880859375 0 0
0 0 0 157.041107177734375 2593.676513671875 6977.70849609375 11615.8994140625 8593.2568359375 1742.6632080078125 81.43451690673828125 569.2667236328125 1541.96533203125 1426.1077880859375 2325.22705078125 44.543071746826171875 1536.337890625 0 983.0858154296875 84.68154144287109375 0 3133.775634765625 7392.94775390625 13876.3837890625 24221.458984375 23408.66796875 14197.564453125 12642.4833984375 9944.6953125 6363.97802734375 15776.001953125 21535.587890625 28691.4375 35296.515625 42006.375 46480.8671875 46646.6640625 45076.2734375 36905.0390625 33127.11328125 34914.56640625 41035.921875 35413.51171875 29818.39453125 20890.375 17662.076171875 18520.853515625 21670.337890625 18676.27734375 17570.271484375 13893.2841796875 7246.39599609375 965.0328369140625 0 0 0
0 0 157.041107177734375 3283.186279296875 7836.13330078125 13355.818359375 16412.19140625 16626.734375 11884.3642578125 2311.929931640625 1924.072021484375 3638.546875 3001.4072265625 790.183349609375 2045.0206298828125 1578.4864501953125 5207.580078125 892.14874267578125 0 0 2321.982421875 9665.4765625 18565.28125 24423.443359375 24485.12109375 17705.654296875 14883.5478515625 12349.5556640625 12787.5322265625 11747.2060546875 16010.2392578125 22630.583984375 29543.01171875 38790.1171875 42864.20703125 40861.38671875 34975.265625 34725.078125 32577.470703125 34352.30859375 27988.791015625 30081.21875 26051.744140625 18534.556640625 15633.197265625 12496.130859375 6878.9677734375 9002.9736328125 7601.2900390625 4656.22314453125 965.0328369140625 0 0 0 0
0 0 1269.406005859375 3462.90673828125 9617.439453125 16114.4267578125 18286.294921875 19007.09765625 14773.109375 8704.404296875 5071.32958984375 7987.0166015625 10864.5400390625 6558.828125 7639.478515625 16766.076171875 13717.8427734375 12811.513671875 953.3802490234375 450.32965087890625 1373.37353515625 10094.361328125 18507.92578125 19401.529296875 18638.28515625 20176.591796875 14824.212890625 10341.763671875 8436.986328125 11851.4931640625 16387.83984375 16769.890625 19598.455078125 27181.408203125 32238.529296875 31276.46484375 29171.197265625 25456.62109375 25568.67578125 17221.986328125 19225.166015625 20404.45703125 15310.2734375 10235.15234375 6772.474609375 5000.65380859375 6356.3759765625 2730.085693359375 3296.02978515625 160.2375335693359375 0 0 0 0 0
0 689.50970458984375 1749.4549560546875 2738.037353515625 4758.14404296875 11463.994140625 18465.759765625 14909.9404296875 9815.203125 8710.96875 12783.572265625 17336.1484375 18079.92578125 19170.548828125 28360.423828125 30742.1640625 35207.73828125 24718.015625 13349.255859375 1685.1307373046875 745.98626708984375 1475.8094482421875 10631.546875 13588.5732421875 12252.33203125 9505.109375 8942.86328125 8252.0732421875 7132.9775390625 8750.08984375 14087.4296875 12762.73828125 15524.7529296875 17805.435546875 19661.6484375 19404.521484375 20651.51171875 17402.248046875 11502.3115234375 8039.5380859375 8967.345703125 8248.93359375 3938.660888671875 4167.259765625 8188.01708984375 11508.638671875 6894.59814453125 4115.36376953125 497.325469970703125 0 0 0 0 0 0
0 781.4166259765625 1853.1453857421875 2860.108154296875 4365.74169921875 6798.2392578125 11063.8623046875 10992.404296875 11789.1298828125 12707.3251953125 18528.849609375 22517.462890625 26593.708984375 38666.42578125 40987.04296875 56351.92578125 46642.56640625 37566.67578125 19058.42578125 9188.0546875 894.63922119140625 781.941650390625 1775.8328857421875 7166.1455078125 2835.034912109375 3160.373779296875 4357.40625 5636.4365234375 8594.7001953125 8231.302734375 8517.9033203125 10859.060546875 12732.1005859375 10395.072265625 10599.107421875 10800.0439453125 8299.3154296875 7057.2783203125 4459.95166015625 1738.61279296875 1843.250244140625 856.55255126953125 2286.51708984375 8798.9931640625 17123.830078125 17362.9609375 10302.6669921875 5087.19677734375 3375.8154296875 0 0 0 0 0 0
0 0 1509.8507080078125 3480.849853515625 5265.77197265625 6446.5908203125 8098.14697265625 11925.6337890625 15182.0986328125 18309.658203125 22063.005859375 27716.591796875 34077.6171875 38689.69921875 55091.8359375 58943.7734375 61051.484375 32739.4375 19544.619140625 7042.2255859375 2450.993408203125 683.10150146484375 401.680633544921875 336.757537841796875 536.40606689453125 19.438478469848632812 1367.3602294921875 1193.625244140625 3189.376220703125 8056.4169921875 8814.896484375 8236.240234375 5184.69873046875 6409.28173828125 4427.82373046875 2526.401611328125 1565.5816650390625 1407.8262939453125 865.43756103515625 0 0 2271.836181640625 8410.8173828125 13774.2314453125 14988.287109375 17960.525390625 15783.1005859375 9174.943359375 838.62823486328125 0 0 0 0 0 0
0 0 0 2809.425048828125 5292.21533203125 6896.57763671875 13387.8310546875 13646.8447265625 15812.73828125 20850.552734375 28486.7890625 31312.689453125 32185.4140625 44156.6484375 57038.796875 59169.6875 50118.62890625 42945.83203125 14707.451171875 3746.346923828125 2577.349609375 1993.0849609375 335.978790283203125 300.0234375 300.0234375 0 19.438478469848632812 754.3953857421875 868.06005859375 2551.187744140625 7482.8544921875 3229.97021484375 3012.50146484375 2675.411865234375 167.127288818359375 7.6808261871337890625 0 0 0 0 0 401.64434814453125 3063.646240234375 8800.9833984375 13772.298828125 12701.76953125 9565.109375 838.62823486328125 0 0 0 0 0 44.244503021240234375 0
0 0 0 191.098052978515625 2575.11572265625 7537.07568359375 10956.146484375 13140.69921875 18068.732421875 21211.1953125 23185.82421875 26406.4453125 29956.533203125 37837.9453125 57766.1328125 51679.24609375 45475.9375 30904.25390625 16602.205078125 6364.80615234375 1632.2784423828125 335.978790283203125 300.0234375 300.0234375 0 335.443084716796875 0 0 623.98651123046875 666.53338623046875 1716.9234619140625 1706.7327880859375 1020.9044189453125 0 0 0 0 0 0 0 0 0 401.64434814453125 3063.646240234375 6527.21435546875 5350.6650390625 838.62823486328125 0 0 0 0 0 44.244503021240234375 44.244503021240234375 44.244503021240234375
0 0 0 112.4708251953125 3301.616455078125 7532.49755859375 8769.9755859375 11203.908203125 18186.734375 20458.35546875 22440.2265625 21841.47265625 24399.037109375 34276.8515625 40708.02734375 52427.578125 37700.046875 20670.07421875 16557.4921875 8953.0927734375 3795.52099609375 1677.0933837890625 3506.14794921875 370.498870849609375 335.443084716796875 335.443084716796875 335.443084716796875 0 0 623.98651123046875 2.5025219917297363281 641.8458251953125 0 0 0 0 0 0 0 0 0 0 0 401.64434814453125 390.16571044921875 0 0 0 0 0 0 44.244503021240234375 44.244503021240234375 44.244503021240234375 44.244503021240234375
0 0 0 0 2413.7216796875 6240.2119140625 9423.861328125 11291.4482421875 12675.689453125 17994.59765625 23299.884765625 19351.9765625 21723.515625 29901.0546875 30604.30859375 33088.265625 32640.453125 22121.556640625 13461.2587890625 10883.56640625 9022.2626953125 8925.1689453125 8070.58447265625 3937.052734375 705.94195556640625 335.443084716796875 335.443084716796875 335.443084716796875 0 0 0 1007.41351318359375 2446.5986328125 352.024566650390625 0 0 0 0 0 0 0 0 0 0 0 0 0 0 0 0 0 0 44.244503021240234375 44.244503021240234375 44.244503021240234375
0 0 0 0 0 2413.7216796875 6824.25 8399.0048828125 10525.1787109375 15011.5458984375 18113.455078125 21227.607421875 24459.583984375 26881.580078125 28746.40234375 29217.4453125 25947.6484375 27190.666015625 23250.9375 21745.529296875 23523.091796875 18876.177734375 12292.4736328125 8095.57080078125 3937.052734375 705.94195556640625 335.443084716796875 0 0 0 1328.23681640625 3917.451416015625 5118.25927734375 3280.575439453125 352.024566650390625 0 0 0 0 0 0 0 0 0 0 0 0 0 0 0 0 0 0 44.244503021240234375 0
