Input_PredictorVariables/LightPollutionRed2016_Focal.asc
ncols        529
nrows        344
xllcorner    2700.000000000000
yllcorner    15900.000000000000
cellsize     100.000000000000
NODATA_value  0
[rows 140 to 159 of 344, columns 180 to 224 of 529]
752.89739990234375 784.37359619140625 777.43035888671875 811.9017333984375 743.5380859375 988.27484130859375 1133.8360595703125 1293.7108154296875 1361.2864990234375 1210.8173828125 902.03289794921875 465.774566650390625 276.663238525390625 304.133575439453125 345.014373779296875 422.396026611328125 497.648590087890625 605.9879150390625 702.27850341796875 691.04998779296875 662.38165283203125 746.93359375 796.30108642578125 709.78594970703125 475.62310791015625 427.19281005859375 432.6268310546875 373.895233154296875 341.32928466796875 290.694976806640625 270.490875244140625 266.42230224609375 283.400421142578125 215.0296630859375 217.427825927734375 498.716156005859375 485.1263427734375 542.83270263671875 463.861236572265625 497.683441162109375 210.1157379150390625 147.43182373046875 142.0572509765625 139.3936004638671875 138.530303955078125
829.993896484375 851.879150390625 891.2200927734375 884.6021728515625 877.82281494140625 761.98870849609375 1080.907958984375 1450.2425537109375 1591.7584228515625 1497.26171875 1176.943115234375 906.050048828125 578.79345703125 526.53826904296875 598.21990966796875 724.94232177734375 777.6558837890625 726.066650390625 721.3428955078125 760.86016845703125 707.9410400390625 634.463134765625 599.87274169921875 450.870849609375 428.00689697265625 376.15203857421875 361.70098876953125 379.546173095703125 303.340972900390625 283.1051025390625 282.215179443359375 276.13470458984375 219.836273193359375 196.543792724609375 190.027435302734375 221.849639892578125 493.13787841796875 468.20733642578125 532.43408203125 470.9896240234375 520.69195556640625 237.4901123046875 157.659942626953125 150.800323486328125 150.670318603515625
731.0660400390625 917.94635009765625 915.20965576171875 938.86700439453125 961.103515625 965.6346435546875 1061.63818359375 1441.868896484375 1796.02294921875 1830.638671875 1503.886962890625 1233.9140625 1178.2255859375 878.871826171875 817.07733154296875 776.66900634765625 798.05694580078125 821.61688232421875 718.28948974609375 580.78662109375 497.055084228515625 420.9326171875 381.48956298828125 392.265838623046875 364.30792236328125 350.98480224609375 272.09136962890625 252.2744598388671875 289.928131103515625 276.82342529296875 249.79498291015625 199.96954345703125 197.2311859130859375 193.406097412109375 190.58575439453125 182.829315185546875 213.2265777587890625 494.7576904296875 478.31329345703125 558.337890625 516.495849609375 584.41265869140625 315.9442138671875 193.2934112548828125 170.21380615234375
681.57647705078125 837.1968994140625 938.15252685546875 949.93572998046875 1052.3182373046875 1143.1436767578125 1214.62841796875 1441.8026123046875 1809.82177734375 1982.1217041015625 1682.8253173828125 1528.21826171875 1319.6705322265625 1152.0616455078125 903.37451171875 802.85528564453125 669.18731689453125 580.8843994140625 482.455078125 404.1981201171875 345.577392578125 329.243804931640625 346.912506103515625 375.5484619140625 323.739959716796875 291.26580810546875 248.5503997802734375 229.845733642578125 241.0540771484375 246.021881103515625 185.3784942626953125 183.20574951171875 189.389739990234375 186.3341522216796875 178.975677490234375 179.8518218994140625 171.5466156005859375 216.2946624755859375 518.1944580078125 520.96539306640625 632.98486328125 625.046875 698.9146728515625 449.3470458984375 272.0263671875
718.69647216796875 730.2056884765625 813.6619873046875 970.19146728515625 1087.0496826171875 1175.03515625 1261.3515625 1467.4127197265625 1650.5516357421875 1561.4046630859375 1788.7425537109375 1606.3402099609375 1464.2322998046875 1169.76171875 897.75323486328125 632.02056884765625 502.3536376953125 394.06842041015625 356.41473388671875 355.901397705078125 355.40350341796875 339.10601806640625 348.862457275390625 350.21417236328125 322.623992919921875 286.8408203125 317.908203125 326.989471435546875 262.06829833984375 221.090423583984375 187.1513214111328125 183.6829986572265625 203.9159393310546875 184.6410980224609375 183.680511474609375 179.2004852294921875 178.6325531005859375 183.317108154296875 238.5995941162109375 589.706298828125 644.11798095703125 762.99176025390625 799.66162109375 796.37548828125 506.479034423828125
661.17926025390625 682.10540771484375 721.2989501953125 895.31597900390625 1016.3045654296875 1080.3006591796875 1153.185791015625 1231.15625 1317.1741943359375 1369.815673828125 1535.0772705078125 1607.409423828125 1479.287353515625 1235.6680908203125 810.20074462890625 578.20806884765625 405.476959228515625 367.404998779296875 362.06488037109375 367.051788330078125 365.54791259765625 361.333984375 368.982635498046875 338.203765869140625 322.598236083984375 364.503814697265625 496.434906005859375 459.6197509765625 395.408935546875 287.0635986328125 216.561553955078125 233.51580810546875 305.16693115234375 205.419830322265625 187.549774169921875 195.6362457275390625 214.0285491943359375 234.430999755859375 240.7409515380859375 298.813934326171875 660.2686767578125 850.96697998046875 908.83978271484375 848.28399658203125 811.07794189453125
666.05621337890625 659.51043701171875 715.06610107421875 806.48248291015625 937.126953125 990.4532470703125 1003.22027587890625 1003.70452880859375 1089.849853515625 1312.0498046875 1391.1497802734375 1506.772705078125 1645.6048583984375 1287.5408935546875 865.76519775390625 561.560546875 451.0606689453125 400.198455810546875 409.95953369140625 414.415557861328125 398.260467529296875 399.96221923828125 369.1636962890625 356.938995361328125 379.4739990234375 513.727783203125 577.37786865234375 644.7630615234375 542.79248046875 446.845672607421875 319.298309326171875 412.90240478515625 380.5994873046875 325.044647216796875 236.222991943359375 241.997711181640625 290.6705322265625 315.22821044921875 309.33477783203125 307.74053955078125 423.445159912109375 797.24468994140625 939.0018310546875 927.98297119140625 845.7059326171875
702.81378173828125 751.2734375 702.675537109375 765.08026123046875 876.90057373046875 900.5841064453125 863.23406982421875 832.39703369140625 1051.7025146484375 1311.8370361328125 1354.295654296875 1632.084716796875 1537.2816162109375 1279.0914306640625 881.8978271484375 614.06640625 622.05499267578125 691.97674560546875 622.576171875 524.58123779296875 494.7308349609375 452.3580322265625 409.10888671875 368.431121826171875 421.669189453125 490.654052734375 638.028076171875 749.877197265625 692.539794921875 505.678070068359375 555.32196044921875 515.06591796875 473.528717041015625 421.618194580078125 389.321075439453125 303.7435302734375 320.535919189453125 341.204986572265625 377.305694580078125 392.834747314453125 397.60833740234375 483.271026611328125 826.26922607421875 947.1053466796875 805.0023193359375
742.7550048828125 786.90496826171875 764.5653076171875 734.11248779296875 772.4349365234375 789.77337646484375 756.41412353515625 958.17047119140625 1134.030517578125 1218.650634765625 1419.801025390625 1563.2640380859375 1406.0692138671875 1050.512451171875 824.51629638671875 739.15374755859375 852.01397705078125 1007.0220947265625 938.07611083984375 865.58892822265625 634.85919189453125 581.16644287109375 471.934417724609375 406.26971435546875 375.457672119140625 487.673492431640625 614.440185546875 704.58001708984375 660.323974609375 646.1512451171875 602.88043212890625 605.94024658203125 528.3221435546875 490.35986328125 378.589019775390625 341.336212158203125 344.788726806640625 377.426239013671875 386.74127197265625 375.249725341796875 417.7254638671875 463.995025634765625 509.854766845703125 725.08819580078125 844.4453125
780.083251953125 789.5677490234375 748.8804931640625 701.02435302734375 684.39862060546875 731.8873291015625 929.5340576171875 1113.0341796875 1221.91552734375 1232.1868896484375 1386.178955078125 1373.196533203125 1115.271484375 853.16412353515625 687.2994384765625 810.7310791015625 1046.57373046875 1096.4246826171875 1256.554443359375 1110.433837890625 987.296142578125 753.6048583984375 632.0535888671875 526.30242919921875 428.47198486328125 433.111480712890625 549.06683349609375 551.56341552734375 651.28057861328125 610.823974609375 611.8470458984375 620.8359375 587.45166015625 422.083099365234375 380.870025634765625 363.061859130859375 381.0697021484375 397.5 379.57598876953125 369.37335205078125 441.6290283203125 493.269989013671875 484.064605712890625 466.932281494140625 671.39483642578125
766.9356689453125 746.245849609375 715.05413818359375 712.2703857421875 800.46923828125 927.913818359375 1047.5875244140625 1217.8848876953125 1302.801025390625 1370.857421875 1332.63232421875 1079.5770263671875 943.2825927734375 677.83880615234375 499.998046875 655.141845703125 907.739990234375 1241.7529296875 1190.4873046875 1141.08740234375 1007.51025390625 965.06524658203125 811.20880126953125 718.335693359375 641.24029541015625 563.8839111328125 535.0052490234375 543.4578857421875 536.046875 592.00213623046875 607.6319580078125 652.8033447265625 559.41766357421875 456.319091796875 433.7630615234375 423.904052734375 417.78350830078125 414.261505126953125 432.855712890625 433.671142578125 441.356475830078125 487.554168701171875 492.9212646484375 469.230987548828125 445.09832763671875
787.70098876953125 796.8636474609375 785.7530517578125 890.0767822265625 1015.3575439453125 1035.137939453125 1186.767822265625 1239.8814697265625 1315.7611083984375 1295.0806884765625 1151.098388671875 1092.5093994140625 819.94891357421875 571.6470947265625 467.299407958984375 508.775848388671875 764.9449462890625 922.67364501953125 1025.3358154296875 946.04742431640625 1049.859375 992.29022216796875 947.7069091796875 868.25341796875 900.11529541015625 841.98974609375 717.9251708984375 640.21575927734375 575.945556640625 602.62530517578125 642.3321533203125 687.00128173828125 655.72650146484375 588.602294921875 549.89453125 492.287384033203125 541.63507080078125 505.86566162109375 501.468414306640625 465.882659912109375 443.873291015625 486.814849853515625 508.02703857421875 461.7091064453125 445.90008544921875
909.27569580078125 952.65521240234375 954.7908935546875 981.37060546875 1046.3251953125 1129.2347412109375 1166.91015625 1203.6700439453125 1121.0677490234375 1036.4755859375 1014.41094970703125 1008.439697265625 796.2598876953125 494.343963623046875 416.97882080078125 523.22003173828125 544.68768310546875 699.98980712890625 648.81048583984375 773.934326171875 748.595458984375 875.6385498046875 971.51409912109375 1000.89971923828125 993.281982421875 948.1231689453125 818.373779296875 770.66729736328125 703.65386962890625 701.41839599609375 794.08282470703125 809.07110595703125 829.87408447265625 731.2589111328125 696.72674560546875 637.1922607421875 646.70672607421875 724.085693359375 566.99603271484375 466.0531005859375 456.769683837890625 484.693817138671875 523.405029296875 472.69451904296875 521.435302734375
940.7410888671875 992.89556884765625 1055.8497314453125 1078.112548828125 1084.8564453125 1087.3641357421875 1013.09710693359375 984.85943603515625 941.66351318359375 886.49249267578125 920.9512939453125 901.35748291015625 616.73052978515625 423.039398193359375 374.753814697265625 418.9141845703125 499.985595703125 436.249908447265625 496.506744384765625 484.73583984375 603.342529296875 701.1817626953125 719.8372802734375 822.524658203125 873.51947021484375 938.19830322265625 895.91961669921875 727.73175048828125 705.89508056640625 817.6314697265625 986.100830078125 1018.587890625 1014.71661376953125 1004.6279296875 924.04937744140625 842.92559814453125 813.11151123046875 827.807861328125 722.311279296875 522.62481689453125 459.7720947265625 506.222320556640625 547.09417724609375 532.67724609375 481.79864501953125
864.873046875 876.5279541015625 922.4093017578125 978.844970703125 1017.042236328125 982.2501220703125 985.35211181640625 998.94390869140625 906.0438232421875 852.521728515625 892.57861328125 761.67266845703125 533.74078369140625 368.758087158203125 310.96051025390625 345.1240234375 395.188018798828125 373.19189453125 327.921142578125 384.841766357421875 485.372528076171875 537.7254638671875 575.421142578125 663.02490234375 695.251708984375 692.20269775390625 668.51593017578125 688.38812255859375 744.7244873046875 841.04833984375 1004.86016845703125 1132.876708984375 1137.9627685546875 1076.0631103515625 1033.196533203125 1014.78955078125 951.31951904296875 849.85650634765625 719.8341064453125 561.58856201171875 492.125274658203125 532.795166015625 576.3907470703125 553.9805908203125 516.97119140625
710.28204345703125 713.552734375 736.67138671875 808.2247314453125 923.7353515625 997.13330078125 1019.7646484375 1041.631103515625 1007.09796142578125 1039.3109130859375 964.1668701171875 717.57110595703125 457.5882568359375 334.476165771484375 271.14727783203125 295.378997802734375 329.60443115234375 324.07867431640625 306.71417236328125 351.631011962890625 393.0726318359375 487.38720703125 533.9742431640625 564.9608154296875 569.51458740234375 501.032135009765625 474.827178955078125 521.451171875 652.62640380859375 767.87152099609375 858.22393798828125 1001.860595703125 971.70220947265625 949.4814453125 913.129150390625 840.86456298828125 893.90350341796875 803.669677734375 697.31396484375 517.3441162109375 456.12359619140625 564.5335693359375 592.0804443359375 590.04058837890625 519.19952392578125
544.01690673828125 579.883544921875 595.10821533203125 690.90838623046875 793.935302734375 887.50018310546875 1017.66680908203125 1096.9329833984375 1248.5711669921875 1241.6644287109375 1003.07745361328125 790.05157470703125 452.04559326171875 281.226806640625 255.4541168212890625 278.277435302734375 277.44439697265625 300.40081787109375 290.16607666015625 312.5516357421875 358.654632568359375 411.649078369140625 495.15838623046875 482.1827392578125 473.828155517578125 439.341064453125 407.086639404296875 406.310699462890625 532.55133056640625 659.03411865234375 678.94921875 676.290771484375 702.06072998046875 706.5196533203125 711.40106201171875 644.664306640625 672.9970703125 697.18096923828125 609.3795166015625 518.97918701171875 530.23583984375 576.3958740234375 633.66119384765625 571.94976806640625 521.911865234375
466.975128173828125 466.2879638671875 462.71331787109375 490.21728515625 577.2076416015625 729.95977783203125 876.34014892578125 1014.51904296875 1249.4150390625 1217.247802734375 1002.4918212890625 746.25634765625 424.84820556640625 232.9573974609375 227.3719482421875 259.40802001953125 272.081024169921875 281.491241455078125 280.143524169921875 279.877044677734375 320.20318603515625 409.78411865234375 448.12420654296875 443.529052734375 395.4293212890625 390.4725341796875 379.3714599609375 432.03912353515625 535.28070068359375 553.91680908203125 586.4915771484375 506.60296630859375 487.4788818359375 494.131866455078125 512.40191650390625 498.39605712890625 520.14483642578125 594.46112060546875 562.4595947265625 511.460540771484375 498.713623046875 560.64697265625 669.4873046875 646.07958984375 569.75048828125
446.4638671875 393.256622314453125 356.8818359375 367.1331787109375 420.373199462890625 488.653533935546875 594.2760009765625 838.9119873046875 1057.78662109375 1021.4007568359375 840.17266845703125 569.85162353515625 278.25872802734375 214.600372314453125 223.1685943603515625 251.9915924072265625 279.63397216796875 295.037261962890625 317.026519775390625 343.904571533203125 355.29766845703125 379.516387939453125 408.1478271484375 399.805572509765625 378.824127197265625 352.841461181640625 366.910614013671875 470.77069091796875 537.7435302734375 540.67730712890625 527.126220703125 459.192840576171875 416.587982177734375 418.1875 432.847015380859375 428.711181640625 488.162353515625 551.80828857421875 495.994659423828125 511.074798583984375 489.06787109375 558.426513671875 668.786865234375 702.09820556640625 744.1444091796875
426.26641845703125 364.094024658203125 322.01910400390625 290.170379638671875 344.44482421875 385.683624267578125 466.29351806640625 734.7396240234375 758.0401611328125 749.954345703125 640.29241943359375 347.6544189453125 217.684661865234375 209.926025390625 212.4659576416015625 246.1575469970703125 294.376617431640625 343.17108154296875 382.3707275390625 397.95184326171875 391.9652099609375 378.232208251953125 377.359893798828125 381.2947998046875 333.438873291015625 306.92218017578125 381.1336669921875 499.132720947265625 539.725830078125 546.00830078125 502.99810791015625 447.76739501953125 451.611297607421875 444.5758056640625 421.211761474609375 480.9971923828125 579.36248779296875 597.00274658203125 529.88079833984375 447.194488525390625 481.38348388671875 597.24981689453125 673.75091552734375 826.41192626953125 882.94622802734375
