Input_PredictorVariables/LightPollutionRed2016_Focal.asc
ncols        529
nrows        344
xllcorner    2700.000000000000
yllcorner    15900.000000000000
cellsize     100.000000000000
NODATA_value  0
[rows 100 to 119 of 344, columns 450 to 494 of 529]
119.2296142578125 119.95818328857421875 118.6674957275390625 112.2644195556640625 109.5058746337890625 106.40154266357421875 105.2256927490234375 99.46917724609375 99.0054931640625 100.62023162841796875 101.142425537109375 97.9084930419921875 89.580841064453125 83.12699127197265625 76.47650146484375 72.92160797119140625 75.73805999755859375 78.2415618896484375 82.684295654296875 81.17427825927734375 82.11948394775390625 83.48712921142578125 80.7674407958984375 79.71443939208984375 73.8377532958984375 77.85723876953125 77.6351470947265625 85.0447235107421875 91.1143798828125 92.47418975830078125 82.594879150390625 78.69522857666015625 70.88396453857421875 62.9450531005859375 63.054882049560546875 62.887451171875 68.53583526611328125 68.5057373046875 75.0887298583984375 75.636322021484375 75.11385345458984375 71.3188629150390625 67.2427520751953125 67.075714111328125 74.951171875
127.48626708984375 120.98505401611328125 116.8660125732421875 112.62665557861328125 109.31787872314453125 107.0902557373046875 106.2003326416015625 106.4173583984375 100.86910247802734375 99.49369049072265625 102.3670806884765625 99.81812286376953125 90.38915252685546875 84.358978271484375 76.5063323974609375 76.4144287109375 75.5516204833984375 80.96840667724609375 81.34442138671875 82.2238922119140625 80.20172119140625 82.9100189208984375 79.6435089111328125 79.66268157958984375 84.574005126953125 79.33803558349609375 85.5699005126953125 89.9673004150390625 94.3594818115234375 93.44879913330078125 89.96392822265625 77.15399169921875 71.269775390625 64.7070159912109375 62.629669189453125 66.36981201171875 70.10186004638671875 72.21070098876953125 76.7769927978515625 84.99742889404296875 78.93304443359375 75.197906494140625 71.736114501953125 73.50585174560546875 73.408203125
132.345245361328125 121.483642578125 115.6421051025390625 110.75385284423828125 113.9959716796875 105.58990478515625 101.36661529541015625 100.4603729248046875 100.80112457275390625 100.53199005126953125 97.61943817138671875 90.46563720703125 87.7730560302734375 82.469818115234375 81.80843353271484375 78.78247833251953125 80.86527252197265625 76.1847381591796875 79.58648681640625 78.76470184326171875 84.04273223876953125 82.51186370849609375 82.49669647216796875 86.80367279052734375 81.734100341796875 81.02872467041015625 80.24188232421875 98.9515380859375 99.85744476318359375 95.5903472900390625 85.6375579833984375 81.73551177978515625 70.28293609619140625 66.78418731689453125 65.606597900390625 67.7775115966796875 69.19476318359375 74.47607421875 78.7528533935546875 82.29419708251953125 84.527679443359375 78.0683135986328125 77.58599090576171875 78.46912384033203125 72.48711395263671875
136.371246337890625 129.585540771484375 119.13346099853515625 118.32910919189453125 106.31407928466796875 110.8139801025390625 105.93846893310546875 104.8559417724609375 99.27718353271484375 97.71254730224609375 92.46643829345703125 91.34761810302734375 89.1353912353515625 85.39133453369140625 86.69333648681640625 82.39701080322265625 80.54363250732421875 82.8065338134765625 79.7553863525390625 82.5835418701171875 84.82269287109375 88.02738189697265625 87.27178192138671875 84.98001861572265625 83.63246917724609375 80.0726165771484375 86.1537628173828125 93.88463592529296875 103.9224090576171875 99.67995452880859375 91.2977752685546875 82.27931976318359375 74.57520294189453125 70.7271575927734375 72.61377716064453125 69.50931549072265625 69.82671356201171875 72.3939666748046875 77.6766815185546875 78.55179595947265625 82.26934051513671875 78.34332275390625 74.15960693359375 74.6065216064453125 76.93206787109375
137.4284210205078125 128.3954315185546875 124.1681671142578125 117.44832611083984375 113.5953521728515625 107.31125640869140625 112.55054473876953125 104.4895782470703125 98.37316131591796875 90.93802642822265625 93.3896026611328125 92.712677001953125 87.04571533203125 88.71044158935546875 88.47864532470703125 81.8782958984375 76.4964752197265625 77.83193206787109375 80.96576690673828125 79.489654541015625 83.22069549560546875 82.978851318359375 82.009674072265625 78.98960113525390625 78.0633544921875 82.40099334716796875 88.05438995361328125 93.88906097412109375 100.29132080078125 103.12811279296875 94.29563140869140625 87.71026611328125 81.543853759765625 81.43454742431640625 75.269866943359375 71.68636322021484375 71.0851287841796875 73.90523529052734375 73.591033935546875 74.51097869873046875 74.2039337158203125 75.87740325927734375 71.83766937255859375 72.629364013671875 78.5478363037109375
136.2008209228515625 131.8058624267578125 125.439239501953125 124.8348388671875 118.98873138427734375 115.8347930908203125 106.68000030517578125 104.01184844970703125 97.891632080078125 95.19660186767578125 91.802520751953125 90.6266326904296875 89.41072845458984375 91.61035919189453125 85.08110809326171875 82.21018218994140625 79.1213531494140625 77.28960418701171875 76.24797821044921875 76.76708984375 76.92707061767578125 77.6493988037109375 74.31134796142578125 76.30626678466796875 75.50170135498046875 77.95090484619140625 86.7311553955078125 95.26859283447265625 102.833984375 95.6989593505859375 94.10794830322265625 89.97383880615234375 89.55657196044921875 85.17955780029296875 80.7696990966796875 75.7977294921875 74.35553741455078125 69.979400634765625 74.3511810302734375 76.0928497314453125 72.40837860107421875 69.61293792724609375 70.732025146484375 73.46269989013671875 74.3560333251953125
141.2762908935546875 135.52984619140625 132.047943115234375 122.816070556640625 123.39023590087890625 114.82802581787109375 107.35559844970703125 101.93428802490234375 97.43590545654296875 92.722808837890625 95.62155914306640625 91.209869384765625 90.5679931640625 91.4327545166015625 84.4637298583984375 83.4490814208984375 82.00270843505859375 78.623199462890625 80.52640533447265625 75.1790924072265625 74.99609375 71.0301513671875 72.95877838134765625 72.46231842041015625 73.24111175537109375 80.295867919921875 87.764312744140625 94.7712554931640625 95.88530731201171875 93.345947265625 88.43434906005859375 91.42911529541015625 92.48932647705078125 86.6099090576171875 81.7003936767578125 79.25087738037109375 73.22733306884765625 73.07294464111328125 74.65287017822265625 75.0764617919921875 70.8368682861328125 65.07183074951171875 68.35648345947265625 74.926513671875 73.16534423828125
157.2493896484375 136.72052001953125 132.569915771484375 129.826690673828125 123.5597686767578125 114.117095947265625 105.89998626708984375 100.9388580322265625 96.80445098876953125 96.06909942626953125 91.06575775146484375 92.59638214111328125 88.89971160888671875 88.89768218994140625 86.626312255859375 81.8588714599609375 82.7738037109375 84.5614013671875 83.1473236083984375 79.6270599365234375 73.21851348876953125 73.54730224609375 71.95563507080078125 69.37448883056640625 74.18112945556640625 77.4453277587890625 85.15721893310546875 89.584930419921875 90.48487091064453125 86.816650390625 85.1243743896484375 88.6708831787109375 92.8638916015625 86.44623565673828125 82.86815643310546875 78.9912872314453125 78.4990081787109375 78.354095458984375 76.47711181640625 69.78466796875 65.5301361083984375 65.27622222900390625 67.00229644775390625 71.04405975341796875 73.2853546142578125
162.55279541015625 135.025238037109375 135.322723388671875 131.0099639892578125 118.20831298828125 111.0458526611328125 104.89954376220703125 98.19013214111328125 96.99324798583984375 94.54962921142578125 91.9278717041015625 90.55855560302734375 85.2105865478515625 80.36356353759765625 87.1733856201171875 82.9255218505859375 86.17182159423828125 86.86168670654296875 83.0386505126953125 76.92487335205078125 77.06101226806640625 75.77469635009765625 73.37076568603515625 68.75849151611328125 68.3858489990234375 72.53046417236328125 75.379608154296875 83.40679931640625 83.05649566650390625 79.78069305419921875 77.15659332275390625 84.45493316650390625 83.48892974853515625 91.3860321044921875 86.90612030029296875 80.070709228515625 81.63336181640625 78.53237152099609375 72.92159271240234375 69.6614990234375 66.25322723388671875 60.65607452392578125 59.26458740234375 68.72786712646484375 68.1869354248046875
149.3187255859375 140.6476593017578125 130.745330810546875 126.07942962646484375 116.44428253173828125 107.00836181640625 105.16399383544921875 96.745147705078125 96.8067474365234375 97.03017425537109375 93.819732666015625 88.12839508056640625 81.102447509765625 80.95291900634765625 87.70259857177734375 86.67144775390625 86.36551666259765625 87.65932464599609375 84.0453033447265625 75.76221466064453125 78.50286865234375 75.98488616943359375 73.7976226806640625 69.089996337890625 65.26373291015625 65.01007080078125 72.84059906005859375 76.3554534912109375 76.83840179443359375 71.9436798095703125 79.07391357421875 76.32568359375 79.23431396484375 86.52655029296875 92.1383514404296875 84.3329620361328125 83.3545684814453125 82.09899139404296875 72.403778076171875 67.8183746337890625 64.063812255859375 62.90978240966796875 60.269107818603515625 61.136402130126953125 67.50128936767578125
153.395904541015625 143.260894775390625 134.6951904296875 121.0252685546875 113.833984375 111.09311676025390625 101.88545989990234375 105.54241943359375 102.10973358154296875 99.4051055908203125 96.1508026123046875 91.1878814697265625 86.716278076171875 86.46056365966796875 86.19677734375 89.021209716796875 88.431304931640625 85.848358154296875 83.02970123291015625 74.71421051025390625 76.118438720703125 76.10262298583984375 70.73293304443359375 70.74660491943359375 68.24681854248046875 67.4324188232421875 72.788482666015625 73.79714202880859375 73.800445556640625 73.0018310546875 70.88482666015625 74.49481201171875 79.3959503173828125 84.91794586181640625 82.21033477783203125 87.83866119384765625 85.27458953857421875 84.46585845947265625 80.06864166259765625 70.39290618896484375 72.722869873046875 72.2303466796875 65.44715118408203125 63.800975799560546875 62.85774993896484375
162.5114898681640625 151.37042236328125 138.527496337890625 126.8587646484375 122.00017547607421875 117.9065399169921875 113.8888702392578125 110.45037078857421875 109.90778350830078125 107.5028839111328125 104.30228424072265625 101.1613006591796875 94.2741241455078125 92.01621246337890625 91.4023590087890625 94.51287078857421875 92.7694244384765625 89.24664306640625 84.67458343505859375 81.28951263427734375 79.2101593017578125 78.4774932861328125 76.98978424072265625 76.55866241455078125 75.4739837646484375 71.34584808349609375 74.36472320556640625 76.02747344970703125 79.693634033203125 74.63616180419921875 70.24671173095703125 70.17079925537109375 81.277313232421875 83.02330780029296875 85.714447021484375 86.06102752685546875 88.724822998046875 113.6581878662109375 88.553558349609375 87.37422943115234375 87.10672760009765625 80.83919525146484375 72.652496337890625 65.6524810791015625 66.8000640869140625
310.9228515625 212.8509979248046875 155.7091827392578125 141.1725616455078125 130.4765167236328125 127.1868438720703125 121.01453399658203125 119.41180419921875 115.22264862060546875 114.9804534912109375 111.63672637939453125 106.51544952392578125 102.74864959716796875 100.4133758544921875 96.51699066162109375 97.44600677490234375 96.74224090576171875 91.500518798828125 89.54061126708984375 88.63425445556640625 85.4208984375 79.8458404541015625 82.12691497802734375 81.3385009765625 80.96335601806640625 77.24445343017578125 75.00652313232421875 72.9804840087890625 78.35674285888671875 75.87949371337890625 75.0229644775390625 76.52031707763671875 80.716339111328125 85.4290771484375 85.96770477294921875 84.3599090576171875 117.6162872314453125 141.3535614013671875 139.355255126953125 94.44557952880859375 91.321990966796875 125.748992919921875 79.982757568359375 72.2095794677734375 64.1583709716796875
659.12322998046875 448.09002685546875 331.01336669921875 236.6202850341796875 159.1282196044921875 132.2141571044921875 132.3236846923828125 123.665496826171875 122.72188568115234375 122.51700592041015625 117.55617523193359375 115.76268768310546875 112.4616546630859375 109.03055572509765625 104.57452392578125 100.7013702392578125 99.8271026611328125 98.061920166015625 92.927978515625 91.82517242431640625 87.148834228515625 81.75191497802734375 82.1709442138671875 82.06002044677734375 79.85825347900390625 80.562164306640625 72.58351898193359375 71.19953155517578125 71.68865966796875 78.94448089599609375 79.0296478271484375 81.34841156005859375 83.30750274658203125 87.77915191650390625 84.82898712158203125 113.45301055908203125 135.77142333984375 157.34405517578125 159.1193389892578125 141.4091949462890625 128.293853759765625 126.11800384521484375 120.60291290283203125 71.3049163818359375 67.38404083251953125
857.5125732421875 769.23944091796875 621.2650146484375 470.8316650390625 360.365478515625 271.05731201171875 196.1573333740234375 147.238922119140625 133.54840087890625 128.7550506591796875 130.77947998046875 126.7227783203125 120.18741607666015625 115.3163909912109375 113.5475006103515625 104.45351409912109375 101.39569854736328125 97.5718994140625 96.59267425537109375 90.17092132568359375 86.8997344970703125 78.05368804931640625 78.13085174560546875 79.476287841796875 81.98516845703125 75.73574066162109375 74.12744140625 72.81554412841796875 75.54579925537109375 78.891265869140625 81.856201171875 79.3377685546875 83.9846954345703125 84.78916168212890625 85.93310546875 95.826751708984375 142.5722198486328125 155.177490234375 159.2578887939453125 164.2497100830078125 137.35980224609375 116.70502471923828125 111.168060302734375 109.40332794189453125 71.20459747314453125
951.2506103515625 863.8487548828125 694.63470458984375 628.65447998046875 634.17816162109375 541.5418701171875 402.100372314453125 294.484466552734375 253.34893798828125 184.8882904052734375 142.483062744140625 136.2355499267578125 134.7443695068359375 142.914520263671875 122.0966796875 116.2107086181640625 103.85619354248046875 99.883453369140625 95.919921875 92.284942626953125 87.0986328125 80.64026641845703125 77.24456787109375 79.60619354248046875 81.02783203125 76.510772705078125 76.19766998291015625 78.0839385986328125 84.17364501953125 82.4310302734375 82.52846527099609375 81.5944671630859375 79.0276031494140625 82.027923583984375 77.22243499755859375 75.992218017578125 99.15093231201171875 152.1236419677734375 125.3384246826171875 97.8592987060546875 118.84302520751953125 113.18766021728515625 108.3870086669921875 67.6173248291015625 66.4263458251953125
693.886962890625 754.17626953125 717.7666015625 674.8717041015625 608.7886962890625 584.33306884765625 590.6055908203125 566.3590087890625 462.485382080078125 392.012603759765625 308.40106201171875 209.271087646484375 176.833282470703125 178.216156005859375 177.6498870849609375 125.1002349853515625 116.9485321044921875 104.78095245361328125 98.797943115234375 94.03887939453125 90.84860992431640625 85.49933624267578125 77.81728363037109375 80.28136444091796875 77.14588165283203125 76.547332763671875 79.08880615234375 81.270904541015625 84.18177032470703125 86.628936767578125 83.4873504638671875 78.4548187255859375 79.214385986328125 77.356353759765625 78.349029541015625 77.17617034912109375 80.67314910888671875 100.5869903564453125 102.09264373779296875 82.91829681396484375 76.17725372314453125 108.162384033203125 68.3124847412109375 67.83901214599609375 70.2525482177734375
493.47467041015625 482.519134521484375 504.03057861328125 499.95892333984375 531.89764404296875 592.33111572265625 593.33184814453125 546.24078369140625 564.52593994140625 600.67901611328125 563.3668212890625 458.987457275390625 374.26837158203125 306.60638427734375 230.8155364990234375 184.216552734375 128.1754302978515625 117.83727264404296875 107.2929229736328125 119.69309234619140625 123.1855010986328125 105.503509521484375 91.34989166259765625 82.0276336669921875 78.92864990234375 78.319793701171875 82.62113189697265625 84.05870819091796875 88.3919525146484375 85.14038848876953125 80.6295166015625 77.99530029296875 75.85417938232421875 80.74927520751953125 76.64900970458984375 77.088958740234375 76.56438446044921875 78.660400390625 83.76561737060546875 80.36468505859375 71.3225250244140625 71.22278594970703125 67.930389404296875 71.317413330078125 73.043701171875
383.204864501953125 365.225341796875 327.42742919921875 306.633880615234375 321.3990478515625 358.81756591796875 402.98370361328125 533.4788818359375 624.20404052734375 603.2227783203125 557.25274658203125 621.95770263671875 650.15478515625 521.78228759765625 414.561767578125 295.032135009765625 199.43072509765625 127.9325103759765625 150.03533935546875 169.2057342529296875 163.17767333984375 169.0497283935546875 157.18359375 96.01874542236328125 82.220947265625 88.80686187744140625 90.2355499267578125 89.758880615234375 89.4823455810546875 88.172393798828125 79.860748291015625 76.4095306396484375 76.2402191162109375 73.3134002685546875 74.2244720458984375 72.17353057861328125 73.37023162841796875 74.37740325927734375 73.6316986083984375 72.620941162109375 70.23101806640625 70.56147003173828125 70.66487884521484375 69.3897705078125 70.9688568115234375
293.291259765625 309.34698486328125 260.579986572265625 195.6960601806640625 180.3260040283203125 189.011077880859375 243.6778411865234375 290.177398681640625 396.053070068359375 505.7232666015625 604.84698486328125 584.8201904296875 529.1632080078125 602.4215087890625 608.06610107421875 497.815826416015625 346.596771240234375 308.856414794921875 335.867523193359375 213.9200592041015625 214.6187744140625 234.411651611328125 226.5001068115234375 188.1496429443359375 126.93347930908203125 106.319366455078125 102.508697509765625 99.86937713623046875 94.03753662109375 91.40053558349609375 85.9316558837890625 77.68796539306640625 74.4177703857421875 70.39459228515625 68.5213470458984375 69.7610626220703125 65.93288421630859375 67.8631591796875 68.512420654296875 71.01564788818359375 70.5441741943359375 70.3435516357421875 75.3968048095703125 75.1103515625 70.6392974853515625
