Input_PredictorVariables/LightPollutionRed2016_Focal.asc
ncols        529
nrows        344
xllcorner    2700.000000000000
yllcorner    15900.000000000000
cellsize     100.000000000000
NODATA_value  0
[rows 300 to 319 of 344, columns 225 to 269 of 529]
93.737548828125 99.5124664306640625 98.2386932373046875 96.19824981689453125 94.7960357666015625 96.0028533935546875 98.899993896484375 96.62992095947265625 97.43477630615234375 98.661712646484375 93.2216339111328125 89.1386260986328125 90.73974609375 91.41290283203125 86.6055145263671875 89.1324005126953125 93.438018798828125 90.5860748291015625 91.62856292724609375 91.56217193603515625 96.31324005126953125 97.2689361572265625 98.4724273681640625 101.9599456787109375 103.707366943359375 99.30169677734375 97.8103790283203125 90.37693023681640625 91.2768096923828125 92.0870361328125 93.687591552734375 97.51116943359375 100.23157501220703125 99.27931976318359375 97.51258087158203125 91.290679931640625 94.46417999267578125 94.73436737060546875 92.14308929443359375 89.85797882080078125 89.3560638427734375 89.23885345458984375 82.3692626953125 79.04470062255859375 78.258758544921875
99.888580322265625 92.2861480712890625 96.4254913330078125 93.56021881103515625 91.49076080322265625 91.46639251708984375 92.70642852783203125 97.837249755859375 95.82131195068359375 92.15258026123046875 91.70023345947265625 92.4795074462890625 89.7849884033203125 85.151947021484375 85.805328369140625 90.62673187255859375 92.41815185546875 93.50804901123046875 87.0208740234375 92.006195068359375 95.15081024169921875 99.2564697265625 100.6290740966796875 99.840423583984375 97.48293304443359375 96.03820037841796875 90.920318603515625 93.95589447021484375 92.23773193359375 91.1361236572265625 94.38669586181640625 99.26416015625 96.186370849609375 96.556640625 95.89444732666015625 93.89614105224609375 94.1878204345703125 98.6170806884765625 95.24309539794921875 91.20672607421875 88.6244354248046875 83.1035003662109375 78.1122589111328125 75.24230194091796875 76.0492706298828125
94.8420257568359375 96.24646759033203125 92.20880126953125 89.6574554443359375 89.45175933837890625 90.028900146484375 88.701446533203125 92.27898406982421875 91.63347625732421875 87.34748077392578125 89.165435791015625 90.55731201171875 86.394683837890625 78.097808837890625 81.90594482421875 89.405731201171875 92.63234710693359375 89.869842529296875 93.6978759765625 95.3407440185546875 94.70806121826171875 97.48429107666015625 99.3528900146484375 93.60247039794921875 93.52286529541015625 90.808929443359375 89.3995513916015625 93.68267059326171875 92.5103607177734375 90.69582366943359375 92.543792724609375 96.40399169921875 96.05074310302734375 94.64310455322265625 92.4514312744140625 93.3318939208984375 94.99669647216796875 96.77790069580078125 96.0400543212890625 90.13803863525390625 84.8342132568359375 79.6137237548828125 77.3237457275390625 76.50555419921875 77.679718017578125
94.4662933349609375 96.06215667724609375 94.5877685546875 91.61940765380859375 90.9728240966796875 90.95104217529296875 92.51543426513671875 88.67525482177734375 88.91446685791015625 101.771087646484375 95.98040008544921875 87.0884857177734375 81.36885833740234375 79.56787872314453125 78.31067657470703125 87.2775421142578125 91.33724212646484375 94.85643768310546875 95.3124847412109375 94.9527435302734375 97.83031463623046875 95.90169525146484375 94.1613006591796875 95.0398406982421875 89.756103515625 88.93650054931640625 93.6378631591796875 94.9405975341796875 93.47015380859375 92.994384765625 94.0042266845703125 93.0404815673828125 94.36351776123046875 96.14806365966796875 94.2354278564453125 95.38527679443359375 94.82100677490234375 93.7729949951171875 92.0747833251953125 89.55535125732421875 87.3144378662109375 77.48004150390625 79.16912078857421875 81.3628387451171875 82.391693115234375
95.702728271484375 97.42496490478515625 92.60968780517578125 95.3972015380859375 91.4106597900390625 92.50153350830078125 91.95401763916015625 90.26239776611328125 98.61449432373046875 107.64455413818359375 107.6619110107421875 94.30326080322265625 84.880615234375 78.73757171630859375 79.17455291748046875 83.48004913330078125 94.82610321044921875 96.9590911865234375 96.89009857177734375 97.018280029296875 101.20180511474609375 98.11011505126953125 95.15190887451171875 98.578826904296875 97.9434661865234375 93.757781982421875 96.1604156494140625 96.78026580810546875 97.37113189697265625 94.81775665283203125 92.7155609130859375 93.49417877197265625 97.0586700439453125 97.813690185546875 95.52097320556640625 95.21971893310546875 96.60028076171875 96.42321014404296875 92.04888153076171875 88.2779541015625 85.682220458984375 89.21375274658203125 84.2871551513671875 87.3772735595703125 81.6555023193359375
95.97475433349609375 93.23686981201171875 92.6829986572265625 91.823394775390625 92.97510528564453125 90.32590484619140625 90.5493927001953125 99.9252777099609375 106.81551361083984375 108.44721221923828125 108.7068023681640625 112.9016876220703125 92.95790863037109375 81.48313140869140625 82.918609619140625 90.3086090087890625 93.13812255859375 92.8390045166015625 97.9857025146484375 98.631622314453125 98.5361785888671875 97.32976531982421875 99.8262939453125 99.529998779296875 98.3797607421875 99.43312835693359375 98.08908843994140625 98.56645965576171875 97.9752197265625 92.13787841796875 93.2006683349609375 96.6350860595703125 100.11246490478515625 97.022918701171875 99.6795196533203125 96.5119781494140625 98.58502197265625 95.8024444580078125 93.62151336669921875 90.32147216796875 88.42938232421875 90.4520721435546875 91.55661773681640625 84.99431610107421875 85.85514068603515625
90.1224212646484375 91.76617431640625 89.7394866943359375 91.0736236572265625 90.706268310546875 90.85605621337890625 88.11476898193359375 90.37328338623046875 100.450897216796875 109.742584228515625 111.49227142333984375 101.75453948974609375 95.35402679443359375 89.27962493896484375 86.119903564453125 89.83957672119140625 93.7662353515625 94.41681671142578125 94.77736663818359375 100.6959075927734375 94.79883575439453125 96.26029205322265625 99.019134521484375 98.518096923828125 99.00041961669921875 97.53125762939453125 98.0950927734375 97.72174072265625 96.1244659423828125 94.79376220703125 93.47591400146484375 99.6373291015625 96.3624114990234375 97.933258056640625 99.27739715576171875 102.6314544677734375 96.39572906494140625 95.0218048095703125 95.4476470947265625 97.69409942626953125 92.02661895751953125 91.833770751953125 89.00688934326171875 89.83312225341796875 84.62769317626953125
89.82070159912109375 96.23372650146484375 96.89794158935546875 91.09284210205078125 89.98978424072265625 88.63536834716796875 92.73294830322265625 93.4003143310546875 94.7940216064453125 105.77019500732421875 104.64531707763671875 96.51605987548828125 96.12656402587890625 96.87042236328125 93.8004302978515625 91.73494720458984375 94.8016357421875 95.8856353759765625 99.3653564453125 96.96611785888671875 96.8421783447265625 94.94774627685546875 97.42742919921875 100.69538116455078125 99.6907958984375 97.10054779052734375 98.511993408203125 98.2376251220703125 98.37158966064453125 96.08855438232421875 96.2769622802734375 96.845001220703125 97.01114654541015625 93.58966827392578125 96.65886688232421875 97.07576751708984375 97.98088836669921875 96.387603759765625 97.93389892578125 93.9083709716796875 95.702392578125 91.39525604248046875 91.439178466796875 88.3944091796875 87.084869384765625
92.40923309326171875 94.38116455078125 98.17938995361328125 95.65608978271484375 91.421844482421875 92.30779266357421875 94.6695404052734375 98.43419647216796875 95.92687225341796875 95.57726287841796875 102.20017242431640625 102.41458892822265625 97.34792327880859375 95.93968963623046875 97.00074005126953125 97.77370452880859375 95.2900390625 99.33282470703125 98.44687652587890625 95.9878997802734375 94.6776123046875 96.78680419921875 94.56034088134765625 100.35451507568359375 101.85565185546875 98.24334716796875 99.78311920166015625 99.48445892333984375 97.88189697265625 99.1198577880859375 99.36972808837890625 93.54473876953125 90.84369659423828125 95.57204437255859375 91.8618316650390625 94.21704864501953125 94.78173065185546875 98.89052581787109375 96.14957427978515625 94.1971282958984375 91.848175048828125 90.6028594970703125 89.2844390869140625 90.563873291015625 90.5577392578125
97.22104644775390625 98.13127899169921875 95.32744598388671875 93.7401580810546875 95.070404052734375 96.1489105224609375 96.3208770751953125 95.03295135498046875 99.00262451171875 101.399932861328125 96.27188873291015625 100.9371795654296875 103.52130126953125 100.37189483642578125 95.17232513427734375 96.74069976806640625 99.95072174072265625 101.85040283203125 100.8021087646484375 97.107330322265625 96.2425537109375 94.63082122802734375 100.107208251953125 102.50659942626953125 100.6754302978515625 99.198272705078125 99.21822357177734375 99.7139892578125 100.88573455810546875 99.022979736328125 101.27193450927734375 95.9255523681640625 94.72653961181640625 92.867431640625 94.2805938720703125 95.38614654541015625 99.57898712158203125 94.773284912109375 96.02399444580078125 96.008026123046875 92.743988037109375 88.28972625732421875 89.68874359130859375 88.74011993408203125 91.43243408203125
97.67562103271484375 99.6157684326171875 95.97486114501953125 95.152557373046875 95.35791015625 98.94867706298828125 100.16367340087890625 97.168243408203125 98.55359649658203125 99.15301513671875 98.6686553955078125 97.5239105224609375 100.347503662109375 98.31043243408203125 95.47026824951171875 97.81430816650390625 99.80348968505859375 100.01415252685546875 99.9112091064453125 103.26865386962890625 96.4792633056640625 93.5752410888671875 101.3952178955078125 100.4488677978515625 98.90776824951171875 96.22956085205078125 94.6301422119140625 94.45728302001953125 97.51476287841796875 99.76595306396484375 99.73223114013671875 101.2795867919921875 96.8501434326171875 91.75970458984375 92.9033050537109375 97.81385040283203125 97.36862945556640625 98.03722381591796875 94.601593017578125 93.0094451904296875 89.019500732421875 88.42916107177734375 87.994110107421875 86.50904083251953125 87.13890838623046875
95.9326171875 95.04587554931640625 97.271270751953125 96.37056732177734375 95.95822906494140625 97.89516448974609375 99.676177978515625 102.31827545166015625 96.2380218505859375 93.13439178466796875 94.90723419189453125 98.4022674560546875 94.02642059326171875 94.69414520263671875 93.6431121826171875 94.14376068115234375 95.03342437744140625 98.1214141845703125 101.8759307861328125 99.8295440673828125 95.97077178955078125 95.60107421875 99.68006134033203125 100.49495697021484375 93.34384918212890625 90.66689300537109375 88.88014984130859375 94.16101837158203125 95.3512725830078125 97.391571044921875 100.2130889892578125 101.61296844482421875 98.33232879638671875 94.24323272705078125 92.16365814208984375 93.16207122802734375 99.11358642578125 97.85489654541015625 94.14752960205078125 86.86052703857421875 87.195831298828125 85.930755615234375 87.55944061279296875 84.83731842041015625 80.28458404541015625
94.83608245849609375 94.62680816650390625 88.8745574951171875 90.88304901123046875 93.71250152587890625 94.7763214111328125 94.6360626220703125 94.201873779296875 92.6863861083984375 90.559814453125 94.134918212890625 89.56633758544921875 91.16085052490234375 90.63585662841796875 89.05144500732421875 89.69734954833984375 89.7287139892578125 94.1776123046875 96.6129608154296875 92.7044219970703125 94.393951416015625 99.6116485595703125 95.59404754638671875 93.91152191162109375 92.090576171875 86.51258087158203125 90.99249267578125 91.3276824951171875 97.2854766845703125 95.18093109130859375 98.3016357421875 98.64666748046875 97.03704833984375 94.3989410400390625 95.8526611328125 95.64444732666015625 95.26927947998046875 94.790985107421875 91.8676910400390625 88.26508331298828125 81.4892120361328125 86.97438812255859375 83.98309326171875 79.958099365234375 78.26105499267578125
93.72601318359375 89.84290313720703125 89.26641082763671875 88.209991455078125 89.5812225341796875 90.1304779052734375 91.40826416015625 91.40703582763671875 90.9847564697265625 94.65314483642578125 91.61951446533203125 90.858673095703125 87.72371673583984375 89.1133880615234375 91.17150115966796875 88.50232696533203125 90.9021453857421875 89.119476318359375 91.52429962158203125 93.328033447265625 94.0509033203125 93.11090850830078125 93.4476318359375 95.243408203125 91.2840728759765625 89.30478668212890625 89.8268585205078125 94.59265899658203125 94.703277587890625 98.64260101318359375 97.1804962158203125 97.8264923095703125 97.3782806396484375 95.619232177734375 95.33739471435546875 96.3266448974609375 99.09777069091796875 95.9680328369140625 93.80936431884765625 84.79485321044921875 79.4586029052734375 83.864898681640625 82.25133514404296875 79.6175079345703125 78.26328277587890625
85.90990447998046875 88.3747711181640625 89.01732635498046875 88.00614166259765625 88.6884613037109375 88.9088897705078125 88.92034912109375 90.3006744384765625 92.15865325927734375 94.05686187744140625 92.93422698974609375 91.47139739990234375 91.58609771728515625 91.5387420654296875 92.1102142333984375 94.3642578125 92.2266845703125 93.67279052734375 88.49529266357421875 95.36739349365234375 94.6385345458984375 92.52739715576171875 93.6876678466796875 93.8333892822265625 90.9100189208984375 89.84856414794921875 97.12420654296875 97.3205108642578125 95.62542724609375 94.79097747802734375 97.0167388916015625 99.18161773681640625 99.6429901123046875 96.5059356689453125 96.1755523681640625 101.41302490234375 99.28417205810546875 96.7875213623046875 88.476898193359375 83.8391265869140625 84.75121307373046875 83.311431884765625 84.14351654052734375 81.0809173583984375 79.31758880615234375
93.01030731201171875 89.93344879150390625 88.94521331787109375 93.26422882080078125 94.40839385986328125 93.5135498046875 90.5162200927734375 89.8257598876953125 91.29819488525390625 95.0862274169921875 95.75481414794921875 92.54595947265625 92.67131805419921875 92.2514495849609375 96.15241241455078125 98.58081817626953125 97.31656646728515625 92.24265289306640625 96.87847900390625 95.550445556640625 91.662689208984375 90.64641571044921875 94.1755828857421875 92.3273773193359375 92.17934417724609375 97.5072021484375 98.34673309326171875 102.23416900634765625 99.55660247802734375 95.67333984375 94.59622955322265625 102.50867462158203125 99.37889862060546875 102.42812347412109375 102.6278839111328125 101.0906524658203125 94.711517333984375 94.76311492919921875 90.8585205078125 86.0211639404296875 83.42406463623046875 84.8179931640625 89.86183929443359375 85.470977783203125 77.1707000732421875
90.3962249755859375 97.5584564208984375 97.6733551025390625 99.1750640869140625 97.21730804443359375 94.38225555419921875 92.5532379150390625 91.9797210693359375 94.36272430419921875 95.695953369140625 96.691680908203125 92.05956268310546875 91.20388031005859375 93.46543121337890625 93.4540252685546875 100.46952056884765625 95.6233062744140625 104.22641754150390625 106.230255126953125 94.55902099609375 86.38877105712890625 86.92264556884765625 90.85701751708984375 92.18862152099609375 95.812530517578125 102.01474761962890625 100.59409332275390625 97.0725250244140625 99.7389984130859375 94.46038055419921875 96.2804107666015625 94.1707763671875 98.84078216552734375 101.3210906982421875 99.86418914794921875 96.264801025390625 92.61437225341796875 89.9585418701171875 90.35840606689453125 86.14034271240234375 82.3536376953125 80.4754791259765625 86.124114990234375 84.39954376220703125 79.20953369140625
94.8946533203125 98.3703765869140625 107.06742095947265625 102.16082000732421875 98.49398040771484375 97.60871124267578125 92.49713897705078125 93.430633544921875 93.720550537109375 96.2108306884765625 98.168792724609375 93.66539764404296875 86.47762298583984375 88.5836029052734375 96.07196807861328125 93.024993896484375 105.3285369873046875 112.15874481201171875 111.29799652099609375 98.26190185546875 88.98059844970703125 88.62546539306640625 85.94351959228515625 90.22039031982421875 97.2712249755859375 99.09342193603515625 102.48662567138671875 97.4286956787109375 92.45360565185546875 92.89653778076171875 90.39776611328125 91.09760284423828125 92.1220855712890625 96.67987823486328125 96.43311309814453125 94.41197967529296875 91.81829071044921875 87.8293304443359375 86.7113189697265625 87.281036376953125 78.41365814208984375 82.69467926025390625 76.68657684326171875 80.513916015625 82.28717041015625
98.789794921875 100.7493743896484375 102.158935546875 101.05513763427734375 97.8370208740234375 95.7201385498046875 93.34470367431640625 91.7330780029296875 94.737884521484375 95.903900146484375 93.51596832275390625 85.3419189453125 83.7698974609375 87.23091888427734375 90.73596954345703125 98.9893798828125 108.52227020263671875 115.4294281005859375 111.5282135009765625 109.07332611083984375 98.75775146484375 89.3172760009765625 91.20227813720703125 93.350799560546875 95.546875 97.00579833984375 99.2811279296875 97.1391448974609375 91.42910003662109375 85.7698974609375 88.14068603515625 90.0294647216796875 91.96761322021484375 89.944610595703125 97.0740966796875 94.2711639404296875 90.00249481201171875 90.47579193115234375 92.61478424072265625 87.52191925048828125 80.507537841796875 76.40904998779296875 73.7335052490234375 76.4914093017578125 86.390869140625
97.918609619140625 101.77690887451171875 102.9935150146484375 101.627716064453125 96.990234375 94.7059173583984375 92.0274200439453125 92.11266326904296875 90.06980133056640625 95.10269927978515625 88.768218994140625 80.900054931640625 82.24725341796875 85.73427581787109375 88.734771728515625 91.95439910888671875 102.3959503173828125 110.98929595947265625 115.96533966064453125 106.9752960205078125 92.489349365234375 92.56180572509765625 98.0045166015625 94.64929962158203125 92.9671783447265625 94.76595306396484375 96.02696990966796875 96.11676025390625 93.14344024658203125 88.91722869873046875 84.39081573486328125 89.70339202880859375 88.47264862060546875 93.68365478515625 95.27691650390625 93.34085845947265625 92.53437042236328125 95.8807220458984375 98.525390625 92.7436065673828125 83.971099853515625 76.8403472900390625 76.94087982177734375 82.26293182373046875 85.9207763671875
