Input_PredictorVariables/LightPollutionRed2016_Ratio.asc
ncols        529
nrows        344
xllcorner    2700.000000000000
yllcorner    15900.000000000000
cellsize     100.000000000000
NODATA_value  -3.4028234663852885981e+38
[rows 306 to 322 of 344, columns 360 to 399 of 529]
2.2051074504852294922 1.9518046379089355469 1.9101271629333496094 1.6489741802215576172 2.4927015304565429688 2.0635180473327636719 1.5882444381713867188 1.6874740123748779297 1.9432439804077148438 3.0203571319580078125 1.7240709066390991211 2.2162578105926513672 2.6916282176971435547 2.4734067916870117188 1.7153911590576171875 1.7571904659271240234 2.45621490478515625 1.7459336519241333008 2.1027791500091552734 2.2226269245147705078 1.9510345458984375 2.4262952804565429688 2.2371535301208496094 1.7287057638168334961 2.0085923671722412109 2.4088776111602783203 1.5939830541610717773 1.0898326635360717773 2.0262246131896972656 1.7484295368194580078 1.8666849136352539062 2.1577961444854736328 2.3799922466278076172 1.8300271034240722656 1.8277657032012939453 1.2234463691711425781 2.0461640357971191406 2.3355703353881835938 2.2547442913055419922 1.8909369707107543945
1.6702045202255249023 2.0443642139434814453 2.3402867317199707031 1.6400394439697265625 2.0574114322662353516 2.0512185096740722656 1.7760144472122192383 2.3643925189971923828 1.3474886417388916016 2.0329442024230957031 2.2767133712768554688 2.4832389354705810547 1.4840416908264160156 2.6155526638031005859 2.1930222511291503906 1.9472262859344482422 2.2857167720794677734 1.6731270551681518555 1.8341902494430541992 1.9576605558395385742 1.6105253696441650391 1.8695333003997802734 1.3095000982284545898 1.3002148866653442383 2.4360933303833007812 2.2378451824188232422 1.7353807687759399414 1.6313470602035522461 2.0651209354400634766 1.9872022867202758789 2.1406085491180419922 1.6692898273468017578 2.0985460281372070312 1.810080409049987793 2.0274643898010253906 1.6733942031860351562 2.0844652652740478516 2.1846604347229003906 1.6477667093276977539 1.6239012479782104492
2.4014337062835693359 1.6572442054748535156 2.2630953788757324219 1.2115416526794433594 2.0166990756988525391 2.2432978153228759766 1.9938396215438842773 1.7165293693542480469 1.8515540361404418945 1.4301121234893798828 1.4749410152435302734 1.4332877397537231445 1.2334442138671875 2.118907928466796875 1.9329661130905151367 1.4906854629516601562 1.4487057924270629883 1.6062744855880737305 2.0870254039764404297 2.4192135334014892578 1.9988673925399780273 1.5737417936325073242 1.4287114143371582031 1.9327790737152099609 1.9113699197769165039 1.6949084997177124023 1.9415717124938964844 2.1671683788299560547 1.9489328861236572266 1.9059585332870483398 1.8705077171325683594 1.561461329460144043 2.2644321918487548828 1.8643697500228881836 2.1661102771759033203 2.0175714492797851562 1.8210966587066650391 1.7297885417938232422 1.915785670280456543 1.4532475471496582031
1.6043428182601928711 1.5254780054092407227 2.1924965381622314453 2.2004880905151367188 1.7713319063186645508 1.4778115749359130859 1.7628613710403442383 1.5603368282318115234 1.4718459844589233398 1.839306950569152832 2.0097746849060058594 2.1961071491241455078 1.3631775379180908203 2.0208835601806640625 1.4676022529602050781 1.7976272106170654297 2.7378568649291992188 1.4236725568771362305 1.367695927619934082 1.6893504858016967773 2.2294466495513916016 2.3286120891571044922 1.9947890043258666992 1.8385083675384521484 1.8629261255264282227 1.8640053272247314453 2.4156355857849121094 1.9237711429595947266 1.8643136024475097656 1.8625018596649169922 2.0151455402374267578 1.8324605226516723633 1.6329201459884643555 1.8176953792572021484 2.2026197910308837891 1.93158721923828125 2.0053393840789794922 1.9541891813278198242 1.8161536455154418945 1.8702055215835571289
1.9859045743942260742 1.9940851926803588867 2.2201559543609619141 2.1555116176605224609 2.3102407455444335938 1.5037237405776977539 2.473979949951171875 1.5793644189834594727 2.337917327880859375 2.1898908615112304688 1.6080261468887329102 2.2403094768524169922 2.1240038871765136719 2.1757135391235351562 2.0814330577850341797 1.7934311628341674805 2.6186041831970214844 1.4904637336730957031 2.3560678958892822266 1.95043182373046875 1.7642934322357177734 1.8443760871887207031 2.1022822856903076172 2.0012483596801757812 1.8648878335952758789 1.8952279090881347656 1.970212101936340332 1.3824815750122070312 2.0299291610717773438 1.8123824596405029297 1.8580422401428222656 2.0858099460601806641 2.0435192584991455078 1.6825066804885864258 1.7542287111282348633 1.6666209697723388672 1.7354294061660766602 2.2210991382598876953 2.0233616828918457031 1.9612921476364135742
2.2431788444519042969 1.6564728021621704102 2.0635645389556884766 1.3318904638290405273 2.3160989284515380859 1.7742068767547607422 1.7543008327484130859 1.4918293952941894531 1.7276263236999511719 2.0963892936706542969 1.7473189830780029297 2.4325225353240966797 2.2908873558044433594 1.0391165018081665039 1.6118777990341186523 1.1492542028427124023 2.7238223552703857422 1.5640516281127929688 2.3323597908020019531 1.9765235185623168945 2.0443732738494873047 2.1170711517333984375 1.9866237640380859375 1.9069842100143432617 1.8309743404388427734 2.0792393684387207031 1.6853926181793212891 2.0406405925750732422 1.945269465446472168 1.8752931356430053711 1.0898880958557128906 1.5016342401504516602 1.9955878257751464844 1.9815961122512817383 1.9177880287170410156 1.9160164594650268555 2.1844856739044189453 1.6928431987762451172 1.689717411994934082 2.0395886898040771484
1.8976978063583374023 1.8795617818832397461 1.5437830686569213867 2.5738391876220703125 2.0024089813232421875 1.8971972465515136719 2.5574162006378173828 2.0382633209228515625 1.4747996330261230469 2.5518260002136230469 2.2409911155700683594 1.4888026714324951172 1.7771207094192504883 1.6625120639801025391 2.7649734020233154297 1.8981200456619262695 1.6090308427810668945 1.9596695899963378906 1.3934795856475830078 1.7218928337097167969 3.0465593338012695312 1.7710888385772705078 1.6088219881057739258 2.0211222171783447266 1.964550018310546875 2.4053645133972167969 1.9214481115341186523 1.5901433229446411133 1.4592733383178710938 0.93337917327880859375 0.94449990987777709961 1.2356656789779663086 1.5776995420455932617 1.5878487825393676758 1.5254677534103393555 2.2319676876068115234 2.1365160942077636719 2.1461005210876464844 1.9142792224884033203 2.1609139442443847656
1.4876350164413452148 2.5770964622497558594 1.8265939950942993164 2.3067820072174072266 1.8698912858963012695 1.7323918342590332031 2.0060336589813232422 1.7673563957214355469 1.3562713861465454102 2.0499894618988037109 1.8737881183624267578 2.1250898838043212891 2.4615910053253173828 1.9469324350357055664 1.8108553886413574219 2.0434372425079345703 1.9225887060165405273 1.7049983739852905273 2.1075303554534912109 2.3537104129791259766 1.7093619108200073242 1.3895046710968017578 1.8931534290313720703 2.3576171398162841797 1.5686143636703491211 2.1930863857269287109 2.1726584434509277344 1.3510719537734985352 0.80039691925048828125 1.3512265682220458984 4.3709897994995117188 2.8078322410583496094 0.88967990875244140625 1.83690643310546875 1.7295159101486206055 2.0175769329071044922 1.8618719577789306641 1.5557590723037719727 2.1007661819458007812 1.7602208852767944336
2.4107434749603271484 1.6362165212631225586 1.2886054515838623047 1.7601019144058227539 1.5577542781829833984 1.3838040828704833984 1.3873584270477294922 1.6114501953125 1.8139804601669311523 2.1450152397155761719 2.0802609920501708984 1.3501529693603515625 2.0491669178009033203 1.9443479776382446289 2.2167675495147705078 2.0571582317352294922 1.8132669925689697266 1.8713932037353515625 1.7404508590698242188 1.8534996509552001953 1.58312225341796875 1.7431391477584838867 2.0811984539031982422 1.7053070068359375 1.4374811649322509766 1.6263501644134521484 1.8529459238052368164 1.0425031185150146484 0.72160863876342773438 5.2797613143920898438 7.0907955169677734375 1.3097521066665649414 0.71573203802108764648 1.929472804069519043 1.5455580949783325195 2.1811678409576416016 1.7750297784805297852 1.6160813570022583008 1.9501984119415283203 1.8042329549789428711
2.239124298095703125 1.9951645135879516602 1.8850145339965820312 2.1100001335144042969 1.9303572177886962891 1.5785336494445800781 2.7800009250640869141 2.0057625770568847656 2.0317862033843994141 1.7713897228240966797 2.2469286918640136719 1.6829440593719482422 2.1571221351623535156 1.9421854019165039062 2.4172701835632324219 2.1825869083404541016 1.5862052440643310547 1.7405687570571899414 1.8923635482788085938 2.1935908794403076172 2.2851929664611816406 1.7828329801559448242 1.9807829856872558594 2.5855453014373779297 1.6212297677993774414 1.5673978328704833984 1.4969635009765625 2.2304522991180419922 1.2478775978088378906 0.81601178646087646484 0.57853484153747558594 0.72771370410919189453 1.9770119190216064453 1.6307911872863769531 1.6616142988204956055 1.8625066280364990234 1.7289787530899047852 2.2508258819580078125 1.9280084371566772461 1.7021729946136474609
1.6105825901031494141 2.2033345699310302734 2.1761910915374755859 1.9388390779495239258 1.8098372220993041992 2.1439046859741210938 2.3581807613372802734 1.9281470775604248047 2.3682246208190917969 1.8142431974411010742 1.6803448200225830078 1.4409155845642089844 2.0604465007781982422 1.8229695558547973633 1.0903098583221435547 1.7720425128936767578 1.945774078369140625 2.3316125869750976562 1.6833107471466064453 1.7265206575393676758 2.1861937046051025391 1.8735918998718261719 1.9816639423370361328 2.4979174137115478516 1.8852295875549316406 2.2201323509216308594 1.5796236991882324219 2.2651233673095703125 1.7386723756790161133 1.1028542518615722656 0.94765859842300415039 1.7938559055328369141 2.1358826160430908203 1.5857576131820678711 2.5430972576141357422 1.4430367946624755859 1.9596718549728393555 2.1006622314453125 2.2162392139434814453 1.5039377212524414062
1.9098435640335083008 1.6245517730712890625 2.2494809627532958984 1.8969835042953491211 2.1788001060485839844 1.700043797492980957 1.6826069355010986328 2.3979439735412597656 1.1923254728317260742 1.6740062236785888672 2.0198328495025634766 2.2385649681091308594 1.4969713687896728516 2.0682151317596435547 2.170684814453125 1.9690308570861816406 2.0848929882049560547 1.8339568376541137695 2.1419775485992431641 1.9011911153793334961 1.9042241573333740234 1.7444611787796020508 1.7163188457489013672 1.6659429073333740234 2.1826386451721191406 1.9629455804824829102 1.8620829582214355469 1.5387160778045654297 1.6327793598175048828 1.8322259187698364258 1.7499687671661376953 1.9283308982849121094 1.7992419004440307617 1.8551915884017944336 2.3607997894287109375 1.6392242908477783203 2.2301793098449707031 1.8726136684417724609 1.3612658977508544922 1.9365025758743286133
2.0820262432098388672 1.5787485837936401367 1.7489778995513916016 1.6658216714859008789 2.0801548957824707031 1.1707249879837036133 1.9355394840240478516 2.1969423294067382812 2.3752951622009277344 1.9184278249740600586 1.7245612144470214844 2.4142165184020996094 2.08544921875 2.4681081771850585938 1.8789561986923217773 1.610888361930847168 2.2443108558654785156 1.7971886396408081055 1.7979366779327392578 1.830311894416809082 1.7664101123809814453 1.9956125020980834961 2.0967512130737304688 1.8551603555679321289 2.0180788040161132812 2.0205616950988769531 1.8584717512130737305 2.1299715042114257812 2.4840288162231445312 1.936112523078918457 2.1543722152709960938 2.1720767021179199219 2.111698150634765625 2.0381066799163818359 1.6532735824584960938 1.6369055509567260742 2.4511580467224121094 1.9526008367538452148 2.0561068058013916016 1.7827597856521606445
2.0613653659820556641 2.1491334438323974609 2.1395783424377441406 1.4272719621658325195 1.1861330270767211914 2.0480031967163085938 2.716564178466796875 2.3086323738098144531 1.4618242979049682617 1.8618168830871582031 1.9424215555191040039 1.8580535650253295898 1.6094580888748168945 2.4274637699127197266 1.2112691402435302734 1.4179751873016357422 2.4821078777313232422 1.8759566545486450195 1.6691308021545410156 2.3865120410919189453 2.0326554775238037109 1.6077852249145507812 2.0671880245208740234 2.0296447277069091797 1.9534844160079956055 1.6700673103332519531 1.6945598125457763672 1.6850829124450683594 1.7740218639373779297 2.0156645774841308594 2.0951266288757324219 1.6836297512054443359 2.2961814403533935547 1.8268115520477294922 1.779087066650390625 1.6745878458023071289 2.1182379722595214844 1.4845323562622070312 1.9324395656585693359 1.8650991916656494141
2.1134247779846191406 2.1121990680694580078 2.2703006267547607422 1.8279128074645996094 1.8765020370483398438 2.2100496292114257812 2.5730683803558349609 1.5960172414779663086 1.2810778617858886719 1.301789402961730957 1.496766209602355957 1.3086328506469726562 2.1545610427856445312 2.1268825531005859375 1.9272212982177734375 1.7863358259201049805 2.1174693107604980469 2.2452263832092285156 1.870570063591003418 1.9623831510543823242 2.2247354984283447266 1.5666658878326416016 1.8117725849151611328 1.8739320039749145508 2.3087470531463623047 1.9141757488250732422 1.9962935447692871094 1.7750658988952636719 1.4510543346405029297 1.4695010185241699219 1.9870955944061279297 1.548146367073059082 1.9135935306549072266 1.6307764053344726562 2.2226145267486572266 1.8889219760894775391 1.8955894708633422852 1.5463625192642211914 2.9772841930389404297 2.5877299308776855469
1.7638388872146606445 2.2933230400085449219 2.3477253913879394531 1.8188129663467407227 1.639275670051574707 2.3423507213592529297 1.4302477836608886719 2.0080993175506591797 1.7314337491989135742 1.4363886117935180664 2.7030644416809082031 2.1959078311920166016 1.9139999151229858398 1.4803497791290283203 2.4199161529541015625 2.3001644611358642578 1.6411072015762329102 2.2355184555053710938 1.5493510961532592773 1.4869428873062133789 1.9004635810852050781 2.1109740734100341797 2.0833258628845214844 1.922903895378112793 2.4171187877655029297 2.2808156013488769531 1.7974146604537963867 1.2665066719055175781 4.0151700973510742188 2.0635175704956054688 1.5994656085968017578 1.6264624595642089844 1.6821274757385253906 1.5745432376861572266 1.6061464548110961914 1.9310503005981445312 2.1453535556793212891 2.3041832447052001953 2.1795351505279541016 1.5959428548812866211
2.2747819423675537109 1.4747306108474731445 1.665556788444519043 2.2375931739807128906 2.2215692996978759766 1.9972817897796630859 1.5005021095275878906 1.5370203256607055664 2.1733250617980957031 2.3698129653930664062 1.448031306266784668 2.1730437278747558594 2.5271432399749755859 1.1542409658432006836 1.5833442211151123047 2.1713879108428955078 1.5033210515975952148 2.0421688556671142578 2.0541934967041015625 2.1042227745056152344 1.776124119758605957 1.5955988168716430664 1.53862762451171875 2.025135040283203125 1.5556781291961669922 1.7598099708557128906 1.6178472042083740234 1.1739587783813476562 4.6002054214477539062 2.2278993129730224609 1.4142632484436035156 1.8581378459930419922 1.9849532842636108398 2.3183200359344482422 2.0959241390228271484 2.1995651721954345703 1.4454184770584106445 2.1107506752014160156 1.6600003242492675781 1.7549062967300415039
