Input_PredictorVariables/LightPollutionIntensity2016_ratio.asc
ncols        529
nrows        344
xllcorner    2700.000000000000
yllcorner    15900.000000000000
cellsize     100.000000000000
NODATA_value  -3.4028234663852885981e+38
[rows 306 to 322 of 344, columns 400 to 439 of 529]
2.0710058212280273438 0.55147057771682739258 2.8716216087341308594 1.0869565010070800781 1.0526316165924072266 0.60975611209869384766 6.4285712242126464844 3.5526316165924072266 0.25252524018287658691 0.11848340928554534912 2.4630541801452636719 0.64102566242218017578 1.0817307233810424805 1.1138614416122436523 1.6741071939468383789 2.3858921527862548828 3.1609194278717041016 1.5570933818817138672 1.8551236391067504883 5.5180182456970214844 0.59241706132888793945 3.3816425800323486328 1.651982426643371582 2.0833332538604736328 2.9605262279510498047 0.95419847965240478516 0.71770334243774414062 1.6414141654968261719 1.8203883171081542969 0.65502184629440307617 1.3948497772216796875 0.6122449040412902832 2.5 3.4782607555389404297 1.8315018415451049805 2.5291829109191894531 1.8587360382080078125 1.615969538688659668 3.4926471710205078125 0.34482759237289428711
1.8835616111755371094 1.5449438095092773438 2.0114941596984863281 0.88028168678283691406 2.3734176158905029297 1.1538461446762084961 0.94936710596084594727 1.125 3.1746032238006591797 0.93896710872650146484 3.5407724380493164062 2.6422765254974365234 3.6529679298400878906 3.5377359390258789062 0.99118942022323608398 1.5625 1.2605042457580566406 1.5060241222381591797 1.5182186365127563477 0.92105263471603393555 1.1538461446762084961 0.34883719682693481445 2.8708133697509765625 2.9556651115417480469 1.6759777069091796875 1.2953368425369262695 1.2362637519836425781 4.9107141494750976562 1.625 2.2000000476837158203 1.8518518209457397461 1.9083969593048095703 1.7937219142913818359 0.97517728805541992188 1.8729641437530517578 1.2068965435028076172 1.2762762308120727539 2.0246479511260986328 1.2820513248443603516 0.53571426868438720703
0.35046729445457458496 0.55555558204650878906 2.2277228832244873047 0.60096156597137451172 2.9850745201110839844 1.6741071939468383789 1.8367346525192260742 1.2910797595977783203 2.2277228832244873047 3.6486487388610839844 4.0441174507141113281 0.30864197015762329102 0.53648066520690917969 2.0089285373687744141 0.77777779102325439453 3.5545024871826171875 3.0487804412841796875 1.339285731315612793 1.7523365020751953125 0.78828829526901245117 2.1802325248718261719 1.9946808815002441406 5.6763286590576171875 1.0227272510528564453 1.5258215665817260742 0.84269660711288452148 4.2817678451538085938 2.6315789222717285156 0.78740155696868896484 2.0202019214630126953 2.6104416847229003906 2.0408163070678710938 0.44117647409439086914 1.4792898893356323242 1.8126888275146484375 2.9296875 2.6639344692230224609 2.8225805759429931641 3.223270416259765625 2.8100774288177490234
2.8409090042114257812 3.7974684238433837891 5.0373134613037109375 0.2918287813663482666 2.6501767635345458984 3.2051281929016113281 3.7844035625457763672 1.4778325557708740234 0.6510416865348815918 0.68306010961532592773 1.5873016119003295898 1.159793853759765625 4.5580110549926757812 2.9040403366088867188 0.82159626483917236328 3.125 1.3698630332946777344 2.9475982189178466797 2.5609755516052246094 3.351955413818359375 2.0604395866394042969 0.6756756901741027832 0.35046729445457458496 0.69444441795349121094 2.9494380950927734375 1.2269939184188842773 0.73529410362243652344 1.2658227682113647461 0.78534030914306640625 3.0082988739013671875 0.80971658229827880859 4.7580647468566894531 1.7191977500915527344 3.4646739959716796875 2.6315789222717285156 1.1335012912750244141 2.9527559280395507812 0.4364089667797088623 1.0416666269302368164 2.4801588058471679688
1.1278195381164550781 2.8409090042114257812 0.69721114635467529297 1.4591439962387084961 2.5240385532379150391 2.1834061145782470703 1.1538461446762084961 0.625 4.3352599143981933594 0.91240876913070678711 0.6510416865348815918 0.97765362262725830078 0.73529410362243652344 2.7607362270355224609 1.0057470798492431641 0.90206187963485717773 1.1083743572235107422 1.25 0.56818181276321411133 2.0179371833801269531 0.6510416865348815918 1.0101009607315063477 3.3816425800323486328 2.6483051776885986328 0.86956518888473510742 2.98165130615234375 0.64655172824859619141 2.6136362552642822266 1.0775861740112304688 0.70754718780517578125 0.55350553989410400391 0.68728524446487426758 2.9595015048980712891 1.6172506809234619141 1.159793853759765625 1.8401014804840087891 2.0448548793792724609 2.2506082057952880859 2.1907217502593994141 2.3224043846130371094
2.5961537361145019531 0.74468082189559936523 2.1875 1.171875 2.1739130020141601562 0.83732056617736816406 1.9650654792785644531 1.5625 0.59808611869812011719 1.7156863212585449219 1.6949152946472167969 3.2558138370513916016 1.0869565010070800781 1.1138614416122436523 1.8564356565475463867 1.5776698589324951172 1.8203883171081542969 2.6570048332214355469 2.0761246681213378906 1.5432099103927612305 4.3632073402404785156 1.3221154212951660156 0.73529410362243652344 1.8482490777969360352 2.9965753555297851562 0.94696968793869018555 2.6217229366302490234 2.8169014453887939453 3.0418250560760498047 3.0219781398773193359 2.1863117218017578125 1.1904761791229248047 2.669902801513671875 2.507598876953125 2.6946108341217041016 2.5 0.74200910329818725586 2.5903613567352294922 2.8160920143127441406 0.38209608197212219238
1.7523365020751953125 0.54585152864456176758 2.4456522464752197266 3.2085561752319335938 1.4634146690368652344 0.51867222785949707031 4.2763156890869140625 3.1938326358795166016 4.0697674751281738281 0.53418803215026855469 2.5 3.5256409645080566406 1.1235954761505126953 0.49019607901573181152 2.8008298873901367188 2.4390244483947753906 2.0299146175384521484 1.685393214225769043 2.5614755153656005859 3.0357143878936767578 0.6224066615104675293 2.0746889114379882812 3.2945735454559326172 3.6900370121002197266 2.1258504390716552734 1.3937282562255859375 2.8673834800720214844 0.93220341205596923828 2.4006621837615966797 0.98360657691955566406 0.85616439580917358398 2.3851590156555175781 0.50167226791381835938 1.2295081615447998047 0.81168830394744873047 1.6516516208648681641 1.8948655128479003906 1.5979381799697875977 2.0515267848968505859 1.169405817985534668
0.58962261676788330078 0.50448429584503173828 0.6188119053840637207 3.8265306949615478516 0.88383835554122924805 0.3378378450870513916 2.6018099784851074219 1.25 3.0456852912902832031 1.1652542352676391602 1.4705882072448730469 3.6644952297210693359 2.0114941596984863281 2.7777776718139648438 4.3071160316467285156 1.0638297796249389648 1.5 0.51652890443801879883 4.8283262252807617188 1.8398268222808837891 1.1652542352676391602 1.3698630332946777344 0.40650406479835510254 0.71174377202987670898 3.5067873001098632812 1.8924303054809570312 0.93283581733703613281 2.0634920597076416016 1.3846154212951660156 2.6946108341217041016 3.8343558311462402344 1.8808777332305908203 1.7999999523162841797 1.2084592580795288086 1.7313019037246704102 1.3715710639953613281 2.1511628627777099609 2.5462963581085205078 1.5361446142196655273 0.91024553775787353516
0.64516127109527587891 2.027027130126953125 1.2008733749389648438 1.9650654792785644531 1.3636363744735717773 5.3571429252624511719 1.2557077407836914062 0.56053811311721801758 0.61576354503631591797 1.875 2.2340426445007324219 1.4822134971618652344 1.1867088079452514648 0.46816480159759521484 1.6773163080215454102 2.4545454978942871094 2.7551021575927734375 0.67114096879959106445 0.94537812471389770508 1.1160714626312255859 1.5021458864212036133 1.8779342174530029297 4.6336207389831542969 0.64102566242218017578 1.6221374273300170898 0.42553192377090454102 3.4722223281860351562 2.5291829109191894531 1.3962765932083129883 1.2893983125686645508 1.4583333730697631836 2.2297296524047851562 3.1779661178588867188 1.8452380895614624023 2.3419203758239746094 1.5283843278884887695 1.7961164712905883789 1.2129379510879516602 1.1931188106536865234 2.9770991802215576172
0.79075425863265991211 14.793578147888183594 0.30266344547271728516 1.5237020254135131836 0.70621466636657714844 3.1887755393981933594 1.1083743572235107422 2.9005525112152099609 1.2362637519836425781 0.36585366725921630859 1.7073171138763427734 2.7966101169586181641 0.84586465358734130859 2.35109710693359375 1.2417218685150146484 0.94043886661529541016 2.9220778942108154297 1.4964789152145385742 0.78397214412689208984 2.8225805759429931641 1.1111111640930175781 2.0985400676727294922 1.2795275449752807617 2.4159662723541259766 0.64655172824859619141 1.8145161867141723633 1.1494252681732177734 1.5243902206420898438 2.830188751220703125 2.7355623245239257812 1.8907562494277954102 0.64285713434219360352 2.8364117145538330078 2.1362586021423339844 2.5590550899505615234 2.0912547111511230469 1.6431925296783447266 1.5932520627975463867 1.3414634466171264648 1.6874541044235229492
0.72463768720626831055 0.63131314516067504883 0.57397961616516113281 0.74850296974182128906 1.7341040372848510742 1.1842105388641357422 2.3936169147491455078 3.75 3.2296650409698486328 2.2727272510528564453 1.7399266958236694336 1.3940520286560058594 4.4891638755798339844 2.5471699237823486328 3.3582088947296142578 1.7492711544036865234 2.3876404762268066406 6.5340909957885742188 1.9417475461959838867 0.9938837885856628418 3.1716418266296386719 2.9135339260101318359 1.5472313165664672852 2.2727272510528564453 2.5 3.8546254634857177734 0.92307692766189575195 1.4662756919860839844 4.6232876777648925781 1.171875 2.7075812816619873047 1.2975778579711914062 1.6871166229248046875 1.6203703880310058594 1.9646365642547607422 1.7017828226089477539 0.75614368915557861328 1.7919275760650634766 1.4426589012145996094 3.7903892993927001953
2.1959459781646728516 0.32216495275497436523 0.49019607901573181152 2.2321429252624511719 0.98314607143402099609 1.0989011526107788086 0.80645161867141723633 1.159793853759765625 0.51652890443801879883 0.88235294818878173828 2.1590909957885742188 1.7307692766189575195 0.89999997615814208984 1.4851485490798950195 0.50200802087783813477 1.7723881006240844727 1.0948904752731323242 0.5 0.80935251712799072266 3.937007904052734375 1.0690789222717285156 0.72992700338363647461 3.7298386096954345703 1.1194030046463012695 1.5398551225662231445 1.79856109619140625 2.4635035991668701172 0.96153843402862548828 1.2057877779006958008 0.56818181276321411133 2.5641026496887207031 0.94786727428436279297 0.65445023775100708008 1.6290726661682128906 2.6415095329284667969 1.0994764566421508789 1.0998603105545043945 6.8084344863891601562 0.93673217296600341797 0.49374589323997497559
2.5 2.2613065242767333984 1.2362637519836425781 5.4973821640014648438 2.6119403839111328125 2.830188751220703125 0.87939697504043579102 1.7688679695129394531 4.1284403800964355469 5.0196852684020996094 1.5564202070236206055 1.2000000476837158203 2.7108433246612548828 0.44169610738754272461 2.6162791252136230469 2.2613065242767333984 3.4909908771514892578 0.25862067937850952148 1.5682656764984130859 3.7298386096954345703 1.011029362678527832 2.5291829109191894531 1.3888888359069824219 0.36764705181121826172 4.1330647468566894531 0.44378697872161865234 2.9891304969787597656 5.2583026885986328125 1.3250883817672729492 2.3255813121795654297 1.0869565010070800781 1.977848052978515625 0.90529245138168334961 1.5723270177841186523 1.8489984273910522461 1.0153429508209228516 1.1878144741058349609 4.3556084632873535156 1.0289634466171264648 1.1990077495574951172
1.8472906351089477539 1.6666666269302368164 1.4778325557708740234 0.61576354503631591797 2.6829268932342529297 2.8497409820556640625 1.785714268684387207 0.91623038053512573242 1.0663506984710693359 2.5 1.1904761791229248047 0.75107294321060180664 2.6717557907104492188 1.3440860509872436523 2.4606299400329589844 1.9495413303375244141 0.86956518888473510742 2.1017699241638183594 2.6104416847229003906 1.2027491331100463867 3.41796875 0.63829785585403442383 3.0632410049438476562 2.3469388484954833984 2.0114941596984863281 1.5100671052932739258 0.67796611785888671875 2.1169354915618896484 0.56818181276321411133 1.6968325376510620117 1.9171779155731201172 0.95029240846633911133 5 1.5983606576919555664 1.1472275257110595703 0.93406593799591064453 2.8245191574096679688 0.8333333134651184082 1.2495080232620239258 1.0571560859680175781
1.0613207817077636719 3.4263958930969238281 2.3885350227355957031 0.98522168397903442383 0.96153843402862548828 2.2842638492584228516 2.2590360641479492188 0.79113924503326416016 0.67204302549362182617 3.3088235855102539062 1.165803074836730957 2.9245283603668212891 0.77586209774017333984 6.0469312667846679688 0.54744523763656616211 0.45787546038627624512 1.2731481790542602539 4.2892155647277832031 3.441295623779296875 0.34482759237289428711 1.713709712028503418 0.19120459258556365967 2.1645021438598632812 1.6037735939025878906 0.93457943201065063477 4.7397770881652832031 0.55147057771682739258 2.4107143878936767578 1.6968325376510620117 1.9811320304870605469 2.0295202732086181641 2.3596937656402587891 1.3074485063552856445 0.6852791905403137207 2.1664373874664306641 1.8402994871139526367 4.4274301528930664062 0.71102529764175415039 3.8435258865356445312 2.9200441837310791016
1.3586956262588500977 1.875 2.2471909523010253906 2.4822695255279541016 0.72254335880279541016 3.1887755393981933594 1.0479041337966918945 3.9244186878204345703 0.9191176295280456543 1.3812154531478881836 1.2228261232376098633 3.3919599056243896484 1.2711864709854125977 2.4734983444213867188 2.6022305488586425781 2.1794872283935546875 2.5252525806427001953 0.48076921701431274414 0.75187969207763671875 3.3695652484893798828 1.5810276269912719727 1.2476007938385009766 0.64543890953063964844 2.3214285373687744141 0.89285713434219360352 3.2646048069000244141 1.2068965435028076172 1.4312976598739624023 1.5060241222381591797 2.9166667461395263672 1.9031141996383666992 1.0141987800598144531 0.82938390970230102539 1.5391014814376831055 3.2729804515838623047 1.1593488454818725586 0.8284600377082824707 1.2855210304260253906 3.0130057334899902344 1.1214354038238525391
2.1028037071228027344 0.99557524919509887695 1.1479592323303222656 1.785714268684387207 0.81168830394744873047 4.5918369293212890625 1.0975610017776489258 0.84269660711288452148 1.2569832801818847656 1.3719512224197387695 1.3888888359069824219 1.6393442153930664062 2.72020721435546875 1.46484375 1.9791666269302368164 2.0100502967834472656 0.8658008575439453125 3.3333332538604736328 2.87610626220703125 0.67148762941360473633 0.67307692766189575195 12.764084815979003906 0.85616439580917358398 1.1827080249786376953 3.0508475303649902344 2.6069519519805908203 1.2110726833343505859 2.0408163070678710938 1.3837637901306152344 0.66889631748199462891 0.63938617706298828125 1.6256591081619262695 3.232044219970703125 2.3846154212951660156 2.763088226318359375 1.9675925970077514648 3.2398636341094970703 1.0920436382293701172 3.3728537559509277344 2.6785714626312255859
