Input_PredictorVariables/LightPollutionBlue2016_focal.asc
ncols        529
nrows        344
xllcorner    2700.000000000000
yllcorner    15900.000000000000
cellsize     100.000000000000
NODATA_value  0
[rows 76 to 94 of 344, columns 132 to 175 of 529]
73.95771026611328125 72.622283935546875 80.85451507568359375 77.92095947265625 71.28945159912109375 67.35935211181640625 65.92910003662109375 68.7078857421875 72.81685638427734375 81.14263916015625 87.33339691162109375 92.5553131103515625 104.48271942138671875 170.05645751953125 251.218902587890625 298.304840087890625 300.154144287109375 275.389404296875 271.285980224609375 252.9716033935546875 234.8898162841796875 248.0833892822265625 266.750335693359375 287.61138916015625 308.742645263671875 310.25299072265625 344.07684326171875 421.946807861328125 480.220123291015625 448.55767822265625 323.764404296875 229.5465087890625 200.4267578125 228.435638427734375 342.981658935546875 400.693511962890625 340.089599609375 228.1639251708984375 144.614593505859375 112.700927734375 103.50115966796875 102.75231170654296875 113.09728240966796875 148.3731689453125
73.8926544189453125 71.7703857421875 75.1510772705078125 76.3257598876953125 73.8031005859375 74.7030487060546875 76.6528472900390625 71.58586883544921875 76.857330322265625 83.5954437255859375 88.6607208251953125 91.41015625 136.065765380859375 172.8439178466796875 208.5421905517578125 271.86065673828125 249.5328521728515625 203.7524261474609375 202.3339080810546875 196.6736907958984375 218.6262969970703125 246.0810546875 277.5611572265625 291.85986328125 275.691741943359375 312.31317138671875 346.24700927734375 372.6656494140625 436.0391845703125 406.2120361328125 314.66937255859375 222.8939361572265625 193.1509552001953125 300.124725341796875 470.431793212890625 532.44256591796875 404.92529296875 293.88665771484375 171.282012939453125 113.22075653076171875 107.1036224365234375 104.347381591796875 102.59716796875 113.43881988525390625
71.4973602294921875 74.76255035400390625 74.5478668212890625 77.25495147705078125 88.77715301513671875 87.614410400390625 86.99005889892578125 84.904144287109375 79.84687042236328125 85.44332122802734375 87.6842498779296875 97.372039794921875 121.100341796875 172.8111724853515625 198.2941131591796875 217.5628662109375 189.60394287109375 174.204132080078125 169.908966064453125 181.8561248779296875 215.2872467041015625 233.1531982421875 286.3856201171875 303.778900146484375 274.199005126953125 272.510955810546875 307.201812744140625 333.9105224609375 363.92584228515625 349.584991455078125 278.454681396484375 201.7233428955078125 213.6289215087890625 332.867431640625 540.7633056640625 624.3262939453125 521.7706298828125 288.9052734375 149.7418212890625 114.11423492431640625 103.4626922607421875 96.75743865966796875 102.4321441650390625 111.3814239501953125
66.76277923583984375 71.55046844482421875 75.57039642333984375 87.78719329833984375 98.55277252197265625 100.3406982421875 94.08501434326171875 92.54532623291015625 90.96761322021484375 83.70447540283203125 88.6898040771484375 101.6414337158203125 121.2850494384765625 140.5057220458984375 183.455963134765625 165.718475341796875 173.0712127685546875 182.813720703125 188.4927978515625 206.918182373046875 235.572113037109375 261.58013916015625 291.173858642578125 299.244903564453125 293.304443359375 264.088592529296875 288.2249755859375 318.393096923828125 327.427978515625 303.69189453125 258.1243896484375 190.4583740234375 224.1285400390625 393.698974609375 521.81854248046875 600.24658203125 493.89697265625 278.80609130859375 136.0836029052734375 114.94171905517578125 101.46067047119140625 92.40534210205078125 95.07952880859375 99.6749267578125
74.34527587890625 66.29238128662109375 78.23622894287109375 85.333099365234375 102.82369232177734375 108.3176116943359375 103.0345458984375 89.0466156005859375 85.8579864501953125 86.89508819580078125 87.414306640625 92.4389801025390625 104.673828125 126.6669921875 137.4393157958984375 145.66851806640625 179.1190185546875 198.9365081787109375 222.5012664794921875 256.15081787109375 246.14434814453125 297.149993896484375 321.0489501953125 294.98773193359375 296.865478515625 302.734466552734375 297.16485595703125 321.207489013671875 323.646484375 304.360443115234375 236.3395843505859375 195.99566650390625 219.8867034912109375 319.867889404296875 457.600616455078125 471.020599365234375 371.966796875 199.4453887939453125 114.010467529296875 104.99676513671875 95.895294189453125 89.5453948974609375 86.76956939697265625 92.613861083984375
86.4485626220703125 72.4416961669921875 74.467254638671875 91.30074310302734375 102.3343048095703125 120.92990875244140625 121.28277587890625 91.42914581298828125 82.030181884765625 86.09609222412109375 87.52648162841796875 86.60250091552734375 91.72548675537109375 108.31603240966796875 116.834320068359375 147.36865234375 172.541046142578125 195.2912139892578125 248.5903167724609375 263.386627197265625 277.333770751953125 276.28900146484375 297.436737060546875 304.154327392578125 297.513824462890625 327.203338623046875 323.59991455078125 340.597747802734375 338.1490478515625 289.58367919921875 270.214202880859375 203.634368896484375 203.1391754150390625 289.429351806640625 391.69134521484375 368.75146484375 206.8438262939453125 123.07254791259765625 97.93647003173828125 94.5457000732421875 89.96661376953125 88.14902496337890625 83.73461151123046875 81.6905517578125
84.29610443115234375 72.64626312255859375 77.64852142333984375 97.4651031494140625 121.4417724609375 145.261444091796875 135.3358612060546875 109.23332977294921875 87.50998687744140625 84.62958526611328125 87.776611328125 91.45264434814453125 88.563201904296875 88.28008270263671875 101.9528045654296875 117.54932403564453125 151.8105621337890625 215.259185791015625 230.9500579833984375 227.361358642578125 257.662567138671875 281.5037841796875 275.35491943359375 297.70733642578125 311.70037841796875 352.342437744140625 351.41259765625 355.24053955078125 314.6783447265625 295.64990234375 268.4842529296875 224.875885009765625 240.7342071533203125 312.277496337890625 347.29193115234375 305.459228515625 147.680206298828125 104.30167388916015625 94.83203125 91.58937835693359375 90.0344696044921875 79.45958709716796875 76.889862060546875 79.4369049072265625
76.46988677978515625 73.41585540771484375 84.3528289794921875 111.3633880615234375 147.433990478515625 166.8206634521484375 148.613983154296875 125.67108917236328125 105.4685821533203125 90.380462646484375 92.8417510986328125 89.78784942626953125 89.520538330078125 84.100341796875 84.9230499267578125 103.47406005859375 118.72521209716796875 145.2430572509765625 197.127532958984375 231.4227447509765625 265.28692626953125 271.87701416015625 306.386993408203125 331.769073486328125 357.38665771484375 355.2086181640625 386.9403076171875 357.630645751953125 336.323333740234375 291.841094970703125 236.2534637451171875 253.267486572265625 330.098907470703125 329.887908935546875 309.985504150390625 299.218719482421875 196.1267547607421875 101.97702789306640625 96.5286407470703125 93.63993072509765625 86.10021209716796875 79.96909332275390625 74.9265899658203125 75.91867828369140625
70.2925262451171875 75.47046661376953125 89.1211090087890625 113.61040496826171875 148.60711669921875 170.2100830078125 157.97186279296875 125.6937713623046875 93.78095245361328125 93.03009033203125 94.77579498291015625 91.7544708251953125 84.71832275390625 84.51424407958984375 82.47943115234375 85.6324920654296875 103.79683685302734375 112.59990692138671875 166.762176513671875 254.6603546142578125 287.3477783203125 326.4378662109375 369.03070068359375 389.403076171875 384.0863037109375 356.998199462890625 376.49853515625 348.219451904296875 294.098480224609375 285.013275146484375 234.633697509765625 217.8704681396484375 257.4136962890625 404.034576416015625 348.027587890625 240.5310516357421875 136.27099609375 111.9575958251953125 131.8756866455078125 94.35567474365234375 86.61783599853515625 76.55431365966796875 77.40779876708984375 73.724395751953125
70.11769866943359375 73.0513763427734375 87.7456512451171875 110.02390289306640625 140.086669921875 147.01861572265625 143.9622802734375 115.4778289794921875 92.72464752197265625 87.6216888427734375 93.28568267822265625 93.445526123046875 87.67621612548828125 82.06642913818359375 81.77042388916015625 81.196014404296875 95.6618194580078125 135.606689453125 200.9719696044921875 273.240203857421875 352.220306396484375 400.6842041015625 388.692291259765625 379.20892333984375 387.597930908203125 382.69287109375 331.145660400390625 285.44232177734375 251.638824462890625 228.3883514404296875 249.2100067138671875 211.252410888671875 278.495941162109375 389.858612060546875 387.977813720703125 205.65789794921875 140.336578369140625 149.272735595703125 146.585174560546875 130.4232635498046875 87.938873291015625 80.80539703369140625 77.761932373046875 80.462738037109375
72.32265472412109375 78.6731109619140625 81.918487548828125 96.43962860107421875 115.33573150634765625 131.7734527587890625 123.9799957275390625 99.87317657470703125 92.196533203125 91.33501434326171875 88.01184844970703125 88.79119873046875 86.35646820068359375 85.75023651123046875 81.700927734375 88.10036468505859375 114.459442138671875 171.8841094970703125 227.125091552734375 318.361724853515625 401.489593505859375 441.684722900390625 436.640350341796875 387.85211181640625 360.93707275390625 363.472869873046875 284.538604736328125 262.623626708984375 237.632568359375 201.36212158203125 199.9840240478515625 267.605010986328125 316.624237060546875 339.18609619140625 358.728668212890625 295.885772705078125 187.7031097412109375 149.7138214111328125 140.8008880615234375 144.8787841796875 129.205841064453125 88.4992523193359375 84.579742431640625 85.25791168212890625
82.7986297607421875 76.38384246826171875 80.03992462158203125 97.99615478515625 92.00806427001953125 112.2364959716796875 109.45963287353515625 102.10807037353515625 95.9593505859375 96.23709869384765625 91.67071533203125 87.5388946533203125 90.4195556640625 87.32946014404296875 89.711395263671875 102.48752593994140625 141.2236480712890625 191.0645294189453125 273.153900146484375 378.0006103515625 437.27484130859375 430.318267822265625 416.32843017578125 413.121917724609375 365.71783447265625 340.0281982421875 277.888031005859375 229.8274383544921875 208.7054443359375 186.607513427734375 176.321563720703125 195.9214630126953125 290.730316162109375 344.80322265625 347.0660400390625 249.69061279296875 160.223236083984375 150.7849273681640625 142.4228973388671875 136.67333984375 103.5474853515625 93.69385528564453125 100.2914886474609375 101.63094329833984375
89.6930694580078125 79.6143951416015625 84.32061004638671875 87.9055633544921875 88.11495208740234375 93.6733856201171875 99.49486541748046875 118.10915374755859375 108.26538848876953125 97.45986175537109375 94.25931549072265625 92.32708740234375 94.25579833984375 94.179443359375 94.23012542724609375 114.040985107421875 142.7928314208984375 211.785369873046875 297.2376708984375 390.61273193359375 428.772735595703125 395.8663330078125 363.069366455078125 353.390533447265625 338.01849365234375 291.6038818359375 262.353485107421875 204.5070343017578125 160.68548583984375 167.0019683837890625 169.892547607421875 159.418548583984375 199.74090576171875 317.695831298828125 277.221343994140625 218.2607269287109375 157.9558258056640625 121.30455780029296875 140.5901031494140625 110.4976959228515625 105.47930145263671875 114.39531707763671875 117.01805877685546875 121.43024444580078125
90.4873809814453125 97.93897247314453125 90.38574981689453125 82.5294342041015625 87.13353729248046875 95.75140380859375 109.705322265625 142.423858642578125 136.2287750244140625 107.6129150390625 96.88419342041015625 99.28316497802734375 98.25424957275390625 96.06366729736328125 97.03545379638671875 107.61235809326171875 155.1611328125 221.924468994140625 321.058807373046875 360.309539794921875 390.712554931640625 362.477325439453125 300.085052490234375 274.04205322265625 276.389312744140625 240.602935791015625 197.21875 169.3907012939453125 151.397735595703125 161.814422607421875 168.1486053466796875 163.1225738525390625 173.541656494140625 230.780487060546875 235.2064666748046875 216.3109588623046875 163.7270965576171875 127.111236572265625 123.52552032470703125 124.08130645751953125 135.2218170166015625 138.6595306396484375 135.056610107421875 138.44842529296875
97.11920166015625 99.14794921875 102.71868896484375 99.85774993896484375 94.07865142822265625 100.01728057861328125 130.19476318359375 152.3319549560546875 152.8367156982421875 133.0445098876953125 106.02404022216796875 99.81775665283203125 93.854522705078125 95.53844451904296875 98.039703369140625 110.75473785400390625 149.8522186279296875 230.6932830810546875 312.32904052734375 354.9779052734375 349.28582763671875 306.827117919921875 243.0943450927734375 203.17559814453125 218.600494384765625 201.6588134765625 157.45428466796875 134.9158782958984375 150.2179412841796875 159.210052490234375 164.643768310546875 173.7406158447265625 184.67633056640625 188.12066650390625 213.3589935302734375 202.904083251953125 176.5193939208984375 161.6707000732421875 152.5408935546875 143.844879150390625 144.0303192138671875 138.1569061279296875 144.325653076171875 160.7952117919921875
105.7433929443359375 113.21689605712890625 119.95703125 118.451141357421875 98.2106475830078125 109.93442535400390625 146.9170074462890625 157.686767578125 151.980133056640625 135.5322265625 109.99932861328125 97.66046142578125 97.4800872802734375 96.9538421630859375 94.88873291015625 109.31691741943359375 151.7072601318359375 210.0135650634765625 278.3614501953125 319.96258544921875 299.353607177734375 247.851959228515625 201.299346923828125 184.10467529296875 167.1998748779296875 151.2680816650390625 129.152496337890625 135.85577392578125 141.8027801513671875 152.2097320556640625 161.812530517578125 160.3800506591796875 148.5965576171875 167.838897705078125 179.3722686767578125 204.4010467529296875 181.8377532958984375 189.919158935546875 185.1669158935546875 181.3564605712890625 155.3556060791015625 139.9981689453125 143.2297821044921875 168.8653564453125
121.5505523681640625 130.96697998046875 120.95977783203125 113.4916534423828125 104.08538055419921875 109.510284423828125 124.82527923583984375 154.5035400390625 139.359619140625 111.76152801513671875 96.6415863037109375 92.81072998046875 95.700775146484375 97.02642059326171875 96.93000030517578125 105.07151031494140625 131.7689971923828125 192.3324737548828125 226.8501739501953125 259.22100830078125 238.969329833984375 218.04156494140625 244.542816162109375 172.0889434814453125 188.29541015625 131.11651611328125 141.7861785888671875 155.9965667724609375 156.1042022705078125 137.3297271728515625 156.9980621337890625 165.5802459716796875 147.619354248046875 150.8969879150390625 157.03546142578125 190.5009918212890625 243.662109375 265.771484375 245.821746826171875 221.6858367919921875 202.0610809326171875 177.639312744140625 192.8551025390625 244.7894134521484375
115.0381011962890625 112.9652557373046875 113.3813018798828125 106.57070159912109375 100.76424407958984375 93.37660980224609375 103.21442413330078125 132.414886474609375 120.23564910888671875 97.7437286376953125 93.23323822021484375 94.642333984375 95.45142364501953125 103.271759033203125 103.9527587890625 115.3246307373046875 146.1557769775390625 186.389007568359375 216.2069091796875 221.9618682861328125 233.412506103515625 289.5748291015625 265.029937744140625 297.60467529296875 204.3230438232421875 195.6501922607421875 179.592803955078125 177.5849456787109375 169.17327880859375 169.1795196533203125 169.552093505859375 198.96722412109375 159.744049072265625 170.625885009765625 165.719024658203125 207.359130859375 287.47418212890625 349.0120849609375 337.242950439453125 289.441741943359375 269.685760498046875 275.143218994140625 289.563751220703125 353.803924560546875
101.01131439208984375 106.99794769287109375 101.1020050048828125 87.0638580322265625 74.6629486083984375 85.336761474609375 104.49085235595703125 124.69062042236328125 107.5699462890625 90.09710693359375 88.80190277099609375 96.160858154296875 110.2753753662109375 141.802947998046875 126.1140594482421875 154.78302001953125 184.9900970458984375 217.4692840576171875 243.42486572265625 257.69500732421875 330.26361083984375 325.11029052734375 387.845123291015625 364.29925537109375 302.75604248046875 234.3009185791015625 255.584716796875 212.093536376953125 182.46466064453125 197.0771331787109375 218.720001220703125 236.1241607666015625 219.4239654541015625 184.6045989990234375 185.0660247802734375 227.722412109375 289.4952392578125 362.055633544921875 380.794769287109375 349.933990478515625 342.722900390625 349.661529541015625 389.644927978515625 418.16534423828125
