Input_PredictorVariables/LightPollutionBlue2016_focal.asc
ncols        529
nrows        344
xllcorner    2700.000000000000
yllcorner    15900.000000000000
cellsize     100.000000000000
NODATA_value  0
[rows 171 to 189 of 344, columns 352 to 395 of 529]
213.7714385986328125 192.624908447265625 193.5856170654296875 202.0014190673828125 192.290618896484375 177.0472412109375 166.6808624267578125 180.9762420654296875 184.072998046875 194.495819091796875 159.2021484375 159.8823394775390625 182.3803558349609375 216.2149200439453125 186.1168212890625 177.00384521484375 187.2530059814453125 201.4714202880859375 231.8622589111328125 212.382293701171875 188.7760772705078125 184.029296875 201.7681732177734375 220.0966339111328125 222.1921539306640625 194.4232177734375 177.1858062744140625 145.1893310546875 121.2293243408203125 96.94857025146484375 93.44759368896484375 99.03063201904296875 140.10443115234375 195.3787689208984375 227.6949310302734375 241.15594482421875 203.353302001953125 150.4573822021484375 120.933868408203125 115.3908538818359375 134.673431396484375 154.5197906494140625 189.644775390625 188.3814849853515625
184.219268798828125 179.7761993408203125 187.146484375 188.280914306640625 199.19049072265625 187.0120697021484375 193.4406280517578125 179.02593994140625 196.165557861328125 203.8701019287109375 201.0959320068359375 168.7024383544921875 206.016387939453125 224.575286865234375 209.6459503173828125 168.7184906005859375 183.51763916015625 245.2521514892578125 271.428131103515625 258.2115478515625 218.229522705078125 201.925201416015625 182.503875732421875 180.5457611083984375 166.838592529296875 167.133575439453125 126.34529876708984375 103.9303436279296875 88.48365020751953125 74.1428680419921875 76.86986541748046875 109.18407440185546875 165.406585693359375 212.9907989501953125 261.1646728515625 255.7902374267578125 234.10345458984375 174.403594970703125 140.8499298095703125 139.20025634765625 151.924163818359375 188.9869384765625 203.61737060546875 202.4073486328125
186.614990234375 187.832733154296875 198.6054229736328125 201.4568634033203125 220.050872802734375 202.7954559326171875 181.83404541015625 213.324615478515625 206.259185791015625 215.82733154296875 200.6605987548828125 242.347442626953125 233.64886474609375 217.74017333984375 198.984649658203125 201.265869140625 210.142608642578125 248.3060455322265625 261.99639892578125 251.1097259521484375 230.77886962890625 173.5336761474609375 147.283966064453125 123.21419525146484375 111.42382049560546875 106.63861083984375 90.188690185546875 77.13864898681640625 72.9693756103515625 71.4988861083984375 78.69388580322265625 120.05309295654296875 168.5034637451171875 244.223663330078125 320.910980224609375 277.368438720703125 228.3195953369140625 187.0256500244140625 143.1060333251953125 143.6301116943359375 147.1605682373046875 154.9935302734375 174.644989013671875 173.219757080078125
205.4144134521484375 212.59130859375 238.082550048828125 251.857666015625 255.8206787109375 244.80181884765625 196.326904296875 181.253753662109375 233.3483123779296875 200.073089599609375 202.649200439453125 199.08056640625 226.2648773193359375 207.0692291259765625 185.5177154541015625 175.5394744873046875 174.9941253662109375 222.3617706298828125 269.792816162109375 230.439788818359375 170.1700592041015625 124.22197723388671875 116.71337890625 104.84233856201171875 87.594268798828125 86.889434814453125 89.60503387451171875 80.901885986328125 77.25576019287109375 83.97985076904296875 104.79409027099609375 130.7726898193359375 170.6467742919921875 272.895843505859375 336.3193359375 305.840789794921875 221.790313720703125 150.2729034423828125 139.682891845703125 116.5850372314453125 116.38140869140625 116.78426361083984375 115.77364349365234375 126.919342041015625
221.27490234375 244.4198760986328125 259.857818603515625 270.4632568359375 256.698699951171875 252.51483154296875 231.3212890625 207.6618499755859375 217.712493896484375 212.49078369140625 183.0577239990234375 193.794281005859375 189.8799591064453125 210.1393280029296875 190.9842987060546875 176.6629180908203125 196.1704864501953125 220.4854278564453125 255.3024139404296875 231.3236236572265625 157.48284912109375 132.9598846435546875 112.6795501708984375 111.34625244140625 113.9146728515625 120.98111724853515625 113.894622802734375 110.34444427490234375 106.5961151123046875 112.94419097900390625 126.829864501953125 144.7790679931640625 224.7964324951171875 288.050689697265625 277.42657470703125 292.622039794921875 229.59368896484375 156.29498291015625 109.52886199951171875 99.90714263916015625 92.12941741943359375 90.5392303466796875 92.82372283935546875 93.42209625244140625
197.113555908203125 200.3248291015625 224.9377899169921875 258.333038330078125 250.09613037109375 230.3923797607421875 218.0753173828125 215.9897308349609375 219.77593994140625 219.1188507080078125 209.4407501220703125 195.954986572265625 194.386566162109375 207.176177978515625 190.6490936279296875 194.04730224609375 225.67730712890625 244.2249908447265625 224.852020263671875 217.4892730712890625 201.6243133544921875 148.7770843505859375 131.5230712890625 134.7960357666015625 152.3177337646484375 155.609466552734375 155.918670654296875 151.096435546875 139.631103515625 135.540069580078125 134.23663330078125 136.9692840576171875 170.2726898193359375 232.12396240234375 250.5188751220703125 231.3632049560546875 159.6004791259765625 109.8637237548828125 98.93430328369140625 88.93585968017578125 78.32453155517578125 80.29514312744140625 87.21492767333984375 92.3818817138671875
160.500274658203125 179.747344970703125 216.7866668701171875 209.562347412109375 231.996337890625 204.8341522216796875 214.1966094970703125 235.666839599609375 222.922882080078125 225.4015045166015625 206.54229736328125 185.022552490234375 197.5163726806640625 184.8981170654296875 200.5458984375 204.58734130859375 201.774169921875 215.4383544921875 222.612548828125 202.94610595703125 151.4874420166015625 140.132049560546875 136.2912139892578125 145.672088623046875 146.7368927001953125 153.0471649169921875 155.55126953125 152.626800537109375 139.87969970703125 126.43387603759765625 122.95954132080078125 118.78128814697265625 118.86952972412109375 133.6859588623046875 193.2108917236328125 150.1169281005859375 104.6251220703125 95.04328155517578125 88.00054931640625 80.4972991943359375 76.29486846923828125 81.9318389892578125 85.42276763916015625 88.77819061279296875
170.91693115234375 192.413177490234375 206.82318115234375 216.0765533447265625 214.065887451171875 205.6858978271484375 217.5020294189453125 218.7882080078125 224.2849273681640625 197.1984100341796875 171.204437255859375 168.5451507568359375 167.44635009765625 173.2645111083984375 172.89105224609375 192.2106170654296875 161.825103759765625 167.381072998046875 206.1798248291015625 158.8240509033203125 141.621429443359375 120.3830413818359375 117.59002685546875 105.8994903564453125 112.42568206787109375 122.6337890625 127.92559051513671875 117.71178436279296875 112.14841461181640625 104.70761871337890625 90.48641204833984375 90.0963592529296875 89.74089813232421875 100.62789154052734375 118.870208740234375 102.1885986328125 93.87056732177734375 89.2612152099609375 83.7525177001953125 77.24861907958984375 78.753204345703125 80.0325164794921875 82.54056549072265625 82.12914276123046875
181.1039581298828125 196.613739013671875 206.262481689453125 205.0078277587890625 204.4799652099609375 207.0700531005859375 201.1854400634765625 194.54736328125 186.9834136962890625 158.92864990234375 150.0755615234375 146.755584716796875 143.654052734375 162.790191650390625 169.141845703125 160.6493988037109375 164.39556884765625 159.1733551025390625 147.8653717041015625 147.081634521484375 129.5662078857421875 122.4628753662109375 95.13199615478515625 89.96530914306640625 87.382049560546875 94.0419769287109375 89.20407867431640625 85.39070892333984375 85.11960601806640625 83.279083251953125 77.49437713623046875 74.327880859375 84.75312042236328125 95.22607421875 100.2121124267578125 98.008148193359375 91.70343017578125 90.0790252685546875 86.48468017578125 78.6331787109375 76.1055450439453125 75.937835693359375 78.47934722900390625 78.94319915771484375
174.046905517578125 181.25390625 179.275604248046875 182.275115966796875 175.971832275390625 186.9679412841796875 173.387237548828125 170.7747344970703125 186.516326904296875 142.9200897216796875 135.53546142578125 139.0422210693359375 149.77764892578125 172.5793914794921875 182.4645843505859375 176.04254150390625 159.4982452392578125 142.0760040283203125 138.209136962890625 131.4793243408203125 131.6504058837890625 128.080963134765625 110.16011810302734375 88.02986907958984375 79.26100921630859375 73.3724365234375 71.6691436767578125 76.1701507568359375 69.78873443603515625 73.1258544921875 72.2674407958984375 75.49468994140625 84.27679443359375 92.52428436279296875 98.08111572265625 99.13934326171875 94.803009033203125 92.2076568603515625 86.88663482666015625 80.14447784423828125 75.8870391845703125 76.5438995361328125 78.82317352294921875 79.99327850341796875
176.54217529296875 162.8037261962890625 173.3553924560546875 157.50238037109375 150.3770751953125 155.611053466796875 154.0122528076171875 176.8668670654296875 182.5107879638671875 162.7494659423828125 129.2114410400390625 133.6891021728515625 159.807891845703125 183.6201934814453125 190.7971343994140625 175.5754852294921875 143.3067779541015625 132.1697540283203125 126.60266876220703125 124.79215240478515625 120.68775177001953125 125.6553802490234375 113.9926300048828125 93.4541168212890625 80.25933837890625 76.72605133056640625 74.5459442138671875 74.45076751708984375 73.580780029296875 70.25554656982421875 73.77117919921875 75.64871978759765625 82.4000701904296875 93.19553375244140625 99.447723388671875 94.99980926513671875 95.4584808349609375 91.37603759765625 87.9641571044921875 79.4915924072265625 77.8589324951171875 76.375885009765625 80.08504486083984375 79.74150848388671875
181.63958740234375 173.1234283447265625 167.1682281494140625 162.6569061279296875 150.164520263671875 133.666839599609375 173.0760040283203125 184.6860198974609375 190.0054473876953125 177.65234375 140.904144287109375 116.670501708984375 133.2254791259765625 166.5988922119140625 173.8177490234375 153.31170654296875 119.2063140869140625 104.35406494140625 101.75305938720703125 101.4678802490234375 114.392181396484375 112.1640625 112.115631103515625 98.88287353515625 84.080963134765625 82.45642852783203125 79.0672760009765625 76.1427154541015625 74.50006866455078125 76.5868072509765625 73.51993560791015625 78.03537750244140625 81.74044036865234375 92.29720306396484375 94.32283782958984375 94.31233978271484375 91.73583221435546875 92.509246826171875 83.2643280029296875 78.65616607666015625 73.416473388671875 76.92728424072265625 79.312652587890625 79.11582183837890625
175.2834014892578125 168.3297119140625 168.74365234375 162.022735595703125 153.0073394775390625 144.829833984375 163.7538909912109375 187.196685791015625 186.009490966796875 172.957000732421875 144.974334716796875 114.629425048828125 112.09780120849609375 131.7262420654296875 136.3921051025390625 117.28820037841796875 99.62567901611328125 89.12386322021484375 85.54305267333984375 90.006988525390625 99.48642730712890625 109.60761260986328125 100.2328948974609375 92.607879638671875 88.02872467041015625 84.5381011962890625 83.57390594482421875 77.057342529296875 77.78289031982421875 76.09130096435546875 74.7189178466796875 76.9884033203125 84.72344207763671875 82.91201019287109375 89.24272918701171875 89.57393646240234375 89.4282684326171875 82.75841522216796875 82.49285125732421875 73.96734619140625 74.2477874755859375 72.61739349365234375 73.37352752685546875 74.72463226318359375
164.2252044677734375 149.184783935546875 148.31103515625 142.8973541259765625 127.6729278564453125 114.30649566650390625 120.7044830322265625 152.4210968017578125 170.134765625 140.7483978271484375 104.9159393310546875 90.94600677490234375 95.69738006591796875 105.6408843994140625 102.3712615966796875 94.220916748046875 84.08927154541015625 84.69060516357421875 88.12506103515625 81.91368865966796875 88.37882232666015625 101.19979095458984375 94.3045501708984375 83.674102783203125 84.09647369384765625 84.87316131591796875 81.50823974609375 80.2925872802734375 75.4561767578125 77.4872589111328125 74.17626190185546875 78.22554779052734375 78.82568359375 82.9997406005859375 82.844757080078125 86.5483551025390625 80.8069305419921875 83.7333831787109375 76.9249267578125 76.58087921142578125 69.91953277587890625 70.99858856201171875 71.48378753662109375 72.6864166259765625
131.700469970703125 120.19788360595703125 110.3975677490234375 112.84253692626953125 104.7786102294921875 97.87725067138671875 95.7752838134765625 105.017974853515625 116.67412567138671875 95.48657989501953125 81.321319580078125 82.50496673583984375 89.98603057861328125 92.20465850830078125 92.69109344482421875 87.096099853515625 79.0461578369140625 79.90372467041015625 84.5234832763671875 85.07476043701171875 81.19644927978515625 87.90541839599609375 86.980255126953125 84.09960174560546875 78.8309173583984375 80.848114013671875 81.69322967529296875 79.2545623779296875 83.1808929443359375 83.10965728759765625 84.36081695556640625 76.6806640625 78.0281219482421875 81.7615203857421875 82.6686248779296875 78.45844268798828125 83.31844329833984375 80.50418853759765625 78.81182098388671875 72.271575927734375 74.96129608154296875 70.11016845703125 68.89997100830078125 71.61894989013671875
107.74517822265625 94.13034820556640625 93.38018035888671875 88.8196258544921875 87.4909820556640625 85.82177734375 87.17743682861328125 79.90532684326171875 77.22618865966796875 74.65355682373046875 74.46886444091796875 81.16335296630859375 84.9691314697265625 90.2078704833984375 89.04998016357421875 84.25797271728515625 79.1740570068359375 81.05633544921875 85.45381927490234375 78.3925933837890625 82.10527801513671875 81.58881378173828125 81.9150543212890625 79.925506591796875 77.94994354248046875 76.87982940673828125 79.46462249755859375 86.590057373046875 90.75510406494140625 93.98915863037109375 92.274017333984375 83.914825439453125 78.1308746337890625 81.52982330322265625 80.05850982666015625 83.238189697265625 78.27021026611328125 78.30614471435546875 78.0426025390625 77.19959259033203125 71.97815704345703125 71.40032196044921875 70.895904541015625 67.63430023193359375
89.78166961669921875 91.4391326904296875 88.426483154296875 80.56195831298828125 79.0903472900390625 83.6310577392578125 82.28656005859375 82.60913848876953125 77.08188629150390625 75.10028076171875 75.39485931396484375 83.89331817626953125 89.64298248291015625 90.2390899658203125 87.57889556884765625 83.980743408203125 83.56787109375 86.75905609130859375 84.06884002685546875 83.6249542236328125 78.24956512451171875 85.26506805419921875 80.9000244140625 80.9853973388671875 84.48998260498046875 79.67470550537109375 88.84990692138671875 101.74909210205078125 98.596435546875 98.78665924072265625 115.9572601318359375 96.61307525634765625 86.2808074951171875 79.846099853515625 82.031890869140625 81.38287353515625 78.3764190673828125 76.0526275634765625 79.7021636962890625 77.10076141357421875 73.8233642578125 73.0193939208984375 72.675811767578125 85.86542510986328125
88.56394195556640625 85.45633697509765625 77.994873046875 76.730987548828125 80.89575958251953125 83.34490966796875 84.5728759765625 85.06497955322265625 82.46622467041015625 83.544891357421875 86.24921417236328125 89.201446533203125 92.31726837158203125 92.6415863037109375 88.1911773681640625 86.8541412353515625 90.73714447021484375 84.1925506591796875 88.128936767578125 84.63071441650390625 81.5448760986328125 81.48052978515625 88.539459228515625 86.50852203369140625 89.1535186767578125 89.64832305908203125 98.0447235107421875 110.75811004638671875 106.4174957275390625 124.45598602294921875 116.478302001953125 110.238037109375 91.68505096435546875 83.61817169189453125 80.3893890380859375 87.968994140625 78.779052734375 78.26857757568359375 73.52191925048828125 73.545257568359375 76.724212646484375 75.4592437744140625 88.132415771484375 98.75531005859375
87.32012176513671875 80.84576416015625 79.656402587890625 78.8815765380859375 80.85652923583984375 83.34087371826171875 85.985504150390625 88.91907501220703125 88.79878997802734375 103.5283050537109375 97.2213287353515625 103.38988494873046875 100.323638916015625 93.3467559814453125 91.995513916015625 87.929412841796875 93.54827117919921875 92.16948699951171875 87.6107025146484375 83.01659393310546875 78.27265167236328125 85.52524566650390625 92.04140472412109375 91.72265625 89.0306243896484375 100.49723052978515625 115.97606658935546875 111.2791595458984375 130.0724334716796875 121.0076446533203125 111.31116485595703125 120.90616607666015625 114.00884246826171875 86.6646270751953125 88.63036346435546875 86.34015655517578125 84.56478118896484375 73.61301422119140625 69.81603240966796875 70.21643829345703125 73.685546875 90.810333251953125 100.779052734375 102.0075225830078125
