Input_PredictorVariables/LightPollutionRed2016_Ratio.asc
ncols        529
nrows        344
xllcorner    2700.000000000000
yllcorner    15900.000000000000
cellsize     100.000000000000
NODATA_value  -3.4028234663852885981e+38
[rows 34 to 50 of 344, columns 40 to 79 of 529]
-3.4028234663852885981e+38 -3.4028234663852885981e+38 -3.4028234663852885981e+38 -3.4028234663852885981e+38 -3.4028234663852885981e+38 -3.4028234663852885981e+38 -3.4028234663852885981e+38 -3.4028234663852885981e+38 -3.4028234663852885981e+38 -3.4028234663852885981e+38 -3.4028234663852885981e+38 -3.4028234663852885981e+38 -3.4028234663852885981e+38 -3.4028234663852885981e+38 -3.4028234663852885981e+38 -3.4028234663852885981e+38 -3.4028234663852885981e+38 -3.4028234663852885981e+38 0.47923046350479125977 2.2993383407592773438 2.0578045845031738281 1.6446532011032104492 2.3628609180450439453 1.9267764091491699219 2.0694043636322021484 2.3792235851287841797 1.9805157184600830078 1.218180537223815918 2.2107055187225341797 1.8647004365921020508 1.4885530471801757812 1.4909108877182006836 2.0624399185180664062 1.9714767932891845703 1.8864638805389404297 2.2499756813049316406 1.4307792186737060547 1.6075593233108520508 1.8110525608062744141 1.6414295434951782227
-3.4028234663852885981e+38 -3.4028234663852885981e+38 -3.4028234663852885981e+38 -3.4028234663852885981e+38 -3.4028234663852885981e+38 -3.4028234663852885981e+38 -3.4028234663852885981e+38 -3.4028234663852885981e+38 -3.4028234663852885981e+38 -3.4028234663852885981e+38 -3.4028234663852885981e+38 -3.4028234663852885981e+38 -3.4028234663852885981e+38 -3.4028234663852885981e+38 -3.4028234663852885981e+38 -3.4028234663852885981e+38 -3.4028234663852885981e+38 -3.4028234663852885981e+38 0.63780397176742553711 3.1470494270324707031 2.3705050945281982422 1.9175339937210083008 1.9416376352310180664 1.7694307565689086914 1.6543800830841064453 1.562648773193359375 2.334880828857421875 1.961138606071472168 1.5379819869995117188 1.7196574211120605469 1.6880441904067993164 2.3767497539520263672 2.1656661033630371094 1.8140081167221069336 1.4421024322509765625 2.0066919326782226562 2.3712737560272216797 2.0285253524780273438 1.7650935649871826172 1.8964678049087524414
-3.4028234663852885981e+38 -3.4028234663852885981e+38 -3.4028234663852885981e+38 -3.4028234663852885981e+38 -3.4028234663852885981e+38 -3.4028234663852885981e+38 -3.4028234663852885981e+38 -3.4028234663852885981e+38 -3.4028234663852885981e+38 -3.4028234663852885981e+38 -3.4028234663852885981e+38 -3.4028234663852885981e+38 -3.4028234663852885981e+38 -3.4028234663852885981e+38 -3.4028234663852885981e+38 -3.4028234663852885981e+38 -3.4028234663852885981e+38 -3.4028234663852885981e+38 0.95244538784027099609 2.6304008960723876953 1.9583536386489868164 2.1958725452423095703 1.7059032917022705078 1.9842494726181030273 2.4125313758850097656 2.0810143947601318359 1.3839280605316162109 1.9787882566452026367 3.1627445220947265625 1.5633066892623901367 1.6950495243072509766 1.9713927507400512695 1.6328563690185546875 2.1177568435668945312 1.9551899433135986328 1.726781010627746582 1.7140585184097290039 1.8909538984298706055 2.3499767780303955078 2.3027141094207763672
-3.4028234663852885981e+38 -3.4028234663852885981e+38 -3.4028234663852885981e+38 -3.4028234663852885981e+38 -3.4028234663852885981e+38 -3.4028234663852885981e+38 -3.4028234663852885981e+38 -3.4028234663852885981e+38 -3.4028234663852885981e+38 -3.4028234663852885981e+38 -3.4028234663852885981e+38 -3.4028234663852885981e+38 -3.4028234663852885981e+38 -3.4028234663852885981e+38 -3.4028234663852885981e+38 -3.4028234663852885981e+38 -3.4028234663852885981e+38 -3.4028234663852885981e+38 3.0715997219085693359 1.6485877037048339844 2.1761691570281982422 1.5139741897583007812 1.6821540594100952148 1.7631496191024780273 1.9505147933959960938 1.7005457878112792969 1.8933758735656738281 1.678742527961730957 1.8614159822463989258 1.413516998291015625 1.8517677783966064453 2.3495633602142333984 2.1955983638763427734 1.7290513515472412109 2.5870838165283203125 1.8717980384826660156 1.5436940193176269531 1.7155786752700805664 2.0366351604461669922 1.558850407600402832
-3.4028234663852885981e+38 -3.4028234663852885981e+38 -3.4028234663852885981e+38 -3.4028234663852885981e+38 -3.4028234663852885981e+38 -3.4028234663852885981e+38 -3.4028234663852885981e+38 -3.4028234663852885981e+38 -3.4028234663852885981e+38 -3.4028234663852885981e+38 -3.4028234663852885981e+38 -3.4028234663852885981e+38 -3.4028234663852885981e+38 -3.4028234663852885981e+38 -3.4028234663852885981e+38 -3.4028234663852885981e+38 -3.4028234663852885981e+38 -3.4028234663852885981e+38 2.3798127174377441406 1.9478827714920043945 2.0189957618713378906 2.0384223461151123047 2.2218735218048095703 1.8132053613662719727 1.678830265998840332 2.6119108200073242188 2.6553051471710205078 1.9999469518661499023 2.2467973232269287109 2.1083264350891113281 1.6272851228713989258 2.3069856166839599609 2.0300507545471191406 1.4457089900970458984 0.96923315525054931641 1.7656682729721069336 2.3969388008117675781 2.2592420578002929688 1.8449032306671142578 1.4512304067611694336
-3.4028234663852885981e+38 -3.4028234663852885981e+38 -3.4028234663852885981e+38 -3.4028234663852885981e+38 -3.4028234663852885981e+38 -3.4028234663852885981e+38 -3.4028234663852885981e+38 -3.4028234663852885981e+38 -3.4028234663852885981e+38 -3.4028234663852885981e+38 -3.4028234663852885981e+38 -3.4028234663852885981e+38 -3.4028234663852885981e+38 -3.4028234663852885981e+38 -3.4028234663852885981e+38 -3.4028234663852885981e+38 -3.4028234663852885981e+38 -3.4028234663852885981e+38 2.8533430099487304688 2.8097710609436035156 2.1262145042419433594 2.0254983901977539062 1.8146033287048339844 1.5782995223999023438 1.8764109611511230469 2.1349101066589355469 2.0171082019805908203 1.3831888437271118164 1.7433629035949707031 2.1297426223754882812 1.6160944700241088867 1.3354783058166503906 1.7886406183242797852 1.7875934839248657227 1.9951937198638916016 2.7520167827606201172 1.8955197334289550781 2.1383807659149169922 2.2970278263092041016 2.1199941635131835938
-3.4028234663852885981e+38 -3.4028234663852885981e+38 -3.4028234663852885981e+38 -3.4028234663852885981e+38 -3.4028234663852885981e+38 -3.4028234663852885981e+38 -3.4028234663852885981e+38 -3.4028234663852885981e+38 -3.4028234663852885981e+38 -3.4028234663852885981e+38 -3.4028234663852885981e+38 -3.4028234663852885981e+38 -3.4028234663852885981e+38 -3.4028234663852885981e+38 -3.4028234663852885981e+38 -3.4028234663852885981e+38 -3.4028234663852885981e+38 0.27483481168746948242 2.4373626708984375 2.1076343059539794922 1.3937643766403198242 1.8380812406539916992 1.640903472900390625 2.0778245925903320312 1.4954534769058227539 1.7800300121307373047 1.7585448026657104492 1.8321626186370849609 2.2956888675689697266 1.4905682802200317383 1.845148921012878418 2.1215977668762207031 2.6427657604217529297 2.2112894058227539062 2.2734596729278564453 1.8153375387191772461 1.4255580902099609375 1.5762292146682739258 2.0956811904907226562 1.6050602197647094727
-3.4028234663852885981e+38 -3.4028234663852885981e+38 -3.4028234663852885981e+38 -3.4028234663852885981e+38 -3.4028234663852885981e+38 -3.4028234663852885981e+38 -3.4028234663852885981e+38 -3.4028234663852885981e+38 -3.4028234663852885981e+38 -3.4028234663852885981e+38 -3.4028234663852885981e+38 -3.4028234663852885981e+38 -3.4028234663852885981e+38 -3.4028234663852885981e+38 -3.4028234663852885981e+38 -3.4028234663852885981e+38 -3.4028234663852885981e+38 1.4321104288101196289 2.8906548023223876953 2.6078755855560302734 1.9722394943237304688 1.7182961702346801758 2.0577285289764404297 2.5792553424835205078 1.8286126852035522461 2.0721831321716308594 1.8624484539031982422 2.3663442134857177734 2.3567218780517578125 1.8842552900314331055 2.3635609149932861328 1.8517023324966430664 1.589358210563659668 2.2172994613647460938 2.1126346588134765625 1.7480205297470092773 1.890913844108581543 1.8922246694564819336 1.3989799022674560547 2.0867624282836914062
-3.4028234663852885981e+38 -3.4028234663852885981e+38 -3.4028234663852885981e+38 -3.4028234663852885981e+38 -3.4028234663852885981e+38 -3.4028234663852885981e+38 -3.4028234663852885981e+38 -3.4028234663852885981e+38 -3.4028234663852885981e+38 -3.4028234663852885981e+38 -3.4028234663852885981e+38 -3.4028234663852885981e+38 -3.4028234663852885981e+38 -3.4028234663852885981e+38 -3.4028234663852885981e+38 -3.4028234663852885981e+38 -3.4028234663852885981e+38 1.3790752887725830078 2.6529562473297119141 1.741475224494934082 1.8468832969665527344 1.8776059150695800781 1.5439881086349487305 1.9060395956039428711 1.5628410577774047852 1.8953894376754760742 2.0785825252532958984 1.6297793388366699219 1.6038012504577636719 2.3381402492523193359 1.6199669837951660156 1.9795749187469482422 1.3523764610290527344 1.9046292304992675781 1.4273753166198730469 1.6124680042266845703 1.576274871826171875 2.3712687492370605469 1.7904801368713378906 2.1904435157775878906
-3.4028234663852885981e+38 -3.4028234663852885981e+38 -3.4028234663852885981e+38 -3.4028234663852885981e+38 -3.4028234663852885981e+38 -3.4028234663852885981e+38 -3.4028234663852885981e+38 -3.4028234663852885981e+38 -3.4028234663852885981e+38 -3.4028234663852885981e+38 -3.4028234663852885981e+38 -3.4028234663852885981e+38 -3.4028234663852885981e+38 -3.4028234663852885981e+38 -3.4028234663852885981e+38 -3.4028234663852885981e+38 -3.4028234663852885981e+38 2.2437589168548583984 2.1832172870635986328 2.0004582405090332031 1.86884307861328125 2.310237884521484375 2.3635056018829345703 2.1295349597930908203 1.505619049072265625 1.8804777860641479492 1.8561916351318359375 1.4732428789138793945 2.0903813838958740234 2.1480505466461181641 1.8311810493469238281 2.2511761188507080078 1.7373204231262207031 2.3282785415649414062 2.2629845142364501953 2.1256563663482666016 2.1391162872314453125 1.8847024440765380859 1.3980544805526733398 2.050273895263671875
-3.4028234663852885981e+38 -3.4028234663852885981e+38 -3.4028234663852885981e+38 -3.4028234663852885981e+38 -3.4028234663852885981e+38 -3.4028234663852885981e+38 -3.4028234663852885981e+38 -3.4028234663852885981e+38 -3.4028234663852885981e+38 -3.4028234663852885981e+38 -3.4028234663852885981e+38 -3.4028234663852885981e+38 -3.4028234663852885981e+38 -3.4028234663852885981e+38 -3.4028234663852885981e+38 -3.4028234663852885981e+38 -3.4028234663852885981e+38 1.2149415016174316406 2.1258485317230224609 2.0018393993377685547 1.9504228830337524414 1.8000626564025878906 1.4190130233764648438 1.8650884628295898438 2.3569316864013671875 2.1007227897644042969 1.7292869091033935547 1.6369609832763671875 2.0083451271057128906 2.0732066631317138672 1.919597625732421875 1.338736414909362793 2.1968600749969482422 1.8695192337036132812 1.4681359529495239258 2.4333486557006835938 1.8862459659576416016 1.8364775180816650391 1.8773506879806518555 2.0189390182495117188
-3.4028234663852885981e+38 -3.4028234663852885981e+38 -3.4028234663852885981e+38 -3.4028234663852885981e+38 -3.4028234663852885981e+38 -3.4028234663852885981e+38 -3.4028234663852885981e+38 -3.4028234663852885981e+38 -3.4028234663852885981e+38 -3.4028234663852885981e+38 -3.4028234663852885981e+38 -3.4028234663852885981e+38 -3.4028234663852885981e+38 -3.4028234663852885981e+38 -3.4028234663852885981e+38 -3.4028234663852885981e+38 -3.4028234663852885981e+38 3.2252430915832519531 2.0797972679138183594 1.708648681640625 1.7265424728393554688 2.0383362770080566406 1.5458164215087890625 1.5573575496673583984 2.4393970966339111328 1.1488664150238037109 2.3284776210784912109 2.1780140399932861328 1.3993813991546630859 1.617640376091003418 2.3429255485534667969 1.348236083984375 2.0160441398620605469 1.9060232639312744141 1.7919321060180664062 2.0490324497222900391 1.6721937656402587891 1.8591954708099365234 1.8989586830139160156 1.9272100925445556641
-3.4028234663852885981e+38 -3.4028234663852885981e+38 -3.4028234663852885981e+38 -3.4028234663852885981e+38 -3.4028234663852885981e+38 -3.4028234663852885981e+38 -3.4028234663852885981e+38 -3.4028234663852885981e+38 -3.4028234663852885981e+38 -3.4028234663852885981e+38 -3.4028234663852885981e+38 -3.4028234663852885981e+38 -3.4028234663852885981e+38 -3.4028234663852885981e+38 -3.4028234663852885981e+38 -3.4028234663852885981e+38 0.21937736868858337402 4.4851136207580566406 2.3669960498809814453 1.8155943155288696289 2.1874346733093261719 2.0557179450988769531 1.8976278305053710938 1.7973666191101074219 4.3682665824890136719 1.7919281721115112305 1.9604742527008056641 1.9112117290496826172 1.8837822675704956055 1.9689422845840454102 2.1014392375946044922 2.1338744163513183594 1.9963412284851074219 1.723345637321472168 1.9971003532409667969 2.0020570755004882812 2.0463843345642089844 1.7090301513671875 1.9406102895736694336 1.8599954843521118164
-3.4028234663852885981e+38 -3.4028234663852885981e+38 -3.4028234663852885981e+38 -3.4028234663852885981e+38 -3.4028234663852885981e+38 -3.4028234663852885981e+38 -3.4028234663852885981e+38 -3.4028234663852885981e+38 -3.4028234663852885981e+38 -3.4028234663852885981e+38 -3.4028234663852885981e+38 -3.4028234663852885981e+38 -3.4028234663852885981e+38 -3.4028234663852885981e+38 -3.4028234663852885981e+38 -3.4028234663852885981e+38 0.34256148338317871094 1.6309022903442382812 1.8103811740875244141 2.1681711673736572266 1.9922168254852294922 1.7135347127914428711 2.3311901092529296875 1.6611435413360595703 1.6727094650268554688 1.3399106264114379883 1.9650976657867431641 1.7953585386276245117 1.8342176675796508789 2.0962553024291992188 1.4450168609619140625 1.7745592594146728516 2.54998016357421875 2.5291972160339355469 1.7233266830444335938 1.4153717756271362305 1.6171774864196777344 1.9228529930114746094 2.9822404384613037109 1.5022372007369995117
-3.4028234663852885981e+38 -3.4028234663852885981e+38 -3.4028234663852885981e+38 -3.4028234663852885981e+38 -3.4028234663852885981e+38 -3.4028234663852885981e+38 -3.4028234663852885981e+38 -3.4028234663852885981e+38 -3.4028234663852885981e+38 -3.4028234663852885981e+38 -3.4028234663852885981e+38 -3.4028234663852885981e+38 -3.4028234663852885981e+38 -3.4028234663852885981e+38 -3.4028234663852885981e+38 -3.4028234663852885981e+38 2.1683900356292724609 1.7270138263702392578 2.3920130729675292969 1.7024489641189575195 1.6287733316421508789 1.9523528814315795898 1.9293162822723388672 1.5132529735565185547 1.5513182878494262695 2.2944102287292480469 2.5200476646423339844 1.8205990791320800781 2.0676052570343017578 1.9801516532897949219 1.8557401895523071289 1.9288257360458374023 1.9990686178207397461 1.2291254997253417969 1.7781274318695068359 1.9780130386352539062 1.9388098716735839844 1.6246399879455566406 1.8759986162185668945 2.0935201644897460938
-3.4028234663852885981e+38 -3.4028234663852885981e+38 -3.4028234663852885981e+38 -3.4028234663852885981e+38 -3.4028234663852885981e+38 -3.4028234663852885981e+38 -3.4028234663852885981e+38 -3.4028234663852885981e+38 -3.4028234663852885981e+38 -3.4028234663852885981e+38 -3.4028234663852885981e+38 -3.4028234663852885981e+38 -3.4028234663852885981e+38 -3.4028234663852885981e+38 -3.4028234663852885981e+38 -3.4028234663852885981e+38 1.9094448089599609375 3.1911449432373046875 2.4488761425018310547 1.7706459760665893555 2.1565034389495849609 1.8536036014556884766 1.4960447549819946289 2.0072765350341796875 1.6735137701034545898 1.8127304315567016602 1.9529069662094116211 2.2340385913848876953 1.9312173128128051758 1.7460130453109741211 2.0128846168518066406 2.0476262569427490234 2.0925805568695068359 1.6130417585372924805 2.0847775936126708984 2.3590154647827148438 1.8071482181549072266 2.6093530654907226562 1.4982374906539916992 2.5353307723999023438
-3.4028234663852885981e+38 -3.4028234663852885981e+38 -3.4028234663852885981e+38 -3.4028234663852885981e+38 -3.4028234663852885981e+38 -3.4028234663852885981e+38 -3.4028234663852885981e+38 -3.4028234663852885981e+38 -3.4028234663852885981e+38 -3.4028234663852885981e+38 -3.4028234663852885981e+38 -3.4028234663852885981e+38 -3.4028234663852885981e+38 -3.4028234663852885981e+38 -3.4028234663852885981e+38 -3.4028234663852885981e+38 1.9613705873489379883 2.1218292713165283203 1.6593116521835327148 2.0876836776733398438 2.2275254726409912109 1.2963118553161621094 2.0140531063079833984 2.8021857738494873047 1.7592010498046875 1.4781743288040161133 1.7176196575164794922 1.0766464471817016602 1.4576368331909179688 1.5261179208755493164 2.1282794475555419922 1.6814332008361816406 1.9530501365661621094 1.4949070215225219727 2.8740887641906738281 1.7909750938415527344 1.8605352640151977539 2.2069494724273681641 1.7046793699264526367 2.0521852970123291016
