Input_PredictorVariables/LightPollutionBlue2016_focal.asc
ncols        529
nrows        344
xllcorner    2700.000000000000
yllcorner    15900.000000000000
cellsize     100.000000000000
NODATA_value  0
[rows 76 to 94 of 344, columns 88 to 131 of 529]
71.93431854248046875 72.19287109375 72.57537841796875 77.08774566650390625 79.42296600341796875 76.05428314208984375 75.64875030517578125 74.26364898681640625 73.625640869140625 75.4212493896484375 79.56888580322265625 77.1413726806640625 79.04860687255859375 82.39167022705078125 88.31121063232421875 101.2103424072265625 109.7794952392578125 109.45726776123046875 109.2145538330078125 115.75209808349609375 114.677154541015625 120.708099365234375 111.6890716552734375 96.08361053466796875 95.6228179931640625 91.872467041015625 87.28591156005859375 82.4591217041015625 84.51621246337890625 82.46579742431640625 89.44403076171875 95.75608062744140625 93.9600830078125 94.9511566162109375 83.52976226806640625 78.6450653076171875 76.978485107421875 80.797027587890625 80.47144317626953125 83.6557769775390625 81.55930328369140625 83.391632080078125 82.39588165283203125 79.53890228271484375
72.1709136962890625 73.42702484130859375 73.7412109375 79.5118865966796875 79.83280181884765625 79.71205902099609375 74.88385009765625 73.7877044677734375 76.184112548828125 80.22295379638671875 81.31653594970703125 78.4958953857421875 82.8636322021484375 87.3318634033203125 92.44033050537109375 100.9814605712890625 112.043731689453125 105.63343048095703125 106.23278045654296875 95.11952972412109375 111.842315673828125 109.73447418212890625 105.0841522216796875 103.07263946533203125 92.2254486083984375 89.5490875244140625 87.2372283935546875 86.01503753662109375 85.1218109130859375 92.22576141357421875 101.31810760498046875 108.2303924560546875 107.26697540283203125 101.7523345947265625 93.95400238037109375 76.0692291259765625 76.1503753662109375 77.90703582763671875 83.2229461669921875 78.450225830078125 82.68552398681640625 78.63356781005859375 79.73513031005859375 76.29346466064453125
69.6198577880859375 71.22817230224609375 77.50699615478515625 78.87020111083984375 81.37778472900390625 78.69223785400390625 74.0428466796875 75.91864776611328125 79.1139068603515625 83.95503997802734375 84.71010589599609375 88.3509063720703125 83.51796722412109375 85.52608489990234375 92.0494384765625 108.5040283203125 111.55228424072265625 113.62044525146484375 98.3307952880859375 108.523529052734375 108.07061004638671875 113.433563232421875 104.8480682373046875 99.28028106689453125 94.1448974609375 87.28618621826171875 88.983978271484375 87.83898162841796875 96.138916015625 103.0939483642578125 108.56169891357421875 111.6429901123046875 117.02170562744140625 109.3986358642578125 90.15016937255859375 82.2559051513671875 73.57711029052734375 77.8311767578125 78.550994873046875 81.28159332275390625 78.09747314453125 80.07300567626953125 75.1985015869140625 72.62848663330078125
70.729034423828125 69.7482757568359375 75.10511016845703125 77.77677154541015625 80.9713897705078125 77.80852508544921875 75.15369415283203125 76.7172698974609375 81.8424530029296875 86.30533599853515625 89.56192779541015625 85.9393310546875 81.54822540283203125 87.58237457275390625 91.9983367919921875 102.40979766845703125 110.289337158203125 104.5474853515625 107.27616119384765625 102.7973480224609375 109.1182861328125 103.45757293701171875 105.50608062744140625 90.10645294189453125 88.8281707763671875 88.7447052001953125 86.31671905517578125 90.9468841552734375 97.9139251708984375 110.7883453369140625 106.9676513671875 108.233123779296875 110.7408599853515625 96.70760345458984375 82.2009124755859375 76.11130523681640625 78.924407958984375 82.05104827880859375 79.99063873291015625 79.1417083740234375 75.5268096923828125 75.68326568603515625 87.57672882080078125 77.77434539794921875
71.6243896484375 74.03585052490234375 73.46446990966796875 77.17122650146484375 78.551544189453125 78.1372528076171875 77.55169677734375 81.0458831787109375 82.3904876708984375 88.903106689453125 85.12104034423828125 82.98142242431640625 84.2061309814453125 95.933074951171875 97.78928375244140625 99.057403564453125 104.42079925537109375 113.0840301513671875 91.22663116455078125 101.6767425537109375 97.80971527099609375 100.80340576171875 90.68181610107421875 85.09081268310546875 86.503753662109375 82.78632354736328125 90.1204376220703125 93.20986175537109375 103.2960357666015625 111.3403778076171875 112.2140960693359375 106.37042236328125 92.1970367431640625 85.7603302001953125 78.0412139892578125 75.38347625732421875 77.8236846923828125 83.7399749755859375 85.74745941162109375 78.5825958251953125 78.68601226806640625 84.758026123046875 96.2638702392578125 90.40328216552734375
77.8441009521484375 76.17181396484375 75.404388427734375 81.1120147705078125 76.7703399658203125 75.69316864013671875 77.11830902099609375 81.39229583740234375 87.10289764404296875 83.29128265380859375 85.11980438232421875 83.9221954345703125 93.492767333984375 96.48812103271484375 106.70899200439453125 109.98419189453125 111.16158294677734375 136.37152099609375 109.68947601318359375 87.24761962890625 92.41649627685546875 86.31348419189453125 84.7483062744140625 85.33123779296875 81.1723175048828125 80.07736968994140625 83.74680328369140625 94.70886993408203125 105.744384765625 112.94358062744140625 119.35303497314453125 101.420745849609375 86.10630035400390625 72.461883544921875 74.90465545654296875 78.7391204833984375 79.0496368408203125 83.655364990234375 84.45275115966796875 83.3233795166015625 87.7438507080078125 100.02356719970703125 97.66690826416015625 97.52980804443359375
78.79793548583984375 78.86454010009765625 76.5311279296875 76.7472991943359375 74.09454345703125 74.7175445556640625 72.85483551025390625 73.79232025146484375 79.5663909912109375 88.31085205078125 85.87233734130859375 85.70798492431640625 88.4551544189453125 98.637298583984375 105.4910736083984375 118.82525634765625 142.39898681640625 142.459228515625 142.4701080322265625 101.67548370361328125 82.25408172607421875 85.170318603515625 85.48012542724609375 79.1252288818359375 77.972015380859375 79.1810150146484375 81.31470489501953125 92.93939208984375 108.78388214111328125 113.5600738525390625 104.86376190185546875 96.94983673095703125 87.370819091796875 93.619049072265625 71.36963653564453125 72.5804290771484375 83.3528594970703125 84.97251129150390625 80.1418914794921875 74.98711395263671875 83.87261199951171875 97.00359344482421875 104.17426300048828125 97.78907012939453125
80.74791717529296875 78.07611846923828125 83.04839324951171875 72.96030426025390625 72.097259521484375 69.7714691162109375 70.231719970703125 73.30914306640625 89.70421600341796875 102.65624237060546875 100.00567626953125 78.98923492431640625 82.075408935546875 97.1873931884765625 99.01116180419921875 131.88812255859375 146.062774658203125 148.5659942626953125 138.1743011474609375 130.590362548828125 97.376861572265625 82.27468109130859375 80.4687957763671875 76.7769012451171875 75.25972747802734375 80.53031158447265625 77.31108856201171875 82.89232635498046875 91.23126220703125 94.9715576171875 94.0428314208984375 82.387542724609375 93.7742156982421875 83.0587615966796875 83.6775665283203125 74.12961578369140625 77.75691986083984375 81.62525177001953125 71.14568328857421875 77.25513458251953125 75.4635772705078125 85.297821044921875 98.58052825927734375 90.24866485595703125
76.73685455322265625 82.81667327880859375 90.11319732666015625 84.15399169921875 74.97595977783203125 70.01451873779296875 75.89605712890625 101.60193634033203125 117.690093994140625 126.75675201416015625 111.4787750244140625 98.47380828857421875 82.0269012451171875 83.98650360107421875 89.6265716552734375 93.46373748779296875 137.03826904296875 145.82550048828125 135.852813720703125 105.2381591796875 91.80844879150390625 85.0398101806640625 78.3277587890625 76.9892730712890625 72.8383026123046875 71.706878662109375 81.38333892822265625 80.47922515869140625 72.21422576904296875 80.06121063232421875 72.8965606689453125 90.62133026123046875 79.97136688232421875 81.15204620361328125 82.369140625 85.54449462890625 74.81285858154296875 71.72701263427734375 75.29205322265625 71.63848114013671875 76.27387237548828125 80.28295135498046875 86.1944732666015625 78.96356201171875
79.0726776123046875 91.02039337158203125 95.19037628173828125 97.574737548828125 91.3467864990234375 96.07402801513671875 110.855987548828125 124.11505126953125 142.7418670654296875 135.8834991455078125 125.63071441650390625 104.83428955078125 80.4618988037109375 73.169036865234375 82.93228912353515625 95.08959197998046875 98.1060791015625 131.535858154296875 107.562652587890625 92.0142669677734375 85.43505859375 83.58469390869140625 79.93968963623046875 69.33544158935546875 68.4582977294921875 69.49192047119140625 76.70342254638671875 75.31284332275390625 70.79061126708984375 63.777828216552734375 67.264129638671875 64.3490447998046875 90.29178619384765625 77.73459625244140625 76.4508819580078125 65.5175933837890625 65.54195404052734375 68.30124664306640625 69.99233245849609375 72.26367950439453125 72.008087158203125 74.31491851806640625 77.64354705810546875 74.74676513671875
85.60650634765625 103.05367279052734375 117.42462921142578125 120.8636474609375 124.0135650634765625 139.645355224609375 143.6331329345703125 149.0395050048828125 139.557891845703125 136.273681640625 116.710845947265625 90.099761962890625 70.49985504150390625 73.69004058837890625 86.50095367431640625 93.7152557373046875 102.53598785400390625 98.8703155517578125 104.81634521484375 86.54319000244140625 92.39654541015625 86.7989654541015625 72.21079254150390625 69.2741546630859375 65.49983978271484375 70.24369049072265625 69.9983062744140625 71.10353851318359375 68.1234130859375 67.57199859619140625 63.97104644775390625 79.90142059326171875 81.9081268310546875 86.06804656982421875 57.262897491455078125 58.86847686767578125 62.632244110107421875 65.8286895751953125 64.96819305419921875 67.63024139404296875 70.66396331787109375 78.74597930908203125 76.79581451416015625 78.382476806640625
92.5875091552734375 120.81874847412109375 147.910919189453125 161.39306640625 151.5656585693359375 147.087432861328125 159.670867919921875 152.4927215576171875 135.9770660400390625 109.0487213134765625 98.5045623779296875 75.480865478515625 72.71834564208984375 81.40984344482421875 92.61708831787109375 107.724609375 101.76355743408203125 121.45732879638671875 111.18955230712890625 111.34456634521484375 101.9870758056640625 86.20265960693359375 80.53141021728515625 71.69286346435546875 67.70092010498046875 67.60224151611328125 68.5238800048828125 64.1075439453125 67.5697174072265625 64.74847412109375 81.89269256591796875 84.28183746337890625 84.56821441650390625 76.98310089111328125 71.10532379150390625 59.76303863525390625 61.335720062255859375 63.646968841552734375 65.5932159423828125 67.6891021728515625 76.96569061279296875 86.53609466552734375 85.11293792724609375 84.55261993408203125
108.31817626953125 133.9423065185546875 159.9687347412109375 160.2402191162109375 156.7307281494140625 149.2543182373046875 140.370361328125 127.68050384521484375 103.15714263916015625 94.73888397216796875 78.8214874267578125 80.48204803466796875 86.13594818115234375 84.0703887939453125 101.453765869140625 112.323486328125 132.1906890869140625 132.3191986083984375 129.14337158203125 118.52951812744140625 109.3489227294921875 98.3126220703125 89.73967742919921875 78.5514984130859375 69.7558441162109375 68.2458038330078125 60.068706512451171875 64.59454345703125 58.67685699462890625 68.350341796875 74.8167266845703125 88.54761505126953125 84.41080474853515625 83.44559478759765625 67.96514129638671875 68.27906036376953125 65.10538482666015625 67.40316009521484375 68.82940673828125 74.871002197265625 80.62775421142578125 90.82569122314453125 95.10723114013671875 93.60193634033203125
106.57147216796875 131.5288238525390625 142.3970794677734375 137.7029876708984375 125.8772430419921875 122.79434967041015625 108.16841888427734375 91.1371002197265625 88.05962371826171875 76.90972900390625 76.059783935546875 84.09832763671875 92.729949951171875 100.08465576171875 105.12128448486328125 119.87213134765625 136.3659210205078125 135.9694366455078125 125.190155029296875 115.50173187255859375 100.43408966064453125 94.01906585693359375 81.97722625732421875 73.98030853271484375 74.457275390625 67.74214935302734375 64.28569793701171875 61.5069122314453125 62.73430633544921875 66.23612213134765625 77.53792572021484375 79.31374359130859375 88.83061981201171875 74.46234893798828125 74.41126251220703125 72.76340484619140625 77.4512176513671875 70.50681304931640625 69.9977874755859375 75.27237701416015625 81.35820770263671875 88.85742950439453125 98.2690582275390625 97.80556488037109375
89.25269317626953125 101.19051361083984375 115.6479949951171875 110.10631561279296875 93.90930938720703125 84.7306976318359375 78.6865692138671875 76.42279052734375 68.272613525390625 71.31894683837890625 79.79560089111328125 83.2893524169921875 85.0975341796875 96.27734375 115.0681610107421875 124.57872772216796875 127.8732757568359375 118.3808746337890625 115.217620849609375 93.0022430419921875 84.2841949462890625 72.777496337890625 67.01776123046875 71.82439422607421875 69.7881317138671875 72.01869964599609375 69.1769561767578125 70.54807281494140625 67.47589111328125 76.4342803955078125 74.33785247802734375 79.612335205078125 81.9603729248046875 76.07247161865234375 77.8275909423828125 81.7640380859375 77.50399017333984375 80.98738861083984375 70.9611053466796875 72.970794677734375 80.57439422607421875 86.279449462890625 93.33818817138671875 96.4824676513671875
78.73117828369140625 82.63312530517578125 83.64073944091796875 81.03589630126953125 72.9285888671875 71.5173797607421875 70.8820953369140625 69.6578521728515625 67.48328399658203125 69.09002685546875 75.14293670654296875 78.52730560302734375 83.79645538330078125 102.15573883056640625 118.69950103759765625 120.65050506591796875 113.28086090087890625 110.68599700927734375 101.09452056884765625 90.3282928466796875 72.0351715087890625 62.953777313232421875 65.626861572265625 68.6942138671875 72.85883331298828125 73.247894287109375 80.1162872314453125 74.90663909912109375 80.40679168701171875 79.63945770263671875 78.87160491943359375 78.8725128173828125 77.10941314697265625 79.1659393310546875 82.83013916015625 82.10962677001953125 82.10820770263671875 76.95636749267578125 78.7529449462890625 75.37628173828125 78.383819580078125 90.85453033447265625 97.065399169921875 97.1922760009765625
73.02547454833984375 74.19305419921875 69.6945037841796875 66.85852813720703125 67.23793792724609375 66.62799072265625 70.75113677978515625 70.650634765625 73.15254974365234375 70.43332672119140625 73.0179595947265625 79.70217132568359375 95.87157440185546875 104.04915618896484375 110.3565826416015625 107.177947998046875 102.799896240234375 104.622161865234375 95.095123291015625 92.1879119873046875 88.8241424560546875 75.49127197265625 66.3903961181640625 68.677032470703125 72.71907806396484375 81.871368408203125 80.675537109375 82.45086669921875 86.61641693115234375 97.14012908935546875 84.2991485595703125 79.28086090087890625 78.26728057861328125 104.63092041015625 84.5889739990234375 83.13037109375 79.2317047119140625 76.2137603759765625 79.4525909423828125 80.74083709716796875 83.375762939453125 100.4320831298828125 97.43195343017578125 104.2517852783203125
71.66314697265625 67.968475341796875 66.9654083251953125 66.8094635009765625 62.905025482177734375 67.57860565185546875 70.17395782470703125 73.5382537841796875 71.43154144287109375 81.44751739501953125 95.9535064697265625 109.6640777587890625 99.446197509765625 111.453277587890625 105.280609130859375 92.9212646484375 93.57274627685546875 101.841522216796875 95.23644256591796875 93.9439849853515625 102.72811126708984375 97.54819488525390625 79.61962127685546875 72.8642730712890625 77.217010498046875 82.4568634033203125 82.0492706298828125 91.03466796875 119.6816253662109375 116.6953887939453125 100.71356964111328125 83.0250396728515625 109.23845672607421875 111.3318939208984375 110.20867156982421875 82.6149749755859375 78.38352203369140625 77.7825469970703125 79.40019989013671875 82.93366241455078125 97.9814605712890625 105.70200347900390625 107.12683868408203125 111.99933624267578125
69.14620208740234375 66.365447998046875 66.8369598388671875 65.87921142578125 64.44200897216796875 66.7016754150390625 72.02787017822265625 73.0145263671875 83.9188232421875 111.7073974609375 153.5856475830078125 173.0810699462890625 135.7894287109375 116.83612060546875 119.947418212890625 92.4508819580078125 100.24532318115234375 92.15897369384765625 99.150482177734375 101.7796173095703125 105.28192901611328125 93.74762725830078125 82.30817413330078125 79.0534515380859375 78.15544891357421875 83.25428009033203125 91.22536468505859375 126.6729583740234375 141.173095703125 141.2965240478515625 124.417694091796875 126.1764984130859375 113.66507720947265625 115.62526702880859375 117.57340240478515625 108.81528472900390625 76.3233642578125 77.60504150390625 80.17090606689453125 94.17513275146484375 101.4242095947265625 108.402130126953125 112.5458984375 113.94275665283203125
