Input_PredictorVariables/LightPollutionBlue2016_ratio.asc
ncols        529
nrows        344
xllcorner    2700.000000000000
yllcorner    15900.000000000000
cellsize     100.000000000000
NODATA_value  -3.4028234663852885981e+38
[rows 238 to 254 of 344, columns 160 to 199 of 529]
2.1888251304626464844 2.2821009159088134766 1.9624046087265014648 1.7992517948150634766 1.7909302711486816406 1.7088842391967773438 1.6256463527679443359 1.7942731380462646484 2.3152606487274169922 1.6703532934188842773 1.9456124305725097656 1.924615025520324707 2.0080046653747558594 1.6043632030487060547 2.3770303726196289062 1.8893985748291015625 1.3797700405120849609 1.9967160224914550781 2.4695656299591064453 2.1453325748443603516 1.9258697032928466797 1.9539896249771118164 1.8469756841659545898 2.2724249362945556641 1.4523946046829223633 1.6967961788177490234 1.7900865077972412109 1.8174359798431396484 1.7665739059448242188 1.7945662736892700195 1.5679614543914794922 1.9874739646911621094 2.2087264060974121094 1.9899272918701171875 1.9297919273376464844 1.8009167909622192383 1.5118308067321777344 1.2524169683456420898 1.755804896354675293 4.3074593544006347656
1.5848394632339477539 1.372071385383605957 1.9475674629211425781 2.0199186801910400391 1.8456602096557617188 1.9418998956680297852 2.0602662563323974609 2.3504381179809570312 1.8742046356201171875 1.9526495933532714844 1.4094542264938354492 1.6720446348190307617 2.2484691143035888672 1.8655489683151245117 1.52980804443359375 1.8648130893707275391 2.3787887096405029297 2.323200225830078125 1.6706775426864624023 1.686112523078918457 1.5276738405227661133 2.0875658988952636719 2.1928737163543701172 1.5932593345642089844 1.6006870269775390625 2.1003377437591552734 2.0303151607513427734 2.623218536376953125 2.1677875518798828125 1.6123375892639160156 1.8339170217514038086 1.9339327812194824219 1.7934405803680419922 1.7349759340286254883 2.0477960109710693359 2.0852143764495849609 1.2000373601913452148 1.6616108417510986328 1.1860089302062988281 1.0374103784561157227
2.1121807098388671875 2.1184942722320556641 2.0896852016448974609 1.5085250139236450195 1.8391493558883666992 2.3059313297271728516 1.8800230026245117188 1.6968562602996826172 2.0553538799285888672 1.8766654729843139648 1.7067928314208984375 2.0932042598724365234 1.9610449075698852539 1.7831234931945800781 1.8581776618957519531 2.0403156280517578125 1.7440536022186279297 1.9811472892761230469 2.239398956298828125 1.5284948348999023438 2.2178862094879150391 1.6661870479583740234 1.6630849838256835938 2.6230742931365966797 1.8215087652206420898 1.9012091159820556641 1.5988684892654418945 2.1504316329956054688 1.5063579082489013672 1.8585921525955200195 2.0291483402252197266 1.6807450056076049805 2.1978919506072998047 2.0476334095001220703 1.7941814661026000977 2.0121142864227294922 2.2968196868896484375 1.7635998725891113281 1.2311006784439086914 1.4414175748825073242
1.4978319406509399414 1.9611572027206420898 2.1988177299499511719 2.3031115531921386719 1.7683229446411132812 1.9386376142501831055 1.9198522567749023438 1.5107340812683105469 1.5381503105163574219 2.0128731727600097656 2.071559906005859375 1.9974293708801269531 2.1012713909149169922 1.7759128808975219727 2.0488135814666748047 2.2951934337615966797 1.7805114984512329102 1.5169489383697509766 2.4526720046997070312 1.5957109928131103516 1.9178766012191772461 1.88478851318359375 1.9133596420288085938 2.2294580936431884766 1.55802154541015625 1.4549500942230224609 2.0722370147705078125 1.6892192363739013672 1.6081233024597167969 1.6376523971557617188 1.8306744098663330078 1.864382624626159668 2.1036977767944335938 1.9527108669281005859 1.8845119476318359375 2.6137096881866455078 1.6828671693801879883 1.961773991584777832 2.0860400199890136719 2.4873499870300292969
1.9249557256698608398 2.1340143680572509766 1.8344360589981079102 2.0450575351715087891 1.9006189107894897461 1.9376776218414306641 2.093616485595703125 1.8674252033233642578 2.3105373382568359375 2.0960028171539306641 1.8968801498413085938 1.8256014585494995117 1.7290405035018920898 1.7088909149169921875 1.6495131254196166992 1.9268677234649658203 2.0861539840698242188 2.2080690860748291016 1.8853935003280639648 1.5171175003051757812 1.9330729246139526367 2.0978479385375976562 2.1406636238098144531 1.4529099464416503906 2.0384912490844726562 2.1374273300170898438 2.2985351085662841797 1.7759227752685546875 1.9917662143707275391 2.4769711494445800781 2.8577504158020019531 1.7849003076553344727 2.1112430095672607422 1.8855905532836914062 1.0794262886047363281 1.465351104736328125 1.8622051477432250977 2.03859710693359375 2.0130095481872558594 1.4672620296478271484
2.0862245559692382812 1.7606198787689208984 1.7752474546432495117 2.0560352802276611328 1.6981376409530639648 1.947382807731628418 1.9384225606918334961 2.0062685012817382812 1.8930550813674926758 1.548936009407043457 2.4586732387542724609 2.0948443412780761719 1.9963144063949584961 2.4397079944610595703 2.2161562442779541016 2.1673998832702636719 1.6323595046997070312 1.7127169370651245117 1.3904503583908081055 2.1623926162719726562 2.1630768775939941406 1.9033062458038330078 2.1561658382415771484 1.7919554710388183594 1.5137027502059936523 2.17482757568359375 1.9751369953155517578 1.7013087272644042969 1.9079022407531738281 2.0174977779388427734 1.8407294750213623047 1.5913451910018920898 1.6951516866683959961 1.6466526985168457031 1.798137664794921875 2.074489593505859375 2.0938267707824707031 1.4445214271545410156 2.50620269775390625 1.7889802455902099609
2.0113015174865722656 1.9697839021682739258 1.889737248420715332 1.9333529472351074219 1.7708190679550170898 2.1179962158203125 1.992014765739440918 1.8385255336761474609 1.8702852725982666016 1.3588685989379882812 2.1741611957550048828 1.5903426408767700195 1.7068204879760742188 2.1164777278900146484 1.7111548185348510742 2.2700066566467285156 2.0501513481140136719 2.0289671421051025391 2.0394606590270996094 1.9548611640930175781 1.4948277473449707031 1.5725728273391723633 2.1565792560577392578 2.2537000179290771484 2.0002620220184326172 2.2167923450469970703 2.0034146308898925781 1.5964212417602539062 2.4519548416137695312 2.3599607944488525391 1.3976438045501708984 2.2702028751373291016 1.6833778619766235352 1.9741131067276000977 2.3880393505096435547 2.0848224163055419922 2.2555034160614013672 1.8303340673446655273 2.1777973175048828125 1.3691680431365966797
2.0545175075531005859 2.0484220981597900391 2.2398202419281005859 1.996795654296875 1.538883209228515625 2.0642139911651611328 1.6551682949066162109 2.0584878921508789062 2.1074380874633789062 2.1851732730865478516 2.2313790321350097656 2.1400952339172363281 1.5514522790908813477 1.8598145246505737305 1.6446833610534667969 1.7952576875686645508 1.6723678112030029297 2.6574239730834960938 1.8418269157409667969 1.4601055383682250977 1.9570218324661254883 1.9756464958190917969 1.6058357954025268555 2.0374720096588134766 1.4830408096313476562 1.758149266242980957 2.0773382186889648438 1.5284262895584106445 1.6739547252655029297 1.7371137142181396484 1.4299620389938354492 2.0297935009002685547 2.0886325836181640625 2.06374359130859375 1.7474412918090820312 1.1068068742752075195 1.7731511592864990234 1.6766932010650634766 2.1040668487548828125 1.7664951086044311523
1.5686922073364257812 1.7812409400939941406 1.61461639404296875 1.875031590461730957 1.7894303798675537109 2.0371177196502685547 1.6865973472595214844 2.0322930812835693359 1.6325097084045410156 1.4596512317657470703 1.9157449007034301758 1.7780907154083251953 2.4922623634338378906 1.9798644781112670898 2.0202345848083496094 1.3397444486618041992 1.4254047870635986328 1.8100646734237670898 1.7697741985321044922 1.9398115873336791992 2.7882463932037353516 1.5448323488235473633 2.2657041549682617188 2.1055350303649902344 1.9439709186553955078 1.9296300411224365234 2.3282809257507324219 2.0652763843536376953 2.0395474433898925781 1.7056870460510253906 2.3582618236541748047 1.5798729658126831055 2.3190832138061523438 1.8813506364822387695 2.1248185634613037109 1.8749220371246337891 1.7402704954147338867 1.988562464714050293 1.6964178085327148438 1.5369452238082885742
1.7185851335525512695 1.8062922954559326172 2.0700314044952392578 1.7783761024475097656 2.1505436897277832031 2.1464364528656005859 1.210230708122253418 1.6927378177642822266 1.6786010265350341797 1.7152523994445800781 1.8502277135848999023 1.8650418519973754883 2.0049846172332763672 1.9868559837341308594 1.894512176513671875 1.9592621326446533203 2.5026867389678955078 2.4423160552978515625 1.5793826580047607422 2.0392546653747558594 2.2020287513732910156 1.6501300334930419922 1.8720933198928833008 1.9218822717666625977 2.1265037059783935547 1.9983962774276733398 2.1154839992523193359 1.6956365108489990234 2.0931985378265380859 2.0974590778350830078 1.7397024631500244141 1.5829784870147705078 2.0136020183563232422 2.0614154338836669922 2.22435760498046875 1.6817513704299926758 2.3798928260803222656 2.5441503524780273438 2.0584998130798339844 2.0277044773101806641
2.2369623184204101562 2.0577411651611328125 2.220367431640625 2.0926868915557861328 2.0989387035369873047 2.2635939121246337891 2.2591948509216308594 1.5562593936920166016 1.6910248994827270508 4.6449728012084960938 2.4222896099090576172 1.5631759166717529297 2.0700414180755615234 1.6625530719757080078 1.8573465347290039062 1.7119499444961547852 1.5418720245361328125 1.869631648063659668 1.7540327310562133789 2.1468567848205566406 1.857180476188659668 1.6937487125396728516 1.6941596269607543945 1.5700526237487792969 2.3165111541748046875 2.0755212306976318359 1.7417085170745849609 1.3752306699752807617 1.604254603385925293 2.2494874000549316406 2.2994863986968994141 1.9831496477127075195 1.9732692241668701172 1.6864712238311767578 1.9910168647766113281 2.2551105022430419922 1.8797911405563354492 1.3864884376525878906 1.6968861818313598633 2.611541748046875
1.9254930019378662109 1.7061383724212646484 1.9652293920516967773 1.8442236185073852539 1.6773771047592163086 1.5536950826644897461 2.2481577396392822266 1.4521732330322265625 2.2172248363494873047 1.7316542863845825195 1.5222398042678833008 1.2604694366455078125 2.0990478992462158203 1.9540665149688720703 2.0956737995147705078 1.5274796485900878906 2.5825946331024169922 1.7235188484191894531 1.6716675758361816406 2.0761907100677490234 1.4575747251510620117 2.0940182209014892578 2.1389038562774658203 1.9367318153381347656 2.0892574787139892578 1.8492664098739624023 1.8718765974044799805 2.0967030525207519531 1.7643970251083374023 2.0943779945373535156 2.0562207698822021484 2.2398426532745361328 1.8458104133605957031 1.9293782711029052734 1.9684675931930541992 2.0126209259033203125 1.8836251497268676758 2.1458868980407714844 2.0492300987243652344 1.7540136575698852539
2.0347204208374023438 1.7907092571258544922 2.1125462055206298828 2.0637717247009277344 2.5326428413391113281 2.0366618633270263672 1.9734926223754882812 1.8430733680725097656 2.1206068992614746094 1.4634919166564941406 2.1207995414733886719 1.9719940423965454102 1.4331955909729003906 1.9386298656463623047 1.8835101127624511719 2.1561543941497802734 1.9386758804321289062 1.7924414873123168945 2.2120606899261474609 1.6377429962158203125 1.6220159530639648438 1.7772498130798339844 1.9349706172943115234 1.9008198976516723633 2.0495371818542480469 2.1400694847106933594 1.9012073278427124023 1.9840874671936035156 2.3490281105041503906 1.5063825845718383789 1.5368497371673583984 1.9548370838165283203 1.8535585403442382812 1.8743623495101928711 1.5124641656875610352 1.5043205022811889648 1.8396649360656738281 1.6963270902633666992 1.5994774103164672852 1.6104547977447509766
1.9956784248352050781 1.781543731689453125 1.3141568899154663086 1.9937223196029663086 1.1948417425155639648 1.7703692913055419922 1.4678835868835449219 1.6361544132232666016 2.2589480876922607422 1.4371924400329589844 1.8060827255249023438 2.0778217315673828125 1.9931480884552001953 2.5317239761352539062 1.5116097927093505859 1.7535914182662963867 2.0502130985260009766 1.9397042989730834961 1.6705893278121948242 2.1065316200256347656 2.1614084243774414062 2.4583258628845214844 1.7522815465927124023 1.6856766939163208008 1.7232885360717773438 1.9981294870376586914 1.9219164848327636719 1.321712493896484375 1.7603515386581420898 2.1515321731567382812 1.9140813350677490234 1.8078881502151489258 1.9411768913269042969 2.2958867549896240234 1.7209478616714477539 1.8895297050476074219 2.0171458721160888672 2.1076781749725341797 1.74042510986328125 1.6480594873428344727
1.7815624475479125977 1.610870361328125 1.4951533079147338867 2.0808498859405517578 1.91114044189453125 2.5407888889312744141 1.7136291265487670898 1.7781450748443603516 2.0311293601989746094 2.0493502616882324219 2.2904679775238037109 1.5093119144439697266 1.8251662254333496094 1.8664215803146362305 2.1464071273803710938 1.8053635358810424805 2.0025141239166259766 1.7507357597351074219 1.633992314338684082 2.0819182395935058594 2.2996428012847900391 1.7366201877593994141 1.6538804769515991211 1.786005854606628418 2.1906113624572753906 2.3646087646484375 1.9604760408401489258 1.3237769603729248047 1.872485041618347168 2.5107610225677490234 1.9417554140090942383 1.9932534694671630859 1.7997853755950927734 2.0883049964904785156 1.7458952665328979492 2.3215005397796630859 2.0460793972015380859 2.1496446132659912109 1.6951955556869506836 1.5827878713607788086
1.4636719226837158203 1.9682101011276245117 2.3265280723571777344 2.1346337795257568359 1.803197026252746582 2.0551433563232421875 1.5600203275680541992 2.2288584709167480469 2.2276153564453125 1.8792246580123901367 1.4992939233779907227 1.6449989080429077148 2.2818348407745361328 1.5063241720199584961 1.3189393281936645508 1.5993303060531616211 2.0569593906402587891 1.843745112419128418 1.8382128477096557617 2.1891520023345947266 1.9172415733337402344 1.4462417364120483398 1.6539186239242553711 1.9816046953201293945 1.9957036972045898438 1.8484098911285400391 1.9469193220138549805 2.1591043472290039062 2.0598354339599609375 1.8827909231185913086 1.8141608238220214844 1.9850027561187744141 1.9884189367294311523 1.478389739990234375 1.842609405517578125 1.9267480373382568359 1.531026005744934082 2.1622636318206787109 2.3614563941955566406 2.18865966796875
2.2232339382171630859 1.7389887571334838867 1.5140715837478637695 2.3724153041839599609 1.8990632295608520508 2.0992822647094726562 2.0717024803161621094 1.769957423210144043 1.9016739130020141602 2.0111429691314697266 1.3450068235397338867 1.1696392297744750977 1.7059198617935180664 1.5601233243942260742 1.8064836263656616211 2.0241487026214599609 1.5740052461624145508 1.503144383430480957 1.253050684928894043 1.4198932647705078125 1.8152757883071899414 1.8726587295532226562 2.1917650699615478516 1.9813599586486816406 1.3149671554565429688 1.7267041206359863281 2.013702392578125 1.8645231723785400391 1.6753938198089599609 1.81975555419921875 2.0395119190216064453 1.8791391849517822266 1.6413967609405517578 2.1963088512420654297 1.8777737617492675781 2.0012514591217041016 1.7180833816528320312 1.5019828081130981445 1.9107245206832885742 2.6599178314208984375
