Input_PredictorVariables/LightPollutionBlue2016_ratio.asc
ncols        529
nrows        344
xllcorner    2700.000000000000
yllcorner    15900.000000000000
cellsize     100.000000000000
NODATA_value  -3.4028234663852885981e+38
[rows 102 to 118 of 344, columns 360 to 399 of 529]
1.2456225156784057617 0.86751025915145874023 2.0917825698852539062 1.3642923831939697266 2.5990035533905029297 2.4588644504547119141 2.4188783168792724609 2.2531168460845947266 2.0583612918853759766 2.2441122531890869141 1.4710866212844848633 2.1012041568756103516 1.9389573335647583008 2.5556547641754150391 3.0926680564880371094 1.5739183425903320312 1.5157190561294555664 1.2462875843048095703 1.3037457466125488281 1.8760002851486206055 1.780753016471862793 2.0970702171325683594 1.7859816551208496094 1.3018183708190917969 1.0396642684936523438 1.4021153450012207031 1.3457512855529785156 1.6572225093841552734 1.1295851469039916992 1.6161339282989501953 0.9645773768424987793 0.84964168071746826172 1.5041456222534179688 1.1940871477127075195 2.0268194675445556641 3.0013179779052734375 2.0476758480072021484 0.99739837646484375 1.1123521327972412109 1.3691009283065795898
2.8984198570251464844 1.2166118621826171875 1.3716427087783813477 2.0036218166351318359 1.8580144643783569336 2.3747570514678955078 1.9149433374404907227 1.3823693990707397461 1.3001270294189453125 3.6047725677490234375 1.0436812639236450195 1.3024644851684570312 2.6894695758819580078 2.3018527030944824219 2.3069510459899902344 2.1096262931823730469 2.6119542121887207031 2.0259823799133300781 0.98108136653900146484 1.3283107280731201172 1.5188354253768920898 2.6536917686462402344 1.4890381097793579102 1.6121233701705932617 1.56256866455078125 1.5474135875701904297 1.7521259784698486328 0.86465996503829956055 1.9195890426635742188 3.4794836044311523438 1.4852116107940673828 1.3424888849258422852 1.1589282751083374023 1.9562641382217407227 1.9007477760314941406 1.4095518589019775391 1.6433322429656982422 1.2078690528869628906 1.5660969018936157227 0.94681370258331298828
1.3520462512969970703 1.114930272102355957 1.1653006076812744141 1.6560381650924682617 1.7731269598007202148 1.7661827802658081055 1.9555846452713012695 2.0394723415374755859 0.35106629133224487305 1.2601417303085327148 1.8350107669830322266 3.6636128425598144531 1.3662952184677124023 1.6178965568542480469 1.4178948402404785156 1.1268705129623413086 0.8850421905517578125 3.3046865463256835938 3.14347076416015625 1.4296883344650268555 1.1023215055465698242 1.2405555248260498047 1.2791618108749389648 1.3277111053466796875 1.474595189094543457 1.518044590950012207 1.8737227916717529297 1.8652721643447875977 2.1611902713775634766 3.6715118885040283203 0.74006342887878417969 0.8495318293571472168 1.2644245624542236328 2.6266345977783203125 3.1087493896484375 3.1735837459564208984 1.1836653947830200195 1.5117059946060180664 1.8133772611618041992 1.4311769008636474609
3.7357680797576904297 1.0404170751571655273 1.2253679037094116211 1.5391451120376586914 2.104339599609375 1.5843414068222045898 1.0404949188232421875 3.2280397415161132812 3.8353672027587890625 1.0524398088455200195 0.67020767927169799805 2.1323719024658203125 2.1971528530120849609 1.6032384634017944336 2.0988614559173583984 1.136967778205871582 2.0567328929901123047 2.1878187656402587891 1.9505597352981567383 2.1232180595397949219 1.8253321647644042969 2.4267418384552001953 6.8015599250793457031 1.0329220294952392578 1.4813981056213378906 1.3522434234619140625 2.5237596035003662109 4.94153594970703125 1.1201915740966796875 3.8952715396881103516 1.7103573083877563477 1.9316414594650268555 1.4243608713150024414 2.157840728759765625 2.4413573741912841797 1.1435790061950683594 0.88966524600982666016 1.472779393196105957 1.3681069612503051758 1.3485202789306640625
2.9250898361206054688 2.3786971569061279297 2.6834461688995361328 2.3304731845855712891 1.320012211799621582 1.5474220514297485352 1.6774667501449584961 2.2310762405395507812 2.9382872581481933594 2.0072979927062988281 0.87008655071258544922 0.87973970174789428711 6.1180286407470703125 2.2482714653015136719 0.85961055755615234375 1.5984754562377929688 1.7993898391723632812 1.4022898674011230469 1.8104637861251831055 1.6620711088180541992 2.0911834239959716797 1.0930414199829101562 2.56902313232421875 1.4479521512985229492 2.1783905029296875 1.9477765560150146484 1.9881638288497924805 1.1897367238998413086 0.8464374542236328125 0.97807604074478149414 2.0853641033172607422 4.1031527519226074219 1.6154019832611083984 1.726046442985534668 2.1267757415771484375 1.9072340726852416992 2.3152544498443603516 2.2284069061279296875 1.4371989965438842773 1.5082597732543945312
2.4068276882171630859 1.0559034347534179688 2.0164518356323242188 1.2584202289581298828 1.3273768424987792969 1.9261249303817749023 1.9061110019683837891 1.8866752386093139648 0.95355063676834106445 1.2023757696151733398 2.57350921630859375 1.4738798141479492188 1.4677731990814208984 2.1466464996337890625 2.1706476211547851562 3.300189971923828125 1.7102072238922119141 2.1052510738372802734 1.8832587003707885742 2.0378534793853759766 2.6363589763641357422 1.3542617559432983398 1.1889646053314208984 1.0867644548416137695 2.0710456371307373047 1.2431694269180297852 1.5768666267395019531 1.7407147884368896484 2.2544012069702148438 1.6943687200546264648 2.2171483039855957031 1.646800994873046875 1.499936223030090332 2.2534852027893066406 2.1863381862640380859 1.9814083576202392578 1.9088677167892456055 1.6662260293960571289 1.7751436233520507812 1.8352448940277099609
3.0397386550903320312 0.99547827243804931641 3.5355019569396972656 4.6287808418273925781 1.4121395349502563477 1.39557647705078125 2.6836378574371337891 2.0918028354644775391 2.2013790607452392578 2.0281736850738525391 2.6920330524444580078 2.7762560844421386719 0.9550393223762512207 1.402088165283203125 1.5561188459396362305 1.7208231687545776367 2.2537491321563720703 2.9162745475769042969 1.4564927816390991211 0.99451833963394165039 2.3181777000427246094 1.2989159822463989258 2.5411891937255859375 1.423987269401550293 2.4544239044189453125 1.6382943391799926758 1.7724062204360961914 2.07733917236328125 1.3754868507385253906 2.1453039646148681641 1.0553824901580810547 1.1890590190887451172 2.002899169921875 1.0524266958236694336 1.4569224119186401367 2.1229741573333740234 2.6932890415191650391 1.5045582056045532227 1.7435805797576904297 4.0884675979614257812
1.025188446044921875 1.4549252986907958984 1.9004676342010498047 3.8336338996887207031 1.3707078695297241211 1.9857177734375 3.3324913978576660156 1.6766519546508789062 0.92197597026824951172 1.9025144577026367188 3.1013171672821044922 1.0277258157730102539 1.5127928256988525391 1.3555001020431518555 1.2733534574508666992 1.59053802490234375 1.9355257749557495117 1.0897529125213623047 1.602700352668762207 2.4258165359497070312 1.8705506324768066406 1.5780124664306640625 3.5208940505981445312 2.3411083221435546875 1.6756724119186401367 2.6785690784454345703 1.3104964494705200195 2.0579166412353515625 3.1357357501983642578 2.9503457546234130859 2.2015769481658935547 1.946516871452331543 1.6261518001556396484 1.2138510942459106445 1.8679624795913696289 1.7561477422714233398 2.9222364425659179688 1.8045783042907714844 1.2414220571517944336 0.93059206008911132812
2.1942937374114990234 1.3450205326080322266 0.7815424799919128418 1.3723053932189941406 0.85179877281188964844 1.1217882633209228516 1.2116740942001342773 1.3059468269348144531 1.2889934778213500977 1.5559266805648803711 1.474609375 1.5198665857315063477 2.5496633052825927734 3.2527630329132080078 1.2532058954238891602 1.475429534912109375 1.9346069097518920898 2.4112563133239746094 0.63742107152938842773 1.3992143869400024414 3.2153229713439941406 1.6118717193603515625 1.706836700439453125 1.2787070274353027344 1.1974130868911743164 0.94151526689529418945 0.98481333255767822266 1.6565381288528442383 1.5997523069381713867 1.0410141944885253906 1.9281167984008789062 2.2778265476226806641 1.3935884237289428711 2.0547158718109130859 4.5668721199035644531 2.0779979228973388672 1.7725899219512939453 1.7766596078872680664 3.4924845695495605469 1.1478229761123657227
1.7724261283874511719 1.5851644277572631836 1.6417673826217651367 1.5562680959701538086 1.3841664791107177734 0.69610315561294555664 1.0134088993072509766 1.0602850914001464844 1.4633378982543945312 1.4954067468643188477 1.0276163816452026367 4.9766759872436523438 1.2566971778869628906 3.9801847934722900391 2.6068682670593261719 1.4047172069549560547 1.432871699333190918 3.0642912387847900391 1.5170147418975830078 1.9657845497131347656 3.0919885635375976562 1.5333226919174194336 1.4596232175827026367 1.3668633699417114258 1.8625909090042114258 1.9106953144073486328 0.9279696345329284668 1.3410428762435913086 2.0886030197143554688 1.4321260452270507812 2.6634771823883056641 3.1445736885070800781 0.81306666135787963867 0.7604300379753112793 1.9085154533386230469 1.4065469503402709961 1.8047057390213012695 2.8147213459014892578 2.1200680732727050781 0.87634158134460449219
1.2238528728485107422 3.1162176132202148438 1.7071850299835205078 1.0794602632522583008 2.2692863941192626953 1.7949838638305664062 2.7900669574737548828 2.1031982898712158203 3.8423264026641845703 0.95197820663452148438 1.0079680681228637695 1.2242007255554199219 1.0919197797775268555 1.1165641546249389648 2.9713962078094482422 2.3424994945526123047 1.9000952243804931641 1.5737900733947753906 0.72760069370269775391 2.0880353450775146484 2.6154308319091796875 1.8989733457565307617 3.8175680637359619141 1.3446210622787475586 2.6558883190155029297 1.5665240287780761719 1.4746633768081665039 2.3083932399749755859 2.7302701473236083984 1.6791055202484130859 2.4444320201873779297 1.9833471775054931641 2.1110560894012451172 1.2123910188674926758 1.9080756902694702148 1.6152806282043457031 1.6066290140151977539 0.98435175418853759766 1.901903986930847168 1.0582907199859619141
2.2244474887847900391 2.4801084995269775391 1.0180051326751708984 0.92867970466613769531 2.1035635471343994141 3.6019141674041748047 2.8055982589721679688 2.7183394432067871094 3.9424679279327392578 1.5518183708190917969 0.92965084314346313477 1.4309934377670288086 1.7263362407684326172 1.2378367185592651367 1.2597510814666748047 1.6998031139373779297 4.6198849678039550781 1.8605768680572509766 0.70644485950469970703 2.8447506427764892578 3.2105412483215332031 1.2567938566207885742 2.3343133926391601562 0.85559862852096557617 2.2276282310485839844 2.0928444862365722656 2.2481546401977539062 1.3407362699508666992 1.7913691997528076172 1.8054500818252563477 2.2430086135864257812 1.6752027273178100586 2.2794785499572753906 2.0029542446136474609 2.2661366462707519531 2.6911468505859375 2.1257648468017578125 1.0725425481796264648 1.3395594358444213867 1.2488175630569458008
3.3439965248107910156 1.4587606191635131836 1.1061500310897827148 0.88949072360992431641 1.038249969482421875 2.4271295070648193359 1.871337890625 1.27178955078125 2.1964755058288574219 1.7581719160079956055 1.2812465429306030273 1.9816514253616333008 1.9233661890029907227 1.7891794443130493164 1.2556666135787963867 1.1380270719528198242 1.7714270353317260742 1.6710430383682250977 1.188067317008972168 3.8515369892120361328 1.518912196159362793 0.91381239891052246094 1.4089761972427368164 2.0747072696685791016 2.3710539340972900391 3.0911109447479248047 2.1125590801239013672 1.3973616361618041992 1.7716298103332519531 1.6538527011871337891 2.5454044342041015625 1.9500896930694580078 1.4441728591918945312 2.0975506305694580078 2.1739823818206787109 1.46843719482421875 1.6562938690185546875 2.7710087299346923828 2.7060363292694091797 1.4709928035736083984
1.9979330301284790039 1.8372626304626464844 1.4850335121154785156 1.1568408012390136719 0.74445122480392456055 2.8248579502105712891 3.4282488822937011719 0.94161015748977661133 0.82384282350540161133 1.4143855571746826172 1.7454451322555541992 1.8549536466598510742 2.0632224082946777344 1.7928701639175415039 1.9531025886535644531 1.955745697021484375 1.6473560333251953125 1.9002918004989624023 1.4957224130630493164 1.8631953001022338867 1.5113092660903930664 2.2765507698059082031 1.6075156927108764648 2.5252935886383056641 2.6743009090423583984 1.6070344448089599609 1.6937389373779296875 2.1042025089263916016 2.7042610645294189453 2.0716674327850341797 0.85133415460586547852 1.5103342533111572266 2.5291249752044677734 2.2731595039367675781 2.0491907596588134766 1.7062413692474365234 2.3474383354187011719 1.8728429079055786133 3.7224509716033935547 1.6106469631195068359
1.7854645252227783203 2.5584418773651123047 1.6427701711654663086 1.5318760871887207031 3.2157571315765380859 1.6763237714767456055 0.88608628511428833008 1.4018992185592651367 1.3126277923583984375 1.7759352922439575195 1.756466984748840332 1.9968197345733642578 1.3350913524627685547 1.7161883115768432617 1.8290451765060424805 1.9342908859252929688 2.0603587627410888672 2.0471248626708984375 2.1699216365814208984 1.3600213527679443359 1.3387261629104614258 1.719716191291809082 2.1394848823547363281 1.7451148033142089844 1.5934088230133056641 1.8649176359176635742 1.47625732421875 1.6615464687347412109 2.5515899658203125 1.7868037223815917969 1.9565107822418212891 1.6139659881591796875 1.8716728687286376953 2.3620395660400390625 2.0784564018249511719 1.3010262250900268555 1.9382126331329345703 1.4166002273559570312 2.0462477207183837891 0.96165925264358520508
1.082529902458190918 2.1838121414184570312 4.4225163459777832031 1.6924717426300048828 4.4583563804626464844 2.4487464427947998047 1.127427220344543457 1.8067830801010131836 2.0950150489807128906 1.9020261764526367188 1.8203679323196411133 1.8833231925964355469 2.0202214717864990234 1.8262066841125488281 1.3953337669372558594 1.744250178337097168 1.7104872465133666992 1.2671505212783813477 1.8408013582229614258 1.8849503993988037109 1.9707403182983398438 1.5228940248489379883 1.5210375785827636719 1.5550147294998168945 0.93872356414794921875 0.95214456319808959961 2.0182676315307617188 1.8709099292755126953 1.6895431280136108398 1.6033825874328613281 2.5702941417694091797 1.8094490766525268555 2.1950268745422363281 1.8058350086212158203 1.5640337467193603516 1.428074955940246582 1.8362231254577636719 2.4629294872283935547 2.4028947353363037109 3.0897412300109863281
1.4622513055801391602 1.48104095458984375 1.2686156034469604492 1.0828156471252441406 0.83979928493499755859 1.3395245075225830078 1.8281967639923095703 1.8550329208374023438 1.6616268157958984375 2.0140793323516845703 1.9022336006164550781 1.9303126335144042969 1.0112018585205078125 3.1028108596801757812 2.6913089752197265625 1.4612084627151489258 1.511229395866394043 2.5009827613830566406 2.1020967960357666016 1.8112205266952514648 1.804718017578125 2.1120841503143310547 1.8568407297134399414 1.2446136474609375 1.1119681596755981445 1.9686944484710693359 3.6579396724700927734 1.9316022396087646484 0.53420060873031616211 1.2375891208648681641 2.0241565704345703125 1.5093233585357666016 1.8278197050094604492 2.2181384563446044922 2.7220063209533691406 2.4080169200897216797 1.2351641654968261719 2.0663402080535888672 2.0923757553100585938 2.0059247016906738281
