Input_PredictorVariables/LightPollutionBlue2016_ratio.asc
ncols        529
nrows        344
xllcorner    2700.000000000000
yllcorner    15900.000000000000
cellsize     100.000000000000
NODATA_value  -3.4028234663852885981e+38
[rows 119 to 135 of 344, columns 480 to 519 of 529]
1.7953519821166992188 1.8806928396224975586 1.818526148796081543 2.0569636821746826172 1.5012574195861816406 1.5021526813507080078 2.1636173725128173828 1.8582350015640258789 1.9633917808532714844 1.9462397098541259766 1.5386590957641601562 2.3911740779876708984 1.6805919408798217773 2.2008197307586669922 2.9651417732238769531 1.9237571954727172852 2.0387473106384277344 2.120967864990234375 2.088245391845703125 2.0015459060668945312 1.7264181375503540039 1.7693676948547363281 2.4906835556030273438 2.1025643348693847656 1.9492679834365844727 2.2771961688995361328 1.9284007549285888672 1.9801255464553833008 1.6231069564819335938 1.973694920539855957 2.0039093494415283203 2.2267675399780273438 2.0743801593780517578 1.6680378913879394531 2.0133447647094726562 2.0268962383270263672 1.6250172853469848633 2.0579891204833984375 1.5600973367691040039 1.6706556081771850586
2.2550997734069824219 2.2810387611389160156 1.9970526695251464844 1.9927420616149902344 1.7045538425445556641 1.9252648353576660156 2.0467672348022460938 2.1058351993560791016 2.2197136878967285156 1.8649688959121704102 1.8388742208480834961 2.3285758495330810547 1.4797010421752929688 1.8187084197998046875 1.3476558923721313477 1.8070724010467529297 1.9228469133377075195 1.9225931167602539062 1.9806995391845703125 1.7511293888092041016 1.9333571195602416992 1.6271606683731079102 2.2786259651184082031 1.7390935420989990234 1.4609302282333374023 2.3026375770568847656 1.7734235525131225586 1.8498879671096801758 1.7091379165649414062 1.957859039306640625 1.5578703880310058594 2.0433874130249023438 1.6519330739974975586 2.0782942771911621094 2.4519565105438232422 1.9510954618453979492 1.8134827613830566406 2.1968774795532226562 2.26818084716796875 1.6469202041625976562
1.9173529148101806641 1.5712031126022338867 1.9986892938613891602 2.0574407577514648438 1.6857646703720092773 2.0225913524627685547 1.9436330795288085938 1.9599404335021972656 1.4292459487915039062 1.9021944999694824219 2.3939747810363769531 1.7499448060989379883 2.6179087162017822266 2.8151259422302246094 1.452486872673034668 1.9995063543319702148 2.1614916324615478516 1.7241137027740478516 1.8025704622268676758 2.0488648414611816406 2.3489577770233154297 1.8093837499618530273 1.470578312873840332 2.1921191215515136719 1.9590398073196411133 2.5744154453277587891 1.7993606328964233398 1.9195557832717895508 1.7795081138610839844 1.9392819404602050781 1.5723220109939575195 1.6993045806884765625 1.5039719343185424805 2.0282664299011230469 1.5708992481231689453 1.875274658203125 2.1193883419036865234 2.1288428306579589844 1.5986378192901611328 2.0503571033477783203
1.6120502948760986328 2.0764772891998291016 1.8193693161010742188 1.8812392950057983398 1.8505693674087524414 1.8956433534622192383 1.4567290544509887695 1.5549004077911376953 1.7536994218826293945 1.5922181606292724609 1.7200695276260375977 1.6588324308395385742 1.9221044778823852539 1.8766243457794189453 1.9923547506332397461 1.6830477714538574219 1.9422293901443481445 1.8402570486068725586 1.7947230339050292969 1.8523420095443725586 1.4278507232666015625 2.1006636619567871094 2.5163037776947021484 1.4703521728515625 1.5716956853866577148 1.890744328498840332 2.0573484897613525391 2.4050800800323486328 1.6028373241424560547 2.0331251621246337891 1.8463313579559326172 2.1837880611419677734 1.9548314809799194336 2.2194526195526123047 1.6119887828826904297 1.818073272705078125 1.8627501726150512695 1.8189841508865356445 2.0996444225311279297 1.6476023197174072266
1.0422343015670776367 1.3946056365966796875 1.6939121484756469727 2.2800233364105224609 1.6837701797485351562 1.8011606931686401367 2.5536777973175048828 1.8873555660247802734 2.3958947658538818359 2.26834869384765625 1.5907918214797973633 1.8859064579010009766 1.808070063591003418 1.3433235883712768555 2.1275360584259033203 1.8777034282684326172 1.9002149105072021484 1.5880626440048217773 1.7479813098907470703 2.1963627338409423828 1.9504779577255249023 2.2127590179443359375 2.2493753433227539062 1.1389020681381225586 1.8660161495208740234 1.8725336790084838867 2.1208908557891845703 1.6678256988525390625 1.8191077709197998047 2.3076558113098144531 1.842539668083190918 1.7422053813934326172 2.6744916439056396484 1.6481672525405883789 1.7341771125793457031 2.1371889114379882812 1.8139654397964477539 1.6472010612487792969 2.2371423244476318359 1.9811103343963623047
1.4370005130767822266 1.0004389286041259766 1.0338445901870727539 1.6701942682266235352 1.8293081521987915039 1.9593648910522460938 2.0111868381500244141 1.9761146306991577148 2.1104295253753662109 1.9639832973480224609 1.9270099401473999023 1.9102060794830322266 1.9519853591918945312 2.0540893077850341797 1.9199683666229248047 1.5739878416061401367 2.0963222980499267578 1.8425762653350830078 2.0933585166931152344 2.1964468955993652344 1.6261112689971923828 1.5682492256164550781 2.1176619529724121094 2.0511879920959472656 2.1184737682342529297 1.4859278202056884766 1.8473590612411499023 2.1820087432861328125 1.9057761430740356445 1.9030946493148803711 1.9939682483673095703 1.9084186553955078125 1.8219199180603027344 1.9199634790420532227 2.1318404674530029297 1.5690417289733886719 1.9271750450134277344 1.6105844974517822266 1.6294676065444946289 2.1011331081390380859
2.6666162014007568359 2.0410706996917724609 1.1673773527145385742 0.75077581405639648438 1.592010498046875 1.4868036508560180664 1.7639830112457275391 2.2149267196655273438 2.0335574150085449219 1.6855957508087158203 2.0698409080505371094 1.9391002655029296875 2.0048515796661376953 1.9113150835037231445 1.8437343835830688477 2.0155394077301025391 1.7957664728164672852 1.8263645172119140625 1.9995871782302856445 1.8487827777862548828 2.1078073978424072266 2.0519907474517822266 2.1484484672546386719 1.9458736181259155273 1.6037937402725219727 1.9530959129333496094 2.222370147705078125 2.4693152904510498047 1.5636348724365234375 1.8118395805358886719 1.9545191526412963867 2.2446982860565185547 1.6358666419982910156 1.6106705665588378906 2.1728005409240722656 1.6616876125335693359 2.5135211944580078125 1.5637705326080322266 1.378666996955871582 2.0911724567413330078
3.9854533672332763672 1.5783441066741943359 5.6635012626647949219 3.1575493812561035156 0.99176460504531860352 1.561114192008972168 2.1956460475921630859 1.894135594367980957 1.7464445829391479492 1.5743575096130371094 2.0975852012634277344 2.2923750877380371094 1.9103220701217651367 2.1117768287658691406 2.0016224384307861328 2.2302720546722412109 2.1076967716217041016 2.0353522300720214844 1.9547268152236938477 2.1220004558563232422 1.5786550045013427734 1.9065459966659545898 2.1386494636535644531 2.1179306507110595703 1.9159091711044311523 1.6888482570648193359 1.8307150602340698242 1.9058442115783691406 1.787199854850769043 1.891514897346496582 1.6106055974960327148 1.9070061445236206055 1.8887474536895751953 2.2158925533294677734 2.5255296230316162109 2.0771014690399169922 2.0684652328491210938 2.3905119895935058594 2.3997406959533691406 1.5420709848403930664
2.1139023303985595703 1.1285303831100463867 1.2904422283172607422 3.8923676013946533203 1.5183475017547607422 1.3406442403793334961 1.9069303274154663086 1.9393811225891113281 1.8232865333557128906 2.0035502910614013672 1.7904036045074462891 1.9360074996948242188 1.7786467075347900391 1.7487950325012207031 1.4973996877670288086 1.7297174930572509766 1.9659894704818725586 2.0795204639434814453 1.9585826396942138672 1.8758263587951660156 1.4756664037704467773 1.8786742687225341797 1.5979099273681640625 1.7722071409225463867 1.6240072250366210938 1.6687065362930297852 2.1614556312561035156 2.1077408790588378906 1.9833496809005737305 1.8097349405288696289 1.6771535873413085938 1.7875903844833374023 1.6021436452865600586 2.1103053092956542969 1.5947966575622558594 1.7705523967742919922 1.79628753662109375 1.6598824262619018555 1.8423212766647338867 1.6511397361755371094
1.2163338661193847656 0.90263766050338745117 1.2477806806564331055 1.2902159690856933594 1.334086298942565918 1.6858597993850708008 2.6219632625579833984 1.9205232858657836914 1.4732666015625 2.0391516685485839844 2.0565397739410400391 1.6226221323013305664 1.8687980175018310547 1.9134583473205566406 1.9407994747161865234 2.1603562831878662109 1.7346067428588867188 1.8991669416427612305 1.7479282617568969727 2.2657406330108642578 2.1125185489654541016 2.0051660537719726562 1.9650485515594482422 1.9612114429473876953 2.7776153087615966797 2.4111754894256591797 1.8194596767425537109 2.06397247314453125 2.0037941932678222656 2.0803084373474121094 1.8838800191879272461 1.9072165489196777344 2.4562282562255859375 1.781574249267578125 2.0259282588958740234 1.6738953590393066406 2.2935259342193603516 1.9732184410095214844 1.6559040546417236328 2.2421317100524902344
1.7267371416091918945 1.684008479118347168 2.4552662372589111328 1.4437811374664306641 1.9627989530563354492 1.632182002067565918 1.8502418994903564453 2.0105865001678466797 2.1346499919891357422 2.0077614784240722656 1.6094168424606323242 2.1197340488433837891 2.2935893535614013672 2.107189178466796875 2.1480114459991455078 1.5205761194229125977 2.3948688507080078125 1.7819957733154296875 1.7723575830459594727 2.0442256927490234375 1.8314516544342041016 2.0186555385589599609 2.1128642559051513672 1.5875732898712158203 1.8252156972885131836 2.0591442584991455078 1.7589917182922363281 1.6665816307067871094 1.5514854192733764648 2.0022432804107666016 2.4150135517120361328 1.6710277795791625977 1.9648391008377075195 1.7301497459411621094 1.9749290943145751953 1.6295779943466186523 1.842987060546875 1.9411383867263793945 1.8368115425109863281 1.9781277179718017578
1.5084680318832397461 2.1695911884307861328 2.3782079219818115234 2.0482034683227539062 1.6141185760498046875 1.8434962034225463867 1.6778961420059204102 1.9865195751190185547 1.6334153413772583008 1.8878711462020874023 1.9834715127944946289 2.0273113250732421875 1.5131925344467163086 1.55178070068359375 2.8213932514190673828 1.6600487232208251953 1.9235014915466308594 1.830111384391784668 2.1543505191802978516 1.7604824304580688477 1.9073415994644165039 2.5339479446411132812 2.0704834461212158203 1.527085423469543457 1.7137359380722045898 1.8958650827407836914 1.992323756217956543 2.3325057029724121094 1.9136731624603271484 2.4507575035095214844 1.9714412689208984375 1.6359544992446899414 1.7641737461090087891 1.8521981239318847656 2.1954243183135986328 2.3957011699676513672 2.074432373046875 1.9518840312957763672 1.7408205270767211914 1.3735123872756958008
1.7598390579223632812 2.1808903217315673828 1.7045367956161499023 1.5575364828109741211 1.9953263998031616211 2.1352639198303222656 2.2755150794982910156 1.894911646842956543 1.8859338760375976562 2.3277962207794189453 1.684452056884765625 2.0583140850067138672 1.7687075138092041016 1.9600089788436889648 1.7081087827682495117 2.2799227237701416016 1.6405450105667114258 2.1564621925354003906 1.9119635820388793945 1.8729614019393920898 1.6972016096115112305 1.6173102855682373047 1.8759523630142211914 2.1972935199737548828 2.002216339111328125 1.6038373708724975586 2.1200127601623535156 2.2460711002349853516 1.7476267814636230469 1.6811239719390869141 1.5714796781539916992 2.3344860076904296875 2.1339366436004638672 1.7675943374633789062 1.7810163497924804688 1.6961129903793334961 2.2984855175018310547 2.1583032608032226562 1.4575210809707641602 2.1587936878204345703
2.0293786525726318359 1.8506288528442382812 1.8706015348434448242 1.8530192375183105469 1.7674242258071899414 1.8744562864303588867 1.8023102283477783203 1.8928525447845458984 1.8041651248931884766 1.8491318225860595703 1.720479130744934082 1.6682908535003662109 1.82140350341796875 2.1478302478790283203 1.8512392044067382812 1.7475923299789428711 1.7933819293975830078 1.7503610849380493164 2.1800894737243652344 1.9019329547882080078 1.4381693601608276367 1.7517108917236328125 1.5469504594802856445 1.3981643915176391602 1.7674849033355712891 1.5331931114196777344 1.6925369501113891602 1.8159514665603637695 1.6187535524368286133 1.5191881656646728516 1.5462156534194946289 1.6124532222747802734 1.6036860942840576172 1.6911646127700805664 1.9666010141372680664 1.6598008871078491211 1.6147224903106689453 2.0446436405181884766 2.1206979751586914062 2.4429686069488525391
1.6738377809524536133 1.6927894353866577148 1.6659948825836181641 1.6251178979873657227 2.2740774154663085938 2.1125802993774414062 1.6830583810806274414 1.4331580400466918945 1.4311522245407104492 2.3198354244232177734 2.1916232109069824219 1.7437661886215209961 1.9002081155776977539 1.4937145709991455078 1.914370417594909668 1.9271074533462524414 1.9160840511322021484 1.4886606931686401367 2.223415374755859375 1.8008778095245361328 1.7830234766006469727 2.3532233238220214844 1.676715850830078125 1.7643877267837524414 1.9190200567245483398 1.9299548864364624023 1.8195766210556030273 1.843007206916809082 2.2746930122375488281 1.7274086475372314453 2.4661793708801269531 1.8206219673156738281 2.0659670829772949219 2.2430748939514160156 1.921662449836730957 1.7911766767501831055 1.6696503162384033203 2.1927440166473388672 1.589036107063293457 2.2198214530944824219
2.6483457088470458984 2.0175089836120605469 1.6280890703201293945 2.0674602985382080078 2.2015163898468017578 1.6845279932022094727 2.3325355052947998047 2.0643970966339111328 1.8047666549682617188 2.7970483303070068359 1.9363515377044677734 1.4327752590179443359 1.9008592367172241211 1.7457926273345947266 1.8620139360427856445 2.115283966064453125 1.9146049022674560547 1.8625856637954711914 1.7624971866607666016 1.7006729841232299805 2.0428168773651123047 2.1578686237335205078 1.982645869255065918 2.2407693862915039062 1.9253525733947753906 2.1373941898345947266 2.1581616401672363281 2.2958359718322753906 2.1364958286285400391 1.6586427688598632812 1.7822631597518920898 1.9708973169326782227 2.3434972763061523438 2.0067143440246582031 1.5953620672225952148 2.0500702857971191406 1.9352651834487915039 2.4909720420837402344 1.7785319089889526367 1.7278541326522827148
2.1094930171966552734 2.3440122604370117188 1.689425349235534668 2.0698001384735107422 1.5454556941986083984 1.4870926141738891602 1.5796227455139160156 2.5794234275817871094 2.3667654991149902344 1.7201803922653198242 1.8443084955215454102 2.3070862293243408203 1.8942757844924926758 2.9676921367645263672 1.8130927085876464844 1.6360428333282470703 1.8686980009078979492 1.9020438194274902344 1.7669289112091064453 1.635323643684387207 2.2442941665649414062 1.7992159128189086914 1.9769361019134521484 1.9337439537048339844 1.8426954746246337891 2.1283400058746337891 1.8484175205230712891 1.9560183286666870117 1.9943695068359375 1.8444383144378662109 1.4848455190658569336 2.0707342624664306641 1.6525493860244750977 1.7756750583648681641 2.0916428565979003906 1.6536893844604492188 1.9776148796081542969 1.6619384288787841797 1.5349124670028686523 2.384449005126953125
