Input_PredictorVariables/LightPollutionIntensity2016_ratio.asc
ncols        529
nrows        344
xllcorner    2700.000000000000
yllcorner    15900.000000000000
cellsize     100.000000000000
NODATA_value  -3.4028234663852885981e+38
[rows 204 to 220 of 344, columns 480 to 519 of 529]
3.0241935253143310547 0.79185521602630615234 0.81775701045989990234 5.875576019287109375 4.7727274894714355469 2.8436019420623779297 0.55803573131561279297 0.63451778888702392578 0.44642856717109680176 2.5297617912292480469 2.6209676265716552734 0.83643120527267456055 5.1724138259887695312 2.4271845817565917969 0.9375 1.0542168617248535156 0.97222220897674560547 3.3898305892944335938 0.57603687047958374023 6.7887930870056152344 1.1152416467666625977 1.8318965435028076172 2.4193549156188964844 2.2727272510528564453 2.5423729419708251953 0.59523808956146240234 0.76142132282257080078 2.3097825050354003906 2.3863637447357177734 0.30864197015762329102 3.7037036418914794922 1.4784946441650390625 0.89285713434219360352 2.027027130126953125 1.0989011526107788086 2.7607362270355224609 0.44910180568695068359 0.97560977935791015625 0.78125 3.3439490795135498047
1.6975308656692504883 1.2121212482452392578 2.6905829906463623047 0.50813007354736328125 0.43103447556495666504 0.86633664369583129883 0.53191488981246948242 2.8333332538604736328 1.785714268684387207 0.35046729445457458496 4.2763156890869140625 1.3786764144897460938 2.8384280204772949219 3.7914690971374511719 1.0479041337966918945 1.829268336296081543 0.64655172824859619141 1.3888888359069824219 1.6203703880310058594 0.28301885724067687988 3.0405404567718505859 1.5228426456451416016 0.67934781312942504883 0.42613637447357177734 1.2987012863159179688 3.7581698894500732422 1.300577998161315918 1.7766497135162353516 2.2959184646606445312 2.0053474903106689453 0.899280548095703125 1.0869565010070800781 0.59523808956146240234 2.5714285373687744141 1.6949152946472167969 3.3430233001708984375 1.7441860437393188477 1.1363636255264282227 1.510989069938659668 0.93283581733703613281
0.83892619609832763672 4.5811519622802734375 1.758793950080871582 1.4851485490798950195 3.9000000953674316406 1.8382352590560913086 2.6729559898376464844 0.49668875336647033691 1.2711864709854125977 1.8028845787048339844 3.0821917057037353516 0.60386472940444946289 1.2790697813034057617 0.49342104792594909668 2.2000000476837158203 0.89285713434219360352 1.2135922908782958984 1.0802469253540039062 4.4117646217346191406 1.8367346525192260742 3.1395349502563476562 2.3560209274291992188 4.1899442672729492188 1.3986014127731323242 0.69444441795349121094 3.9179103374481201172 1.300577998161315918 1.0526316165924072266 4.7142858505249023438 3.1626505851745605469 0.5 2.1484375 0.89285713434219360352 1.8382352590560913086 2.6785714626312255859 1.4423077106475830078 2.7439024448394775391 1.5384615659713745117 0.71022725105285644531 0.79617834091186523438
1.7964072227478027344 0.74850296974182128906 2.4784483909606933594 1.6968325376510620117 6.25 0.53191488981246948242 0.68681317567825317383 2.5449101924896240234 3.0864198207855224609 3.4974093437194824219 1.3779528141021728516 1.8918918371200561523 0.88028168678283691406 2.7573528289794921875 2.34375 2.1505377292633056641 0.70093458890914916992 0.43103447556495666504 1.5706806182861328125 2.2613065242767333984 0.43859648704528808594 0.64766842126846313477 0.45180723071098327637 1.9867550134658813477 1.4814814329147338867 2.1875 0.93283581733703613281 2.3734176158905029297 0.390625 1.25 2.6234567165374755859 0.59055119752883911133 2.9166667461395263672 2.53623199462890625 1.4170039892196655273 1.0613207817077636719 1.9313304424285888672 2.8378379344940185547 7.7142858505249023438 1.100628972053527832
1.7973855733871459961 3.0346820354461669922 0.14792899787425994873 0.625 1.5021458864212036133 1.278409123420715332 2.9720280170440673828 2.6717557907104492188 1.2121212482452392578 2.1327013969421386719 1.6587678194046020508 3.7974684238433837891 0.5208333134651184082 0.93984961509704589844 0.56390976905822753906 2.027027130126953125 1.2589927911758422852 5.0304880142211914062 2.0669291019439697266 0.56053811311721801758 1.4851485490798950195 3.1034483909606933594 4.3604650497436523438 0.72254335880279541016 3.1437125205993652344 1.729559779167175293 2.0220587253570556641 2.9310345649719238281 0.78125 2.5125627517700195312 0.42134830355644226074 0.96618360280990600586 1.2362637519836425781 4.2391304969787597656 2.3809523582458496094 2.7397260665893554688 0.40540540218353271484 1.2345678806304931641 3 0.81168830394744873047
2.1739130020141601562 1.7341040372848510742 0.79113924503326416016 3.5276074409484863281 1.25 3.6206896305084228516 0.65789473056793212891 1.5625 0.16447368264198303223 1.0233918428421020508 4.8192772865295410156 1.285046696662902832 1.2195122241973876953 2.9513888359069824219 3 1.4814814329147338867 0.71839082241058349609 2.1929824352264404297 2.5423729419708251953 4.8387098312377929688 0.68681317567825317383 0.67204302549362182617 3.3653845787048339844 1.0606060028076171875 2.1739130020141601562 0.80128204822540283203 0.49019607901573181152 2.1084337234497070312 2.4752476215362548828 4.1884818077087402344 4.3378996849060058594 1.6304347515106201172 1.4644351005554199219 1.5384615659713745117 2.4418604373931884766 0.82644629478454589844 2.8436019420623779297 0.14970059692859649658 0.21834060549736022949 0.40983605384826660156
2.5568182468414306641 2.5337836742401123047 3.2894737720489501953 0.45454546809196472168 3.1626505851745605469 1.1261261701583862305 0.9191176295280456543 1.9047619104385375977 1.0330578088760375977 2.9513888359069824219 1.6042780876159667969 0.52966099977493286133 1.9553072452545166016 3.0797102451324462891 3.5714285373687744141 0.55147057771682739258 2.0588235855102539062 1.8203883171081542969 2.9347825050354003906 1.4563106298446655273 1.3157894611358642578 2.3734176158905029297 0.43352600932121276855 2.1676299571990966797 4.4444446563720703125 3.9473683834075927734 0.80128204822540283203 1.7045454978942871094 1.2096774578094482422 0.56306308507919311523 2.4324324131011962891 1.554404139518737793 2.2189350128173828125 1.5957447290420532227 1.0089685916900634766 1.2886598110198974609 0.88235294818878173828 6.0643563270568847656 0.68681317567825317383 1.1842105388641357422
1.9662921428680419922 1.4627659320831298828 1.1290322542190551758 1.9886363744735717773 1.4388489723205566406 0.75757575035095214844 2.25 2.6923077106475830078 2.1825397014617919922 1.5363128185272216797 0.35211268067359924316 8.1288347244262695312 0.99502485990524291992 0.57339447736740112305 0.48701298236846923828 0.51369863748550415039 3.6290323734283447266 1.1780104637145996094 2.0491802692413330078 1.7361111640930175781 1.1306532621383666992 1.8181818723678588867 2.2865853309631347656 0.53191488981246948242 0.4076086878776550293 0.51020407676696777344 1.8987342119216918945 2.7419354915618896484 3.1420764923095703125 0.59808611869812011719 2.4630541801452636719 1.1111111640930175781 3.9393939971923828125 0.33039647340774536133 0.3333333432674407959 10.76732635498046875 2.1331057548522949219 1.1524822711944580078 4.125 1.4802631139755249023
3.0821917057037353516 0.55803573131561279297 0.23474177718162536621 5.39568328857421875 2.6946108341217041016 0.79113924503326416016 2.4509804248809814453 0.86805558204650878906 2.3026316165924072266 2.1084337234497070312 0.38461539149284362793 4 0.31645569205284118652 1.9633507728576660156 5.8823528289794921875 0.55147057771682739258 2.8662419319152832031 1.7515923976898193359 0.60386472940444946289 1.5027322769165039062 5.9248557090759277344 2.0238094329833984375 1.7241379022598266602 3.5087718963623046875 1.2345678806304931641 3.3227849006652832031 2.7777776718139648438 2.0491802692413330078 2.6881721019744873047 1 0.89285713434219360352 0.60096156597137451172 2.6536312103271484375 1.2323943376541137695 1.0563380718231201172 0.6377550959587097168 0.78125 0.62189054489135742188 0.44483986496925354004 0.17921146750450134277
2.1008403301239013672 3.7037036418914794922 2.8074865341186523438 1.7766497135162353516 0.73099416494369506836 3.6337208747863769531 1.0802469253540039062 2.9411764144897460938 2.2292993068695068359 2.3885350227355957031 1.4084507226943969727 0.3333333432674407959 5.1470589637756347656 2.8378379344940185547 0.70621466636657714844 0.47770699858665466309 1.296296238899230957 3.8043477535247802734 1.8987342119216918945 0.95108693838119506836 2.8532607555389404297 1.0057470798492431641 2.2058823108673095703 2.1276595592498779297 3.0405404567718505859 0.80645161867141723633 0.42613637447357177734 0.36945813894271850586 2.2486772537231445312 4.4334974288940429688 2.5092937946319580078 3.1659388542175292969 2.3755655288696289062 2.2606382369995117188 0.49668875336647033691 0.92975205183029174805 3.5714285373687744141 2.3854961395263671875 0.84269660711288452148 13.113207817077636719
2.4154589176177978516 3.5310733318328857422 1.7964072227478027344 1.0355029106140136719 0.67204302549362182617 3.6458332538604736328 1.5714285373687744141 1.2345678806304931641 1.4945652484893798828 2.1186439990997314453 3.3333332538604736328 1.6055046319961547852 1.323529362678527832 1.0695186853408813477 1.9132653474807739258 2.3305084705352783203 1.6666666269302368164 2.2058823108673095703 2.5510203838348388672 1.0057470798492431641 0.62189054489135742188 1.8581081628799438477 1.0080645084381103516 1.3333333730697631836 1.9354838132858276367 0.71428573131561279297 3.6809816360473632812 2.1067416667938232422 0.93023258447647094727 1.1752136945724487305 2.0669291019439697266 1.844262242317199707 1.2605042457580566406 1.6759777069091796875 5.5732483863830566406 0.54744523763656616211 1.1217948198318481445 0.99206346273422241211 0.74626863002777099609 0.89285713434219360352
0.96153843402862548828 0.47770699858665466309 1.3257576227188110352 2.2556390762329101562 0.82781457901000976562 3.0701754093170166016 3.125 1.6566264629364013672 1.5193370580673217773 0.69444441795349121094 4.4354839324951171875 0.6906077265739440918 0.59523808956146240234 4.1666665077209472656 2.2590360641479492188 0.77639752626419067383 0.93984961509704589844 1.5100671052932739258 2.0958082675933837891 2.2135417461395263672 2.5240385532379150391 1.4240506887435913086 0.89285713434219360352 2.1739130020141601562 2.2151899337768554688 3.2432432174682617188 2.9005525112152099609 2.9792745113372802734 0.30487805604934692383 1.0548523664474487305 5.6338028907775878906 0.85106384754180908203 3.2051281929016113281 1.685393214225769043 1.1194030046463012695 2.7777776718139648438 1.0869565010070800781 1.9230768680572509766 0.1712328791618347168 1.5901060104370117188
1.4462809562683105469 0.76219511032104492188 1.411290287971496582 1.0416666269302368164 6.5217390060424804688 1.2237762212753295898 0.43103447556495666504 2.0370371341705322266 4.9657535552978515625 0.57077628374099731445 0.60679614543914794922 3.6290323734283447266 0.71022725105285644531 0.89285713434219360352 4.7904191017150878906 3.1645569801330566406 0.69444441795349121094 0.45731708407402038574 1.8324607610702514648 2.4082567691802978516 4.2682929039001464844 2.2972972393035888672 1.9503545761108398438 1.8595041036605834961 1.242236018180847168 0.69832402467727661133 0.35714286565780639648 4.0106949806213378906 3.0150754451751708984 1.3513513803482055664 2.2167487144470214844 0.93582886457443237305 1.2569832801818847656 0.67204302549362182617 1.5384615659713745117 1.3719512224197387695 0.84459459781646728516 3.5714285373687744141 3.4848484992980957031 2.830188751220703125
0.37878787517547607422 1.0152283906936645508 3 0.99206346273422241211 2.2058823108673095703 0.59055119752883911133 0.61475408077239990234 1.3245033025741577148 1.3959391117095947266 1.9035532474517822266 3.4688994884490966797 3.5714285373687744141 2.7624309062957763672 1.1049723625183105469 1.4864864349365234375 0.57870370149612426758 2.3809523582458496094 3.0487804412841796875 2.3611111640930175781 2.2613065242767333984 3.1565656661987304688 0.42372882366180419922 0.54744523763656616211 1.7045454978942871094 3.3464567661285400391 5.1056337356567382812 1.6081870794296264648 0.56053811311721801758 3.1914894580841064453 2.0718231201171875 0.62814068794250488281 2.8481013774871826172 1.0089685916900634766 0.57870370149612426758 8.2822084426879882812 2.9220778942108154297 0.73964494466781616211 1.6871166229248046875 0.73964494466781616211 1.0355029106140136719
2.4528300762176513672 8.173076629638671875 0.63131314516067504883 0.48387095332145690918 0.60000002384185791016 1.4388489723205566406 4.7169809341430664062 1.6871166229248046875 2.7486910820007324219 3.1420764923095703125 0.74404764175415039062 1.0582010746002197266 0.47468355298042297363 1.6369047164916992188 1.6042780876159667969 2.5609755516052246094 4.4191918373107910156 0.80213904380798339844 0.41899442672729492188 1.4900661706924438477 1.3157894611358642578 2.9761905670166015625 3.8659794330596923828 0.69444441795349121094 1.2658227682113647461 0.53191488981246948242 0.48387095332145690918 1.3959391117095947266 3.141361236572265625 2.4350650310516357422 1.0582010746002197266 0.65789473056793212891 5.2989130020141601562 2.2277228832244873047 0.60096156597137451172 0.38265305757522583008 0.87412589788436889648 2.5 4.4117646217346191406 1.3975155353546142578
0.55309736728668212891 2.9867255687713623047 1.0416666269302368164 4.5 0.49668875336647033691 1.0736196041107177734 1.676829218864440918 0.84459459781646728516 3.0120482444763183594 2.8846154212951660156 0.73099416494369506836 1.2345678806304931641 4.2253522872924804688 2.5297617912292480469 0.65445023775100708008 3 2.6620371341705322266 1.4784946441650390625 2.2900762557983398438 1.5384615659713745117 0.86805558204650878906 1.8018018007278442383 1.0504201650619506836 0.95419847965240478516 1.4705882072448730469 2.5449101924896240234 1.40625 2.8846154212951660156 1.0817307233810424805 0.41208791732788085938 2.6223776340484619141 1.4705882072448730469 2.6315789222717285156 1.4705882072448730469 1.244343876838684082 0.80128204822540283203 2.3885350227355957031 0.67204302549362182617 2.1634614467620849609 4.3548388481140136719
0.93457943201065063477 0.38860103487968444824 0.53956836462020874023 0.53571426868438720703 1.8707482814788818359 7.7743902206420898438 0.45180723071098327637 1.5714285373687744141 0.90579712390899658203 1.9867550134658813477 0.83892619609832763672 0.48701298236846923828 2.3178808689117431641 3.3870968818664550781 0.45454546809196472168 1.881720423698425293 1.875 1.4150943756103515625 3.4000000953674316406 0.57692307233810424805 3.4883720874786376953 1.5734266042709350586 0.44642856717109680176 1.4285714626312255859 6.4453125 2.7419354915618896484 1.3888888359069824219 4.5454545021057128906 3.5891089439392089844 1.0582010746002197266 1.7543859481811523438 1.8115942478179931641 2.0242915153503417969 1.1673151254653930664 3.0346820354461669922 4.6875 2.6011559963226318359 0.79545456171035766602 3.0150754451751708984 0.63131314516067504883
