Input_PredictorVariables/LightPollutionBlue2016_focal.asc
ncols        529
nrows        344
xllcorner    2700.000000000000
yllcorner    15900.000000000000
cellsize     100.000000000000
NODATA_value  0
[rows 285 to 303 of 344, columns 352 to 395 of 529]
71.86753082275390625 74.477508544921875 75.0813751220703125 77.0706634521484375 75.09751129150390625 66.54088592529296875 62.782749176025390625 67.7285003662109375 73.1011962890625 70.341552734375 70.42362213134765625 68.2566680908203125 71.0357513427734375 67.7073822021484375 67.3389892578125 67.5855865478515625 65.30115509033203125 67.04442596435546875 72.003875732421875 71.18340301513671875 68.15593719482421875 70.62120819091796875 74.1920928955078125 68.36478424072265625 63.105930328369140625 65.9633026123046875 65.701080322265625 67.143768310546875 68.6468505859375 72.09557342529296875 71.17510223388671875 70.577392578125 72.6172332763671875 73.187042236328125 72.19681549072265625 70.55704498291015625 67.7371368408203125 69.83795166015625 69.78806304931640625 65.12923431396484375 66.86855316162109375 67.130462646484375 69.355377197265625 69.38214111328125
74.3216552734375 74.13689422607421875 75.27436065673828125 75.21814727783203125 73.80910491943359375 67.7812347412109375 63.394832611083984375 65.3637847900390625 67.99851226806640625 70.49553680419921875 66.72857666015625 68.0077362060546875 64.89281463623046875 64.43572235107421875 62.138912200927734375 66.24018096923828125 69.00151824951171875 67.42189788818359375 71.254608154296875 69.75669097900390625 68.4945526123046875 67.7440032958984375 66.900146484375 68.04441070556640625 63.561611175537109375 60.322177886962890625 62.831172943115234375 65.2338104248046875 71.7532196044921875 69.5174713134765625 70.0391387939453125 73.898406982421875 71.09369659423828125 71.8086700439453125 68.879119873046875 70.24018096923828125 66.9276580810546875 67.183074951171875 67.5363922119140625 68.44919586181640625 65.5919036865234375 68.10333251953125 68.59066009521484375 72.47798919677734375
69.95189666748046875 70.75360870361328125 74.2305908203125 75.852325439453125 71.9553070068359375 66.91199493408203125 64.4852142333984375 61.8861236572265625 67.18601226806640625 67.7711181640625 69.988739013671875 62.456512451171875 63.9353179931640625 62.854930877685546875 64.7637176513671875 66.34272003173828125 69.178985595703125 73.92022705078125 72.91204833984375 72.41595458984375 69.3805084228515625 67.74068450927734375 63.375743865966796875 65.23670196533203125 63.304576873779296875 61.17115020751953125 62.7769317626953125 70.70745086669921875 72.076934814453125 69.80062103271484375 69.19718170166015625 69.4458160400390625 74.3266143798828125 70.95639801025390625 69.93259429931640625 65.451904296875 68.30931854248046875 66.414794921875 66.39064788818359375 68.588531494140625 68.65154266357421875 67.38983154296875 69.719573974609375 72.81716156005859375
71.402252197265625 68.8060302734375 74.2229766845703125 72.1190032958984375 70.2926788330078125 66.18982696533203125 63.697696685791015625 66.198974609375 65.6779632568359375 69.21498870849609375 64.37915802001953125 66.3422698974609375 61.900737762451171875 64.12543487548828125 68.6703643798828125 66.20401763916015625 69.76876068115234375 73.27722930908203125 75.63994598388671875 71.596771240234375 67.4737701416015625 64.733551025390625 64.70485687255859375 60.03376007080078125 60.479694366455078125 65.7452850341796875 69.100616455078125 70.56223297119140625 71.15915679931640625 70.6422119140625 67.670684814453125 71.8926544189453125 70.61862945556640625 71.79651641845703125 67.2391357421875 66.25664520263671875 66.247039794921875 68.313995361328125 69.22829437255859375 67.336761474609375 70.0542755126953125 68.3400115966796875 69.1725921630859375 73.45191192626953125
74.02298736572265625 73.5977020263671875 69.5123748779296875 69.79505157470703125 68.07275390625 67.9586944580078125 68.300872802734375 65.19283294677734375 68.4900054931640625 67.37738037109375 69.31841278076171875 66.91211700439453125 67.2131805419921875 65.3652496337890625 67.63201904296875 69.7299652099609375 68.8378143310546875 71.7091522216796875 71.886566162109375 69.581512451171875 62.229694366455078125 60.598003387451171875 60.51605224609375 58.682559967041015625 58.299015045166015625 64.0320281982421875 67.99367523193359375 71.58722686767578125 70.90329742431640625 69.36771392822265625 69.84676361083984375 67.26473236083984375 72.309356689453125 65.3911285400390625 67.50823211669921875 67.4178009033203125 66.19313812255859375 65.775543212890625 69.92063140869140625 72.2799072265625 71.69014739990234375 70.673980712890625 67.00960540771484375 69.24334716796875
75.29270172119140625 74.54449462890625 70.531402587890625 70.1343994140625 67.81897735595703125 69.13014984130859375 68.3469696044921875 69.993194580078125 69.53565216064453125 69.2350006103515625 69.3454437255859375 70.4837799072265625 69.78932952880859375 69.705078125 68.40460968017578125 70.378509521484375 71.244842529296875 66.996978759765625 68.5749053955078125 64.31761932373046875 64.16239166259765625 61.763248443603515625 56.693531036376953125 56.1119232177734375 58.3455352783203125 60.127079010009765625 67.11053466796875 69.99651336669921875 68.025390625 68.88156890869140625 67.3121795654296875 67.28795623779296875 63.94837188720703125 63.129428863525390625 62.690593719482421875 65.1894989013671875 64.5320281982421875 64.3507843017578125 70.56409454345703125 70.9058837890625 71.52889251708984375 68.93909454345703125 66.6668853759765625 64.534515380859375
73.66729736328125 75.4776763916015625 75.31801605224609375 69.24643707275390625 68.67142486572265625 69.53684234619140625 71.7159576416015625 69.5644683837890625 72.1737213134765625 69.49503326416015625 69.16101837158203125 69.3371734619140625 70.63518524169921875 72.02742767333984375 71.6668548583984375 71.31224822998046875 68.55570220947265625 67.06829071044921875 65.0179595947265625 65.78496551513671875 67.50891876220703125 64.14992523193359375 62.03414154052734375 57.928905487060546875 57.08563232421875 63.086818695068359375 65.53978729248046875 67.51366424560546875 68.46063995361328125 65.170074462890625 66.6108856201171875 65.7133331298828125 60.75261688232421875 57.20013427734375 58.70886993408203125 61.70560455322265625 63.18410491943359375 67.16178131103515625 67.5005645751953125 68.962005615234375 68.83557891845703125 68.4882965087890625 66.0703277587890625 64.22574615478515625
71.104278564453125 74.87996673583984375 72.79189300537109375 70.8129730224609375 67.463409423828125 67.90555572509765625 68.8067474365234375 71.13925933837890625 66.1341552734375 67.50284576416015625 68.338836669921875 68.3377227783203125 68.50270843505859375 70.30487823486328125 73.227874755859375 69.7413330078125 67.51490020751953125 65.22827911376953125 67.212982177734375 71.38458251953125 68.93357086181640625 68.372711181640625 65.8187255859375 63.725982666015625 64.6730194091796875 65.684295654296875 66.1955413818359375 66.171142578125 71.38275909423828125 67.625091552734375 65.131622314453125 63.41641998291015625 59.15499114990234375 56.341823577880859375 58.779880523681640625 59.65251922607421875 67.530914306640625 65.89083099365234375 67.9084320068359375 68.3750152587890625 68.85842132568359375 67.51589202880859375 67.6757354736328125 66.7964324951171875
73.66040802001953125 71.4232330322265625 73.17102813720703125 67.86684417724609375 68.6176605224609375 63.414226531982421875 67.975067138671875 68.83429718017578125 66.2901763916015625 68.71628570556640625 66.90795135498046875 69.551055908203125 69.02304840087890625 70.34844207763671875 68.6843719482421875 70.57990264892578125 66.75559234619140625 67.2313995361328125 66.425018310546875 67.84869384765625 73.009185791015625 72.23685455322265625 66.44806671142578125 65.13245391845703125 66.57952880859375 67.41071319580078125 69.020599365234375 72.18460845947265625 68.348388671875 69.59055328369140625 67.63777923583984375 64.49443817138671875 62.616924285888671875 60.851543426513671875 59.266147613525390625 66.1252288818359375 67.80237579345703125 72.80500030517578125 70.47595977783203125 70.0704498291015625 67.66371917724609375 67.72005462646484375 71.13594818115234375 69.7930450439453125
70.08074951171875 71.38529205322265625 71.4307708740234375 70.67084503173828125 65.01699066162109375 67.02048492431640625 65.037384033203125 65.1205596923828125 70.390777587890625 70.4504241943359375 69.7286224365234375 68.07422637939453125 70.4491424560546875 68.24361419677734375 66.9591217041015625 66.5204010009765625 68.357269287109375 67.90936279296875 67.72369384765625 70.5943450927734375 72.10967254638671875 73.12564849853515625 67.89670562744140625 66.7572784423828125 66.8771820068359375 67.43273162841796875 72.875335693359375 71.283477783203125 70.66384124755859375 69.1025848388671875 71.09133148193359375 68.424774169921875 65.56870269775390625 58.87964630126953125 64.04022216796875 68.8905029296875 74.684844970703125 74.4588165283203125 73.688018798828125 71.49053955078125 70.12447357177734375 69.12125396728515625 69.6340789794921875 74.376190185546875
67.6287384033203125 65.05239105224609375 72.4722137451171875 72.7365570068359375 71.87961578369140625 67.95880889892578125 66.64235687255859375 67.6327667236328125 71.13488006591796875 72.85440826416015625 72.143310546875 70.12226104736328125 64.8555755615234375 63.3704833984375 62.932086944580078125 65.50606536865234375 64.3251800537109375 66.85092926025390625 70.025787353515625 71.12195587158203125 69.98011016845703125 65.64482879638671875 68.312408447265625 67.1389923095703125 67.05872344970703125 72.14551544189453125 68.251556396484375 70.46497344970703125 71.95012664794921875 73.1370697021484375 71.6342620849609375 68.06072998046875 62.559421539306640625 62.56298828125 63.79840087890625 70.47690582275390625 70.995025634765625 76.90460205078125 75.4632720947265625 71.33380126953125 68.933197021484375 69.275665283203125 73.22954559326171875 74.89031219482421875
62.508563995361328125 64.13201904296875 67.91609954833984375 75.368194580078125 74.0236358642578125 70.12615203857421875 68.37555694580078125 70.8227386474609375 73.1347503662109375 71.1762237548828125 72.5557098388671875 68.44307708740234375 65.31060028076171875 60.52556610107421875 61.4145660400390625 63.8820037841796875 68.668365478515625 68.861480712890625 68.723175048828125 69.9129180908203125 68.2111358642578125 67.5365142822265625 67.1651611328125 67.34575653076171875 68.84037017822265625 68.61336517333984375 70.725982666015625 69.40972900390625 72.79682159423828125 72.424224853515625 70.43414306640625 66.34618377685546875 64.56377410888671875 62.44995880126953125 64.6936187744140625 63.94033050537109375 74.1732025146484375 74.036224365234375 76.82440185546875 69.2452392578125 69.52999114990234375 72.13144683837890625 74.588043212890625 72.173187255859375
60.881195068359375 62.250995635986328125 67.1343231201171875 70.99826812744140625 75.3078460693359375 71.89867401123046875 70.29808807373046875 70.59880828857421875 70.79218292236328125 75.3091888427734375 71.446929931640625 69.8111572265625 63.894786834716796875 63.135528564453125 62.396106719970703125 68.1556243896484375 72.624908447265625 73.78570556640625 70.45690155029296875 68.4233856201171875 70.21990203857421875 67.6131591796875 66.6137847900390625 71.304718017578125 71.57210540771484375 65.77597808837890625 68.82924652099609375 71.76031494140625 68.9598846435546875 70.96697998046875 67.876068115234375 68.8163909912109375 65.94574737548828125 66.41866302490234375 66.2395782470703125 68.1809234619140625 72.4149322509765625 75.853363037109375 75.88336944580078125 74.4787750244140625 71.0054931640625 73.6216278076171875 75.47943878173828125 76.26744842529296875
63.830654144287109375 62.970508575439453125 64.03684234619140625 70.74980926513671875 71.48308563232421875 71.9420623779296875 71.194671630859375 68.9357757568359375 70.741455078125 71.66457366943359375 70.202728271484375 70.24593353271484375 66.19335174560546875 65.77054595947265625 68.03479766845703125 70.4061279296875 73.58914947509765625 76.3395538330078125 70.75494384765625 70.14029693603515625 67.2635955810546875 68.294403076171875 70.55693817138671875 69.91619110107421875 71.49631500244140625 68.836334228515625 68.2317352294921875 67.89459991455078125 68.48372650146484375 68.11742401123046875 70.46129608154296875 71.72176361083984375 71.2042999267578125 68.95423126220703125 70.19362640380859375 71.1373291015625 72.09801483154296875 76.5382080078125 78.16156005859375 77.40499114990234375 76.2034912109375 77.07100677490234375 78.4670867919921875 77.560699462890625
69.45923614501953125 66.11804962158203125 68.63287353515625 68.70096588134765625 73.34616851806640625 72.35211944580078125 73.2119293212890625 70.14348602294921875 69.6120452880859375 68.56758880615234375 68.6813201904296875 67.75507354736328125 69.51403045654296875 65.6960906982421875 67.90512847900390625 74.92188262939453125 74.75521087646484375 70.0503997802734375 68.29013824462890625 68.9132843017578125 68.7730712890625 69.797210693359375 72.518463134765625 72.3057403564453125 66.507781982421875 71.57944488525390625 70.3622894287109375 68.23397064208984375 67.3372344970703125 69.1767425537109375 73.25921630859375 74.22920989990234375 74.00061798095703125 76.89646148681640625 73.22960662841796875 69.8244781494140625 68.639556884765625 77.18212890625 77.651702880859375 79.7630157470703125 78.4492950439453125 79.49198150634765625 81.0410614013671875 80.92481231689453125
75.81522369384765625 72.12169647216796875 70.1620330810546875 74.43196868896484375 73.20149993896484375 78.45548248291015625 75.29962158203125 71.8504486083984375 69.48281097412109375 70.39589691162109375 68.5551910400390625 68.057342529296875 67.45702362060546875 68.334014892578125 68.63076019287109375 73.56578826904296875 71.639068603515625 69.90433502197265625 65.138519287109375 68.16082763671875 69.6525726318359375 70.72808074951171875 72.4322662353515625 72.16519927978515625 69.7627105712890625 69.63008880615234375 71.918792724609375 70.7479248046875 69.25034332275390625 69.17964935302734375 73.07410430908203125 75.17366790771484375 80.8077545166015625 79.19756317138671875 72.7549285888671875 66.25659942626953125 70.39064788818359375 73.880859375 75.3260345458984375 76.82376861572265625 78.5162200927734375 78.666351318359375 81.4773101806640625 81.15927886962890625
76.5583038330078125 76.4774322509765625 77.74410247802734375 76.5766448974609375 79.5567474365234375 76.10759735107421875 76.4632415771484375 74.9083251953125 72.84133148193359375 68.4379730224609375 71.93160247802734375 69.2335357666015625 69.3126373291015625 68.40595245361328125 73.9480438232421875 73.0376434326171875 71.90241241455078125 68.3460235595703125 67.66339874267578125 66.23099517822265625 69.14417266845703125 75.18164825439453125 73.04938507080078125 72.11075592041015625 71.60906982421875 72.53832244873046875 71.8555145263671875 70.77165985107421875 67.8851165771484375 69.58438873291015625 72.394744873046875 78.66086578369140625 81.6631927490234375 77.111053466796875 73.28928375244140625 69.9684906005859375 70.068328857421875 71.24515533447265625 77.1660308837890625 74.562255859375 72.606689453125 78.95522308349609375 80.28023529052734375 78.54233551025390625
79.09162139892578125 77.8524932861328125 78.0167236328125 80.15267181396484375 78.3769073486328125 77.0205841064453125 72.8061065673828125 73.51737213134765625 72.55054473876953125 71.47422027587890625 69.91371917724609375 73.10420989990234375 67.67449951171875 71.09717559814453125 72.20455169677734375 75.29724884033203125 70.8074188232421875 66.56915283203125 65.47878265380859375 65.60353851318359375 68.23779296875 71.38747406005859375 75.89452362060546875 70.96251678466796875 73.230682373046875 73.98903656005859375 77.67452239990234375 71.31479644775390625 66.52774810791015625 68.85785675048828125 73.89665985107421875 78.09217071533203125 77.50803375244140625 76.33930206298828125 74.90778350830078125 72.573638916015625 68.1445465087890625 73.51692962646484375 78.00588226318359375 72.74920654296875 71.0452117919921875 74.17026519775390625 79.8728485107421875 78.7172393798828125
74.83390045166015625 79.131683349609375 80.0626220703125 77.45256805419921875 76.9297027587890625 73.0001678466796875 72.06121063232421875 68.052154541015625 70.02826690673828125 73.7393035888671875 73.24828338623046875 68.26050567626953125 72.29204559326171875 72.00691986083984375 72.52321624755859375 73.80202484130859375 73.47754669189453125 65.9842376708984375 65.42523193359375 67.2602996826171875 68.52196502685546875 70.35921478271484375 71.182159423828125 77.32940673828125 76.29758453369140625 74.74968719482421875 74.8391876220703125 74.8426971435546875 69.88373565673828125 69.1501617431640625 73.00385284423828125 75.960906982421875 76.46532440185546875 75.207489013671875 73.1864776611328125 69.91283416748046875 75.421875 77.93123626708984375 73.93675994873046875 76.451629638671875 75.8339691162109375 75.7138824462890625 78.28719329833984375 79.6861724853515625
