Input_PredictorVariables/LightPollutionRed2016_Ratio.asc
ncols        529
nrows        344
xllcorner    2700.000000000000
yllcorner    15900.000000000000
cellsize     100.000000000000
NODATA_value  -3.4028234663852885981e+38
[rows 272 to 288 of 344, columns 80 to 119 of 529]
1.211802363395690918 1.2878817319869995117 1.729134678840637207 1.4768935441970825195 1.7032175064086914062 2.1463956832885742188 1.6329628229141235352 1.7116367816925048828 1.8178917169570922852 1.3703140020370483398 1.8265027999877929688 1.7596545219421386719 1.6050522327423095703 1.6407271623611450195 1.7213945388793945312 1.7044382095336914062 2.2284128665924072266 1.6373685598373413086 2.3564932346343994141 1.7040039300918579102 1.6070334911346435547 1.9412995576858520508 2.2525908946990966797 1.695778965950012207 2.1299359798431396484 2.06081390380859375 1.8447258472442626953 1.646244049072265625 2.0621769428253173828 1.9432735443115234375 1.8209867477416992188 2.2723195552825927734 1.9228510856628417969 1.4245091676712036133 2.6134448051452636719 1.3206449747085571289 1.9288047552108764648 2.1700923442840576172 1.5381666421890258789 1.6576787233352661133
1.8621859550476074219 1.9174196720123291016 1.7720496654510498047 2.3475048542022705078 2.2144005298614501953 2.3312437534332275391 2.1050219535827636719 1.6884062290191650391 2.1938879489898681641 2.293613433837890625 1.9724382162094116211 2.0105800628662109375 2.1987216472625732422 1.8019226789474487305 1.8819749355316162109 1.6390403509140014648 1.715603947639465332 1.765603184700012207 1.9337563514709472656 2.1661317348480224609 2.1497569084167480469 1.9321789741516113281 1.9551585912704467773 1.7505369186401367188 2.4016795158386230469 1.3368988037109375 1.6207736730575561523 1.9131513833999633789 1.9792435169219970703 1.8095222711563110352 1.7066985368728637695 2.2186715602874755859 1.2264654636383056641 1.1532334089279174805 1.0977277755737304688 2.0708706378936767578 1.5696746110916137695 1.7680355310440063477 1.2709050178527832031 1.7515652179718017578
2.0920190811157226562 1.7130265235900878906 1.7411317825317382812 1.8703185319900512695 1.8070698976516723633 1.9308726787567138672 1.6895045042037963867 1.7246400117874145508 2.2097570896148681641 2.0191576480865478516 1.8738127946853637695 2.1435773372650146484 1.7214367389678955078 1.9579956531524658203 2.1604666709899902344 2.2441344261169433594 1.8369123935699462891 2.0345702171325683594 1.4526975154876708984 1.8373153209686279297 1.9746927022933959961 1.8926557302474975586 2.2146885395050048828 1.637908935546875 2.1107785701751708984 1.6952675580978393555 2.5725533962249755859 1.9999657869338989258 2.0578939914703369141 2.1464455127716064453 1.6896393299102783203 1.3652983903884887695 1.4623596668243408203 6.3864283561706542969 1.7095992565155029297 4.4598746299743652344 1.8425571918487548828 1.2966043949127197266 1.3304537534713745117 1.318927764892578125
1.8705832958221435547 2.1285965442657470703 1.9812774658203125 1.6902916431427001953 2.0890228748321533203 1.9219317436218261719 2.4601697921752929688 2.1815285682678222656 1.8187361955642700195 1.5258443355560302734 1.8581982851028442383 1.8958201408386230469 1.4348052740097045898 1.7721490859985351562 2.3565089702606201172 1.7279695272445678711 2.5344195365905761719 2.1277472972869873047 1.5114955902099609375 2.0256450176239013672 1.730260014533996582 1.9317338466644287109 2.1087343692779541016 1.578702092170715332 1.5779155492782592773 2.1818149089813232422 1.8848097324371337891 1.7262734174728393555 1.7270135879516601562 1.7342411279678344727 1.9316854476928710938 1.9975932836532592773 1.2023503780364990234 2.0536315441131591797 1.0182890892028808594 1.4536471366882324219 1.3912545442581176758 1.7570530176162719727 4.87712860107421875 1.8189338445663452148
1.92218017578125 1.9330362081527709961 1.4019644260406494141 2.1151301860809326172 1.5222930908203125 1.6775379180908203125 2.1079442501068115234 1.7918587923049926758 1.9422332048416137695 2.1913828849792480469 1.6840150356292724609 1.8539949655532836914 2.150608062744140625 2.3599641323089599609 1.9328008890151977539 1.5433518886566162109 1.9101177453994750977 2.163143157958984375 1.8358401060104370117 2.2302727699279785156 2.3331766128540039062 1.8504468202590942383 1.9015429019927978516 1.9102045297622680664 1.9411791563034057617 3.0604674816131591797 1.8329393863677978516 1.6658707857131958008 2.2930810451507568359 2.1732568740844726562 1.7238335609436035156 1.8004094362258911133 1.8731590509414672852 1.4595512151718139648 1.7109272480010986328 1.5558629035949707031 2.0885808467864990234 1.6685973405838012695 2.1284186840057373047 1.9026978015899658203
1.911467432975769043 2.0392498970031738281 2.0404193401336669922 1.9043303728103637695 1.8581708669662475586 1.6630281209945678711 1.8327811956405639648 1.7008796930313110352 1.7801105976104736328 2.0408046245574951172 1.8825575113296508789 2.23081207275390625 1.8636552095413208008 1.6870799064636230469 1.940178990364074707 1.7260608673095703125 1.8249533176422119141 2.2202780246734619141 1.8414040803909301758 2.0097899436950683594 1.7240734100341796875 1.4658676385879516602 1.6400505304336547852 2.3398656845092773438 1.9775724411010742188 1.3579934835433959961 1.9974272251129150391 1.7471652030944824219 2.0009593963623046875 2.1066462993621826172 1.9524894952774047852 1.885009765625 2.2442800998687744141 2.3880987167358398438 1.6395049095153808594 2.4611041545867919922 1.817653656005859375 1.6564092636108398438 2.0020685195922851562 1.9215009212493896484
2.1376733779907226562 1.6192660331726074219 2.1402299404144287109 1.9687864780426025391 2.7588069438934326172 1.7336047887802124023 2.1082139015197753906 2.100200653076171875 2.2569317817687988281 2.0047326087951660156 1.9102293252944946289 1.842802882194519043 1.8136658668518066406 1.9978195428848266602 1.992070317268371582 1.9357393980026245117 2.2811305522918701172 1.8454294204711914062 1.8740580081939697266 1.7633081674575805664 1.8334443569183349609 2.0309762954711914062 2.0851547718048095703 1.7108998298645019531 1.75070953369140625 1.6649239063262939453 2.1444714069366455078 2.1315743923187255859 1.6246801614761352539 1.7879056930541992188 1.9053750038146972656 1.6444618701934814453 1.8674306869506835938 1.7960236072540283203 1.5476670265197753906 2.0235583782196044922 1.4750956296920776367 1.5961358547210693359 1.5814086198806762695 1.4676536321640014648
1.7262991666793823242 1.7307471036911010742 1.8673158884048461914 1.9578889608383178711 1.5281158685684204102 1.6316428184509277344 1.7354643344879150391 1.8390333652496337891 2.0909943580627441406 1.3820450305938720703 2.0122771263122558594 1.8961981534957885742 1.9004981517791748047 1.8410664796829223633 1.592614293098449707 1.8477195501327514648 1.9652999639511108398 1.7845717668533325195 1.9219255447387695312 1.7672905921936035156 2.0398437976837158203 1.7049858570098876953 1.8743628263473510742 2.0033934116363525391 1.8473109006881713867 2.0000624656677246094 1.7270903587341308594 2.59000396728515625 1.9219858646392822266 1.7093102931976318359 2.0887067317962646484 2.0091841220855712891 1.6697620153427124023 1.9832395315170288086 2.0592448711395263672 1.9181165695190429688 1.9758315086364746094 2.2212033271789550781 2.0398242473602294922 1.6924408674240112305
2.2028107643127441406 2.0665991306304931641 1.8480106592178344727 2.1972475051879882812 1.8230794668197631836 1.9979835748672485352 1.7229899168014526367 1.9564454555511474609 2.1189491748809814453 2.1655213832855224609 2.1744704246520996094 1.8361464738845825195 1.746334075927734375 2.2143242359161376953 1.7021999359130859375 2.423091888427734375 1.8573944568634033203 2.041767120361328125 1.6910036802291870117 1.6782050132751464844 2.1636002063751220703 2.3226721286773681641 1.8997936248779296875 2.4982359409332275391 1.5544068813323974609 2.2068350315093994141 1.6464916467666625977 2.0426039695739746094 1.8655278682708740234 2.0028562545776367188 2.1336913108825683594 2.0566091537475585938 1.7658522129058837891 1.9800497293472290039 2.1639797687530517578 1.8136249780654907227 2.0098454952239990234 1.8695228099822998047 2.0982599258422851562 1.5907033681869506836
1.7852095365524291992 1.6903296709060668945 2.3786478042602539062 1.9148917198181152344 2.0009431838989257812 1.6283577680587768555 1.7346556186676025391 2.5096602439880371094 2.1613416671752929688 1.7088581323623657227 2.3720901012420654297 1.9370913505554199219 1.8036705255508422852 2.2165493965148925781 1.5934643745422363281 2.419643402099609375 1.7784266471862792969 2.2951905727386474609 1.6838401556015014648 2.0147683620452880859 1.6412256956100463867 2.2508270740509033203 1.8480553627014160156 2.0554518699645996094 1.7736380100250244141 1.7646209001541137695 1.5186769962310791016 1.9018537998199462891 1.9864230155944824219 1.8558118343353271484 1.9452915191650390625 1.9771982431411743164 1.8873866796493530273 1.2429666519165039062 2.1273291110992431641 2.3667936325073242188 2.0234105587005615234 2.3003804683685302734 1.7997074127197265625 1.7205166816711425781
1.7967870235443115234 1.9166115522384643555 2.2371673583984375 1.4975206851959228516 1.5692908763885498047 2.7167003154754638672 2.0805306434631347656 1.8018110990524291992 1.5555738210678100586 1.1773303747177124023 2.2051408290863037109 1.7575398683547973633 1.9404000043869018555 1.8158180713653564453 2.0288643836975097656 1.9469189643859863281 1.6591684818267822266 1.4504069089889526367 2.5145728588104248047 1.5852894783020019531 2.0233318805694580078 1.7979035377502441406 1.8039090633392333984 2.2401638031005859375 1.9621671438217163086 2.1361489295959472656 2.1503419876098632812 1.8268632888793945312 1.734463810920715332 2.0567002296447753906 2.0061087608337402344 1.864342808723449707 1.9132387638092041016 1.6739466190338134766 1.9831985235214233398 1.6264312267303466797 1.6202820539474487305 2.1655733585357666016 1.9728995561599731445 1.6699179410934448242
1.9390169382095336914 1.9049727916717529297 1.9162194728851318359 2.0042023658752441406 1.1180514097213745117 2.2614729404449462891 1.5925582647323608398 1.654435276985168457 1.9274759292602539062 1.8509324789047241211 2.2281813621520996094 2.2328319549560546875 1.8201696872711181641 1.2427299022674560547 1.9255208969116210938 1.8972585201263427734 2.0780124664306640625 1.5691293478012084961 2.1914279460906982422 1.8010276556015014648 1.9267276525497436523 1.8839128017425537109 1.4305187463760375977 1.9126199483871459961 1.9012119770050048828 1.7336798906326293945 2.0291054248809814453 2.1752829551696777344 2.1853528022766113281 2.2780530452728271484 1.5066134929656982422 1.6431610584259033203 2.5245532989501953125 1.903010249137878418 1.7819970846176147461 1.8012257814407348633 2.1123154163360595703 2.0252537727355957031 1.9020407199859619141 1.3430975675582885742
2.6966793537139892578 1.8090913295745849609 2.1595187187194824219 2.3527917861938476562 1.9023507833480834961 1.8527902364730834961 1.8534532785415649414 2.5570514202117919922 2.1597113609313964844 1.6135270595550537109 1.6802203655242919922 1.8534958362579345703 2.2324616909027099609 1.9743710756301879883 1.6646512746810913086 1.7012170553207397461 2.0779640674591064453 1.8539754152297973633 2.0737009048461914062 2.2577302455902099609 1.9711942672729492188 2.3046708106994628906 1.4134842157363891602 1.9699687957763671875 1.9947565793991088867 1.9502565860748291016 1.8559978008270263672 2.193523406982421875 1.6322705745697021484 1.2308783531188964844 1.6558859348297119141 2.1669924259185791016 1.822986602783203125 1.9090943336486816406 1.7950788736343383789 1.9159948825836181641 2.3655343055725097656 1.9060084819793701172 1.9350677728652954102 1.6834241151809692383
1.6632044315338134766 1.9387986660003662109 1.6703314781188964844 1.7193493843078613281 2.1335356235504150391 1.8530445098876953125 1.652669072151184082 1.8467464447021484375 1.9553349018096923828 2.1089923381805419922 1.8508096933364868164 1.519598841667175293 1.7856706380844116211 2.34778594970703125 2.2697510719299316406 1.9974348545074462891 1.6974729299545288086 2.4379224777221679688 1.9551475048065185547 1.8278069496154785156 1.4402575492858886719 1.8772890567779541016 1.6524933576583862305 1.9090158939361572266 2.0787949562072753906 1.7984372377395629883 2.1003892421722412109 1.6312633752822875977 1.8856692314147949219 2.0022034645080566406 2.0594544410705566406 2.0693178176879882812 1.5976262092590332031 1.7801016569137573242 2.0133135318756103516 1.9158376455307006836 2.2511191368103027344 1.8827587366104125977 2.1264164447784423828 1.8977825641632080078
1.3817684650421142578 1.9643863439559936523 2.1017041206359863281 2.1340274810791015625 1.8329856395721435547 2.1960976123809814453 2.2745950222015380859 1.6127772331237792969 1.8586952686309814453 2.0944681167602539062 1.7057821750640869141 1.9756165742874145508 2.1845464706420898438 2.2232882976531982422 1.6040856838226318359 2.0647382736206054688 2.4351863861083984375 1.9222760200500488281 1.3117964267730712891 1.5662388801574707031 2.1648707389831542969 2.4052016735076904297 2.2359566688537597656 1.5587173700332641602 2.3622376918792724609 1.6902232170104980469 1.4905111789703369141 1.4774118661880493164 2.1542427539825439453 2.0114054679870605469 1.9910562038421630859 2.0300364494323730469 1.759360194206237793 2.1067736148834228516 1.9602266550064086914 1.856142878532409668 1.8631061315536499023 1.9782440662384033203 1.8819561004638671875 1.7346792221069335938
2.0891118049621582031 2.1666533946990966797 1.7101879119873046875 1.55297088623046875 2.3129303455352783203 1.786806941032409668 2.2382407188415527344 2.0177698135375976562 1.8051906824111938477 1.7494851350784301758 2.0754740238189697266 2.0022835731506347656 2.0913012027740478516 1.8499152660369873047 1.9014017581939697266 2.2193250656127929688 1.3004540205001831055 1.8276391029357910156 1.9676386117935180664 1.8310339450836181641 2.1616511344909667969 1.9111714363098144531 1.9724764823913574219 2.1170232295989990234 1.6446040868759155273 1.7346167564392089844 2.0752108097076416016 2.2987523078918457031 2.0688359737396240234 1.8423494100570678711 1.7449183464050292969 1.6309851408004760742 2.3766202926635742188 2.1204335689544677734 1.6987698078155517578 2.0857520103454589844 1.8480554819107055664 1.5901966094970703125 1.7631155252456665039 2.1554396152496337891
2.5840163230895996094 1.9450058937072753906 1.5663737058639526367 1.9148571491241455078 2.1295480728149414062 1.6471904516220092773 1.6781084537506103516 1.7213305234909057617 2.1301562786102294922 1.8260076045989990234 2.5310051441192626953 2.5413308143615722656 1.6785928010940551758 1.3559049367904663086 2.0227231979370117188 1.8949226140975952148 1.7879296541213989258 2.0710649490356445312 2.0691428184509277344 2.3003079891204833984 1.787636876106262207 1.6068359613418579102 2.0631008148193359375 2.0862803459167480469 2.2382466793060302734 1.6297777891159057617 2.0679659843444824219 1.778881072998046875 1.8007009029388427734 2.2278470993041992188 2.0755791664123535156 1.9719104766845703125 1.9567091464996337891 1.9623899459838867188 1.9865952730178833008 2.0870258808135986328 2.0172214508056640625 1.7843565940856933594 2.1212456226348876953 1.8745195865631103516
