Input_PredictorVariables/LightPollutionRed2016_Focal.asc
ncols        529
nrows        344
xllcorner    2700.000000000000
yllcorner    15900.000000000000
cellsize     100.000000000000
NODATA_value  0
[rows 300 to 319 of 344, columns 135 to 179 of 529]
96.286224365234375 96.61441802978515625 99.763397216796875 100.02890777587890625 97.87187957763671875 100.02426910400390625 102.13013458251953125 100.56410980224609375 96.37308502197265625 90.74520111083984375 94.79724884033203125 96.0854644775390625 102.03874969482421875 108.49889373779296875 122.55170440673828125 120.33661651611328125 138.165496826171875 132.808319091796875 131.654327392578125 131.178558349609375 144.6570587158203125 112.74845123291015625 96.599700927734375 90.53401947021484375 87.97988128662109375 88.5991973876953125 90.5235137939453125 78.82662200927734375 78.4323883056640625 81.26537322998046875 90.444000244140625 87.23722076416015625 88.51026153564453125 89.07822418212890625 92.0982666015625 98.123291015625 98.59075927734375 98.22617340087890625 94.65862274169921875 95.8863525390625 95.6778564453125 97.3811187744140625 93.49039459228515625 88.175048828125 89.99683380126953125
92.15352630615234375 94.623291015625 93.75682830810546875 91.40975189208984375 92.61305999755859375 98.82624053955078125 101.42110443115234375 96.335540771484375 93.910308837890625 97.46434783935546875 93.30139923095703125 92.445220947265625 94.02053070068359375 118.115447998046875 121.8937530517578125 120.4176788330078125 117.69081878662109375 128.1013946533203125 130.4472503662109375 150.708251953125 132.6024322509765625 124.743316650390625 103.83827972412109375 99.60622406005859375 98.34462738037109375 98.7736663818359375 97.6247100830078125 93.86773681640625 88.49825286865234375 89.0123291015625 87.0927581787109375 88.22637176513671875 88.34545135498046875 86.66704559326171875 87.2865142822265625 95.881561279296875 100.3764190673828125 97.27059173583984375 91.21988677978515625 95.98693084716796875 99.8347320556640625 95.41645050048828125 93.102294921875 90.5485687255859375 88.0088653564453125
89.51324462890625 93.110565185546875 91.627899169921875 89.51456451416015625 93.7771759033203125 98.7049560546875 98.8643951416015625 99.85858917236328125 99.36759185791015625 99.78868865966796875 94.85953521728515625 89.58990478515625 90.2279205322265625 96.5531158447265625 118.51094818115234375 114.30168914794921875 106.92424774169921875 95.29471588134765625 131.5595550537109375 131.258514404296875 127.88495635986328125 129.056915283203125 128.0835418701171875 107.656494140625 101.20532989501953125 110.07912445068359375 115.4475860595703125 106.64572906494140625 96.31343841552734375 90.9530487060546875 91.99674224853515625 90.18860626220703125 89.90821075439453125 87.6816864013671875 86.7956085205078125 91.128692626953125 93.90210723876953125 96.952239990234375 91.7682037353515625 91.4741058349609375 93.493499755859375 95.13393402099609375 94.57912445068359375 86.53691864013671875 87.36480712890625
93.3422393798828125 94.42247772216796875 94.4702606201171875 92.7137298583984375 97.7090911865234375 99.44368743896484375 94.1089324951171875 100.65943145751953125 102.356353759765625 99.126678466796875 93.2090606689453125 93.42577362060546875 93.04642486572265625 92.83045196533203125 95.15311431884765625 107.30768585205078125 91.864471435546875 99.56807708740234375 119.89517974853515625 118.0878448486328125 127.475311279296875 128.8233795166015625 114.16452789306640625 120.51973724365234375 116.1813201904296875 115.8377838134765625 117.204803466796875 110.14882659912109375 100.07607269287109375 94.82006072998046875 92.80194091796875 94.46901702880859375 89.41522979736328125 86.6893310546875 85.7447357177734375 89.003143310546875 92.568878173828125 92.041229248046875 90.66355133056640625 88.96874237060546875 90.90912628173828125 96.63677215576171875 91.13594818115234375 86.35758209228515625 83.1456146240234375
97.89803314208984375 100.6326751708984375 96.419342041015625 97.70880889892578125 97.4970550537109375 97.5634002685546875 95.4552764892578125 94.1097564697265625 100.19205474853515625 97.72869873046875 94.06140899658203125 92.38254547119140625 96.47553253173828125 92.99066162109375 93.56072235107421875 92.7608489990234375 97.92755126953125 120.15921783447265625 125.5676727294921875 123.36481475830078125 120.3253021240234375 115.61225128173828125 122.918670654296875 122.592987060546875 125.3814849853515625 115.443450927734375 113.639129638671875 106.75865936279296875 94.83820343017578125 91.90322113037109375 93.53467559814453125 90.9607696533203125 89.09854888916015625 83.41089630126953125 87.99808502197265625 89.10303497314453125 91.91806793212890625 90.534088134765625 92.25737762451171875 90.96503448486328125 91.563140869140625 92.76070404052734375 92.49981689453125 84.8515472412109375 85.0742645263671875
100.39568328857421875 99.47943878173828125 99.73209381103515625 97.55461883544921875 92.188690185546875 92.8173980712890625 94.97403717041015625 93.16832733154296875 92.11583709716796875 96.33681488037109375 91.95630645751953125 94.13724517822265625 90.04125213623046875 94.44586944580078125 93.36598968505859375 96.1573028564453125 118.527313232421875 121.40370941162109375 124.49759674072265625 128.982940673828125 125.200653076171875 117.2170257568359375 122.5470123291015625 121.88137054443359375 117.62049102783203125 121.307891845703125 114.48534393310546875 97.80791473388671875 88.8389892578125 89.97735595703125 84.93785858154296875 87.6280059814453125 86.9149322509765625 85.31023406982421875 85.018096923828125 90.43753814697265625 90.13765716552734375 92.6947479248046875 90.6842193603515625 94.1648406982421875 92.1778717041015625 91.93630218505859375 89.4945831298828125 90.5823822021484375 85.59210205078125
95.70664215087890625 97.21100616455078125 93.39178466796875 92.63111114501953125 91.450225830078125 88.8141632080078125 89.133575439453125 87.1141357421875 94.60394287109375 91.1820526123046875 88.18218994140625 87.97074127197265625 91.93466949462890625 91.05648040771484375 90.96839141845703125 87.84649658203125 96.44366455078125 120.23815155029296875 125.29141998291015625 121.19641876220703125 100.69588470458984375 95.5007476806640625 109.75681304931640625 115.6490631103515625 115.48630523681640625 107.85010528564453125 99.02910614013671875 91.8530426025390625 90.8814849853515625 81.67601776123046875 84.90921783447265625 83.06127166748046875 88.24028778076171875 86.493011474609375 87.23026275634765625 89.0320281982421875 92.14818572998046875 91.3100128173828125 91.38127899169921875 93.249176025390625 94.5914154052734375 93.1779632568359375 92.3734893798828125 88.52797698974609375 91.36444854736328125
92.01996612548828125 91.98560333251953125 92.62886810302734375 85.581329345703125 84.798065185546875 88.6214447021484375 87.66461181640625 91.9871063232421875 90.84130096435546875 92.00360107421875 88.98035430908203125 91.59566497802734375 92.70965576171875 94.38750457763671875 88.0691680908203125 90.59001922607421875 88.68041229248046875 98.46489715576171875 118.266845703125 96.8768310546875 94.3131866455078125 93.71987152099609375 92.5343780517578125 108.552490234375 105.076141357421875 100.43151092529296875 97.43523406982421875 95.5310211181640625 87.95040130615234375 83.1629486083984375 84.44190216064453125 84.46124267578125 81.7573089599609375 91.7442779541015625 89.6688995361328125 88.362213134765625 83.99941253662109375 86.55518341064453125 92.2301025390625 90.9944000244140625 92.7720489501953125 92.98944854736328125 94.143829345703125 95.01739501953125 90.7365875244140625
86.4420013427734375 88.85064697265625 84.6779022216796875 81.23363494873046875 83.938751220703125 88.36932373046875 89.97509002685546875 93.454071044921875 91.5921783447265625 91.5084991455078125 94.64764404296875 95.184844970703125 100.5478363037109375 96.18915557861328125 91.69036102294921875 90.043731689453125 90.295867919921875 90.8472442626953125 91.44036102294921875 90.9051361083984375 96.20288848876953125 91.36351776123046875 91.90962982177734375 94.524383544921875 99.4440765380859375 97.432861328125 101.0969390869140625 93.0379791259765625 85.940826416015625 83.80467987060546875 85.39019012451171875 82.35890960693359375 84.55640411376953125 86.79720306396484375 90.44832611083984375 84.05463409423828125 79.643524169921875 79.35980224609375 83.33908843994140625 86.816131591796875 87.26383209228515625 93.28347015380859375 92.97357940673828125 92.2446136474609375 93.81475067138671875
83.34946441650390625 84.13735198974609375 80.72493743896484375 77.6797332763671875 83.7072296142578125 87.260833740234375 91.94727325439453125 94.14315032958984375 93.532379150390625 92.0155029296875 96.14122772216796875 103.6397705078125 104.56063079833984375 100.2244415283203125 95.1565704345703125 90.95488739013671875 85.9586944580078125 87.31449127197265625 92.52147674560546875 96.53615570068359375 88.95503997802734375 90.83478546142578125 92.0439453125 98.47881317138671875 95.1074066162109375 98.5079803466796875 96.96860504150390625 88.803009033203125 84.211181640625 86.12500762939453125 81.37005615234375 83.37169647216796875 85.6113128662109375 83.5078582763671875 85.12982940673828125 83.399688720703125 79.6203460693359375 74.7790069580078125 77.22502899169921875 78.48462677001953125 84.55034637451171875 88.78403472900390625 91.71659088134765625 88.1988983154296875 94.72565460205078125
87.67409515380859375 85.971221923828125 81.3126983642578125 82.2311248779296875 80.61577606201171875 89.15381622314453125 92.79843902587890625 92.3934173583984375 94.3636932373046875 96.20763397216796875 96.00186920166015625 105.2317047119140625 105.63654327392578125 103.24555206298828125 95.56233978271484375 87.85433197021484375 90.59871673583984375 86.8114471435546875 93.5825347900390625 94.644134521484375 93.7852325439453125 89.04669189453125 94.9415283203125 94.80144500732421875 100.33946990966796875 96.45041656494140625 91.62945556640625 86.2905731201171875 87.22753143310546875 87.86719512939453125 83.3848419189453125 78.6597900390625 83.99541473388671875 84.8810577392578125 83.410675048828125 82.88495635986328125 78.32520294189453125 77.07952880859375 73.50478363037109375 77.1623992919921875 75.71920013427734375 81.68064117431640625 87.4891357421875 91.672271728515625 90.052154541015625
90.09281158447265625 87.75516510009765625 89.096405029296875 84.4216766357421875 81.13323211669921875 89.67559051513671875 95.49500274658203125 93.21167755126953125 95.5261688232421875 96.486114501953125 100.78337860107421875 104.644073486328125 108.371490478515625 104.66790771484375 95.8022308349609375 92.2604217529296875 91.75298309326171875 93.72678375244140625 91.69962310791015625 94.19073486328125 91.65582275390625 92.19797515869140625 91.9256134033203125 96.8228607177734375 99.457183837890625 96.066925048828125 90.74431610107421875 86.99527740478515625 86.5860443115234375 85.24248504638671875 84.660247802734375 80.0521087646484375 80.358489990234375 82.78987884521484375 86.32468414306640625 82.34535980224609375 80.19600677490234375 77.4598846435546875 75.922698974609375 71.912078857421875 76.19202423095703125 76.77153778076171875 80.8091888427734375 84.02033233642578125 85.4115447998046875
92.79242706298828125 93.51914215087890625 91.0211181640625 85.1440887451171875 84.4159393310546875 86.96360015869140625 89.93784332275390625 92.77037811279296875 92.22310638427734375 94.402984619140625 97.55435943603515625 102.97792816162109375 104.5005950927734375 98.87706756591796875 98.198974609375 93.709014892578125 90.22031402587890625 91.82898712158203125 95.4560546875 90.66771697998046875 91.73328399658203125 90.2310791015625 95.87203216552734375 97.43187713623046875 100.93611907958984375 100.04987335205078125 94.4264678955078125 86.5777435302734375 87.74202728271484375 84.92810821533203125 85.77593231201171875 83.25034332275390625 78.2910003662109375 81.06168365478515625 85.29193878173828125 81.49691009521484375 78.60466766357421875 80.23433685302734375 77.64124298095703125 71.5920867919921875 70.792999267578125 78.57574462890625 73.821868896484375 74.298309326171875 78.5938262939453125
93.89601898193359375 95.824859619140625 93.13431549072265625 86.48506927490234375 85.5977935791015625 86.12722015380859375 85.40961456298828125 87.8827056884765625 90.2263031005859375 92.9569549560546875 94.21514129638671875 95.8593597412109375 98.5312652587890625 97.06591796875 91.6143951416015625 93.53115081787109375 89.94808197021484375 88.5659637451171875 86.16001129150390625 90.1378631591796875 90.09229278564453125 91.08092498779296875 91.696197509765625 96.3012542724609375 97.2724761962890625 99.2669830322265625 95.1698760986328125 90.01569366455078125 84.9986572265625 85.99530792236328125 84.89154815673828125 82.73142242431640625 80.98748016357421875 82.65901947021484375 79.8974609375 74.93909454345703125 75.972198486328125 77.16716766357421875 81.33139801025390625 74.06313323974609375 70.6918182373046875 71.1715087890625 70.242706298828125 70.60619354248046875 71.09058380126953125
94.14111328125 94.67273712158203125 89.77463531494140625 84.56253814697265625 85.71434783935546875 84.3500213623046875 87.6027374267578125 84.057586669921875 88.524200439453125 90.40880584716796875 90.7442169189453125 92.93707275390625 94.26973724365234375 93.47467041015625 90.4743804931640625 87.3698883056640625 90.62145233154296875 83.59777069091796875 85.2537994384765625 87.563568115234375 91.80544281005859375 89.5934295654296875 85.92364501953125 91.75255584716796875 94.10819244384765625 95.5034942626953125 95.36676025390625 91.47119903564453125 91.82860565185546875 90.17581939697265625 87.092529296875 79.87902069091796875 86.355010986328125 83.20746612548828125 74.46728515625 71.3944091796875 72.40090179443359375 74.25722503662109375 78.4230194091796875 76.21026611328125 70.6624298095703125 64.7083587646484375 68.2298736572265625 68.00940704345703125 71.67848968505859375
95.25934600830078125 91.46315765380859375 83.6193084716796875 83.55339813232421875 83.825836181640625 87.51753997802734375 86.8768157958984375 86.70993804931640625 88.3688201904296875 89.4818878173828125 93.16754913330078125 93.142974853515625 87.38298797607421875 88.4622955322265625 89.8610687255859375 89.15659332275390625 84.0247955322265625 86.4957275390625 84.8145599365234375 90.59883880615234375 90.13616180419921875 86.08144378662109375 82.17110443115234375 81.802642822265625 87.38898468017578125 91.0704345703125 95.20196533203125 93.9445953369140625 92.1302947998046875 94.1057891845703125 89.90402984619140625 88.6277313232421875 82.36893463134765625 81.71421051025390625 75.49069976806640625 71.12461090087890625 70.786773681640625 74.72853851318359375 76.3038482666015625 72.7775421142578125 68.8464813232421875 65.9288482666015625 66.53392791748046875 65.705078125 71.83573150634765625
91.15374755859375 85.93941497802734375 85.787567138671875 84.1807861328125 82.89925384521484375 86.58972930908203125 90.35988616943359375 90.66300201416015625 88.643310546875 90.7386016845703125 90.69988250732421875 90.49399566650390625 90.497344970703125 86.0083160400390625 87.18798828125 86.82700347900390625 89.97844696044921875 88.52141571044921875 88.0659027099609375 88.774658203125 87.99698638916015625 82.76990509033203125 81.4085693359375 75.2225189208984375 78.84220123291015625 88.64923858642578125 94.82964324951171875 94.54229736328125 98.68384552001953125 91.32915496826171875 92.133392333984375 87.536376953125 86.594512939453125 80.41770172119140625 81.49176025390625 73.20227813720703125 68.79770660400390625 74.40445709228515625 75.32064056396484375 73.2442474365234375 65.825958251953125 67.15700531005859375 66.72409820556640625 71.6059112548828125 74.01961517333984375
92.81295013427734375 88.61846923828125 85.68438720703125 82.52384185791015625 84.5398101806640625 90.13658905029296875 91.621429443359375 90.5771484375 89.578643798828125 91.15679931640625 92.6653594970703125 90.28028106689453125 91.95317840576171875 89.95845794677734375 88.04803466796875 91.29949188232421875 89.22528839111328125 89.15554046630859375 90.93459320068359375 92.33119964599609375 84.7416839599609375 79.6512908935546875 76.94190216064453125 78.47795867919921875 82.61537933349609375 85.347076416015625 89.884765625 93.45485687255859375 97.2438812255859375 98.1925201416015625 90.34430694580078125 88.16650390625 85.941192626953125 88.40472412109375 85.69670867919921875 80.52060699462890625 75.2449951171875 75.71500396728515625 74.420440673828125 70.60631561279296875 67.8660888671875 68.14276123046875 69.76250457763671875 74.08782958984375 78.0889129638671875
95.627838134765625 93.9268798828125 83.62628936767578125 80.2476654052734375 85.7257080078125 89.84064483642578125 90.36571502685546875 89.695556640625 89.6809539794921875 90.84937286376953125 93.93885040283203125 92.4914093017578125 90.8225250244140625 88.951141357421875 90.0787506103515625 90.06200408935546875 87.2668304443359375 85.852020263671875 89.7151336669921875 86.54857635498046875 83.9565887451171875 80.783203125 77.16152191162109375 84.5082244873046875 84.26384735107421875 86.8997650146484375 91.12938690185546875 95.8239288330078125 94.60562896728515625 94.93480682373046875 97.08423614501953125 88.6267242431640625 90.68828582763671875 93.60356903076171875 92.8993682861328125 86.1699981689453125 82.4744720458984375 76.18880462646484375 76.47408294677734375 72.36281585693359375 67.92139434814453125 68.56325531005859375 73.31114959716796875 78.4633636474609375 79.95172882080078125
91.92896270751953125 87.5968017578125 81.946563720703125 80.8684234619140625 81.5408477783203125 85.32186126708984375 89.57241058349609375 87.64340972900390625 90.3248291015625 89.6966705322265625 90.7489166259765625 94.8220062255859375 91.0673980712890625 85.7491455078125 84.248260498046875 79.74222564697265625 82.02492523193359375 84.6451568603515625 87.04228973388671875 84.6617889404296875 80.44202423095703125 79.8924713134765625 81.2579803466796875 86.77056121826171875 87.49571990966796875 89.429107666015625 93.05260467529296875 94.14026641845703125 93.5655059814453125 96.98149871826171875 93.08699798583984375 93.24560546875 92.26978302001953125 96.08823394775390625 96.2680816650390625 95.33568572998046875 87.32196807861328125 77.741546630859375 78.0668182373046875 72.36484527587890625 68.7563629150390625 67.637451171875 74.98644256591796875 80.55171966552734375 81.61100006103515625
