Input_PredictorVariables/LightPollutionRed2016_Ratio.asc
ncols        529
nrows        344
xllcorner    2700.000000000000
yllcorner    15900.000000000000
cellsize     100.000000000000
NODATA_value  -3.4028234663852885981e+38
[rows 0 to 16 of 344, columns 360 to 399 of 529]
2.4484529495239257812 1.7034151554107666016 1.7764571905136108398 2.7812492847442626953 5.5058093070983886719 4.2930769920349121094 2.8372733592987060547 2.7920644283294677734 3.5478916168212890625 2.7459506988525390625 1.9079018831253051758 1.6605237722396850586 2.8552775382995605469 4.0394244194030761719 3.5739622116088867188 3.7891454696655273438 1.8941431045532226562 1.9997389316558837891 1.2368465662002563477 1.1226384639739990234 2.0183656215667724609 2.5628900527954101562 2.6920244693756103516 2.8686585426330566406 2.6543500423431396484 2.5813763141632080078 2.79773712158203125 2.8342299461364746094 2.9292547702789306641 2.9275686740875244141 3.2847332954406738281 3.1684713363647460938 2.7516126632690429688 2.8947360515594482422 2.5492987632751464844 3.1695623397827148438 2.7460813522338867188 2.414798736572265625 2.6074626445770263672 2.8314859867095947266
1.796713709831237793 1.8428885936737060547 2.9115207195281982422 1.1411213874816894531 0.91598606109619140625 1.5838693380355834961 3.0555250644683837891 2.5700581073760986328 2.3069448471069335938 1.1248151063919067383 1.3742192983627319336 1.4449558258056640625 0.97631955146789550781 1.7342154979705810547 2.1927025318145751953 3.1705431938171386719 1.3036098480224609375 1.5499427318572998047 1.8493672609329223633 2.7350571155548095703 1.4257830381393432617 1.2346080541610717773 2.3196473121643066406 2.3989679813385009766 2.2912945747375488281 2.0524907112121582031 1.8798450231552124023 1.9212127923965454102 2.2271389961242675781 1.8871809244155883789 1.8997608423233032227 2.1274302005767822266 2.1883785724639892578 2.2990100383758544922 2.0199882984161376953 1.9508030414581298828 1.976665496826171875 2.2418115139007568359 2.00337982177734375 2.1628940105438232422
1.5673558712005615234 2.3359098434448242188 1.6437226533889770508 1.1868405342102050781 0.91402095556259155273 1.826272130012512207 2.6690521240234375 2.347209930419921875 0.85378301143646240234 1.2761079072952270508 1.4619333744049072266 1.8467130661010742188 1.9569569826126098633 2.0862214565277099609 1.5010017156600952148 2.8126378059387207031 1.3286442756652832031 1.1385097503662109375 2.9779479503631591797 4.0136475563049316406 2.6459784507751464844 0.89223712682723999023 1.3038775920867919922 1.6587752103805541992 1.9373409748077392578 1.8567101955413818359 2.1366097927093505859 1.9660834074020385742 1.8438251018524169922 2.0469377040863037109 2.0424838066101074219 1.8081947565078735352 1.8597806692123413086 2.0207540988922119141 1.8169116973876953125 1.9748560190200805664 1.9059438705444335938 1.6029447317123413086 1.7625113725662231445 1.8741987943649291992
3.8576276302337646484 3.9084494113922119141 1.8466674089431762695 1.080057978630065918 1.0152103900909423828 2.2027542591094970703 2.4244534969329833984 2.1271331310272216797 1.001530766487121582 2.0027930736541748047 2.9710602760314941406 1.3797676563262939453 1.8496963977813720703 3.1467049121856689453 1.4514050483703613281 2.8075006008148193359 1.2478812932968139648 0.8552334904670715332 0.79376494884490966797 1.2230759859085083008 2.3415737152099609375 1.8171074390411376953 1.0576307773590087891 1.5104417800903320312 1.8457925319671630859 1.7989504337310791016 1.9791696071624755859 2.0515964031219482422 1.8946075439453125 1.9666152000427246094 1.6609891653060913086 1.9775465726852416992 2.1881780624389648438 1.7188886404037475586 1.6820528507232666016 2.1174509525299072266 2.6612246036529541016 1.8160903453826904297 1.7060368061065673828 1.7083262205123901367
1.4091476202011108398 1.1810878515243530273 1.2727106809616088867 1.3457893133163452148 3.3394351005554199219 2.3040060997009277344 1.337210536003112793 1.2741932868957519531 1.4189591407775878906 1.4320784807205200195 4.2693815231323242188 1.4936325550079345703 0.92716389894485473633 2.8941528797149658203 0.63487344980239868164 2.7855973243713378906 0.96445876359939575195 0.9651114344596862793 3.6002829074859619141 2.76169586181640625 2.1536271572113037109 2.6306548118591308594 1.1590149402618408203 1.1741231679916381836 1.9861083030700683594 1.7814087867736816406 1.418566584587097168 2.2959523200988769531 1.5903600454330444336 1.8007942438125610352 2.0092108249664306641 1.8783221244812011719 2.1383776664733886719 1.5144026279449462891 1.446473240852355957 1.8633636236190795898 2.0238480567932128906 1.8607190847396850586 1.9431551694869995117 1.6452132463455200195
3.2174744606018066406 1.7163941860198974609 1.2494130134582519531 1.1390465497970581055 2.1236181259155273438 2.2938137054443359375 2.1748318672180175781 1.0033652782440185547 1.6235170364379882812 1.1433997154235839844 1.0040342807769775391 3.2411735057830810547 3.2704541683197021484 3.4739868640899658203 1.1556535959243774414 2.9422850608825683594 0.90295100212097167969 0.95155918598175048828 4.2793779373168945312 2.2473719120025634766 1.7781214714050292969 2.8351740837097167969 2.9360947608947753906 0.87309741973876953125 1.3965963125228881836 2.0267267227172851562 1.6199146509170532227 2.0291609764099121094 1.9727472066879272461 1.9060730934143066406 1.6032216548919677734 1.6730123758316040039 1.7408654689788818359 2.0900757312774658203 2.9251732826232910156 1.7257335186004638672 1.5595538616180419922 1.7623002529144287109 2.1754908561706542969 1.7898888587951660156
1.2695764303207397461 1.3971804380416870117 1.3637914657592773438 1.0154302120208740234 1.477524876594543457 2.6682448387145996094 1.9636307954788208008 0.82209664583206176758 1.4844652414321899414 1.5858346223831176758 1.4581186771392822266 1.5386362075805664062 0.99528431892395019531 1.0038256645202636719 2.3427433967590332031 3.5775668621063232422 1.8733161687850952148 0.78741371631622314453 0.98552417755126953125 2.7349371910095214844 3.0236942768096923828 2.1501393318176269531 2.3463292121887207031 1.1168274879455566406 1.3923467397689819336 1.8790445327758789062 2.1585514545440673828 1.8806785345077514648 1.5386489629745483398 1.9065140485763549805 2.0535156726837158203 2.1043767929077148438 2.0036327838897705078 1.4684069156646728516 2.3407335281372070312 1.8044035434722900391 1.7836687564849853516 2.2089209556579589844 1.6281961202621459961 1.0898360013961791992
1.7372781038284301758 1.7955013513565063477 1.3333820104598999023 1.3124572038650512695 1.2058920860290527344 3.0981397628784179688 2.9226574897766113281 1.7701610326766967773 1.3884797096252441406 1.4417170286178588867 1.7881834506988525391 1.5056825876235961914 1.2460794448852539062 0.8591353297233581543 0.84565794467926025391 3.1985559463500976562 1.0496537685394287109 1.3624057769775390625 1.1660329103469848633 1.4779762029647827148 0.97511774301528930664 1.4586557149887084961 1.3335376977920532227 1.615391850471496582 1.8401664495468139648 1.8298619985580444336 2.1907501220703125 2.0174412727355957031 2.0382893085479736328 2.0984435081481933594 2.0313856601715087891 2.0488197803497314453 1.9131814241409301758 2.0953984260559082031 1.6011826992034912109 1.7510552406311035156 1.8035627603530883789 2.1722621917724609375 1.5221376419067382812 0.69465458393096923828
1.4699426889419555664 1.3515760898590087891 1.9805712699890136719 3.5444288253784179688 2.4837558269500732422 1.7595365047454833984 2.5053715705871582031 1.5723842382431030273 0.99695229530334472656 1.4786958694458007812 1.6047753095626831055 1.8600600957870483398 1.4991402626037597656 1.478648066520690918 1.2410787343978881836 2.8493473529815673828 1.0138033628463745117 1.4612995386123657227 1.7178339958190917969 1.517447352409362793 1.3328964710235595703 1.4067358970642089844 1.5332376956939697266 1.6125290393829345703 2.3362247943878173828 2.0356774330139160156 1.7993364334106445312 1.6645216941833496094 2.1727135181427001953 2.2753722667694091797 1.9123651981353759766 1.5010322332382202148 1.9963043928146362305 2.0695111751556396484 1.8624006509780883789 1.7912994623184204102 2.2652947902679443359 1.5492305755615234375 1.2381556034088134766 0.57679373025894165039
2.5001235008239746094 1.1078089475631713867 1.5881879329681396484 2.2220995426177978516 2.1098895072937011719 1.5470308065414428711 1.8217320442199707031 2.4242808818817138672 1.7966066598892211914 1.1602785587310791016 1.6743468046188354492 1.6629313230514526367 1.3217939138412475586 2.1228642463684082031 3.9585030078887939453 3.8573691844940185547 0.87142455577850341797 0.98743444681167602539 1.5898334980010986328 1.8238240480422973633 2.0098557472229003906 1.5499628782272338867 1.8741204738616943359 1.9632292985916137695 1.8508948087692260742 1.7767589092254638672 2.1003897190093994141 1.8408744335174560547 1.4726117849349975586 1.6877747774124145508 2.0191009044647216797 1.7544852495193481445 1.9131956100463867188 1.8871784210205078125 2.6262986660003662109 2.0172321796417236328 1.49085235595703125 1.9326596260070800781 0.92027592658996582031 0.96337652206420898438
1.6338354349136352539 1.3799475431442260742 1.1810719966888427734 1.0798362493515014648 2.8729798793792724609 2.2220838069915771484 3.053432464599609375 2.3399527072906494141 1.7531421184539794922 1.0947935581207275391 1.4891551733016967773 1.64022064208984375 1.4302259683609008789 1.1115339994430541992 1.2493180036544799805 2.9234113693237304688 1.0232565402984619141 1.2399830818176269531 1.5882047414779663086 1.7557374238967895508 1.8287670612335205078 2.0501794815063476562 2.0465753078460693359 1.6501030921936035156 1.965722203254699707 2.15491485595703125 1.5323280096054077148 1.7116066217422485352 2.3850734233856201172 2.0138761997222900391 2.0228979587554931641 1.7416534423828125 1.8303943872451782227 2.4673588275909423828 1.8895097970962524414 1.8224408626556396484 1.8678430318832397461 1.35443115234375 0.70266246795654296875 3.3875958919525146484
1.7384296655654907227 1.4786399602890014648 1.7470873594284057617 1.8331356048583984375 3.2769114971160888672 2.4834029674530029297 2.2753269672393798828 1.9485152959823608398 3.6718335151672363281 1.0417877435684204102 1.8203852176666259766 1.6998012065887451172 1.5826663970947265625 1.2440085411071777344 1.3156707286834716797 2.9132788181304931641 2.0381686687469482422 3.6539585590362548828 1.7947256565093994141 1.7369745969772338867 1.6671342849731445312 2.1035439968109130859 1.9984729290008544922 1.6752005815505981445 1.5618690252304077148 1.1570210456848144531 1.2039697170257568359 1.6163736581802368164 2.102840423583984375 1.7592445611953735352 1.7803188562393188477 1.9181536436080932617 1.7725211381912231445 1.7953664064407348633 1.9604305028915405273 1.6550793647766113281 2.0922245979309082031 1.3963559865951538086 0.75691896677017211914 1.6052041053771972656
1.3000493049621582031 1.5119034051895141602 1.5499435663223266602 1.3294070959091186523 0.93883991241455078125 1.0427075624465942383 0.766216278076171875 1.054383397102355957 1.8139923810958862305 1.0818619728088378906 3.1526658535003662109 2.0304181575775146484 1.609608769416809082 1.0757988691329956055 2.4256844520568847656 3.9333443641662597656 0.84061580896377563477 1.366164088249206543 1.4601306915283203125 2.0273180007934570312 1.9692680835723876953 1.8572745323181152344 1.6336015462875366211 1.1110739707946777344 0.952625274658203125 0.96909797191619873047 3.8279356956481933594 1.2767380475997924805 1.6120809316635131836 1.6093617677688598633 1.9133212566375732422 2.0937340259552001953 1.9346370697021484375 1.6543459892272949219 2.0578744411468505859 1.9355502128601074219 1.7436065673828125 1.7041954994201660156 0.92576462030410766602 0.6422017216682434082
3.1487703323364257812 1.5797741413116455078 1.6724656820297241211 1.8077199459075927734 1.8217499256134033203 1.3713079690933227539 1.3363950252532958984 1.1456719636917114258 3.0668408870697021484 1.2399356365203857422 1.7778136730194091797 1.7793214321136474609 1.7987982034683227539 1.3182126283645629883 1.1642822027206420898 2.9137980937957763672 1.0687729120254516602 1.2840573787689208984 1.535307765007019043 1.7013784646987915039 1.9498791694641113281 1.2842072248458862305 0.99932008981704711914 1.078694462776184082 4.4029598236083984375 5.4409332275390625 3.197254180908203125 0.79567247629165649414 1.6046175956726074219 2.1362736225128173828 2.2273824214935302734 1.8468565940856933594 1.6076792478561401367 2.0807883739471435547 2.2491133213043212891 1.8381041288375854492 1.7887899875640869141 1.8581564426422119141 1.7025579214096069336 1.0852615833282470703
1.5750172138214111328 1.4643825292587280273 1.7841876745223999023 2.0601298809051513672 1.9318666458129882812 1.7614159584045410156 1.4493570327758789062 1.107779383659362793 4.7640352249145507812 0.854736328125 1.3177838325500488281 1.7970385551452636719 1.6189881563186645508 1.2110639810562133789 1.2254514694213867188 3.4989125728607177734 1.1265573501586914062 1.6318265199661254883 1.8466254472732543945 1.7249073982238769531 0.88894349336624145508 0.91075754165649414062 2.2224557399749755859 5.073230743408203125 2.3278827667236328125 0.64798498153686523438 0.91276776790618896484 1.7275989055633544922 1.7980055809020996094 1.9272472858428955078 1.7532352209091186523 1.7466495037078857422 2.0561077594757080078 1.6199750900268554688 1.5686217546463012695 2.1336917877197265625 1.9882743358612060547 2.0303666591644287109 1.5887131690979003906 2.4062280654907226562
1.1936190128326416016 1.9504191875457763672 2.0664112567901611328 1.7524257898330688477 1.8353474140167236328 1.9752343893051147461 1.4256197214126586914 0.9116103053092956543 3.5263860225677490234 1.1935379505157470703 1.4966677427291870117 2.0439519882202148438 1.8354964256286621094 1.2075961828231811523 2.2557804584503173828 2.8466007709503173828 1.2517037391662597656 1.5899771451950073242 1.1736409664154052734 0.90504449605941772461 1.2483023405075073242 4.0309100151062011719 3.0738518238067626953 0.95310926437377929688 0.89143383502960205078 1.0570616722106933594 1.9215772151947021484 1.6772311925888061523 1.8913674354553222656 1.7698812484741210938 1.7345228195190429688 2.4470109939575195312 2.2332897186279296875 2.1553342342376708984 1.6530133485794067383 1.7635267972946166992 1.6632386445999145508 1.9403555393218994141 2.1682102680206298828 1.948720097541809082
1.4302456378936767578 1.7959184646606445312 1.614055633544921875 1.8036872148513793945 1.9772641658782958984 1.3424865007400512695 1.053288578987121582 1.0723547935485839844 2.5440919399261474609 0.95806932449340820312 1.5170853137969970703 1.9731252193450927734 1.3826102018356323242 1.0587018728256225586 4.6723613739013671875 2.6738710403442382812 1.0070723295211791992 0.6673329472541809082 0.73490244150161743164 2.2925603389739990234 5.1434607505798339844 1.9075351953506469727 1.0462474822998046875 1.0530428886413574219 1.4906990528106689453 1.6106644868850708008 2.0945212841033935547 1.9507696628570556641 2.0078382492065429688 1.9564821720123291016 1.8198370933532714844 2.2599060535430908203 1.3679478168487548828 1.9099109172821044922 2.2852799892425537109 1.6434861421585083008 1.9555146694183349609 1.8221838474273681641 1.6430879831314086914 1.6887663602828979492
