Input_PredictorVariables/LightPollutionIntensity2016_ratio.asc
ncols        529
nrows        344
xllcorner    2700.000000000000
yllcorner    15900.000000000000
cellsize     100.000000000000
NODATA_value  -3.4028234663852885981e+38
[rows 323 to 339 of 344, columns 400 to 439 of 529]
2.7173912525177001953 3.6057691574096679688 2.4193549156188964844 0.59523808956146240234 1.1290322542190551758 1.8472906351089477539 0.80645161867141723633 4.4303798675537109375 0.97560977935791015625 1.5853658914566040039 1.323529362678527832 1.7751479148864746094 0.86206895112991333008 1.913875579833984375 0.93896710872650146484 1.5625 1.3033175468444824219 0.66312998533248901367 0.79787236452102661133 0.68807339668273925781 0.8317025303840637207 0.91407680511474609375 2.3905997276306152344 0.375 1.6927083730697631836 0.72254335880279541016 1.9852941036224365234 2.4671051502227783203 3.2178218364715576172 2.6479749679565429688 1.2048193216323852539 2.3297491073608398438 0.50933784246444702148 1.2979683876037597656 1.656550288200378418 0.4660797417163848877 2.3049645423889160156 0.61107671260833740234 3.9413383007049560547 1.3998782634735107422
3.504673004150390625 0.49407115578651428223 2.9735682010650634766 3.4246575832366943359 1.9021738767623901367 0.60386472940444946289 1.1538461446762084961 1.7374517917633056641 2.6470587253570556641 4.5673074722290039062 1.6089109182357788086 1.1479592323303222656 0.68306010961532592773 0.86705201864242553711 4.6336207389831542969 1.0869565010070800781 1.1405671834945678711 0.03209242597222328186 0.95520418882369995117 1.5027322769165039062 0.90909093618392944336 1.2521588802337646484 1.4668366909027099609 2.0742359161376953125 1.7904509305953979492 4.1284403800964355469 1.699029088020324707 1.8493150472640991211 1.9607843160629272461 2.5597269535064697266 0.6756756901741027832 1.3961038589477539062 0.98973608016967773438 5.1315789222717285156 2.1588089466094970703 1.0406464338302612305 2.6154172420501708984 1.2404896020889282227 1.6831547021865844727 1.9348597526550292969
2.6785714626312255859 0.50607287883758544922 2.027027130126953125 2.3026316165924072266 0.31120333075523376465 3.5388128757476806641 2.8037383556365966797 3.9893617630004882812 0.45126354694366455078 0.51369863748550415039 2.6086957454681396484 2.3809523582458496094 1.7341040372848510742 1.9801980257034301758 2 0.56014150381088256836 1.013941645622253418 17.472118377685546875 0.4685408174991607666 0.5562826991081237793 0.64935064315795898438 2.3927392959594726562 2.8195488452911376953 5.7971014976501464844 1.3815789222717285156 1.3888888359069824219 1.3250883817672729492 2.0979020595550537109 1.1551154851913452148 2.1551723480224609375 0.59523808956146240234 1.8256334066390991211 0.6747404932975769043 2.9424877166748046875 1.3807531595230102539 0.96153843402862548828 0.83899319171905517578 3.7410318851470947266 1.0790358781814575195 3.4536249637603759766
1.4705882072448730469 2.1352312564849853516 0.93360996246337890625 5.2631578445434570312 1.1306532621383666992 1.712328791618347168 1.2244898080825805664 0.40272614359855651855 0.26913875341415405273 0.56279623508453369141 1.9791666269302368164 4.296875 0.95108693838119506836 0.76419216394424438477 1.6346154212951660156 3.3730158805847167969 0.63482469320297241211 0.54697555303573608398 0.64432990550994873047 3.0952382087707519531 1.3285024166107177734 0.37593984603881835938 0.61349695920944213867 1.5765765905380249023 1.5398551225662231445 0.36231884360313415527 1.750972747802734375 3.4482758045196533203 1.1565836668014526367 1.4705882072448730469 1.3605442047119140625 0.69750368595123291016 0.92838197946548461914 3.2098014354705810547 1.2009607553482055664 1.8774703741073608398 1.925391077995300293 4.1730327606201171875 2.1776194572448730469 1.6753698587417602539
1.4097744226455688477 2.9605262279510498047 2.2727272510528564453 0.65445023775100708008 1.775956273078918457 1.5550239086151123047 0.47831633687019348145 0.85054677724838256836 18.190298080444335938 1.4162561893463134766 0.45509707927703857422 1.6816143989562988281 1.2331838607788085938 1.9607843160629272461 2.5201613903045654297 1.733576655387878418 0.80321288108825683594 0.52424639463424682617 0.39370077848434448242 2.0609319210052490234 1.3618676662445068359 2.6136362552642822266 3.6437246799468994141 0.99667775630950927734 1.3779528141021728516 1.5306122303009033203 0.32894736528396606445 1.7269736528396606445 2.956989288330078125 2.7888445854187011719 0.88028168678283691406 1.1476427316665649414 0.85056704282760620117 6.1945748329162597656 4.9580659866333007812 1.0204081535339355469 1.4560827016830444336 1.1368091106414794922 1.2943432331085205078 0.95747888088226318359
0.77777779102325439453 5.7531380653381347656 1.2228261232376098633 0.6756756901741027832 0.99337750673294067383 2.3076922893524169922 2.3399014472961425781 0.28625953197479248047 0.3671970665454864502 0.69885641336441040039 1.785714268684387207 0.3061224520206451416 0.82644629478454589844 2.2810218334197998047 1.4869889020919799805 1.964285731315612793 2.2908365726470947266 2.1008403301239013672 1.1513158082962036133 3.359375 1.40625 1.2455515861511230469 2.0531401634216308594 3.3811476230621337891 2.0428016185760498047 3.1655843257904052734 4.4270834922790527344 2.6785714626312255859 1.0317460298538208008 2.3408238887786865234 0.87336242198944091797 1.7156863212585449219 0.32544377446174621582 0.54276317358016967773 0.51880675554275512695 0.91374266147613525391 2.0632736682891845703 0.75406032800674438477 2.3793337345123291016 4.5629062652587890625
2.1255061626434326172 1.7361111640930175781 0.96153843402862548828 0.18115942180156707764 1.0928962230682373047 3.0788178443908691406 2.5125627517700195312 1.9144144058227539062 0.51813471317291259766 2.1551723480224609375 1.7543859481811523438 1.5444015264511108398 3.8461537361145019531 1.5406162738800048828 2.1806852817535400391 3.7698411941528320312 0.74349445104598999023 1.2027491331100463867 2.6515152454376220703 3.5211267471313476562 2.5216138362884521484 0.96153843402862548828 0.64102566242218017578 0.48076921701431274414 1.8162393569946289062 0.97517728805541992188 1.278409123420715332 0.98360657691955566406 2.5862069129943847656 0.55970150232315063477 1.2948206663131713867 2.2321429252624511719 1.881720423698425293 0.96053999662399291992 0.85431653261184692383 1.1566771268844604492 1.8475365638732910156 1.353276371955871582 2.5901267528533935547 3.0397994518280029297
0.88383835554122924805 1.2126865386962890625 1.8181818723678588867 3.3870968818664550781 2.8614456653594970703 2.953586578369140625 1.0714285373687744141 1.5706806182861328125 2.0737326145172119141 0.98039215803146362305 1.7777777910232543945 1.6666666269302368164 3.0505952835083007812 3.2420749664306640625 0.73099416494369506836 1.3059701919555664062 3.9408867359161376953 1.3157894611358642578 1.8348623514175415039 1.5306122303009033203 3.6490683555603027344 2.6264591217041015625 0.40000000596046447754 1.0245901346206665039 0.6224066615104675293 4.2452831268310546875 2.2376542091369628906 1.1780104637145996094 3.6931817531585693359 2.2222223281860351562 1.4035087823867797852 1.8601191043853759766 1.6315789222717285156 0.67494601011276245117 3.0434782505035400391 1.9019248485565185547 1.9244105815887451172 0.69512194395065307617 1.7579722404479980469 2.8240084648132324219
2.3333332538604736328 5.4012346267700195312 1.9736841917037963867 0.46583852171897888184 1.2690355777740478516 2.4390244483947753906 0.36945813894271850586 2.0731706619262695312 1.9144144058227539062 0.96982759237289428711 1.8939393758773803711 1.8953068256378173828 1.3456090688705444336 3.7704918384552001953 1.9927536249160766602 0.59760957956314086914 1.5258215665817260742 0.32751092314720153809 3.9473683834075927734 1.3322883844375610352 1.8668831586837768555 2.5773196220397949219 2.2321429252624511719 6.9306931495666503906 0.90909093618392944336 1.2110726833343505859 3.3333332538604736328 1.5486725568771362305 1.3494318723678588867 1.9904458522796630859 0.97799509763717651367 1.2941176891326904297 1.0732322931289672852 2.2372529506683349609 2.6199998855590820312 0.62753033638000488281 4.5146322250366210938 2.9518072605133056641 1.875 1.0583941936492919922
0.90909093618392944336 0.61274510622024536133 1.0670732259750366211 1.6272189617156982422 0.57142859697341918945 6.010929107666015625 0.36057692766189575195 1.7489712238311767578 4.9783549308776855469 1.6460905075073242188 1.0162601470947265625 2.1459226608276367188 2.2425248622894287109 0.84175086021423339844 2.3206751346588134766 2.0408163070678710938 0.50251257419586181641 2.1008403301239013672 0.68965518474578857422 0.74906367063522338867 1.1811023950576782227 0.68493151664733886719 1.3043478727340698242 0.73529410362243652344 1.3944222927093505859 0.51724135875701904297 1.4705882072448730469 3.3582088947296142578 0.57142859697341918945 3.3212559223175048828 1.9326683282852172852 1.8492176532745361328 1.1391625404357910156 6.9042873382568359375 1.3809523582458496094 1.1781150102615356445 0.98484849929809570312 0.83172613382339477539 1.0099912881851196289 0.85949176549911499023
0.63131314516067504883 1.9859813451766967773 4.8657717704772949219 0.4716981053352355957 1.4945652484893798828 3.0864198207855224609 0.41436463594436645508 1.8805309534072875977 2.9661016464233398438 1.9791666269302368164 1.2875536680221557617 1.7999999523162841797 2.2821576595306396484 1.2867647409439086914 3.0339806079864501953 3.1407034397125244141 1.7021276950836181641 2.6556775569915771484 4.25 2.3102309703826904297 1.3779528141021728516 2.8384280204772949219 1.4644351005554199219 1.423487544059753418 3.0590717792510986328 1.5454545021057128906 2.4429967403411865234 4.4545454978942871094 0.390625 1.9444444179534912109 4.0827741622924804688 1.3157894611358642578 0.82644629478454589844 2.7647058963775634766 1.9154229164123535156 0.93220341205596923828 1.148105621337890625 2.8593680858612060547 4.0634188652038574219 0.95090669393539428711
2.1794872283935546875 1.8421052694320678711 2.0531401634216308594 0.90909093618392944336 3.87596893310546875 1.125 0.91240876913070678711 2.8089888095855712891 1.4285714626312255859 3.3505153656005859375 1.8805309534072875977 2.7027027606964111328 3.6384975910186767578 1.1968084573745727539 1.1961722373962402344 0.40540540218353271484 0.56306308507919311523 0.99277979135513305664 3.223270416259765625 0.85403728485107421875 2.1535580158233642578 2.2058823108673095703 1.118210911750793457 0.43859648704528808594 5.0865802764892578125 1.4344261884689331055 1.1948529481887817383 1.4657980203628540039 0.64102566242218017578 1.9230768680572509766 0.87365591526031494141 1.3157894611358642578 1.8800812959671020508 1.3376932144165039062 0.69901317358016967773 1.3101603984832763672 0.43209877610206604004 3.4504132270812988281 5.3101887702941894531 1.2228261232376098633
0.80645161867141723633 7.5714287757873535156 1.285714268684387207 1.7515923976898193359 2.4137930870056152344 0.48387095332145690918 0.17605634033679962158 3.0797102451324462891 0.14619882404804229736 1.1173183917999267578 0.9375 2.0491802692413330078 1.5432099103927612305 2.0061728954315185547 1.9230768680572509766 3.4482758045196533203 2.3876404762268066406 3.007518768310546875 1.3803681135177612305 2.9166667461395263672 1.5070922374725341797 1.0797342061996459961 5.3435115814208984375 2.3764257431030273438 2.9000000953674316406 0.93896710872650146484 2.1367521286010742188 1.6806722879409790039 1.80608367919921875 1.3374485969543457031 3.9119803905487060547 0.38126361370086669922 1.7391303777694702148 1.6333938837051391602 2.5446429252624511719 2.3062729835510253906 1.2841091156005859375 1.3453439474105834961 0.81237912178039550781 3.1654474735260009766
2.8571429252624511719 0.17605634033679962158 0.75757575035095214844 2.5943396091461181641 1.2711864709854125977 9.7345132827758789062 0.9765625 3.6231884956359863281 5.5785121917724609375 0.58139532804489135742 5.5555553436279296875 2.8846154212951660156 0.57251906394958496094 1.3586956262588500977 4 2.5641026496887207031 0.78125 3.0585105419158935547 2.7542371749877929688 5.3921570777893066406 1.3100436925888061523 1.9480519294738769531 5.4521274566650390625 1.1780104637145996094 -3.4028234663852885981e+38 1.3605442047119140625 2.8368794918060302734 6.3235292434692382812 2.6234567165374755859 1.055194854736328125 1.4705882072448730469 5.6930694580078125 5.3258147239685058594 2.9166667461395263672 1.7131979465484619141 1.5261627435684204102 0.76045626401901245117 6.2013998031616210938 1.8248175382614135742 3.3625731468200683594
-3.4028234663852885981e+38 -3.4028234663852885981e+38 -3.4028234663852885981e+38 -3.4028234663852885981e+38 -3.4028234663852885981e+38 -3.4028234663852885981e+38 -3.4028234663852885981e+38 -3.4028234663852885981e+38 -3.4028234663852885981e+38 -3.4028234663852885981e+38 -3.4028234663852885981e+38 -3.4028234663852885981e+38 -3.4028234663852885981e+38 -3.4028234663852885981e+38 -3.4028234663852885981e+38 -3.4028234663852885981e+38 -3.4028234663852885981e+38 -3.4028234663852885981e+38 -3.4028234663852885981e+38 -3.4028234663852885981e+38 -3.4028234663852885981e+38 -3.4028234663852885981e+38 -3.4028234663852885981e+38 -3.4028234663852885981e+38 -3.4028234663852885981e+38 -3.4028234663852885981e+38 -3.4028234663852885981e+38 -3.4028234663852885981e+38 -3.4028234663852885981e+38 -3.4028234663852885981e+38 -3.4028234663852885981e+38 -3.4028234663852885981e+38 -3.4028234663852885981e+38 -3.4028234663852885981e+38 -3.4028234663852885981e+38 -3.4028234663852885981e+38 -3.4028234663852885981e+38 -3.4028234663852885981e+38 -3.4028234663852885981e+38 -3.4028234663852885981e+38
-3.4028234663852885981e+38 -3.4028234663852885981e+38 -3.4028234663852885981e+38 -3.4028234663852885981e+38 -3.4028234663852885981e+38 -3.4028234663852885981e+38 -3.4028234663852885981e+38 -3.4028234663852885981e+38 -3.4028234663852885981e+38 -3.4028234663852885981e+38 -3.4028234663852885981e+38 -3.4028234663852885981e+38 -3.4028234663852885981e+38 -3.4028234663852885981e+38 -3.4028234663852885981e+38 -3.4028234663852885981e+38 -3.4028234663852885981e+38 -3.4028234663852885981e+38 -3.4028234663852885981e+38 -3.4028234663852885981e+38 -3.4028234663852885981e+38 -3.4028234663852885981e+38 -3.4028234663852885981e+38 -3.4028234663852885981e+38 -3.4028234663852885981e+38 -3.4028234663852885981e+38 -3.4028234663852885981e+38 -3.4028234663852885981e+38 -3.4028234663852885981e+38 -3.4028234663852885981e+38 -3.4028234663852885981e+38 -3.4028234663852885981e+38 -3.4028234663852885981e+38 -3.4028234663852885981e+38 -3.4028234663852885981e+38 -3.4028234663852885981e+38 -3.4028234663852885981e+38 -3.4028234663852885981e+38 -3.4028234663852885981e+38 -3.4028234663852885981e+38
-3.4028234663852885981e+38 -3.4028234663852885981e+38 -3.4028234663852885981e+38 -3.4028234663852885981e+38 -3.4028234663852885981e+38 -3.4028234663852885981e+38 -3.4028234663852885981e+38 -3.4028234663852885981e+38 -3.4028234663852885981e+38 -3.4028234663852885981e+38 -3.4028234663852885981e+38 -3.4028234663852885981e+38 -3.4028234663852885981e+38 -3.4028234663852885981e+38 -3.4028234663852885981e+38 -3.4028234663852885981e+38 -3.4028234663852885981e+38 -3.4028234663852885981e+38 -3.4028234663852885981e+38 -3.4028234663852885981e+38 -3.4028234663852885981e+38 -3.4028234663852885981e+38 -3.4028234663852885981e+38 -3.4028234663852885981e+38 -3.4028234663852885981e+38 -3.4028234663852885981e+38 -3.4028234663852885981e+38 -3.4028234663852885981e+38 -3.4028234663852885981e+38 -3.4028234663852885981e+38 -3.4028234663852885981e+38 -3.4028234663852885981e+38 -3.4028234663852885981e+38 -3.4028234663852885981e+38 -3.4028234663852885981e+38 -3.4028234663852885981e+38 -3.4028234663852885981e+38 -3.4028234663852885981e+38 -3.4028234663852885981e+38 -3.4028234663852885981e+38
