Input_PredictorVariables/LightPollutionBlue2016_ratio.asc
ncols        529
nrows        344
xllcorner    2700.000000000000
yllcorner    15900.000000000000
cellsize     100.000000000000
NODATA_value  -3.4028234663852885981e+38
[rows 187 to 203 of 344, columns 480 to 519 of 529]
2.2622196674346923828 1.9724181890487670898 2.0992357730865478516 2.8482604026794433594 1.8625978231430053711 1.564112544059753418 1.7563780546188354492 2.5671086311340332031 1.6060811281204223633 1.2516525983810424805 1.8984459638595581055 1.4462163448333740234 2.1055624485015869141 2.1228454113006591797 1.8493635654449462891 1.6548967361450195312 1.8575000762939453125 1.411076664924621582 1.2915161848068237305 1.7429430484771728516 1.8439922332763671875 1.787845611572265625 1.8293550014495849609 1.9971703290939331055 1.7572116851806640625 1.8726117610931396484 2.2591021060943603516 2.0404605865478515625 1.8826378583908081055 1.5228016376495361328 2.2044665813446044922 1.9552297592163085938 2.2973470687866210938 2.0028777122497558594 1.8096876144409179688 2.1903884410858154297 2.0803422927856445312 1.8108640909194946289 1.9736741781234741211 2.5822229385375976562
1.6317032575607299805 1.4722045660018920898 1.6422557830810546875 2.2074368000030517578 1.352935791015625 1.7292964458465576172 1.7998312711715698242 1.6716822385787963867 1.47750091552734375 1.2883379459381103516 1.3952934741973876953 1.7199878692626953125 2.1204869747161865234 1.9314379692077636719 2.125232696533203125 2.3022978305816650391 1.8083529472351074219 2.1612429618835449219 2.6240446567535400391 1.4509292840957641602 1.6521077156066894531 1.9359518289566040039 1.8082412481307983398 1.8388423919677734375 2.0403051376342773438 1.9644987583160400391 1.6895846128463745117 2.0232732295989990234 1.9578955173492431641 1.5090260505676269531 1.8146647214889526367 2.2290627956390380859 1.9346958398818969727 1.6950402259826660156 1.8190331459045410156 1.6297703981399536133 1.9954832792282104492 1.338814854621887207 1.4783158302307128906 2.3059535026550292969
1.6849466562271118164 1.2450128793716430664 2.0824308395385742188 1.7572832107543945312 1.5294193029403686523 1.8540328741073608398 2.0059919357299804688 1.4315742254257202148 1.8186869621276855469 1.4734983444213867188 1.7606054544448852539 1.9333596229553222656 1.777239680290222168 1.6651703119277954102 2.0166971683502197266 1.9651228189468383789 1.4476864337921142578 1.7211942672729492188 2.4909660816192626953 1.8137500286102294922 1.8744171857833862305 1.708804011344909668 2.0007815361022949219 1.7283271551132202148 2.2761189937591552734 1.8319758176803588867 1.4854654073715209961 1.7617523670196533203 1.9730919599533081055 2.0632045269012451172 1.7532179355621337891 1.681812286376953125 1.9432706832885742188 1.9620480537414550781 2.3875341415405273438 1.4532964229583740234 1.6828148365020751953 1.9251586198806762695 1.9460541009902954102 2.0898678302764892578
2.042591094970703125 1.6812986135482788086 2.7624247074127197266 1.3701293468475341797 1.6509253978729248047 2.1474831104278564453 1.4183753728866577148 2.1785314083099365234 1.7419846057891845703 1.8421680927276611328 2.8244197368621826172 1.723921656608581543 1.8155268430709838867 1.8450782299041748047 2.3574700355529785156 1.8438973426818847656 1.9310405254364013672 1.595334172248840332 2.0269932746887207031 1.8731638193130493164 2.0358998775482177734 1.6764653921127319336 2.4745626449584960938 1.6832716464996337891 1.9211566448211669922 2.3721024990081787109 2.0656557083129882812 2.0380437374114990234 1.8436253070831298828 2.0541684627532958984 1.9214558601379394531 2.6030874252319335938 1.9262778759002685547 1.854502558708190918 2.0549561977386474609 1.8866959810256958008 2.3370294570922851562 2.1915700435638427734 2.1902253627777099609 1.9458372592926025391
2.2688226699829101562 2.2108795642852783203 1.990805506706237793 1.6763238906860351562 1.4609321355819702148 2.3244493007659912109 1.947078704833984375 2.1720652580261230469 1.5828630924224853516 2.2198503017425537109 2.2108321189880371094 1.8460080623626708984 1.9026964902877807617 1.9830851554870605469 2.1113233566284179688 2.0402445793151855469 2.2312915325164794922 2.0526959896087646484 1.6830401420593261719 2.0750381946563720703 2.1127326488494873047 2.2466793060302734375 2.2389352321624755859 1.8405839204788208008 1.5204716920852661133 2.211666107177734375 1.6941574811935424805 2.0208520889282226562 2.1928706169128417969 1.9053781032562255859 1.819141387939453125 1.4058811664581298828 1.5321673154830932617 1.7443956136703491211 1.8899753093719482422 2.3997397422790527344 2.2127668857574462891 1.6478326320648193359 1.8729871511459350586 1.8058252334594726562
1.7655205726623535156 1.7205957174301147461 1.9903767108917236328 2.9357938766479492188 1.9199092388153076172 1.8272678852081298828 2.0413231849670410156 2.2178783416748046875 1.8102303743362426758 2.0294506549835205078 1.8925311565399169922 2.2632367610931396484 1.7594038248062133789 1.7698962688446044922 1.8506436347961425781 1.6639757156372070312 1.8530510663986206055 2.2925243377685546875 1.2800351381301879883 1.8962708711624145508 1.7507227659225463867 1.5957732200622558594 1.6515711545944213867 1.5946867465972900391 2.115230560302734375 1.3580338954925537109 2.1436703205108642578 1.6109349727630615234 1.7138626575469970703 1.5859119892120361328 2.0976316928863525391 2.381595611572265625 1.6681176424026489258 2.2094206809997558594 2.0513157844543457031 1.4323753118515014648 2.0424692630767822266 1.6917997598648071289 2.0598804950714111328 1.9233688116073608398
1.9876241683959960938 1.5468415021896362305 1.7547838687896728516 1.6579679250717163086 1.8263385295867919922 2.3014814853668212891 1.3875585794448852539 1.501252293586730957 1.5958956480026245117 1.8263101577758789062 1.8076795339584350586 1.953999638557434082 1.7883701324462890625 2.1053216457366943359 1.8494738340377807617 1.7242745161056518555 2.0196893215179443359 1.6020746231079101562 2.4786672592163085938 1.7141938209533691406 1.7112702131271362305 1.9369965791702270508 2.0201222896575927734 1.6916944980621337891 1.7723354101181030273 2.1346452236175537109 2.1786830425262451172 1.9594577550888061523 1.697285771369934082 1.8677175045013427734 1.5909537076950073242 1.7168403863906860352 2.0207242965698242188 1.9422998428344726562 1.4757725000381469727 2.1576752662658691406 2.2506132125854492188 1.5742995738983154297 1.6186364889144897461 2.0220944881439208984
2.0364844799041748047 2.0499889850616455078 2.2000653743743896484 1.7397431135177612305 2.1183707714080810547 2.2720174789428710938 1.5703600645065307617 2.1421198844909667969 2.7061295509338378906 1.847006678581237793 1.5907829999923706055 1.9887855052947998047 1.8566784858703613281 2.3813736438751220703 2.1062970161437988281 1.6869302988052368164 2.3230731487274169922 2.0462563037872314453 1.948984980583190918 1.8656340837478637695 2.2088994979858398438 2.7055110931396484375 2.1375019550323486328 2.3800079822540283203 2.1463325023651123047 2.5459191799163818359 1.7533446550369262695 2.1850376129150390625 2.0690822601318359375 2.2617447376251220703 1.3722498416900634766 1.4787176847457885742 1.6525745391845703125 1.6061346530914306641 1.7844361066818237305 2.2213900089263916016 2.1521284580230712891 1.8271822929382324219 1.4601411819458007812 1.774311065673828125
1.9531557559967041016 2.2594325542449951172 2.2439472675323486328 1.7643395662307739258 2.3610825538635253906 2.0473587512969970703 1.8015656471252441406 1.7453638315200805664 1.8160191774368286133 2.3871171474456787109 2.04848480224609375 1.9508785009384155273 1.6864886283874511719 1.9525828361511230469 1.8227697610855102539 1.9054421186447143555 1.7493453025817871094 1.458962559700012207 1.5980182886123657227 1.8199474811553955078 1.6334072351455688477 1.7699308395385742188 1.7012352943420410156 1.8561292886734008789 1.3747615814208984375 1.657784581184387207 1.8035830259323120117 2.3585460186004638672 1.7132210731506347656 1.1281695365905761719 1.5323661565780639648 2.5068194866180419922 4.0073909759521484375 1.5827472209930419922 1.9691330194473266602 1.7069519758224487305 1.5830709934234619141 1.7698118686676025391 2.3911001682281494141 1.3469147682189941406
2.1597530841827392578 1.7562412023544311523 1.9523361921310424805 1.7843637466430664062 2.0278072357177734375 1.598069310188293457 2.1079814434051513672 1.6924326419830322266 1.8675014972686767578 1.5988078117370605469 1.8987931013107299805 2.0028431415557861328 2.1415233612060546875 1.9404112100601196289 1.7500160932540893555 1.4692994356155395508 1.6194940805435180664 1.8008378744125366211 1.7429980039596557617 1.7458782196044921875 1.769476771354675293 2.3122341632843017578 1.5845345258712768555 1.7205269336700439453 1.7939504384994506836 1.7063552141189575195 1.7540302276611328125 2.1374018192291259766 1.4032236337661743164 0.88061499595642089844 6.31694793701171875 2.9253635406494140625 1.7930611371994018555 1.6613804101943969727 1.9704236984252929688 1.5280904769897460938 1.5479484796524047852 2.6804678440093994141 2.0495898723602294922 1.9489238262176513672
1.7013611793518066406 2.2218067646026611328 2.0821716785430908203 2.2137818336486816406 1.2137998342514038086 1.890018463134765625 1.509997248649597168 1.8677290678024291992 2.2468552589416503906 1.9475401639938354492 2.0836288928985595703 1.8124573230743408203 2.2016420364379882812 1.5032714605331420898 1.1315453052520751953 1.8727374076843261719 1.7722764015197753906 4.2964138984680175781 1.9069828987121582031 1.4358183145523071289 1.8953442573547363281 2.0797722339630126953 2.0497493743896484375 2.0622742176055908203 1.9540785551071166992 1.8674463033676147461 2.1536450386047363281 2.1841073036193847656 1.6865564584732055664 1.4466786384582519531 1.5155967473983764648 1.2693029642105102539 1.4660943746566772461 1.5792837142944335938 1.7621963024139404297 1.7790795564651489258 1.5158998966217041016 2.5146958827972412109 1.3476612567901611328 1.7751147747039794922
1.7446513175964355469 1.7954877614974975586 1.8202280998229980469 2.4303684234619140625 1.3907189369201660156 2.1363794803619384766 1.8809511661529541016 1.9621118307113647461 1.9493888616561889648 1.7797598838806152344 1.7388185262680053711 1.5005077123641967773 1.7705458402633666992 1.6053763628005981445 1.348107457160949707 6.4368519783020019531 1.9037218093872070312 1.6276582479476928711 1.7048563957214355469 2.2965734004974365234 1.2731128931045532227 1.5162009000778198242 2.4355053901672363281 2.3467068672180175781 1.7324631214141845703 1.8397918939590454102 1.9790585041046142578 1.6520051956176757812 1.7696977853775024414 2.546894073486328125 1.0241385698318481445 1.8367562294006347656 1.3454262018203735352 2.0754599571228027344 1.9810345172882080078 2.1515786647796630859 2.2297792434692382812 2.0874981880187988281 1.590357661247253418 2.047458648681640625
1.6715157032012939453 1.7492090463638305664 2.0900008678436279297 1.8999342918395996094 1.5479998588562011719 2.1821086406707763672 2.1340205669403076172 2.0497639179229736328 1.9389376640319824219 1.9395461082458496094 1.9053444862365722656 1.9068063497543334961 1.9753342866897583008 2.1206727027893066406 1.685747981071472168 1.893872380256652832 1.4324315786361694336 1.5198446512222290039 1.5642795562744140625 1.8516094684600830078 1.6426899433135986328 1.5947889089584350586 1.8321211338043212891 2.0267004966735839844 1.8142719268798828125 1.8125139474868774414 2.4067296981811523438 1.5144453048706054688 1.4044967889785766602 2.6823084354400634766 1.665406346321105957 1.7340730428695678711 1.2910261154174804688 1.5792071819305419922 2.0240972042083740234 2.2224187850952148438 1.6294523477554321289 1.833306431770324707 2.1479437351226806641 1.7848705053329467773
1.9463331699371337891 2.2043626308441162109 1.9422559738159179688 2.0970828533172607422 2.0935926437377929688 1.5469317436218261719 2.1581969261169433594 2.1477732658386230469 2.0370054244995117188 1.7721433639526367188 1.8025865554809570312 2.0988218784332275391 2.1604840755462646484 1.810009002685546875 2.0567815303802490234 1.467591404914855957 1.667858123779296875 1.6702531576156616211 2.0034735202789306641 2.5064554214477539062 2.2825345993041992188 1.7930450439453125 2.2059459686279296875 1.8283593654632568359 2.1619417667388916016 1.79051971435546875 1.8705860376358032227 1.7074637413024902344 2.2797396183013916016 1.3063495159149169922 2.063022613525390625 1.8200192451477050781 2.1438186168670654297 1.8438870906829833984 2.3188807964324951172 1.8203989267349243164 1.3274426460266113281 1.881252288818359375 1.8831479549407958984 1.7530640363693237305
2.0012187957763671875 2.0299067497253417969 1.990772247314453125 2.0790266990661621094 2.0747704505920410156 1.7981367111206054688 1.7721400260925292969 2.1742882728576660156 1.8767421245574951172 1.872023463249206543 1.8157964944839477539 1.3348354101181030273 2.1842339038848876953 1.8537852764129638672 1.7514553070068359375 1.4533429145812988281 1.6319547891616821289 2.3592236042022705078 2.0063426494598388672 1.5851684808731079102 1.7030711174011230469 1.6212458610534667969 1.9092649221420288086 1.8471876382827758789 1.7968072891235351562 2.0491626262664794922 2.3528473377227783203 1.9102435111999511719 2.3205521106719970703 1.5226950645446777344 2.0094547271728515625 2.0254902839660644531 1.9711740016937255859 1.8784639835357666016 2.2840502262115478516 1.6648288965225219727 1.9034556150436401367 2.4566435813903808594 1.5333044528961181641 1.7664940357208251953
2.2255680561065673828 1.9701249599456787109 1.7429833412170410156 1.7248440980911254883 1.8271493911743164062 1.6763598918914794922 1.8600624799728393555 2.0550017356872558594 1.5844910144805908203 1.9060550928115844727 2.3540139198303222656 1.9444997310638427734 1.7958390712738037109 1.9279404878616333008 2.064327239990234375 1.8331367969512939453 2.2161307334899902344 2.0037195682525634766 1.6126551628112792969 1.6836302280426025391 2.0518486499786376953 1.8700208663940429688 2.1374554634094238281 1.7748476266860961914 1.6270459890365600586 1.9589507579803466797 1.8200356960296630859 2.2024602890014648438 2.3468937873840332031 2.2053475379943847656 1.3450778722763061523 2.349407196044921875 1.7077114582061767578 2.0743551254272460938 2.2560503482818603516 1.7707512378692626953 1.9525628089904785156 1.8497595787048339844 1.76956939697265625 1.7495892047882080078
1.909720301628112793 1.6780109405517578125 2.1144480705261230469 1.7816218137741088867 2.0496008396148681641 1.7508614063262939453 2.3529996871948242188 2.0923857688903808594 2.0015523433685302734 1.7022930383682250977 2.0884530544281005859 1.9161025285720825195 1.8965915441513061523 1.7748081684112548828 2.1451241970062255859 2.1954345703125 1.6277616024017333984 1.715483546257019043 1.7883926630020141602 2.5305583477020263672 1.7369729280471801758 1.8158919811248779297 2.0482785701751708984 2.3595526218414306641 1.9888448715209960938 2.0903122425079345703 1.5057504177093505859 1.6171274185180664062 1.9635447263717651367 1.819325566291809082 1.5209282636642456055 2.0265979766845703125 1.7853143215179443359 1.8804914951324462891 1.9711809158325195312 1.9899439811706542969 1.9694950580596923828 1.7285108566284179688 2.0531105995178222656 2.1235568523406982422
