Input_PredictorVariables/LightPollutionIntensity2016_ratio.asc
ncols        529
nrows        344
xllcorner    2700.000000000000
yllcorner    15900.000000000000
cellsize     100.000000000000
NODATA_value  -3.4028234663852885981e+38
[rows 17 to 33 of 344, columns 240 to 279 of 529]
1.0330578088760375977 1.3277693986892700195 2.3472428321838378906 1.2645914554595947266 0.36179450154304504395 2.8846154212951660156 3.2407407760620117188 1.836861729621887207 1.9136408567428588867 1.8355739116668701172 0.59095579385757446289 1.4329580068588256836 1.0779435634613037109 3.4722223281860351562 0.50154322385787963867 3.2097003459930419922 1.1423549652099609375 1.1424731016159057617 2.2491350173950195312 0.28011205792427062988 0.92905408143997192383 5.3903346061706542969 0.95818817615509033203 2.1217713356018066406 0.28735631704330444336 5.0341296195983886719 3.1666667461395263672 2.2857143878936767578 0.86750787496566772461 0.51813471317291259766 2.6349613666534423828 3.3192090988159179688 2.9710144996643066406 3.7698411941528320312 2.8662419319152832031 0.43554008007049560547 2.5 3.6764705181121826172 2.6315789222717285156 2.4590163230895996094
1.4211137294769287109 0.58189654350280761719 0.76551169157028198242 0.75210589170455932617 2.0110957622528076172 3.0359027385711669922 1.8221573829650878906 1.4456629753112792969 1.4204545021057128906 0.28455284237861633301 5.4400386810302734375 0.62949639558792114258 3.2146956920623779297 0.76481837034225463867 1.0928962230682373047 1.1274509429931640625 2.8871390819549560547 1.7182130813598632812 3.3568904399871826172 1.7489712238311767578 0.68259388208389282227 0.58528429269790649414 1.4406780004501342773 3.4688994884490966797 0.94936710596084594727 1.003649592399597168 1.3578274250030517578 2.2445819377899169922 1.9011406898498535156 1.158940434455871582 0.35511362552642822266 3.4558823108673095703 0.70671379566192626953 1.1513158082962036133 1.8965517282485961914 2.0676691532135009766 2.4793388843536376953 1.419558405876159668 1.2335525751113891602 2.63671875
0.92491841316223144531 3.7553648948669433594 4.575061798095703125 0.81421166658401489258 1.4524648189544677734 1.5419615507125854492 4.441074371337890625 1.1742100715637207031 1.4928193092346191406 0.78819727897644042969 1.7138940095901489258 3.8555991649627685547 0.84434652328491210938 0.30534350872039794922 1.9736841917037963867 2.3209547996520996094 0.31948882341384887695 0.93537414073944091797 1.5740740299224853516 1.6037735939025878906 2.7777776718139648438 2.3054754734039306641 3.0351438522338867188 1.4655172824859619141 2.0999999046325683594 1.8072289228439331055 1.5124554634094238281 2.8877887725830078125 2.1523177623748779297 2.9713115692138671875 2.2103657722473144531 0.33222591876983642578 1.4358108043670654297 1.0869565010070800781 4.249011993408203125 1.25 2.05078125 2.4816176891326904297 2.697841644287109375 2.956989288330078125
1.1965025663375854492 2.2112493515014648438 3.9354321956634521484 0.35377359390258789062 2.0927093029022216797 0.70287537574768066406 0.56100982427597045898 0.80645161867141723633 0.91027307510375976562 4.9057412147521972656 2.9693486690521240234 0.96952909231185913086 1.3824884891510009766 3.5547785758972167969 1.8145161867141723633 2.1903324127197265625 3.1538462638854980469 0.35087719559669494629 2.5892856121063232422 2.1035599708557128906 1.0385756492614746094 1.8518518209457397461 2.9230768680572509766 1.5974440574645996094 0.46816480159759521484 0.26132404804229736328 0.50607287883758544922 3.7999999523162841797 1.5337423086166381836 1.0355029106140136719 2.1863117218017578125 3.5223367214202880859 2.7196652889251708984 0.095057033002376556396 4.5248870849609375 0.36764705181121826172 0.58962261676788330078 0.53879308700561523438 1.5182186365127563477 1.3677811622619628906
1.4527845382690429688 1.1221945285797119141 2.4171888828277587891 1.0846277475357055664 1.2352032661437988281 0.71001493930816650391 1.9515918493270874023 5.3293972015380859375 4.9877600669860839844 0.50156742334365844727 0.21156558394432067871 1.3636363744735717773 2.6153845787048339844 1.5592515468597412109 0.95078301429748535156 1.283987879753112793 3.0701754093170166016 1.3980263471603393555 2.3529412746429443359 1.6570605039596557617 1.0119047164916992188 2.9255318641662597656 1.5853658914566040039 1.7424242496490478516 5.2491102218627929688 2.9520294666290283203 2.0535714626312255859 1.3239874839782714844 1.6025640964508056641 1.4166666269302368164 3.3333332538604736328 1.3461538553237915039 1.3108614683151245117 1.8318965435028076172 1.1088709831237792969 0.60975611209869384766 2.2058823108673095703 3.2451922893524169922 1.6363636255264282227 2.2727272510528564453
1.0078277587890625 2.93926239013671875 1.3020833730697631836 2.0858047008514404297 1.706484675407409668 5.909694671630859375 2.0425636768341064453 1.9449715614318847656 1.3378465175628662109 0.89875274896621704102 4.72399139404296875 3.82219696044921875 2.62467193603515625 1.3867487907409667969 0.68069308996200561523 0.93582886457443237305 2.6229507923126220703 1.3966480493545532227 0.70153063535690307617 3.4482758045196533203 2.0151133537292480469 3.5542168617248535156 1.6242938041687011719 0.44910180568695068359 1.4166666269302368164 3.2527880668640136719 1.4604810476303100586 0.23584905266761779785 6.0546875 2.7358491420745849609 0.26223775744438171387 2.0909090042114257812 2.4159662723541259766 2.5201613903045654297 2.4801588058471679688 1.6981132030487060547 1.0330578088760375977 2.6162791252136230469 0.82116788625717163086 4.2391304969787597656
3.0248396396636962891 2.6360907554626464844 1.6304347515106201172 4.2888035774230957031 1.8398705720901489258 1.6722408533096313477 1.167471766471862793 1.1102299690246582031 0.5544840693473815918 1.3513513803482055664 1.9404915571212768555 1.6221374273300170898 1.4315642118453979492 1.0960334539413452148 4.5454545021057128906 1.9402985572814941406 1.3279445171356201172 2.1739130020141601562 3.3887467384338378906 1.8542199134826660156 1.8599562644958496094 1.0391198396682739258 2.4247491359710693359 2.1008403301239013672 0.92281877994537353516 1.3934426307678222656 0.99637681245803833008 3.1746032238006591797 0.45289856195449829102 1.3513513803482055664 2.2727272510528564453 2.1356782913208007812 1.6472867727279663086 1.9305019378662109375 2.3333332538604736328 1.1864407062530517578 3.0927834510803222656 1.4563106298446655273 2.1978023052215576172 1.3100436925888061523
0.5811354517936706543 0.99108028411865234375 0.97950571775436401367 1.4337852001190185547 1.40959930419921875 2.8267633914947509766 0.39739882946014404297 1.1163337230682373047 2.06073760986328125 1.7441860437393188477 0.53516817092895507812 3.0327868461608886719 0.31779661774635314941 2.2763578891754150391 0.95177662372589111328 2.1531100273132324219 1.8005540370941162109 1.7469879388809204102 1.5970516204833984375 0.80831408500671386719 2.6098902225494384766 3.1791906356811523438 1.3927576541900634766 0.50505048036575317383 3.3914728164672851562 2.9166667461395263672 1.4662756919860839844 2.3809523582458496094 1.6283525228500366211 2.0142180919647216797 0.37128713726997375488 1.1603375673294067383 1.6055046319961547852 2.1959459781646728516 1.3114753961563110352 3.6764705181121826172 2.34375 0.62154698371887207031 3.80859375 1.1538461446762084961
4.4619131088256835938 0.44594594836235046387 2.7543859481811523438 1.2481462955474853516 1.0416666269302368164 4.1743683815002441406 0.74458485841751098633 1.34969329833984375 2.1177685260772705078 0.52301257848739624023 2.9739778041839599609 1.817180633544921875 0.34039333462715148926 1.3056092262268066406 2.3275861740112304688 0.23364485800266265869 1.7220902442932128906 2.2680411338806152344 1.3377926349639892578 1.7473118305206298828 2.5584795475006103516 1.2953368425369262695 0.25641027092933654785 0.99150139093399047852 1.421404719352722168 1.6570605039596557617 3.0325443744659423828 0.84355831146240234375 1.9841269254684448242 2.6136362552642822266 2.24609375 2.3474178314208984375 1.953125 1.5977443456649780273 1.5372167825698852539 2.4429967403411865234 1.017441868782043457 4.4554457664489746094 1.7736486196517944336 0.43554008007049560547
2.5648584365844726562 0.87131369113922119141 0.59382420778274536133 1.3070814609527587891 4.0126714706420898438 1.088185429573059082 2.6456110477447509766 1.1740331649780273438 0.80385851860046386719 1.4601769447326660156 2.6785714626312255859 1.0135135650634765625 1.8900343179702758789 6.9692058563232421875 1.4248704910278320312 1.01503753662109375 1.2678803205490112305 1.7489712238311767578 1.5399737358093261719 0.65284180641174316406 1.1943986415863037109 1.3211382627487182617 6.0626702308654785156 3.8147139549255371094 1.362559199333190918 1.4303482770919799805 4 3.0068728923797607422 0.95486110448837280273 0.25252524018287658691 1.7667844295501708984 2.5193798542022705078 1.5350877046585083008 3.4545454978942871094 2.1516394615173339844 1.6826922893524169922 0.40849673748016357422 2.8156995773315429688 1.343283534049987793 3.1818182468414306641
1.9449715614318847656 2.6149775981903076172 0.37505859136581420898 3.5377359390258789062 0.94886660575866699219 0.81145584583282470703 0.34225264191627502441 1.3102282285690307617 1.2012692689895629883 2.5462963581085205078 3.2467532157897949219 1.610169529914855957 1.9230768680572509766 1.5350877046585083008 1.4028776884078979492 2.1356782913208007812 0.50981873273849487305 1.6891891956329345703 4.6033992767333984375 0.32523849606513977051 0.58494406938552856445 0.78947371244430541992 1.3066202402114868164 1.7426273822784423828 0.75342464447021484375 2.4691357612609863281 1.3774104118347167969 0.81360948085784912109 1.8726592063903808594 3.2646048069000244141 4.2955327033996582031 0.43103447556495666504 0.97173142433166503906 1.1752136945724487305 1.2589927911758422852 2.2629311084747314453 2.8361344337463378906 2.0833332538604736328 0.37091988325119018555 4.1237111091613769531
2.3514399528503417969 3.4566271305084228516 3.9034204483032226562 0.77235770225524902344 2.4640862941741943359 4.7853078842163085938 1.642129063606262207 7.7903227806091308594 0.64308679103851318359 0.86442220211029052734 1.2900356054306030273 2.8696498870849609375 1.9855595827102661133 0.95486110448837280273 0.38860103487968444824 1.889279484748840332 4.1067147254943847656 1.0968049764633178711 1.6920876502990722656 2.4127309322357177734 3.9378612041473388672 1.8759874105453491211 0.16703785955905914307 1.9301470518112182617 1.4554795026779174805 2.34375 3.2640950679779052734 1.1744966506958007812 1.8138800859451293945 0.84876543283462524414 3.7420382499694824219 1.3980263471603393555 1.0377358198165893555 3.5992217063903808594 2.0334928035736083984 2.3622047901153564453 0.48449611663818359375 2.2140221595764160156 3.6111111640930175781 1.0387811660766601562
2.0200893878936767578 1.5473301410675048828 1.4165911674499511719 1.3732129335403442383 2.3623111248016357422 0.83187389373779296875 1.0212888717651367188 0.89285713434219360352 2.5227618217468261719 1.0033445358276367188 0.79098755121231079102 1.4545454978942871094 0.31605562567710876465 2.3180751800537109375 0.8210455775260925293 0.60834300518035888672 3.9452710151672363281 3.7044146060943603516 2.0833332538604736328 2.2088353633880615234 1.8554151058197021484 2.682186126708984375 3.5288269519805908203 0.12975779175758361816 2.2511849403381347656 0.69686412811279296875 2.1172637939453125 1.8138800859451293945 0.94178080558776855469 2.1075582504272460938 1.4662756919860839844 1.8181818723678588867 2.7992277145385742188 1.8478261232376098633 1.785714268684387207 1.0465116500854492188 1.829268336296081543 1.8907562494277954102 1.0714285373687744141 2.0338983535766601562
0.85735589265823364258 0.90532851219177246094 1.2789841890335083008 1.4078675508499145508 2.3063640594482421875 1.4820358753204345703 1.4621285200119018555 1.2733142375946044922 3.2416045665740966797 0.5833333134651184082 0.53944706916809082031 0.73359072208404541016 2.0487551689147949219 3.1936812400817871094 2.8853046894073486328 1.2118736505508422852 0.9944311976432800293 1.4021738767623901367 1.4404609203338623047 0.49407115578651428223 2.9341475963592529297 4.1605029106140136719 1.1668322086334228516 1.690140843391418457 0.90361446142196655273 1.1574074029922485352 2.8253424167633056641 2.5773196220397949219 2.6435046195983886719 3.5102739334106445312 1.6570605039596557617 1.7793594598770141602 3.1521739959716796875 1.4644351005554199219 0.51229506731033325195 2.2321429252624511719 2.9850745201110839844 2.1126761436462402344 0.4716981053352355957 4.2682929039001464844
0.45016077160835266113 0.84418714046478271484 2.6310679912567138672 5.0477099418640136719 0.9479166865348815918 1.0167464017868041992 0.76701819896697998047 0.8519961237907409668 2.3716700077056884766 3.9449257850646972656 6.5910320281982421875 0.58040767908096313477 1.3116056919097900391 1.1716461181640625 6.1034274101257324219 1.0085728168487548828 1.2593984603881835938 6.3530220985412597656 1.0360138416290283203 0.55603080987930297852 1.078490138053894043 0.53559088706970214844 0.93847757577896118164 1.6778523921966552734 1.8844220638275146484 0.45180723071098327637 1.3204225301742553711 2.7173912525177001953 0.78125 1.8668831586837768555 2.1062271595001220703 0.71174377202987670898 1.6865079402923583984 1.5555555820465087891 1.9058295488357543945 2.0833332538604736328 2.1505377292633056641 0.96566522121429443359 3.2894737720489501953 0.57077628374099731445
2.1551723480224609375 1.0411244630813598633 4.3021411895751953125 2.9890427589416503906 0.93724530935287475586 4.5389046669006347656 1.711136937141418457 1.1932479143142700195 1.0294117927551269531 0.74906367063522338867 3.0521092414855957031 2.2292122840881347656 1.3678312301635742188 2.0450751781463623047 0.37487074732780456543 0.89451670646667480469 1.5027322769165039062 0.80406653881072998047 1.4950494766235351562 2.3495774269104003906 5.5539188385009765625 1.7797179222106933594 1.0920073986053466797 1.5173410177230834961 2.0343580245971679688 1.9141530990600585938 1.0190217494964599609 0.74503308534622192383 1.875 1.5342960357666015625 2.29430389404296875 1.9762846231460571289 1.9759449958801269531 0.31914892792701721191 4.4956140518188476562 0.69686412811279296875 1.7361111640930175781 3.5714285373687744141 0.39473685622215270996 0.51867222785949707031
3.1750266551971435547 1.0062456130981445312 2.5086882114410400391 0.79453068971633911133 1.1945812702178955078 2.6391553878784179688 0.49361208081245422363 0.99653381109237670898 1.6780432462692260742 0.95709568262100219727 2.8605015277862548828 1.9174041748046875 1.0521357059478759766 3.6260709762573242188 1.2261580228805541992 1.1358368396759033203 5.4541406631469726562 1.4257532358169555664 2.2718174457550048828 3.0893535614013671875 1.1622806787490844727 0.70019096136093139648 2.0969054698944091797 1.6603415012359619141 0.92735701799392700195 1.9108279943466186523 1.6975308656692504883 1.8698060512542724609 2.2222223281860351562 1.5873016119003295898 1.6763848066329956055 2.4390244483947753906 3.8716814517974853516 1.6221374273300170898 2.4261603355407714844 2.5 2.7482268810272216797 1.7276422977447509766 1.1506276130676269531 1.5706806182861328125
