Input_PredictorVariables/NDVI2018_Redo_Ratio.asc
ncols        529
nrows        344
xllcorner    2700.000000000000
yllcorner    15900.000000000000
cellsize     100.000000000000
NODATA_value  -3.4028234663852885981e+38
[rows 216 to 233 of 344, columns 120 to 159 of 529]
1.6959414482116699219 3.1854894161224365234 3.7167630195617675781 0.97873085737228393555 0.41607964038848876953 1.652561187744140625 2.8417007923126220703 0.86153697967529296875 3.5420367717742919922 1.5789817571640014648 2.0946564674377441406 1.7930810451507568359 1.1507724523544311523 1.2255449295043945312 3.9183750152587890625 4.3465900421142578125 1.6819081306457519531 0.67180162668228149414 1.3032535314559936523 1.3594622611999511719 2.8610134124755859375 0.14225740730762481689 0.9730059504508972168 0.75391978025436401367 3.5827949047088623047 2.0920555591583251953 2.6682353019714355469 10.928438186645507812 11.793995857238769531 3.3242087364196777344 2.2049109935760498047 1.8869919776916503906 1.8892960548400878906 1.9253253936767578125 1.9464793205261230469 1.8756746053695678711 1.9431307315826416016 1.9403543472290039062 2.0114798545837402344 2.0571255683898925781
1.1914066076278686523 1.4211664199829101562 0.87248891592025756836 0.20805463194847106934 2.9219222068786621094 3.0820624828338623047 3.7549774646759033203 0.19427366554737091064 1.3630042076110839844 0.43461984395980834961 2.2932047843933105469 2.3545300960540771484 1.2939473390579223633 1.2399860620498657227 1.7009388208389282227 1.3192008733749389648 1.0510629415512084961 1.0273534059524536133 0.94132751226425170898 2.8436920642852783203 2.5849366188049316406 0.70796597003936767578 0.75640940666198730469 2.2521800994873046875 1.5292667150497436523 1.2941406965255737305 2.1574718952178955078 2.4790832996368408203 11.53533935546875 2.2548863887786865234 2.6119298934936523438 2.0382723808288574219 1.9249505996704101562 1.8336631059646606445 1.969929814338684082 1.9341332912445068359 1.8386368751525878906 1.974003911018371582 1.8518922328948974609 1.8486206531524658203
1.9210908412933349609 0.93195044994354248047 0.6734364628791809082 1.3214590549468994141 3.2168304920196533203 2.4280917644500732422 2.1194818019866943359 -0.079769842326641082764 0.26411730051040649414 1.3476111888885498047 4.0045046806335449219 1.8952879905700683594 2.5462720394134521484 2.581516265869140625 2.2455339431762695312 0.98305416107177734375 1.2485983371734619141 0.34182789921760559082 5.7069973945617675781 1.8712612390518188477 0.76511079072952270508 0.70574182271957397461 1.7038429975509643555 0.95628255605697631836 0.75765848159790039062 2.0022695064544677734 1.6039805412292480469 1.582432866096496582 14.405356407165527344 0.20557203888893127441 2.6421303749084472656 2.0359950065612792969 1.9380159378051757812 1.873387455940246582 1.8646554946899414062 1.9149435758590698242 1.8809609413146972656 1.8891322612762451172 1.8448596000671386719 1.906851649284362793
3.7652757167816162109 1.2996724843978881836 0.84041547775268554688 3.9249737262725830078 2.7703328132629394531 1.4554420709609985352 2.2686834335327148438 2.2264182567596435547 1.3516820669174194336 4.473171234130859375 2.5439350605010986328 0.97550868988037109375 1.2183032035827636719 1.1037786006927490234 2.1935453414916992188 4.2111949920654296875 1.4259498119354248047 0.8230724334716796875 1.5730311870574951172 1.4642734527587890625 0.17672848701477050781 1.2473483085632324219 1.1810623407363891602 3.3069918155670166016 1.9302896261215209961 1.7419317960739135742 2.5384736061096191406 3.6811811923980712891 15.903418540954589844 2.0292336940765380859 2.4510607719421386719 1.8586176633834838867 1.8937896490097045898 1.8676013946533203125 1.8108566999435424805 1.9070360660552978516 1.8573516607284545898 1.9301080703735351562 1.8924201726913452148 1.9261001348495483398
3.3452370166778564453 1.3188784122467041016 1.2587867975234985352 2.8785419464111328125 1.0125621557235717773 2.3514988422393798828 0.33383297920227050781 2.8864932060241699219 2.62236785888671875 1.9637976884841918945 0.3612855374813079834 1.1985764503479003906 6.0991773605346679688 4.350460052490234375 5.4213204383850097656 11.239335060119628906 3.4461200237274169922 9.3954782485961914062 2.1780617237091064453 0.10882530361413955688 0.76646745204925537109 3.3281004428863525391 2.1443455219268798828 2.8422451019287109375 2.7541501522064208984 0.72946256399154663086 2.0860462188720703125 -10.093206405639648438 5.1278491020202636719 2.7032516002655029297 1.9283351898193359375 1.8679783344268798828 2.0581049919128417969 1.6726206541061401367 1.838479161262512207 1.9172468185424804688 1.8406329154968261719 1.7760303020477294922 1.7627087831497192383 1.7698084115982055664
2.1833264827728271484 2.31406402587890625 1.4527229070663452148 2.1734166145324707031 2.8440725803375244141 3.1039576530456542969 1.4990434646606445312 1.2739179134368896484 1.529912114143371582 1.2993015050888061523 3.7114329338073730469 4.4701313972473144531 3.5751874446868896484 161.2145233154296875 5.9486517906188964844 5.8213238716125488281 5.8032450675964355469 0.12313877791166305542 -8.5827989578247070312 0.76747608184814453125 4.9062075614929199219 4.3365612030029296875 3.2333667278289794922 4.0530195236206054688 5.4779844284057617188 6.5552821159362792969 -17.66888427734375 3.2403867244720458984 2.9006593227386474609 2.3737370967864990234 2.0168957710266113281 2.0447185039520263672 2.0171415805816650391 1.9549863338470458984 1.8139425516128540039 1.9446423053741455078 1.9550826549530029297 2.069736480712890625 2.0702760219573974609 2.0109035968780517578
1.238188624382019043 3.3628597259521484375 0.84015429019927978516 0.38379308581352233887 0.62185281515121459961 1.6114370822906494141 4.1380815505981445312 1.7103610038757324219 3.0296294689178466797 2.0493333339691162109 0.75090843439102172852 2.1366498470306396484 -5.6734056472778320312 8.6100177764892578125 3.3406162261962890625 3.0973484516143798828 2.0000121593475341797 2.291759490966796875 3.7419240474700927734 6.8932027816772460938 1.0281255245208740234 3.3079652786254882812 5.8103661537170410156 -4.3157973289489746094 -6.7591619491577148438 1.3523904085159301758 2.4949553012847900391 2.63623809814453125 2.0530490875244140625 2.0659022331237792969 1.8927085399627685547 1.9454691410064697266 1.8799985647201538086 1.9949283599853515625 1.9961493015289306641 2.055263519287109375 1.9669997692108154297 1.9486267566680908203 1.9646112918853759766 2.0396878719329833984
1.0668412446975708008 1.7077654600143432617 2.887729644775390625 2.3930556774139404297 0.86484456062316894531 0.94104212522506713867 0.81065183877944946289 4.2721800804138183594 3.3835446834564208984 1.6487482786178588867 1.4078238010406494141 0.85604357719421386719 5.98223876953125 -6.8092813491821289062 11.666322708129882812 2.7413504123687744141 3.2277073860168457031 2.7795071601867675781 1.9712678194046020508 2.0324335098266601562 3.1809704303741455078 6.8461284637451171875 4.9449477195739746094 2.8119695186614990234 3.1246027946472167969 2.7923519611358642578 2.0596482753753662109 1.9311655759811401367 1.9065178632736206055 1.9119968414306640625 2.0170917510986328125 1.9666880369186401367 1.962382197380065918 2.0160448551177978516 1.8063772916793823242 1.879191279411315918 1.9066349267959594727 1.972491145133972168 2.0293550491333007812 1.9271754026412963867
1.9853370189666748047 1.6572321653366088867 1.310982823371887207 3.8716070652008056641 1.7581771612167358398 1.1178060770034790039 0.90610903501510620117 1.3191869258880615234 0.85523331165313720703 -0.17619118094444274902 3.8647065162658691406 4.4529643058776855469 2.2837188243865966797 1.9532380104064941406 17.729907989501953125 32.052974700927734375 14.60182952880859375 3.8341119289398193359 1.9992196559906005859 1.8893350362777709961 2.0624403953552246094 2.1944043636322021484 2.4467289447784423828 1.9521297216415405273 2.0080544948577880859 2.0811586380004882812 2.0318176746368408203 2.1037011146545410156 1.9960371255874633789 1.8791579008102416992 1.8357023000717163086 2.0593562126159667969 1.9119784832000732422 2.0215358734130859375 1.9130511283874511719 1.9667924642562866211 2.00717926025390625 1.9855715036392211914 1.9374963045120239258 1.9829094409942626953
1.8400167226791381836 1.5273385047912597656 1.9171748161315917969 1.2428376674652099609 1.8883879184722900391 2.2080113887786865234 2.9796698093414306641 0.5999501347541809082 2.8656101226806640625 -1.507953643798828125 -1.010342717170715332 4.3075532913208007812 2.486408233642578125 0.68968307971954345703 0.43962228298187255859 4.2038817405700683594 12.848698616027832031 0.49600169062614440918 3.4034276008605957031 2.3007862567901611328 2.0051648616790771484 2.1840529441833496094 1.9587769508361816406 1.9950902462005615234 1.9399939775466918945 1.9869600534439086914 1.9567861557006835938 2.0389857292175292969 2.08287811279296875 2.0321292877197265625 2.0130906105041503906 2.1373848915100097656 1.9872667789459228516 2.118045806884765625 1.955810546875 1.9985355138778686523 1.9498232603073120117 1.9275978803634643555 1.8813802003860473633 1.8332680463790893555
1.4100961685180664062 4.1148352622985839844 3.8736402988433837891 0.92597681283950805664 1.2066682577133178711 2.0613706111907958984 3.5293290615081787109 0.89212584495544433594 1.0427434444427490234 -1.9331399202346801758 6.7203340530395507812 0.42718610167503356934 1.400128483772277832 2.7016711235046386719 0.74069416522979736328 3.9711124897003173828 3.3652923107147216797 2.1511068344116210938 3.14939117431640625 2.422908782958984375 2.2617311477661132812 1.9706749916076660156 2.1820547580718994141 2.0821332931518554688 2.1042132377624511719 2.013519287109375 2.0372872352600097656 2.1027464866638183594 1.7102621793746948242 1.8426401615142822266 1.7279320955276489258 1.6918352842330932617 1.7787030935287475586 1.8352913856506347656 1.8469703197479248047 1.7759145498275756836 1.8297815322875976562 1.85639190673828125 1.869562983512878418 1.9231156110763549805
1.3849904537200927734 5.1075129508972167969 -0.44843032956123352051 1.8649514913558959961 1.3496906757354736328 3.3319065570831298828 0.7285372614860534668 2.7196140289306640625 3.86585235595703125 0.32060730457305908203 2.6913292407989501953 0.3878580927848815918 1.3837937116622924805 2.6718146800994873047 1.323197484016418457 2.0596890449523925781 2.0475933551788330078 5.5562710762023925781 8.0347070693969726562 3.2123973369598388672 -0.78027778863906860352 -0.7751147150993347168 2.5404582023620605469 2.3452839851379394531 2.1338107585906982422 2.1913199424743652344 2.0389995574951171875 2.1409251689910888672 1.6966142654418945312 1.6744424104690551758 1.7837380170822143555 1.8944084644317626953 2.0035006999969482422 1.9678415060043334961 1.9089846611022949219 1.8359761238098144531 1.973546147346496582 1.9097647666931152344 1.8526351451873779297 1.9414508342742919922
1.1513130664825439453 6.1400976181030273438 4.3278479576110839844 0.90004301071166992188 0.85781496763229370117 1.767184138298034668 1.8624116182327270508 0.36849313974380493164 1.3718934059143066406 5.3100738525390625 1.7666093111038208008 1.2630107402801513672 0.75350296497344970703 2.2710654735565185547 0.83708298206329345703 2.3561015129089355469 2.3412058353424072266 3.23876953125 9.8493585586547851562 0.92204999923706054688 3.2161910533905029297 2.8951816558837890625 2.0034527778625488281 1.7157049179077148438 1.5648846626281738281 1.5736253261566162109 1.6197675466537475586 1.691016077995300293 1.862424015998840332 1.8564734458923339844 1.9689427614212036133 2.0465331077575683594 1.3984997272491455078 1.1346627473831176758 2.0478198528289794922 1.9360631704330444336 1.8812844753265380859 1.9393454790115356445 1.9209548234939575195 1.8377496004104614258
3.1783173084259033203 9.4523248672485351562 15.108761787414550781 63.048587799072265625 14.268601417541503906 1.7761418819427490234 4.2696089744567871094 1.0951399803161621094 0.90477579832077026367 2.8582074642181396484 0.81470096111297607422 3.4800913333892822266 2.4755969047546386719 0.3433844149112701416 3.9811353683471679688 3.7293615341186523438 2.4398214817047119141 4.6416993141174316406 -2.4853029251098632812 3.5360164642333984375 3.0557639598846435547 2.4889762401580810547 1.7325353622436523438 1.667489171028137207 1.8408844470977783203 1.8327574729919433594 1.8247017860412597656 1.8073593378067016602 1.8880001306533813477 1.9323025941848754883 1.875536799430847168 1.9038487672805786133 2.2506864070892333984 2.0215067863464355469 1.9947959184646606445 1.9590545892715454102 1.9195178747177124023 1.9526487588882446289 1.9245550632476806641 1.9269944429397583008
2.2396891117095947266 2.2502679824829101562 2.6130197048187255859 5.2895836830139160156 15.372508049011230469 5.3907222747802734375 1.848153233528137207 1.0024117231369018555 3.1144244670867919922 1.2349649667739868164 4.0227508544921875 1.2501937150955200195 1.3483749628067016602 1.1838641166687011719 2.5392832756042480469 3.3361968994140625 6.0584888458251953125 -5.9270033836364746094 5.60099029541015625 2.2973244190216064453 1.5230032205581665039 1.6556365489959716797 1.7790406942367553711 1.8713290691375732422 1.8629550933837890625 1.9382876157760620117 1.9004141092300415039 1.8737292289733886719 1.9348531961441040039 1.9339134693145751953 1.9722983837127685547 1.8897689580917358398 1.9769414663314819336 2.0223550796508789062 1.9217362403869628906 1.8923794031143188477 1.9588881731033325195 1.8755002021789550781 1.9590692520141601562 1.9449504613876342773
2.2775890827178955078 1.8980616331100463867 1.9076950550079345703 2.2280673980712890625 5.1227927207946777344 7.8697123527526855469 7.050136566162109375 1.7321001291275024414 5.0477895736694335938 3.0531153678894042969 1.8328796625137329102 1.7759032249450683594 0.42084577679634094238 2.1839792728424072266 2.436779022216796875 -1.9608494043350219727 -37.1050262451171875 4.4454097747802734375 2.0070312023162841797 1.7758499383926391602 1.8281079530715942383 1.8028023242950439453 1.9052922725677490234 1.8905472755432128906 1.9877166748046875 1.9231475591659545898 1.9911895990371704102 1.9498459100723266602 1.9436722993850708008 1.9111725091934204102 1.9368444681167602539 1.9180395603179931641 1.864582061767578125 1.9084692001342773438 1.9386689662933349609 1.854544520378112793 1.8515344858169555664 1.9131808280944824219 1.9667588472366333008 1.7746412754058837891
-9.0522336959838867188 2.3097157478332519531 1.9565362930297851562 1.9159876108169555664 1.8745425939559936523 2.8843140602111816406 4.8824028968811035156 -4.1284518241882324219 1.3183598518371582031 2.2839717864990234375 2.399654388427734375 3.6606278419494628906 12.169342994689941406 -1.9626578092575073242 14.481152534484863281 4.4589428901672363281 3.3974106311798095703 1.9015021324157714844 1.8376030921936035156 1.8509900569915771484 1.8954012393951416016 1.921334385871887207 1.8611665964126586914 1.8861166238784790039 1.9955816268920898438 1.876166224479675293 1.8451722860336303711 1.9020601511001586914 1.9293535947799682617 1.805331110954284668 1.9428510665893554688 1.9456940889358520508 1.9388540983200073242 1.8882124423980712891 1.8835480213165283203 1.9318168163299560547 1.8172327280044555664 1.9561735391616821289 1.8934638500213623047 1.5745847225189208984
2.4181280136108398438 6.3695101737976074219 2.1978850364685058594 1.9105265140533447266 2.0099744796752929688 1.9362639188766479492 2.4422640800476074219 3.3902962207794189453 -41.878726959228515625 4.4262814521789550781 16.8151702880859375 -4.8027191162109375 18.915937423706054688 4.5617499351501464844 2.5599927902221679688 2.1230072975158691406 1.867796778678894043 1.9370503425598144531 1.870759129524230957 1.8909462690353393555 2.0217745304107666016 1.9093630313873291016 1.9317461252212524414 1.896563410758972168 1.9663610458374023438 1.9659122228622436523 1.8809427022933959961 1.8711737394332885742 1.9328216314315795898 1.9128235578536987305 1.8929393291473388672 2.0330867767333984375 1.9100996255874633789 1.8920927047729492188 1.8706686496734619141 1.9825716018676757812 1.9658585786819458008 1.942837834358215332 1.7683553695678710938 1.8162667751312255859
