Input_PredictorVariables/NDVI2018_Redo_Ratio.asc
ncols        529
nrows        344
xllcorner    2700.000000000000
yllcorner    15900.000000000000
cellsize     100.000000000000
NODATA_value  -3.4028234663852885981e+38
[rows 0 to 17 of 344, columns 40 to 79 of 529]
2.2489778995513916016 2.7261443138122558594 1.0604140758514404297 1.9008882045745849609 4.5037817955017089844 1.4195375442504882812 1.4829108715057373047 1.9260375499725341797 2.1000823974609375 2.2134215831756591797 2.3925273418426513672 1.9221314191818237305 3.8769993782043457031 3.9289159774780273438 1.2178760766983032227 1.4536248445510864258 5.8485751152038574219 3.196834564208984375 1.9095786809921264648 1.7000586986541748047 2.7121844291687011719 1.9957780838012695312 3.1463835239410400391 2.5606024265289306641 2.7583527565002441406 4.2903833389282226562 1.897704005241394043 3.2423725128173828125 2.4352867603302001953 4.5111346244812011719 0.38335222005844116211 0.25615581870079040527 1.2544372081756591797 3.2446651458740234375 2.0610463619232177734 1.3288506269454956055 2.0583987236022949219 1.9475084543228149414 0.91584527492523193359 1.3012089729309082031
2.2286236286163330078 0.75440579652786254883 3.4628558158874511719 1.8377004861831665039 1.687380671501159668 1.9304566383361816406 2.6659271717071533203 4.5558362007141113281 1.0389294624328613281 1.0378413200378417969 4.1620945930480957031 1.1318736076354980469 3.7416248321533203125 2.3436923027038574219 1.8324495553970336914 1.5441086292266845703 2.3441202640533447266 1.6628768444061279297 1.2529618740081787109 1.5455621480941772461 1.5770987272262573242 1.2292817831039428711 1.5957344770431518555 0.75236707925796508789 1.3380795717239379883 3.413471221923828125 1.3550384044647216797 1.6740573644638061523 1.3909223079681396484 2.8826663494110107422 3.0266873836517333984 2.1588728427886962891 1.9183995723724365234 1.5168462991714477539 2.6009502410888671875 1.8708986043930053711 3.1266050338745117188 4.0197615623474121094 2.0578241348266601562 2.2725100517272949219
4.6059770584106445312 2.889186859130859375 1.2781653404235839844 0.20301501452922821045 3.3359916210174560547 1.6943165063858032227 0.51212441921234130859 2.3842222690582275391 2.6103622913360595703 1.9805279970169067383 1.2264920473098754883 0.73231023550033569336 1.9841930866241455078 1.0065387487411499023 1.354193568229675293 1.5320811271667480469 3.2442731857299804688 0.95988744497299194336 1.5446655750274658203 5.7826037406921386719 1.0530002117156982422 2.7724761962890625 0.82091820240020751953 2.3777918815612792969 2.5330214500427246094 2.8199434280395507812 1.3103594779968261719 1.016402125358581543 1.6000978946685791016 1.2874169349670410156 2.0490281581878662109 2.2324934005737304688 2.8267071247100830078 2.1709458827972412109 2.4581704139709472656 3.0952243804931640625 3.0533280372619628906 1.5326719284057617188 0.81348705291748046875 1.4000267982482910156
0.14382363855838775635 0.5460078120231628418 3.6442356109619140625 3.5330393314361572266 1.2731436491012573242 2.8109574317932128906 1.748129725456237793 3.2276368141174316406 1.5112102031707763672 1.7628843784332275391 1.7481515407562255859 2.4359145164489746094 2.8258635997772216797 2.6920592784881591797 1.8923205137252807617 1.3683719635009765625 1.6636345386505126953 2.6506021022796630859 1.9304893016815185547 0.70259487628936767578 1.7771899700164794922 3.1976473331451416016 1.9522291421890258789 1.857667088508605957 2.6451482772827148438 2.5842146873474121094 2.53345489501953125 1.863112330436706543 2.0184197425842285156 1.93865966796875 1.5340292453765869141 1.9192931652069091797 2.5033550262451171875 2.1255145072937011719 3.5008096694946289062 0.31489789485931396484 -0.61588692665100097656 1.4853686094284057617 2.5030510425567626953 1.8935211896896362305
0.37865528464317321777 1.6285598278045654297 0.95589816570281982422 1.9298783540725708008 1.3341124057769775391 2.3675334453582763672 3.8368725776672363281 0.87350952625274658203 1.1106057167053222656 2.9973809719085693359 1.3434624671936035156 1.128136754035949707 2.2002298831939697266 1.4434616565704345703 3.8757138252258300781 1.9599777460098266602 0.85761356353759765625 4.6973605155944824219 2.7531554698944091797 0.53071427345275878906 0.74410909414291381836 0.97913587093353271484 2.5243921279907226562 2.7231853008270263672 2.7177534103393554688 -0.97230643033981323242 2.9632236957550048828 2.8021864891052246094 -0.66615658998489379883 1.7899670600891113281 2.5631096363067626953 1.9930963516235351562 2.8075354099273681641 2.5177533626556396484 -0.59350150823593139648 -0.74411302804946899414 3.2767827510833740234 2.5559003353118896484 2.3306729793548583984 2.45257568359375
2.6145622730255126953 3.1750240325927734375 2.1977028846740722656 0.85279601812362670898 1.9442832469940185547 1.0028847455978393555 1.1036535501480102539 0.67879593372344970703 1.0619705915451049805 3.5769915580749511719 1.023974299430847168 0.99375444650650024414 2.0121452808380126953 2.2849624156951904297 0.97758138179779052734 0.83827584981918334961 1.0124686956405639648 1.2081935405731201172 1.7191282510757446289 1.2998409271240234375 1.2489427328109741211 1.0029789209365844727 2.7354383468627929688 2.8283562660217285156 -0.83622229099273681641 2.1112105846405029297 2.9448437690734863281 1.0004403591156005859 2.8168838024139404297 3.3955147266387939453 -0.10085815936326980591 2.7645947933197021484 3.0493237972259521484 2.173824310302734375 -0.66678029298782348633 2.9988934993743896484 2.6846938133239746094 2.04567718505859375 1.8901287317276000977 2.0630209445953369141
2.2897212505340576172 0.75106835365295410156 0.73826181888580322266 2.4439136981964111328 1.444029688835144043 2.7689301967620849609 3.08808135986328125 2.4248261451721191406 1.2403378486633300781 2.1039655208587646484 2.0824520587921142578 1.4802720546722412109 1.6660261154174804688 2.076625823974609375 1.0459440946578979492 1.3959531784057617188 0.79777824878692626953 1.413054347038269043 1.3878922462463378906 3.5792272090911865234 1.752072453498840332 2.5030007362365722656 2.3671934604644775391 2.5285496711730957031 -0.068771511316299438477 2.7573375701904296875 2.5060095787048339844 2.1955347061157226562 1.2799763679504394531 2.4186911582946777344 3.1964166164398193359 0.34370291233062744141 2.6554892063140869141 3.1042644977569580078 1.1735811233520507812 2.6138892173767089844 2.0901739597320556641 1.9888652563095092773 1.8278174400329589844 1.8242856264114379883
1.6481794118881225586 1.9154982566833496094 2.4353430271148681641 2.3873417377471923828 2.2583587169647216797 1.4855484962463378906 2.3144123554229736328 2.2523467540740966797 1.756090998649597168 1.9906693696975708008 2.6173284053802490234 1.8958787918090820312 2.0151045322418212891 1.683371424674987793 2.0425012111663818359 2.3676352500915527344 2.6698741912841796875 2.7264540195465087891 2.1946110725402832031 2.0675599575042724609 0.57887756824493408203 2.2707064151763916016 2.1183588504791259766 2.1019289493560791016 2.0745398998260498047 2.0320582389831542969 1.8949686288833618164 2.264255523681640625 2.2121753692626953125 1.0651769638061523438 -0.96534550189971923828 -1.0419057607650756836 -0.94877827167510986328 -0.73609119653701782227 2.8781883716583251953 2.3003928661346435547 1.9123836755752563477 1.9205625057220458984 1.9052616357803344727 1.9828447103500366211
2.2677557468414306641 2.1152951717376708984 2.0586304664611816406 1.8652529716491699219 1.5834394693374633789 0.92895787954330444336 1.5507234334945678711 2.2272751331329345703 2.3536200523376464844 2.1329977512359619141 2.0605299472808837891 2.1590967178344726562 2.1858022212982177734 1.9821885824203491211 2.2160620689392089844 2.1756114959716796875 2.0654754638671875 1.8773351907730102539 2.6228339672088623047 1.9852557182312011719 1.6696339845657348633 2.4346594810485839844 2.2946279048919677734 1.7000318765640258789 2.3206722736358642578 1.9836533069610595703 1.9112997055053710938 1.926016688346862793 2.0481591224670410156 1.9705462455749511719 2.5905351638793945312 3.1308414936065673828 2.8496618270874023438 2.5233771800994873047 2.2280790805816650391 1.866465449333190918 1.9158843755722045898 1.9213711023330688477 1.9512299299240112305 1.9432293176651000977
2.0457272529602050781 2.6013517379760742188 2.3622999191284179688 1.6767680644989013672 2.3565919399261474609 1.7763048410415649414 0.49981763958930969238 2.2455782890319824219 2.6043109893798828125 2.1571557521820068359 2.1372759342193603516 1.8975609540939331055 1.4373493194580078125 2.0284762382507324219 2.1794970035552978516 1.8050472736358642578 1.6585327386856079102 1.8689213991165161133 2.1142964363098144531 1.2122073173522949219 2.6935701370239257812 2.5633823871612548828 2.3319118022918701172 1.0291645526885986328 1.9529976844787597656 1.8255006074905395508 2.0228121280670166016 2.0759477615356445312 1.9037797451019287109 2.0124962329864501953 2.1725740432739257812 2.184299468994140625 2.0798180103302001953 2.0608015060424804688 1.8548206090927124023 1.9124073982238769531 1.946829676628112793 1.8769456148147583008 1.8968310356140136719 1.8331630229949951172
1.8679884672164916992 2.5370235443115234375 1.3929141759872436523 2.25153350830078125 2.2695095539093017578 2.9109065532684326172 1.9801964759826660156 1.6569367647171020508 1.9016480445861816406 1.7038202285766601562 2.6074967384338378906 1.2715392112731933594 1.9230912923812866211 1.997692108154296875 1.884006500244140625 1.9776307344436645508 2.1294777393341064453 2.0355384349822998047 2.0606348514556884766 1.7987552881240844727 2.4049468040466308594 -0.65211546421051025391 0.71331948041915893555 2.4737582206726074219 2.0142998695373535156 1.9325062036514282227 1.8956116437911987305 1.9975268840789794922 1.7576673030853271484 1.8373796939849853516 1.9826370477676391602 1.9079331159591674805 1.8600407838821411133 1.8650885820388793945 2.0322740077972412109 1.9225873947143554688 1.8490127325057983398 2.0551390647888183594 1.9260677099227905273 1.9789564609527587891
2.0682783126831054688 0.98546230792999267578 1.1741174459457397461 2.6548032760620117188 2.7689678668975830078 1.9126480817794799805 2.07534027099609375 1.8108819723129272461 1.98290252685546875 1.9232298135757446289 2.08528900146484375 1.47943878173828125 2.5071909427642822266 1.7953121662139892578 1.8791176080703735352 1.9805132150650024414 2.0504829883575439453 2.2198123931884765625 2.7211911678314208984 2.5450592041015625 0.23303993046283721924 2.3720712661743164062 2.4905648231506347656 2.1600165367126464844 1.9458966255187988281 1.9896836280822753906 1.9542422294616699219 1.9284723997116088867 1.9578931331634521484 2.0048611164093017578 1.9163743257522583008 1.8504871129989624023 1.9069082736968994141 1.8801784515380859375 2.1095118522644042969 1.8092436790466308594 1.7942554950714111328 1.951277613639831543 2.0032479763031005859 1.9641948938369750977
2.6378471851348876953 1.0448125600814819336 0.92378371953964233398 2.8662328720092773438 2.5821559429168701172 0.813114166259765625 1.3747956752777099609 1.4300459623336791992 1.2932069301605224609 2.4489409923553466797 1.1824544668197631836 1.4014672040939331055 2.4358251094818115234 1.882788538932800293 1.7427957057952880859 1.8944239616394042969 1.8606818914413452148 2.1320133209228515625 1.3831496238708496094 0.2426233440637588501 2.5561566352844238281 2.454715728759765625 2.1077563762664794922 1.9442019462585449219 1.9466711282730102539 1.920688629150390625 1.8764841556549072266 2.1207876205444335938 1.8583581447601318359 1.8651906251907348633 1.9062110185623168945 2.0431563854217529297 2.0104391574859619141 1.9403177499771118164 1.8840759992599487305 1.9475698471069335938 1.9166868925094604492 1.8698773384094238281 1.8774648904800415039 1.8769712448120117188
1.7387827634811401367 1.6177029609680175781 2.0289239883422851562 2.3874909877777099609 1.650264739990234375 0.9556319117546081543 2.4806473255157470703 2.9724152088165283203 1.6969102621078491211 1.0385022163391113281 0.87564837932586669922 2.0367081165313720703 1.7869194746017456055 2.2020916938781738281 2.0351903438568115234 1.8189334869384765625 1.9455845355987548828 2.0243391990661621094 1.7736551761627197266 1.4817725419998168945 2.267597198486328125 1.8466335535049438477 1.9569231271743774414 1.9085534811019897461 1.9635081291198730469 1.9484212398529052734 1.9257253408432006836 2.0294492244720458984 1.8757120370864868164 1.8794424533843994141 1.9054024219512939453 1.8485708236694335938 1.9290840625762939453 2.0158390998840332031 1.9106843471527099609 1.9488748311996459961 1.9741423130035400391 2.0491640567779541016 1.9836843013763427734 1.7708534002304077148
1.5414663553237915039 2.8674693107604980469 0.88635462522506713867 0.42189466953277587891 1.4720911979675292969 2.0452609062194824219 1.3331886529922485352 2.0137987136840820312 1.3648312091827392578 1.664010167121887207 1.6939961910247802734 1.7917417287826538086 2.4131035804748535156 2.3142268657684326172 2.0680563449859619141 2.2006134986877441406 2.3552262783050537109 0.95516943931579589844 2.4183218479156494141 1.103878021240234375 2.2320168018341064453 1.9609501361846923828 1.9277259111404418945 1.9750260114669799805 1.951333165168762207 1.8189281225204467773 2.2625317573547363281 2.1899788379669189453 2.1224365234375 1.9180065393447875977 1.9393621683120727539 1.884264826774597168 1.8906667232513427734 1.9007792472839355469 1.8652251958847045898 1.9558751583099365234 1.9152598381042480469 1.8834846019744873047 2.1010622978210449219 1.9251530170440673828
3.392612457275390625 1.1655519008636474609 3.38698577880859375 1.8925886154174804688 1.3932718038558959961 3.0889217853546142578 2.5091919898986816406 2.4414269924163818359 2.4124195575714111328 2.1732962131500244141 2.6764855384826660156 1.1243233680725097656 2.1382193565368652344 2.2177731990814208984 2.0825946331024169922 2.4860913753509521484 1.8456089496612548828 1.6452060937881469727 2.2227156162261962891 2.3924105167388916016 1.9083014726638793945 1.9974023103713989258 1.9323228597640991211 1.9166911840438842773 1.901255488395690918 1.7975471019744873047 1.7617933750152587891 1.4350794553756713867 2.3406016826629638672 1.9348821640014648438 1.9156137704849243164 1.9615181684494018555 1.9747830629348754883 1.9085355997085571289 1.8740586042404174805 1.9383938312530517578 1.9701356887817382812 1.8809113502502441406 1.8725289106369018555 1.9822697639465332031
2.1602666378021240234 1.9224580526351928711 2.5832047462463378906 1.5813945531845092773 3.036731719970703125 3.4549529552459716797 0.86282080411911010742 1.4274505376815795898 2.5663132667541503906 2.2554147243499755859 1.9031374454498291016 1.1921753883361816406 1.8956980705261230469 1.7269227504730224609 1.3710459470748901367 1.6998209953308105469 0.89950257539749145508 2.2245519161224365234 2.1093606948852539062 2.5792806148529052734 1.5527380704879760742 2.1462421417236328125 2.0515000820159912109 1.9313803911209106445 1.9371290206909179688 2.3162224292755126953 1.8598692417144775391 0.55976957082748413086 2.2191619873046875 1.9968613386154174805 1.9583830833435058594 1.9196689128875732422 1.9370875358581542969 1.8955992460250854492 1.9511091709136962891 1.9241901636123657227 1.9149115085601806641 1.903403162956237793 1.9641652107238769531 1.8219277858734130859
1.7652062177658081055 2.4619684219360351562 0.83187013864517211914 1.7091836929321289062 1.8569793701171875 0.52964699268341064453 1.2642548084259033203 2.6702027320861816406 0.9800917506217956543 2.3220450878143310547 2.2520725727081298828 1.9681588411331176758 2.1160576343536376953 2.2557942867279052734 1.564971923828125 1.4591883420944213867 2.4119002819061279297 2.3221926689147949219 1.6733236312866210938 1.9102146625518798828 -0.20437705516815185547 2.0658185482025146484 2.1166393756866455078 1.926006317138671875 1.9996259212493896484 1.9099277257919311523 1.4061021804809570312 2.4943265914916992188 1.9328742027282714844 1.8746578693389892578 1.882967829704284668 1.6730076074600219727 2.0107221603393554688 1.9412034749984741211 1.8472189903259277344 1.8710427284240722656 2.02056884765625 1.9877861738204956055 1.9320303201675415039 1.8992059230804443359
