Input_PredictorVariables/NDVI2018_Redo_Ratio.asc
ncols        529
nrows        344
xllcorner    2700.000000000000
yllcorner    15900.000000000000
cellsize     100.000000000000
NODATA_value  -3.4028234663852885981e+38
[rows 216 to 233 of 344, columns 440 to 479 of 529]
1.8989523649215698242 1.9986014366149902344 1.9703028202056884766 1.9139143228530883789 1.9076749086380004883 1.9689118862152099609 1.9089980125427246094 1.9491685628890991211 1.9235947132110595703 1.9943505525588989258 1.9239640235900878906 1.870348811149597168 1.9295098781585693359 1.9635784626007080078 1.9447873830795288086 2.0298161506652832031 2.0344889163970947266 1.8815853595733642578 1.8715071678161621094 1.9017826318740844727 1.9081920385360717773 1.9529508352279663086 1.8582770824432373047 1.8589124679565429688 1.941471099853515625 1.8081777095794677734 1.9309748411178588867 1.9266198873519897461 1.94149017333984375 1.9477521181106567383 1.9308618307113647461 1.964242100715637207 1.844040989875793457 1.9767822027206420898 1.9329599142074584961 1.9016166925430297852 1.9226963520050048828 1.9323979616165161133 1.9242988824844360352 1.9367669820785522461
1.8655602931976318359 1.9148110151290893555 1.8470882177352905273 1.9206833839416503906 1.9326300621032714844 1.8795610666275024414 1.9604473114013671875 1.9215488433837890625 1.9421852827072143555 1.8931002616882324219 1.9634656906127929688 1.9137717485427856445 1.9804543256759643555 1.9630206823348999023 1.9225705862045288086 1.91761016845703125 1.8827347755432128906 2.0123457908630371094 1.9624387025833129883 1.9451858997344970703 1.9035458564758300781 1.9276244640350341797 1.9753429889678955078 1.9652692079544067383 1.9853422641754150391 1.9822220802307128906 1.8879804611206054688 1.9111140966415405273 1.9176590442657470703 1.9525188207626342773 1.8836520910263061523 1.9560484886169433594 1.9583628177642822266 1.8886486291885375977 1.8945639133453369141 1.925276637077331543 1.9319845438003540039 1.8860374689102172852 1.8734631538391113281 1.9849513769149780273
1.9157018661499023438 1.9630777835845947266 1.9537960290908813477 1.9631191492080688477 1.9367427825927734375 1.9257247447967529297 1.9788368940353393555 1.8864781856536865234 1.9257014989852905273 1.9346812963485717773 1.954102635383605957 1.8929378986358642578 1.9246289730072021484 1.9147257804870605469 1.9270029067993164062 1.942029118537902832 1.8609170913696289062 1.9229232072830200195 1.9221769571304321289 1.8819893598556518555 1.9527039527893066406 1.9451992511749267578 1.9317167997360229492 2.0017008781433105469 1.9056125879287719727 1.9200233221054077148 1.9335572719573974609 1.9727281332015991211 1.9089972972869873047 1.917363286018371582 1.912470698356628418 1.9204109907150268555 1.9262750148773193359 1.9829496145248413086 1.8816193342208862305 1.9559549093246459961 1.9264965057373046875 1.9251723289489746094 1.921679377555847168 1.8873543739318847656
1.9507622718811035156 1.9679172039031982422 1.9003138542175292969 1.9349819421768188477 1.9823573827743530273 1.9223210811614990234 1.9709137678146362305 1.92022705078125 1.9023987054824829102 1.93682861328125 1.9417244195938110352 2.0181651115417480469 1.9042276144027709961 1.873608708381652832 1.9226533174514770508 1.9982761144638061523 1.9060556888580322266 1.9181228876113891602 1.9492924213409423828 1.8913457393646240234 1.8955675363540649414 1.9657460451126098633 1.9139140844345092773 1.8989984989166259766 1.9162971973419189453 1.9136099815368652344 1.9244525432586669922 1.9447215795516967773 1.9103006124496459961 1.9173111915588378906 1.9510195255279541016 1.9203889369964599609 1.8950875997543334961 2.0118072032928466797 1.9511287212371826172 1.9036433696746826172 1.936421513557434082 1.9075320959091186523 1.9341642856597900391 1.9533709287643432617
1.8718818426132202148 1.8841145038604736328 1.8651827573776245117 1.95407867431640625 1.8784039020538330078 1.8252823352813720703 1.936435699462890625 1.8966283798217773438 1.8261864185333251953 1.9006494283676147461 1.8301532268524169922 1.7871460914611816406 2.0031259059906005859 1.9729088544845581055 1.9295673370361328125 1.8871152400970458984 1.9579557180404663086 1.8932412862777709961 1.922059178352355957 2.0156676769256591797 1.9740803241729736328 1.9129263162612915039 1.8956569433212280273 1.9159075021743774414 1.9498060941696166992 1.9598469734191894531 1.8975213766098022461 1.9110091924667358398 1.8827211856842041016 1.9232110977172851562 1.9422354698181152344 1.9237066507339477539 1.8680410385131835938 1.9783053398132324219 1.8845412731170654297 1.8693952560424804688 1.8851537704467773438 1.9560663700103759766 1.9086024761199951172 1.9266282320022583008
1.9027504920959472656 1.946251988410949707 1.9230903387069702148 1.9109071493148803711 1.8799804449081420898 1.9518877267837524414 1.8851749897003173828 1.9478586912155151367 1.8947719335556030273 1.9013378620147705078 1.9169793128967285156 1.9024677276611328125 1.9457559585571289062 1.8690980672836303711 1.8428502082824707031 1.8960387706756591797 1.9901275634765625 1.9503412246704101562 1.9266028404235839844 1.8438948392868041992 1.9692845344543457031 1.9517140388488769531 1.8503357172012329102 1.9460567235946655273 1.9391133785247802734 1.8976286649703979492 1.8136234283447265625 1.9062852859497070312 1.9775624275207519531 1.8866486549377441406 1.9276144504547119141 1.9717028141021728516 1.9322587251663208008 1.8697315454483032227 1.9821730852127075195 1.8225076198577880859 1.8812371492385864258 1.9315500259399414062 1.8505635261535644531 1.8883109092712402344
1.9339200258255004883 1.8995072841644287109 1.889078974723815918 1.9065824747085571289 1.9536423683166503906 1.9845730066299438477 1.8396531343460083008 1.9526005983352661133 1.9524463415145874023 1.9596172571182250977 1.9317601919174194336 1.8754820823669433594 2.2047145366668701172 1.8911606073379516602 1.8907754421234130859 1.979514002799987793 1.9564566612243652344 1.8956429958343505859 1.9566316604614257812 1.8807512521743774414 1.8716050386428833008 1.9393519163131713867 1.9203265905380249023 1.9392660856246948242 1.9257029294967651367 1.9074910879135131836 1.9546779394149780273 1.9074125289916992188 1.9188361167907714844 1.9338508844375610352 1.967375636100769043 1.8486227989196777344 1.9161407947540283203 1.9894733428955078125 1.9976422786712646484 1.9220213890075683594 1.9478750228881835938 1.9401621818542480469 1.9931722879409790039 1.9659126996994018555
1.8535370826721191406 1.8470785617828369141 1.8840042352676391602 1.9669508934020996094 1.9361405372619628906 1.8941035270690917969 1.9720388650894165039 1.9755448102951049805 1.8905889987945556641 1.9290271997451782227 1.9887776374816894531 2.6031439304351806641 2.1918468475341796875 2.1022429466247558594 2.0224156379699707031 1.9240220785140991211 1.8816905021667480469 1.8617311716079711914 1.8918167352676391602 1.9038143157958984375 1.9214940071105957031 1.9062907695770263672 1.9513611793518066406 1.923370361328125 1.9333845376968383789 1.9562453031539916992 1.9481511116027832031 1.970563054084777832 1.9568053483963012695 1.9131700992584228516 1.9177707433700561523 1.891010284423828125 1.8938860893249511719 1.9581075906753540039 1.8475463390350341797 1.9457390308380126953 1.9069498777389526367 1.8743460178375244141 1.9502468109130859375 1.9194692373275756836
1.9304568767547607422 1.9770956039428710938 1.9405188560485839844 2.0452866554260253906 1.8516064882278442383 1.9404785633087158203 1.9575277566909790039 2.0252881050109863281 1.8901885747909545898 1.9623889923095703125 2.7014985084533691406 2.5308520793914794922 -1.4255777597427368164 2.1225752830505371094 2.1886382102966308594 1.9957805871963500977 1.9481675624847412109 1.8734488487243652344 2.0927827358245849609 1.8939672708511352539 1.9271608591079711914 1.9281673431396484375 1.9406347274780273438 1.8597050905227661133 1.8826956748962402344 1.9259350299835205078 1.9336653947830200195 1.9706768989562988281 1.8955121040344238281 1.9806090593338012695 1.9406287670135498047 2.0046784877777099609 1.9331229925155639648 1.8897254467010498047 1.9719513654708862305 1.8747999668121337891 1.9074476957321166992 2.0574901103973388672 1.8718541860580444336 1.9091176986694335938
1.9878838062286376953 1.868508458137512207 1.7845041751861572266 1.8847842216491699219 1.9843846559524536133 1.9781833887100219727 1.8302340507507324219 1.9534475803375244141 1.8881459236145019531 2.1967871189117431641 1.5657672882080078125 -1.7903586626052856445 2.584751129150390625 2.4897186756134033203 1.8262468576431274414 1.8525698184967041016 1.91241455078125 1.9096230268478393555 1.9482816457748413086 1.8757727146148681641 1.9808002710342407227 1.9023367166519165039 1.9523465633392333984 1.9661381244659423828 1.9296462535858154297 1.9209263324737548828 1.9695073366165161133 1.8944466114044189453 1.8400138616561889648 1.9148384332656860352 1.9421865940093994141 1.9192113876342773438 1.8879175186157226562 1.9296114444732666016 1.9147036075592041016 1.9142023324966430664 1.8748954534530639648 1.961606144905090332 1.8812322616577148438 1.9966959953308105469
1.8555989265441894531 1.9104216098785400391 1.9082968235015869141 1.9496268033981323242 1.9316657781600952148 1.8977645635604858398 1.9031701087951660156 1.9235974550247192383 1.9624006748199462891 1.9762200117111206055 2.1989607810974121094 2.3109769821166992188 2.4858043193817138672 1.8816045522689819336 1.9260163307189941406 1.9124381542205810547 1.8925826549530029297 1.9302574396133422852 1.9573206901550292969 1.9541809558868408203 1.912713170051574707 1.8898723125457763672 1.9245417118072509766 1.8982334136962890625 1.8753412961959838867 1.8712058067321777344 1.8810448646545410156 1.8994603157043457031 2.0246155261993408203 1.9087138175964355469 1.8967008590698242188 1.9154328107833862305 1.8997198343276977539 1.9978413581848144531 1.9505237340927124023 1.9744738340377807617 1.878597259521484375 1.8691664934158325195 1.941544651985168457 1.8793971538543701172
1.9803584814071655273 1.9794466495513916016 1.9316223859786987305 1.9026319980621337891 1.8268780708312988281 1.9314730167388916016 1.9890744686126708984 1.8479338884353637695 1.910204768180847168 1.8862537145614624023 2.0567002296447753906 2.2629997730255126953 1.9950212240219116211 1.9362044334411621094 1.9653329849243164062 1.8849533796310424805 1.914906620979309082 1.9797013998031616211 1.8646111488342285156 1.8915845155715942383 1.9698082208633422852 1.9430450201034545898 1.9667518138885498047 1.9185484647750854492 1.9423063993453979492 1.9180593490600585938 1.8839188814163208008 1.9636465311050415039 1.9178879261016845703 1.9115157127380371094 1.9698926210403442383 1.9618879556655883789 1.9485880136489868164 1.884177088737487793 1.8654066324234008789 1.9104611873626708984 1.9647103548049926758 1.9461524486541748047 1.9264430999755859375 1.9258164167404174805
1.9638981819152832031 1.9512008428573608398 1.9369344711303710938 1.8631643056869506836 1.9740699529647827148 1.9641836881637573242 1.8844249248504638672 1.9341176748275756836 1.8543528318405151367 1.8520872592926025391 2.0052247047424316406 1.9398664236068725586 1.9695060253143310547 1.9547725915908813477 2.0054795742034912109 2.0362896919250488281 1.9889677762985229492 1.9122120141983032227 1.9559143781661987305 1.894961237907409668 1.9243179559707641602 1.9266071319580078125 1.9200103282928466797 1.9199625253677368164 1.8883388042449951172 1.9883165359497070312 1.9677492380142211914 1.9725686311721801758 1.8662772178649902344 1.9073079824447631836 1.9413063526153564453 1.9151427745819091797 1.9516131877899169922 1.8872393369674682617 1.9244016408920288086 1.8731365203857421875 1.8932031393051147461 1.8913877010345458984 1.8877406120300292969 1.9261300563812255859
1.9299783706665039062 1.9368399381637573242 1.9231172800064086914 1.8939627408981323242 1.9232175350189208984 1.9336502552032470703 1.8418641090393066406 1.9127706289291381836 1.9183350801467895508 1.8444218635559082031 1.8938752412796020508 1.907729029655456543 1.9255262613296508789 1.8719061613082885742 1.9465456008911132812 1.9432052373886108398 1.867768406867980957 1.8513746261596679688 1.860443115234375 1.9034165143966674805 1.8845196962356567383 1.8329758644104003906 1.8867379426956176758 1.9756792783737182617 1.9151383638381958008 1.9386439323425292969 1.9543180465698242188 1.9334501028060913086 1.88617706298828125 1.9019384384155273438 1.8829840421676635742 1.989403843879699707 1.8756558895111083984 1.9449446201324462891 1.9807590246200561523 1.96855926513671875 1.8919785022735595703 1.9232940673828125 1.9504529237747192383 1.9125024080276489258
1.9300323724746704102 1.893138885498046875 1.8991980552673339844 1.9658119678497314453 1.9551815986633300781 1.9596534967422485352 1.891605377197265625 1.8607008457183837891 1.9540055990219116211 1.9419139623641967773 1.8283599615097045898 1.9168022871017456055 1.7637267112731933594 1.9066112041473388672 1.9111467599868774414 1.8244814872741699219 1.8840401172637939453 1.8344922065734863281 1.8774030208587646484 2.00850677490234375 1.8891708850860595703 1.8367873430252075195 1.9753965139389038086 1.896022796630859375 1.8567758798599243164 1.8213175535202026367 1.9023057222366333008 2.0207369327545166016 1.8761698007583618164 1.7994345426559448242 1.9219403266906738281 1.9422734975814819336 1.9064105749130249023 1.9237488508224487305 1.9548866748809814453 1.8995865583419799805 2.0225839614868164062 1.8943608999252319336 1.9183802604675292969 1.9362494945526123047
1.9174139499664306641 1.912299036979675293 1.8995635509490966797 1.9867058992385864258 1.8173927068710327148 1.8784277439117431641 1.9472715854644775391 1.9340445995330810547 1.9165141582489013672 1.9509909152984619141 1.9161155223846435547 1.920711517333984375 1.9505550861358642578 1.9830350875854492188 1.9421167373657226562 1.9387580156326293945 1.9315612316131591797 2.0171301364898681641 1.9550919532775878906 1.896245121955871582 1.9047263860702514648 1.930889129638671875 2.0183978080749511719 1.9492545127868652344 1.8972722291946411133 2.0116016864776611328 1.8842856884002685547 1.7865706682205200195 1.929938197135925293 1.9846651554107666016 1.9068301916122436523 2.0113224983215332031 1.8757227659225463867 1.9055261611938476562 1.9749659299850463867 1.8408751487731933594 2.0223546028137207031 1.9588656425476074219 1.865126490592956543 1.9431695938110351562
1.8632119894027709961 1.8246763944625854492 1.9878466129302978516 1.9366282224655151367 1.9755227565765380859 1.9158508777618408203 1.9697182178497314453 2.0119142532348632812 1.8987696170806884766 1.9811165332794189453 1.9009392261505126953 1.9168164730072021484 1.9523460865020751953 1.9480497837066650391 1.9741063117980957031 1.9184137582778930664 1.9712761640548706055 1.9856065511703491211 1.9611002206802368164 1.8818771839141845703 1.9055011272430419922 1.9179425239562988281 1.9156658649444580078 1.9167534112930297852 1.9379059076309204102 1.9216612577438354492 1.9533915519714355469 1.99457550048828125 1.9528737068176269531 1.9649904966354370117 1.8776249885559082031 1.9566036462783813477 1.8554846048355102539 1.9421288967132568359 1.9591352939605712891 1.8611402511596679688 1.9523788690567016602 1.9172625541687011719 1.9232306480407714844 1.9360491037368774414
1.9733670949935913086 1.9664990901947021484 1.9624021053314208984 1.9004266262054443359 1.8816407918930053711 1.9468947649002075195 1.8963882923126220703 1.9253655672073364258 1.9127784967422485352 1.9317369461059570312 1.9603765010833740234 1.9564185142517089844 1.9138276576995849609 1.858004450798034668 1.941599726676940918 1.9265280961990356445 1.8782857656478881836 1.8880069255828857422 1.9919365644454956055 1.9648269414901733398 1.948675990104675293 1.9276009798049926758 1.9495456218719482422 1.8498358726501464844 1.9499897956848144531 1.8404303789138793945 1.958727717399597168 1.9364693164825439453 1.8811680078506469727 1.8696287870407104492 1.8806035518646240234 1.9108060598373413086 1.9132421016693115234 1.8360439538955688477 1.9816924333572387695 1.900742650032043457 1.9072179794311523438 1.9500809907913208008 1.8811002969741821289 1.9308559894561767578
