Input_PredictorVariables/NDVI2018_Redo_Ratio.asc
ncols        529
nrows        344
xllcorner    2700.000000000000
yllcorner    15900.000000000000
cellsize     100.000000000000
NODATA_value  -3.4028234663852885981e+38
[rows 36 to 53 of 344, columns 400 to 439 of 529]
1.9570105075836181641 1.878419041633605957 1.6807208061218261719 2.1190385818481445312 2.4482672214508056641 3.3554081916809082031 -4.9953546524047851562 -12.494267463684082031 -0.30476650595664978027 2.7130596637725830078 1.8230814933776855469 2.0555291175842285156 2.0076963901519775391 1.9928146600723266602 1.7514500617980957031 1.8291361331939697266 2.0589940547943115234 1.7270089387893676758 2.4194540977478027344 2.4327902793884277344 1.8377943038940429688 1.7908422946929931641 1.8908877372741699219 1.6887001991271972656 2.3014857769012451172 2.1611249446868896484 2.5302574634552001953 2.466548919677734375 1.2224643230438232422 1.7026714086532592773 1.9574065208435058594 2.6004719734191894531 1.5679253339767456055 3.0521492958068847656 2.3935570716857910156 -0.10077346116304397583 3.8979649543762207031 2.1668009757995605469 1.9458611011505126953 1.9361464977264404297
1.969647526741027832 1.9215900897979736328 1.9065098762512207031 1.9582521915435791016 2.2745792865753173828 5.172519683837890625 -4.6193614006042480469 -6.0356168746948242188 4.2923932075500488281 2.3539321422576904297 1.6582424640655517578 2.0280485153198242188 1.9888423681259155273 1.885430455207824707 1.8361307382583618164 2.0310425758361816406 1.9352720975875854492 1.9226552248001098633 1.6956931352615356445 1.7047246694564819336 2.1397292613983154297 2.3295385837554931641 2.1800625324249267578 1.8551453351974487305 2.1619877815246582031 1.7596842050552368164 1.3840585947036743164 1.0120983123779296875 1.5765191316604614258 2.5176832675933837891 2.8040044307708740234 3.5456590652465820312 -1.1094151735305786133 3.4321117401123046875 3.5530571937561035156 1.3107290267944335938 11.641100883483886719 2.25734710693359375 1.9105259180068969727 1.8860727548599243164
1.9449517726898193359 2.0400080680847167969 2.0262110233306884766 2.0303006172180175781 2.7505984306335449219 3.3349599838256835938 -7.5296916961669921875 2.9983737468719482422 3.1161375045776367188 2.0827879905700683594 1.774662017822265625 1.8515235185623168945 1.8979218006134033203 1.9132359027862548828 1.8958349227905273438 2.0965781211853027344 1.9495401382446289062 1.7341184616088867188 1.9597661495208740234 0.62302982807159423828 2.6417529582977294922 2.1522500514984130859 1.1849259138107299805 1.9533338546752929688 1.8342298269271850586 2.2695343494415283203 2.2321050167083740234 1.8309327363967895508 2.8939230442047119141 2.3050780296325683594 2.1728265285491943359 2.2496356964111328125 -3.0147669315338134766 1.8644063472747802734 3.8977105617523193359 5.8216304779052734375 -22.190530776977539062 3.1660170555114746094 1.9060448408126831055 1.8474060297012329102
1.9754317998886108398 1.8923041820526123047 1.8969211578369140625 2.1969764232635498047 3.4093580245971679688 -2.0307788848876953125 -7.8063635826110839844 5.3126773834228515625 2.2563233375549316406 2.0621042251586914062 1.8368511199951171875 1.9390844106674194336 1.8904701471328735352 1.8843238353729248047 1.926325678825378418 1.9453982114791870117 2.1819040775299072266 2.2755973339080810547 0.91804265975952148438 0.73759973049163818359 2.8708388805389404297 1.9282308816909790039 1.458027958869934082 1.8228166103363037109 1.4183824062347412109 0.79109364748001098633 2.5337431430816650391 0.86811625957489013672 2.9269919395446777344 4.6386742591857910156 1.3024113178253173828 -9.3003644943237304688 12.625988960266113281 1.2377221584320068359 6.5260162353515625 8.7580356597900390625 1.3604364395141601562 3.6164987087249755859 2.1866407394409179688 1.9050374031066894531
2.0222551822662353516 1.8338669538497924805 1.8275319337844848633 2.3398766517639160156 1.0669513940811157227 -4.2335896492004394531 -123.96027374267578125 5.1662087440490722656 2.3271868228912353516 2.0934381484985351562 2.0481591224670410156 1.9977090358734130859 1.955781102180480957 1.9957162141799926758 1.980233311653137207 1.9490007162094116211 1.8375267982482910156 2.1449334621429443359 1.8993325233459472656 1.7465757131576538086 2.1831028461456298828 2.0173709392547607422 2.5328869819641113281 2.8346035480499267578 2.2560820579528808594 2.1871967315673828125 2.4982194900512695312 4.2868475914001464844 1.7721040248870849609 -0.10662338882684707642 8.2899303436279296875 2.4281358718872070312 2.0249719619750976562 5.691745758056640625 -20.788455963134765625 -3.6974940299987792969 1.9733873605728149414 2.5928297042846679688 2.1323263645172119141 1.8804218769073486328
2.0030114650726318359 1.9552618265151977539 1.8821753263473510742 2.3110342025756835938 3.2438824176788330078 -3.05059051513671875 -8.0251407623291015625 4.4896988868713378906 3.2928807735443115234 1.9584168195724487305 1.8992714881896972656 1.3767919540405273438 2.0426874160766601562 2.0177695751190185547 1.8552291393280029297 2.0468373298645019531 2.0972568988800048828 2.1754331588745117188 2.2995228767395019531 2.3434634208679199219 2.8303658962249755859 3.7551534175872802734 0.88096857070922851562 3.0395216941833496094 3.3021113872528076172 3.8493323326110839844 2.2094869613647460938 2.3911540508270263672 -18.706666946411132812 5.6204309463500976562 2.7874360084533691406 2.4170389175415039062 2.2357912063598632812 2.2344608306884765625 2.6424329280853271484 3.0450730323791503906 2.3752756118774414062 1.766011357307434082 1.8775093555450439453 1.941553950309753418
1.9258638620376586914 1.8022741079330444336 2.0177359580993652344 2.1242742538452148438 2.7560737133026123047 4.5893092155456542969 -4.5699315071105957031 -4.5902190208435058594 4.1143798828125 2.9847438335418701172 1.9754471778869628906 2.0580830574035644531 1.958653569221496582 1.8881368637084960938 1.9154034852981567383 2.0606133937835693359 2.0879373550415039062 2.7667894363403320312 3.4338605403900146484 4.2839322090148925781 3.2843706607818603516 -4.7409510612487792969 -7.5270323753356933594 -6.3761959075927734375 2.5889952182769775391 10.000339508056640625 -4.5096464157104492188 36.647792816162109375 2.5862882137298583984 1.9578554630279541016 1.8364040851593017578 1.8768320083618164062 1.8964755535125732422 1.9140104055404663086 2.0638687610626220703 2.0071318149566650391 1.9833772182464599609 1.8637251853942871094 1.9109025001525878906 1.9764702320098876953
1.9994921684265136719 2.1736428737640380859 1.6061956882476806641 1.5342955589294433594 2.2018620967864990234 2.9193360805511474609 3.8812234401702880859 -5.5021228790283203125 -7.4808793067932128906 4.1306986808776855469 3.279262542724609375 2.3096573352813720703 2.2425704002380371094 2.3726739883422851562 2.4544312953948974609 3.0159289836883544922 1.649313807487487793 -1.0838543176651000977 2.0705707073211669922 -6.0893435478210449219 44.744586944580078125 4.0771460533142089844 2.1781039237976074219 3.3175334930419921875 8.2211694717407226562 9.7733850479125976562 4.5940384864807128906 2.3859384059906005859 1.8856080770492553711 1.8442814350128173828 1.9177445173263549805 1.9399092197418212891 1.8795465230941772461 1.9197472333908081055 2.0949306488037109375 1.9253889322280883789 1.8900922536849975586 1.7945798635482788086 2.0759751796722412109 1.9926568269729614258
1.8780082464218139648 1.9962890148162841797 1.9290555715560913086 2.0101389884948730469 2.1298954486846923828 2.1953957080841064453 4.2989468574523925781 -6.6454801559448242188 -17.466424942016601562 -11.00785064697265625 5.7680420875549316406 4.6431293487548828125 2.5114758014678955078 2.6408267021179199219 4.0967297554016113281 6.1050648689270019531 -15.781426429748535156 11.321188926696777344 3.363037109375 3.0901844501495361328 2.2875196933746337891 1.8250567913055419922 1.7306295633316040039 1.725827336311340332 2.1137120723724365234 2.6495687961578369141 1.6858601570129394531 1.7138386964797973633 1.8553351163864135742 1.9227254390716552734 1.9615719318389892578 1.9575459957122802734 1.9342218637466430664 2.0636992454528808594 2.0793466567993164062 2.0471525192260742188 1.6878365278244018555 1.8080039024353027344 2.0211007595062255859 1.9509001970291137695
1.9466109275817871094 1.5462087392807006836 2.0963854789733886719 1.8371603488922119141 1.9327625036239624023 1.8868769407272338867 2.7469742298126220703 6.5411157608032226562 9.6948795318603515625 7.4146313667297363281 6.3017215728759765625 -12.056685447692871094 -10.208523750305175781 -7.1220965385437011719 -12.484515190124511719 20.14807891845703125 3.1928524971008300781 2.0504980087280273438 2.2145457267761230469 1.9769892692565917969 1.960329890251159668 1.9382722377777099609 1.860434412956237793 1.7559641599655151367 1.7204529047012329102 1.739640355110168457 1.7629411220550537109 1.9441989660263061523 1.8775786161422729492 1.9163620471954345703 1.9712541103363037109 1.9172408580780029297 1.9447478055953979492 2.0022714138031005859 1.8212022781372070312 1.8671325445175170898 1.8115007877349853516 1.929814457893371582 2.01844024658203125 1.958904266357421875
2.1089646816253662109 2.0472443103790283203 2.1821086406707763672 1.8380498886108398438 2.2505259513854980469 2.3213894367218017578 2.4851326942443847656 7.484592437744140625 -0.81958049535751342773 3.3386900424957275391 4.4626488685607910156 19.821552276611328125 21.134645462036132812 -5.2188601493835449219 -2.1134028434753417969 8.22664642333984375 2.3275191783905029297 1.8713060617446899414 1.8002969026565551758 1.8577455282211303711 1.9289917945861816406 1.9076329469680786133 1.8700666427612304688 1.9411331415176391602 1.9010946750640869141 1.8796186447143554688 1.7536019086837768555 1.8277044296264648438 1.905766606330871582 1.915507197380065918 1.9222403764724731445 1.9531267881393432617 1.9876010417938232422 1.9738726615905761719 1.8078218698501586914 1.8404372930526733398 1.8966743946075439453 1.9015916585922241211 1.9783645868301391602 2.03244781494140625
2.3689506053924560547 2.6328818798065185547 2.9670290946960449219 3.2358784675598144531 3.1839978694915771484 3.7342686653137207031 3.8340692520141601562 0.14324116706848144531 5.1430888175964355469 2.6757307052612304688 3.7550756931304931641 -20.578338623046875 -1.2633204460144042969 -0.85919207334518432617 -12.441799163818359375 -7.14720916748046875 3.1311872005462646484 2.1012053489685058594 1.9853968620300292969 1.9831147193908691406 1.989617466926574707 2.0617744922637939453 2.1115071773529052734 1.9911180734634399414 2.1866426467895507812 2.0758969783782958984 1.9537986516952514648 1.960577845573425293 1.9105670452117919922 1.9486445188522338867 1.8972853422164916992 1.8525538444519042969 1.823848724365234375 1.7480236291885375977 1.8193367719650268555 1.8733071088790893555 1.8467831611633300781 1.9223725795745849609 2.0434823036193847656 1.8658319711685180664
3.2216725349426269531 2.0335679054260253906 -0.72847408056259155273 -3.8677508831024169922 -5.0070433616638183594 -6.6621079444885253906 -14.817857742309570312 8.9093542098999023438 2.0749654769897460938 2.3727736473083496094 7.4199161529541015625 63.061473846435546875 7.5374083518981933594 0.62508243322372436523 15.140189170837402344 -11.049878120422363281 6.1969561576843261719 2.9152588844299316406 2.4104552268981933594 2.0801324844360351562 2.1132659912109375 2.2091939449310302734 1.9770907163619995117 1.9905748367309570312 1.9412223100662231445 1.8939771652221679688 2.1142978668212890625 1.9348369836807250977 1.9335050582885742188 1.8580058813095092773 1.8806319236755371094 1.9628754854202270508 2.0260121822357177734 2.0593402385711669922 1.9372559785842895508 1.8479363918304443359 1.8697642087936401367 1.9743582010269165039 2.0866162776947021484 1.8939900398254394531
-2.9541783332824707031 -10.134615898132324219 10.648960113525390625 3.7416505813598632812 3.004848480224609375 3.1456735134124755859 2.8591210842132568359 1.8633739948272705078 1.8591692447662353516 2.1357734203338623047 4.8076739311218261719 -12.505829811096191406 26.206150054931640625 4.4759869575500488281 -14.225972175598144531 12.779557228088378906 2.1466252803802490234 1.5490272045135498047 1.8455785512924194336 1.9507910013198852539 1.817910313606262207 1.7697205543518066406 1.9284746646881103516 1.9907187223434448242 1.8994193077087402344 1.9098258018493652344 2.1559233665466308594 2.0236668586730957031 1.8806777000427246094 2.0207915306091308594 1.9505095481872558594 1.8861634731292724609 1.9709213972091674805 1.8937526941299438477 1.8899184465408325195 1.903802037239074707 1.9112775325775146484 1.9216110706329345703 2.0655455589294433594 1.9050006866455078125
3.4828467369079589844 2.2093663215637207031 1.5882227420806884766 1.4158082008361816406 1.5191389322280883789 1.7894122600555419922 0.24603520333766937256 0.47573065757751464844 1.2222800254821777344 2.4296884536743164062 2.295116424560546875 3.8905506134033203125 6.3618183135986328125 3.9946072101593017578 3.9322962760925292969 2.5541250705718994141 1.9170194864273071289 1.8926486968994140625 1.7408003807067871094 1.6718744039535522461 1.7401770353317260742 1.6604942083358764648 1.6845064163208007812 1.8659329414367675781 1.9695658683776855469 1.8579297065734863281 1.7415581941604614258 1.9408110380172729492 2.0248584747314453125 2.0195171833038330078 1.9296180009841918945 1.9285795688629150391 1.8782637119293212891 1.8459870815277099609 1.823067784309387207 1.9025297164916992188 1.9183509349822998047 1.8707537651062011719 2.0939164161682128906 1.7907680273056030273
1.8941354751586914062 1.8352226018905639648 1.8347123861312866211 1.8545125722885131836 1.9610904455184936523 2.0397679805755615234 1.6429088115692138672 1.4736592769622802734 2.1192524433135986328 2.3676774501800537109 2.0677580833435058594 1.8765336275100708008 2.9650607109069824219 2.2096638679504394531 2.023204803466796875 1.8470580577850341797 1.8812004327774047852 1.963274836540222168 1.8294293880462646484 1.7849749326705932617 1.9609713554382324219 2.1156203746795654297 2.0076260566711425781 1.887936711311340332 1.7134443521499633789 1.6072479486465454102 1.8421595096588134766 1.8651739358901977539 1.9049657583236694336 1.9311310052871704102 1.6634824275970458984 1.7909942865371704102 1.9072132110595703125 1.8618276119232177734 1.9332103729248046875 1.8784012794494628906 1.827709197998046875 1.9713180065155029297 2.1499540805816650391 1.8211324214935302734
1.8670811653137207031 1.8303459882736206055 1.8372809886932373047 1.8180347681045532227 2.0536706447601318359 1.9017856121063232422 1.9013527631759643555 1.6104453802108764648 2.2752249240875244141 2.3606610298156738281 2.0756723880767822266 2.0847449302673339844 2.2682640552520751953 1.9412299394607543945 1.7434648275375366211 1.686642765998840332 1.7014676332473754883 1.7469775676727294922 1.9295592308044433594 1.9096273183822631836 1.6802579164505004883 1.6174598932266235352 1.9373161792755126953 1.8437150716781616211 1.8876831531524658203 2.0485253334045410156 2.2404482364654541016 2.2391817569732666016 2.0623190402984619141 2.0311264991760253906 1.9251934289932250977 1.9124356508255004883 2.0365512371063232422 2.0527720451354980469 1.9417914152145385742 1.8731737136840820312 1.8720363378524780273 1.9778907299041748047 2.1657044887542724609 1.8111366033554077148
2.0476729869842529297 2.0587716102600097656 2.0274477005004882812 1.951338648796081543 2.1310238838195800781 2.1697745323181152344 2.0524492263793945312 1.7420356273651123047 1.5663359165191650391 1.8503968715667724609 1.7776153087615966797 1.9617904424667358398 2.1378264427185058594 2.0765447616577148438 1.8765060901641845703 1.7552013397216796875 1.7902653217315673828 1.9212547540664672852 1.8945972919464111328 1.8142102956771850586 1.8789830207824707031 2.1101377010345458984 1.7547258138656616211 1.8792431354522705078 1.9655059576034545898 1.8303087949752807617 1.8366723060607910156 1.9787480831146240234 1.793492436408996582 1.7608096599578857422 2.0715374946594238281 2.1783668994903564453 2.1814038753509521484 2.0835435390472412109 1.8558619022369384766 1.9349669218063354492 1.9380180835723876953 2.0505700111389160156 2.0591387748718261719 1.8290503025054931641
