PredictorVariables/BuildingPerimeter_500m/BuildingPerimeter_redo_focal.asc
ncols        529
nrows        344
xllcorner    2700.000000000000
yllcorner    15900.000000000000
cellsize     100.000000000000
NODATA_value  0
[rows 46 to 68 of 344, columns 208 to 259 of 529]
4664.775390625 4857.40673828125 4391.59912109375 3947.183349609375 3819.58251953125 2690.007568359375 1773.7308349609375 1369.9549560546875 696.23651123046875 57.6758270263671875 0 0 0 0 0 0 0 0 0 0 0 0 0 0 0 0 0 0 0 0 412.86260986328125 382.583038330078125 582.22979736328125 1102.5848388671875 3380.3212890625 5993.7568359375 6223.46728515625 5624.5771484375 5303.1787109375 4741.708984375 4564.60888671875 4707.74609375 4692.15087890625 4094.89892578125 4047.97412109375 4140.859375 3625.64306640625 2507.2314453125 2649.938720703125 3060.271484375 2657.317626953125 2406.60302734375
4605.68212890625 4765.109375 3765.041748046875 3239.169189453125 2417.555419921875 1814.05712890625 801.31597900390625 504.358245849609375 253.0521087646484375 122.1704864501953125 0 0 0 0 0 0 0 0 0 0 0 0 0 0 0 0 0 0 0 305.82940673828125 707.92449951171875 689.05560302734375 552.3974609375 1725.1580810546875 4414.51513671875 7007.73779296875 7406.45458984375 6423.53759765625 5664.28173828125 4992.6376953125 4779.02197265625 4685.8076171875 3859.317626953125 3713.50146484375 4273.97509765625 4116.18505859375 3313.978515625 2843.9453125 3056.29248046875 2803.07275390625 2455.27880859375 1735.9884033203125
3817.648681640625 3567.049560546875 3043.882568359375 2188.142333984375 1241.9222412109375 361.27349853515625 390.832489013671875 214.7001800537109375 122.1704864501953125 0 0 0 0 0 0 0 0 0 0 0 0 0 0 0 0 0 0 0 305.82940673828125 601.54595947265625 655.28582763671875 707.92449951171875 966.79620361328125 2060.984130859375 4900.419921875 7100.88330078125 7688.29052734375 6547.8359375 5036.08544921875 5242.619140625 5445.76220703125 4635.33984375 3991.96435546875 3888.673095703125 4539.005859375 4626.08740234375 3949.1865234375 3466.78076171875 3848.30517578125 3350.02294921875 2538.041748046875 1931.5123291015625
2658.639892578125 2449.60107421875 1894.19970703125 1279.0689697265625 339.87750244140625 173.8644561767578125 73.20580291748046875 122.1704864501953125 0 0 0 0 0 0 0 0 0 0 0 0 0 0 0 0 0 0 0 0 295.716552734375 655.28582763671875 655.28582763671875 655.28582763671875 774.38043212890625 2642.446533203125 5343.38671875 7458.521484375 6611.70703125 5829.28955078125 5045.7041015625 4874.9560546875 5453.06201171875 5292.92724609375 4450.04541015625 4215.734375 4498.9306640625 5276.67529296875 4629.65869140625 3646.711669921875 3333.423583984375 3657.627685546875 2910.135498046875 1520.569091796875
1531.289794921875 1130.831787109375 693.1519775390625 200.258544921875 173.8644561767578125 0 0 0 0 0 0 89.9826202392578125 0 0 0 0 0 0 0 0 0 0 0 0 0 0 0 0 53.73987579345703125 349.4564208984375 655.28582763671875 372.646484375 1040.1466064453125 2723.805908203125 5028.71337890625 6598.1806640625 6040.265625 4352.90576171875 4127.22900390625 4521.80224609375 4836.546875 4497.5673828125 4354.4697265625 4134.9609375 4702.97314453125 4775.2333984375 4171.58349609375 3021.734130859375 2686.830078125 3653.3359375 2712.77099609375 1608.4481201171875
651.16650390625 375.507080078125 0 173.8644561767578125 0 0 0 0 0 0 89.9826202392578125 145.1103668212890625 186.118255615234375 0 0 0 0 0 0 0 0 0 0 0 0 0 0 0 0 53.73987579345703125 349.4564208984375 224.561492919921875 859.0328369140625 2589.377197265625 3752.91748046875 5036.55078125 4697.25537109375 3210.10986328125 3152.727783203125 3972.8330078125 3812.374755859375 3844.676025390625 3474.26611328125 4028.588623046875 4443.322265625 4369.6171875 3037.631591796875 2258.215087890625 2718.36669921875 3072.59521484375 2289.401123046875 2487.7314453125
352.420745849609375 423.072906494140625 124.950775146484375 13.303369522094726562 0 0 0 0 0 89.9826202392578125 145.1103668212890625 241.246002197265625 279.664398193359375 186.118255615234375 0 0 0 0 0 0 0 0 0 244.943084716796875 52.30754852294921875 77.97949981689453125 87.3227386474609375 146.3204803466796875 28.37001800537109375 0 53.73987579345703125 0 170.821624755859375 943.4476318359375 2957.98876953125 2738.56884765625 2211.459716796875 1913.866455078125 2195.587646484375 2324.1328125 3289.46875 3246.455810546875 3077.748779296875 3298.2119140625 4353.95703125 4317.56005859375 2736.552978515625 2167.896484375 2574.418212890625 2637.869873046875 3395.23828125 3718.584228515625
766.16339111328125 864.72760009765625 951.52801513671875 535.25726318359375 26.50713348388671875 0 0 0 0 55.12774658203125 282.123931884765625 418.633636474609375 279.664398193359375 189.681793212890625 96.13564300537109375 0 0 0 0 0 0 170.51177978515625 462.750244140625 574.66168212890625 752.8800048828125 493.7872314453125 655.26361083984375 391.5594482421875 414.20721435546875 40.85660552978515625 0 0 0 392.05462646484375 987.4306640625 1411.10986328125 486.383575439453125 1103.0916748046875 1483.7225341796875 2086.124755859375 2496.25830078125 2603.64892578125 2697.087890625 4000.550048828125 4101.90625 4006.50048828125 2877.49853515625 2606.10986328125 2882.8173828125 3710.2919921875 4614.181640625 4176.876953125
1128.0091552734375 1448.0244140625 1447.7373046875 1315.2681884765625 678.17626953125 75.488311767578125 84.44826507568359375 0 0 40.87792205810546875 456.545745849609375 459.511566162109375 328.651031494140625 134.554046630859375 38.418399810791015625 0 0 0 0 111.16378021240234375 595.861572265625 773.74102783203125 1157.0496826171875 1701.52783203125 1619.51416015625 1973.5728759765625 1392.1068115234375 1589.0006103515625 870.69866943359375 726.12957763671875 40.85660552978515625 0 221.2330169677734375 237.9947357177734375 237.9947357177734375 322.40948486328125 419.998077392578125 566.83929443359375 1262.6771240234375 1965.400634765625 2439.863037109375 2578.775634765625 3472.097900390625 3853.961669921875 4173.05419921875 4103.24267578125 3778.689453125 3954.1572265625 4382.24072265625 4874.0478515625 4792.453125 4849.61767578125
1447.0487060546875 1849.62646484375 1708.7564697265625 1639.250244140625 1113.1893310546875 799.3782958984375 388.033203125 119.7879638671875 40.87792205810546875 362.999603271484375 362.999603271484375 456.545745849609375 314.401214599609375 177.38763427734375 0 0 0 0 111.16378021240234375 707.02532958984375 1128.846923828125 1662.6292724609375 2335.940185546875 2658.385009765625 2914.300537109375 2629.29931640625 2933.045166015625 2358.01171875 2093.84130859375 1104.24951171875 638.98089599609375 12.486585617065429688 0 221.2330169677734375 237.9947357177734375 237.9947357177734375 156.083038330078125 644.91552734375 1061.3797607421875 1894.990478515625 2364.949462890625 3022.9140625 3316.35009765625 3771.919677734375 4662.4560546875 4185.45947265625 4563.2275390625 4700.0908203125 5103.73388671875 5598.84326171875 4702.77294921875 5462.51171875
633.7747802734375 1308.140625 1896.541748046875 1713.2100830078125 1320.5281982421875 775.72601318359375 665.91107177734375 620.23590087890625 430.51873779296875 224.030364990234375 362.999603271484375 362.999603271484375 360.54010009765625 0 0 0 0 111.16378021240234375 536.5135498046875 740.528076171875 1437.74169921875 2398.578369140625 2835.63232421875 3347.301025390625 3007.465576171875 3400.3544921875 3072.467529296875 3122.71240234375 2272.422119140625 1884.9212646484375 934.444580078125 386.977569580078125 0 0 221.2330169677734375 16.761714935302734375 232.967559814453125 283.110015869140625 775.46185302734375 1326.559814453125 2015.6575927734375 2861.59375 3509.351318359375 4573.02783203125 4301.939453125 4213.51171875 4778.6494140625 5423.2529296875 5305.21826171875 5622.98779296875 5737.66650390625 5210.14013671875
444.23126220703125 749.847412109375 1161.0841064453125 1325.99658203125 1253.9810791015625 1266.520263671875 871.2735595703125 995.39654541015625 750.22198486328125 346.070465087890625 224.030364990234375 322.1217041015625 0 0 0 0 0 0 174.6992340087890625 932.6817626953125 1458.39208984375 1946.0201416015625 2346.326904296875 2758.04638671875 3170.07421875 2851.94921875 2755.033935546875 2701.561279296875 2494.082275390625 1581.82275390625 1037.480224609375 395.386260986328125 87.54178619384765625 0 0 198.68841552734375 331.05035400390625 247.974456787109375 384.000274658203125 855.417724609375 1621.607421875 2862.36376953125 4148.19873046875 5101.92578125 4785.31005859375 4085.951171875 4395.61865234375 5375.36328125 5536.017578125 5248.7158203125 5272.2919921875 5429.9990234375
318.599517822265625 350.013702392578125 650.42291259765625 1057.1336669921875 1101.543701171875 1088.956298828125 1394.4183349609375 1285.991455078125 785.2158203125 473.482269287109375 310.73077392578125 0 0 0 0 0 0 0 95.631378173828125 395.92236328125 1012.96527099609375 1408.296875 1858.8380126953125 2217.465576171875 2559.088623046875 2765.371337890625 2444.808349609375 2173.4638671875 1926.5252685546875 1559.7596435546875 858.84735107421875 439.201629638671875 140.086273193359375 0 240.38372802734375 910.14117431640625 819.83770751953125 600.703369140625 354.6700439453125 465.164031982421875 1491.62060546875 3120.056884765625 4916.447265625 5494.603515625 4404.345703125 5012.4775390625 4337.306640625 4779.23828125 5328.38134765625 4933.2978515625 4993.1044921875 4878.62353515625
655.04339599609375 272.786865234375 492.899627685546875 1139.758056640625 927.79998779296875 843.142578125 1332.10302734375 1267.651611328125 1056.0672607421875 539.80938720703125 135.837188720703125 0 0 0 0 0 0 0 0 95.631378173828125 284.75860595703125 615.40985107421875 1167.8837890625 1659.0888671875 1670.8826904296875 1887.9625244140625 1803.269287109375 1584.082275390625 1055.2987060546875 961.6666259765625 521.49578857421875 250.2964935302734375 27.916051864624023438 114.381011962890625 954.94439697265625 1681.1268310546875 1595.8958740234375 1812.93994140625 1160.5048828125 860.4791259765625 1717.1549072265625 2894.248779296875 4924.50048828125 5084.4052734375 5211.18359375 4840.99853515625 5403.1181640625 5232.7939453125 4937.72607421875 5362.240234375 4841.27734375 4557.60205078125
477.61676025390625 323.4036865234375 451.81280517578125 608.80816650390625 703.18804931640625 887.1612548828125 819.1358642578125 979.49169921875 799.11895751953125 434.043548583984375 89.89960479736328125 0 0 0 0 0 28.7633514404296875 217.8480072021484375 373.564056396484375 134.256134033203125 119.6790618896484375 125.591766357421875 157.185333251953125 735.80657958984375 1023.32470703125 958.18878173828125 1000.06396484375 479.76263427734375 442.24859619140625 293.86773681640625 250.2964935302734375 27.916051864624023438 41.6953125 677.2110595703125 1756.015380859375 2257.259033203125 2729.828125 2845.649169921875 2235.570556640625 1452.0906982421875 1659.6827392578125 2584.2080078125 3541.122802734375 4618.5546875 5528.17529296875 5461.3369140625 5678.76220703125 6160.0107421875 5646.79296875 5387.080078125 4762.27197265625 4872.9072265625
149.5370025634765625 43.26245880126953125 363.615631103515625 412.349853515625 390.668426513671875 292.153228759765625 383.769134521484375 535.70343017578125 434.043548583984375 89.89960479736328125 0 0 0 0 0 28.7633514404296875 353.210906982421875 852.07220458984375 1125.1500244140625 857.1099853515625 253.3598175048828125 24.047685623168945312 96.149993896484375 268.568695068359375 244.8701324462890625 526.28924560546875 19.009630203247070312 190.361083984375 0 82.29416656494140625 27.916051864624023438 0 129.1106414794921875 760.82293701171875 1673.8365478515625 3133.984130859375 3555.619384765625 2900.880126953125 2856.3271484375 2384.021240234375 1515.47509765625 1788.85498046875 2721.06201171875 3870.188232421875 4949.82470703125 5632.94482421875 6197.11572265625 6521.216796875 5921.8681640625 5152.12109375 4985.2587890625 5544.1796875
14.235311508178710938 0 29.0271453857421875 297.57745361328125 115.90850830078125 26.575235366821289062 51.002811431884765625 208.3067626953125 89.89960479736328125 0 0 0 0 0 28.7633514404296875 405.873138427734375 1026.611083984375 1502.7325439453125 1761.152099609375 1675.701416015625 1363.603515625 349.509796142578125 316.18768310546875 591.77392578125 505.0216064453125 227.0800933837890625 307.00714111328125 81.58286285400390625 537.95977783203125 88.47039031982421875 0 0 276.82830810546875 812.5474853515625 1606.38720703125 2348.516845703125 3189.8505859375 3079.40966796875 3250.122802734375 2790.096435546875 1705.721923828125 1351.4073486328125 1760.781494140625 2794.835693359375 3946.00439453125 5729.2890625 6365.5810546875 5971.58154296875 5674.55078125 5108.57373046875 4887.06689453125 5163.77490234375
0 0 0 29.0271453857421875 26.575235366821289062 0 0 0 0 0 0 0 0 0 159.2617950439453125 554.777099609375 1188.871337890625 1787.7100830078125 2026.5250244140625 2204.919189453125 1779.62841796875 1181.791259765625 828.47161865234375 1335.25146484375 1588.2518310546875 1124.2908935546875 842.77532958984375 1462.7884521484375 1075.309814453125 799.3013916015625 104.7444915771484375 115.75281524658203125 168.184661865234375 786.92156982421875 1346.3280029296875 1989.1497802734375 2062.469482421875 3007.54150390625 2837.61669921875 2536.754638671875 2098.33056640625 1317.15966796875 1383.5443115234375 1930.0540771484375 3250.67041015625 4544.85546875 5161.02685546875 5118.87939453125 4796.27587890625 4458.8310546875 3953.635009765625 3488.990966796875
0 0 0 0 0 0 0 0 0 0 0 0 0 52.662235260009765625 187.517425537109375 377.797149658203125 869.02484130859375 1516.415771484375 2272.01513671875 1834.360595703125 1494.4222412109375 1426.7872314453125 2077.87841796875 2541.547607421875 2586.68701171875 2409.309326171875 2550.973388671875 2517.772705078125 2284.3232421875 1387.818115234375 941.83087158203125 313.28460693359375 204.1995697021484375 211.6968994140625 872.6302490234375 1023.094970703125 1235.0233154296875 1690.369384765625 2107.64404296875 1990.5220947265625 1571.0704345703125 1101.3526611328125 931.43743896484375 1611.2420654296875 2677.819580078125 3068.0693359375 3385.912109375 3329.690673828125 3415.92822265625 2913.974365234375 2107.364013671875 1912.8662109375
0 0 0 0 0 0 0 0 0 0 0 0 0 66.91584014892578125 192.9353790283203125 465.390228271484375 806.36285400390625 1477.374755859375 1602.7169189453125 1781.2235107421875 1589.943603515625 1970.4454345703125 2704.509521484375 3144.364990234375 3606.44580078125 3781.40625 3403.880126953125 3014.962890625 2660.4716796875 2278.375 1041.4708251953125 604.60589599609375 265.32366943359375 221.209716796875 283.295135498046875 492.564697265625 243.153839111328125 717.11761474609375 1111.506591796875 1175.4698486328125 1100.2750244140625 865.05230712890625 957.45831298828125 1355.787353515625 1665.8516845703125 1854.3831787109375 1841.59521484375 1812.6519775390625 1469.3582763671875 1231.902587890625 790.6640625 396.69732666015625
0 0 0 0 0 0 0 0 0 0 0 0 0 0 271.43133544921875 621.5010986328125 1131.423583984375 1301.6170654296875 1656.8509521484375 1712.69140625 2084.16015625 2458.343505859375 3084.851806640625 3900.9892578125 3991.95068359375 3838.529296875 3492.614013671875 3016.818359375 2951.34228515625 1709.925048828125 1022.40777587890625 602.76116943359375 432.470703125 204.894989013671875 112.1076812744140625 91.61113739013671875 82.7059173583984375 10.0240631103515625 313.972991943359375 351.565673828125 515.68206787109375 814.70794677734375 973.71142578125 939.93780517578125 975.665283203125 1153.0123291015625 771.252197265625 418.307769775390625 294.876495361328125 262.78302001953125 146.313323974609375 0
0 0 0 0 0 0 0 0 0 0 0 0 0 0 0 523.88311767578125 988.22515869140625 1378.1346435546875 1867.8775634765625 1805.7718505859375 2074.11474609375 2775.449951171875 3800.484619140625 4139.25927734375 3964.870849609375 3397.712890625 3370.445068359375 3166.767333984375 2648.755859375 1901.84521484375 1045.1204833984375 517.00299072265625 408.466949462890625 285.0262451171875 88.60836029052734375 71.5982208251953125 71.5982208251953125 0 10.0240631103515625 141.115386962890625 143.5344696044921875 406.198028564453125 758.75244140625 600.1434326171875 600.8306884765625 501.3883056640625 43.745960235595703125 8.2385511398315429688 0 0 0 0
0 0 0 0 0 0 0 0 0 0 0 0 0 0 0 39.103328704833984375 595.5567626953125 1229.7398681640625 1734.28466796875 1739.082275390625 2357.61279296875 2766.406494140625 3548.241943359375 3884.190673828125 3328.185546875 3108.15478515625 3062.608154296875 2880.847900390625 2425.252685546875 2056.916748046875 1353.1337890625 646.81634521484375 192.00592041015625 88.60836029052734375 71.5982208251953125 71.5982208251953125 0 73.344207763671875 0 0 79.6655120849609375 103.282806396484375 292.037689208984375 365.299102783203125 210.6075286865234375 0 0 0 0 0 0 0
