PredictorVariables/BuildingPerimeter_500m/BuildingPerimeter_redo_focal.asc
ncols        529
nrows        344
xllcorner    2700.000000000000
yllcorner    15900.000000000000
cellsize     100.000000000000
NODATA_value  0
[rows 46 to 68 of 344, columns 104 to 155 of 529]
132.403533935546875 168.236328125 655.96337890625 1050.6942138671875 1621.578857421875 1882.8311767578125 2651.318603515625 2754.62841796875 2559.822998046875 2397.56787109375 1658.5926513671875 723.5166015625 1068.53173828125 853.713134765625 709.67120361328125 736.5340576171875 1044.46484375 1587.9652099609375 1760.6624755859375 1346.690673828125 508.570953369140625 268.46197509765625 384.690277099609375 129.1087188720703125 106.4210968017578125 211.9827117919921875 506.779388427734375 141.9816436767578125 0 0 0 30.086681365966796875 68.484588623046875 30.086681365966796875 0 0 42.87581634521484375 42.87581634521484375 58.271709442138671875 40.564910888671875 40.564910888671875 40.564910888671875 15.395892143249511719 0 0 0 0 0 0 0 0 295.442138671875
34.118473052978515625 138.2213134765625 282.146820068359375 1178.39990234375 1956.4967041015625 2442.91064453125 2106.4189453125 2296.481201171875 2349.535888671875 1700.116943359375 618.47802734375 698.014404296875 851.06005859375 909.822021484375 488.90716552734375 579.5081787109375 1051.849853515625 1015.81365966796875 1445.517333984375 604.4481201171875 201.563873291015625 343.877716064453125 399.20721435546875 350.9906005859375 106.4210968017578125 0 87.41558837890625 0 0 0 30.086681365966796875 68.484588623046875 68.484588623046875 68.484588623046875 30.086681365966796875 42.87581634521484375 42.87581634521484375 42.87581634521484375 42.87581634521484375 58.271709442138671875 40.564910888671875 15.395892143249511719 0 0 0 0 0 0 0 0 0 231.8572540283203125
0 0 255.495941162109375 497.70648193359375 1366.3262939453125 1584.4913330078125 1493.282470703125 1503.69921875 1424.4080810546875 412.530548095703125 147.707000732421875 478.425323486328125 847.285400390625 637.05230712890625 662.08966064453125 654.79339599609375 1045.9630126953125 899.06524658203125 573.70294189453125 201.563873291015625 383.400726318359375 431.617340087890625 392.094329833984375 399.20721435546875 244.56951904296875 0 0 0 0 0 38.3979034423828125 68.484588623046875 154.0174713134765625 68.484588623046875 38.3979034423828125 0 42.87581634521484375 42.87581634521484375 42.87581634521484375 0 15.395892143249511719 0 0 0 0 0 0 0 0 0 0 184.076934814453125
0 0 0 255.495941162109375 421.93743896484375 665.2501220703125 949.89971923828125 861.3662109375 712.5604248046875 0 122.236907958984375 411.7105712890625 684.0357666015625 862.5225830078125 1079.8604736328125 1151.3189697265625 896.33953857421875 1108.267333984375 554.53607177734375 486.380523681640625 259.140533447265625 431.617340087890625 431.617340087890625 392.094329833984375 48.216609954833984375 0 0 0 0 0 0 123.93079376220703125 493.566925048828125 123.93079376220703125 0 0 0 42.87581634521484375 0 0 0 0 0 0 0 0 0 0 0 13.301461219787597656 121.2709808349609375 1180.5872802734375
0 0 0 37.6309967041015625 285.22991943359375 234.681884765625 681.3331298828125 788.62213134765625 858.1236572265625 417.659942626953125 314.350372314453125 375.968109130859375 911.49212646484375 1014.94512939453125 1454.6219482421875 1394.552978515625 1463.6156005859375 1044.084228515625 908.90972900390625 556.67852783203125 558.4732666015625 259.140533447265625 392.094329833984375 48.216609954833984375 0 0 0 0 0 0 320.565948486328125 652.15740966796875 511.369873046875 425.08233642578125 85.53289031982421875 0 24.149385452270507812 0 0 0 0 0 0 0 0 0 0 0 13.301461219787597656 65.3047943115234375 914.39910888671875 2239.302001953125
0 0 37.6309967041015625 106.84618377685546875 83.6986083984375 292.562286376953125 788.62213134765625 1059.7701416015625 1055.56396484375 880.00958251953125 461.8271484375 412.04669189453125 711.38726806640625 1097.318359375 1039.6927490234375 1377.5465087890625 1152.7532958984375 1037.5614013671875 645.69061279296875 645.69061279296875 298.973114013671875 261.244781494140625 120.309326171875 0 0 0 0 20.462755203247070312 316.166900634765625 286.67486572265625 801.6575927734375 935.08013916015625 700.04705810546875 472.97198486328125 339.5494384765625 24.149385452270507812 225.6589508056640625 51.413120269775390625 0 0 0 0 0 0 0 0 0 13.301461219787597656 38.235931396484375 578.2086181640625 2048.298095703125 3168.078857421875
0 37.6309967041015625 106.84618377685546875 151.9823760986328125 241.1963653564453125 579.19842529296875 766.46636962890625 1032.6231689453125 949.7197265625 767.84356689453125 616.16729736328125 332.425445556640625 397.778106689453125 583.30426025390625 842.03839111328125 534.748291015625 658.953369140625 226.0485687255859375 573.597900390625 259.450103759765625 161.93658447265625 72.09271240234375 0 0 0 0 20.462755203247070312 351.910186767578125 786.07769775390625 829.9168701171875 561.63958740234375 849.5472412109375 935.08013916015625 614.51416015625 72.03902435302734375 225.6589508056640625 252.9226837158203125 252.9226837158203125 51.413120269775390625 0 0 0 0 0 0 0 0 0 367.35809326171875 1849.3013916015625 2773.158447265625 3987.98583984375
0 26.691972732543945312 109.45915985107421875 282.78814697265625 612.24456787109375 763.75238037109375 594.36962890625 696.796142578125 694.22552490234375 484.23089599609375 271.69268798828125 322.078460693359375 54.769744873046875 218.314208984375 358.34075927734375 249.2695770263671875 36.694683074951171875 128.5350494384765625 97.513519287109375 89.8438720703125 72.09271240234375 0 0 0 0 20.462755203247070312 351.910186767578125 566.3251953125 566.3251953125 786.07769775390625 829.9168701171875 561.63958740234375 614.51416015625 47.88964080810546875 201.5095672607421875 252.9226837158203125 252.9226837158203125 252.9226837158203125 228.7733001708984375 27.263734817504882812 0 0 0 0 0 30.570789337158203125 252.74578857421875 416.5098876953125 1254.0787353515625 2925.869140625 3902 4825.80126953125
0 41.59178924560546875 199.0895538330078125 569.72137451171875 840.94732666015625 865.947998046875 785.20867919921875 664.77947998046875 571.49188232421875 400.4365234375 248.7518463134765625 124.12042236328125 87.844818115234375 54.1631011962890625 120.6179046630859375 54.1631011962890625 17.468418121337890625 0 0 0 0 0 0 85.21666717529296875 0 15.28054046630859375 198.5164794921875 514.683349609375 566.3251953125 545.8624267578125 449.448028564453125 227.075103759765625 47.88964080810546875 0 0 201.5095672607421875 252.9226837158203125 228.7733001708984375 27.263734817504882812 0 0 0 0 0 30.570789337158203125 354.476654052734375 972.42578125 1640.7962646484375 2373.845703125 3265.4365234375 4443.8701171875 5597.5263671875
0 0 77.194915771484375 499.916900634765625 864.83843994140625 820.81182861328125 763.96026611328125 589.40753173828125 639.32666015625 537.26513671875 400.4365234375 170.5614471435546875 35.6689605712890625 17.468418121337890625 54.1631011962890625 17.468418121337890625 0 0 0 0 0 0 85.21666717529296875 85.21666717529296875 85.21666717529296875 0 15.28054046630859375 198.5164794921875 494.220611572265625 214.41497802734375 0 0 0 0 0 0 201.5095672607421875 27.263734817504882812 0 0 0 0 0 30.570789337158203125 354.476654052734375 1054.5269775390625 1742.9307861328125 2662.692138671875 2948.047607421875 3700.35400390625 4665.23779296875 5247.05126953125
0 0 0 77.194915771484375 431.63311767578125 688.896484375 515.45330810546875 603.65771484375 512.95843505859375 945.67718505859375 965.37005615234375 302.546905517578125 82.47628021240234375 19.089784622192382812 17.468418121337890625 0 0 0 0 0 0 85.21666717529296875 85.21666717529296875 85.21666717529296875 85.21666717529296875 85.21666717529296875 0 15.28054046630859375 162.7731781005859375 0 0 0 0 0 0 0 0 0 0 0 0 0 0 71.16007232666015625 422.178741455078125 1158.152099609375 2488.01904296875 3110.9619140625 3640.1123046875 3740.919921875 4383.8544921875 4604.44921875
0 0 0 0 35.60312652587890625 265.224212646484375 172.437896728515625 236.6423187255859375 1104.8385009765625 2037.0748291015625 2032.194580078125 520.01934814453125 170.581817626953125 141.387298583984375 19.089784622192382812 0 0 0 0 0 0 0 85.21666717529296875 85.21666717529296875 85.21666717529296875 0 0 0 0 0 0 0 0 0 0 0 0 0 0 0 0 0 0 10.94106292724609375 298.28704833984375 1501.787109375 2835.076904296875 4027.52294921875 3572.2197265625 3743.758544921875 3983.429931640625 4978.814453125
0 0 0 0 0 0 3.5166068077087402344 673.61865234375 2104.078369140625 3430.826416015625 3064.99365234375 1822.0074462890625 647.9461669921875 145.886962890625 76.8712158203125 19.089784622192382812 0 0 0 0 0 0 0 85.21666717529296875 0 0 0 0 0 0 0 0 0 0 0 0 0 0 0 0 0 0 0 0 355.914031982421875 1281.93359375 2838.890869140625 4034.7353515625 4462.11572265625 4063.211181640625 4608.8388671875 5236.3134765625
0 0 0 0 0 0 191.313629150390625 1032.84326171875 3252.281982421875 4771.53466796875 4303.9892578125 2769.74755859375 959.20306396484375 145.886962890625 127.9267730712890625 39.82123565673828125 0 0 0 0 0 319.427581787109375 10.257449150085449219 0 0 0 0 0 0 0 0 0 323.8140869140625 0 0 0 0 0 0 0 0 0 0 0 209.3021697998046875 1036.7279052734375 2458.521728515625 4041.427001953125 4517.17138671875 5015.4765625 4634.595703125 5208.28173828125
0 0 0 0 0 0 142.5680084228515625 1261.2156982421875 3438.901611328125 5586.140625 4842.8486328125 2579.121337890625 758.9273681640625 127.9267730712890625 39.82123565673828125 0 0 0 0 0 319.427581787109375 374.43194580078125 329.685028076171875 10.257449150085449219 0 0 0 0 0 0 0 323.8140869140625 323.8140869140625 323.8140869140625 0 0 0 0 0 0 0 0 0 0 8.7526388168334960938 689.96148681640625 2151.654541015625 3268.818115234375 4185.07861328125 4508.15576171875 4129.04345703125 4230.49755859375
0 0 0 0 0 0 318.792327880859375 1307.954345703125 3044.68310546875 4391.53759765625 4366.8408203125 2145.434814453125 525.13330078125 39.82123565673828125 0 0 0 0 0 319.427581787109375 374.43194580078125 374.43194580078125 374.43194580078125 329.685028076171875 54.206455230712890625 326.128631591796875 386.90789794921875 0 0 0 323.8140869140625 323.8140869140625 323.8140869140625 323.8140869140625 323.8140869140625 0 0 0 0 0 0 0 0 0 0 238.187744140625 1375.237548828125 2626.241455078125 3867.43896484375 3830.47314453125 3742.39599609375 3254.287109375
0 0 0 0 0 0 0 799.5482177734375 1999.30322265625 2921.39453125 2626.190673828125 1147.4664306640625 210.5930023193359375 0 0 0 0 0 0 44.746921539306640625 364.17449951171875 374.43194580078125 374.43194580078125 98.95337677001953125 437.66583251953125 879.56463623046875 825.8726806640625 386.90789794921875 0 0 0 323.8140869140625 323.8140869140625 323.8140869140625 0 0 0 0 0 0 0 0 0 0 0 146.27044677734375 785.54229736328125 2625.189453125 3669.7041015625 3680.040283203125 3609.813232421875 2926.66064453125
0 0 0 0 0 0 0 0 799.5482177734375 1537.94287109375 1147.4664306640625 210.5930023193359375 0 0 0 0 0 0 0 0 44.746921539306640625 364.17449951171875 98.95337677001953125 437.66583251953125 947.15283203125 1059.989013671875 992.4007568359375 825.8726806640625 386.90789794921875 0 0 0 323.8140869140625 0 0 0 0 0 0 0 0 0 0 0 0 5.5515003204345703125 683.4483642578125 2209.488037109375 3838.274169921875 4103.0009765625 3932.387939453125 2841.599609375
0 0 0 0 0 0 0 0 0 480.75592041015625 210.5930023193359375 0 0 0 0 0 0 0 0 0 0 44.746921539306640625 67.5881805419921875 234.116302490234375 673.0810546875 1059.989013671875 1016.03997802734375 622.3231201171875 112.83614349365234375 0 0 0 0 0 0 0 0 0 0 0 0 0 0 0 0 7.1735429763793945312 588.74774169921875 2236.92041015625 3429.54931640625 4428.39990234375 3669.21728515625 3419.0302734375
0 0 0 0 0 0 0 0 0 0 0 0 0 0 0 0 0 0 0 0 0 0 0 67.5881805419921875 234.116302490234375 629.132080078125 622.3231201171875 112.83614349365234375 0 0 0 0 0 0 0 0 0 0 0 0 0 0 0 0 0 91.58046722412109375 776.1763916015625 1787.29541015625 3370.623291015625 4241.5146484375 3995.043212890625 3165.16845703125
0 32.76552581787109375 0 0 0 0 0 0 0 0 0 0 0 0 0 0 0 0 0 0 0 0 0 0 67.5881805419921875 122.57910919189453125 112.83614349365234375 0 0 0 0 0 0 0 0 0 0 0 0 0 0 0 0 0 0 128.39715576171875 545.4464111328125 1813.16552734375 3449.6806640625 4039.2548828125 3669.947265625 3335.615234375
50.444797515869140625 141.599639892578125 32.76552581787109375 0 0 0 0 0 0 0 0 0 0 0 0 0 0 0 0 0 0 0 0 0 0 0 0 0 0 0 0 0 0 0 0 0 0 0 0 0 0 0 0 0 0 115.87552642822265625 527.694580078125 1561.221435546875 3528.892333984375 3870.057861328125 4015.6279296875 3722.211669921875
159.278900146484375 159.278900146484375 141.599639892578125 32.76552581787109375 0 0 0 0 0 0 0 0 0 0 0 0 0 0 0 0 0 0 0 0 0 0 0 0 0 0 0 0 0 0 0 0 0 0 0 0 0 0 0 0 0 57.30719757080078125 415.36871337890625 1556.4407958984375 2880.35888671875 4000.0234375 4319.9453125 3946.2275390625
