PredictorVariables/BuildingPerimeter_500m/BuildingPerimeter_redo_focal.asc
ncols        529
nrows        344
xllcorner    2700.000000000000
yllcorner    15900.000000000000
cellsize     100.000000000000
NODATA_value  0
[rows 115 to 137 of 344, columns 416 to 467 of 529]
2427.06298828125 2455.625244140625 1268.5819091796875 421.355865478515625 86.6612396240234375 0 0 0 60.7155914306640625 193.21026611328125 392.527008056640625 565.73553466796875 338.4814453125 101.8800048828125 0 75.42763519287109375 108.90058135986328125 0 0 0 0 47.263095855712890625 0 0 0 0 0 0 32.044254302978515625 145.8871002197265625 239.4691162109375 148.2305908203125 126.98333740234375 0 0 0 0 0 0 0 0 0 0 0 0 0 231.6850128173828125 109.18060302734375 74.016815185546875 393.02001953125 0 0
2142.5869140625 1764.8056640625 883.6629638671875 270.84381103515625 63.3082427978515625 0 0 0 30.614664077758789062 290.647003173828125 717.14190673828125 693.0692138671875 505.019927978515625 175.8858489990234375 197.309600830078125 359.427947998046875 201.072998046875 108.90058135986328125 0 0 47.263095855712890625 47.263095855712890625 47.263095855712890625 0 0 0 0 32.044254302978515625 283.986663818359375 283.748931884765625 272.951934814453125 413.47491455078125 121.516021728515625 59.52306365966796875 0 0 0 0 0 0 0 0 0 0 0 324.018524169921875 581.166748046875 563.229248046875 814.18511962890625 467.036834716796875 393.02001953125 0
1073.56396484375 804.27392578125 379.94427490234375 119.69226837158203125 0 0 0 0 23.430887222290039062 383.19268798828125 938.27496337890625 858.1636962890625 499.858978271484375 408.93682861328125 685.01812744140625 498.0546875 376.1727294921875 201.072998046875 108.90058135986328125 47.263095855712890625 47.263095855712890625 47.263095855712890625 47.263095855712890625 47.263095855712890625 0 0 32.044254302978515625 283.986663818359375 586.79345703125 520.20245361328125 487.101837158203125 676.22979736328125 524.8121337890625 230.6668243408203125 168.673858642578125 56.907306671142578125 0 0 0 0 0 0 0 0 324.018524169921875 673.500244140625 983.09942626953125 1549.670654296875 1276.009521484375 814.18511962890625 467.036834716796875 393.02001953125
431.837127685546875 229.97479248046875 119.69226837158203125 0 0 0 0 0 132.5077362060546875 626.6329345703125 1104.828857421875 960.89727783203125 771.98077392578125 793.7821044921875 719.09185791015625 701.762939453125 498.0546875 300.745086669921875 16.744785308837890625 0 47.263095855712890625 47.263095855712890625 47.263095855712890625 0 0 0 109.38941192626953125 443.013519287109375 610.71148681640625 990.53570556640625 1112.4591064453125 867.37213134765625 677.470458984375 556.52587890625 445.633941650390625 268.1488037109375 56.907306671142578125 0 0 0 0 0 0 92.33351898193359375 332.634613037109375 799.90203857421875 1262.2030029296875 1418.0123291015625 1399.7783203125 935.14385986328125 630.9876708984375 0
52.71643829345703125 56.38402557373046875 0 0 0 0 0 4.5322055816650390625 371.323699951171875 1115.1859130859375 1194.1436767578125 1190.6478271484375 1054.8145751953125 1034.493408203125 809.19525146484375 719.09185791015625 504.453338623046875 16.744785308837890625 0 0 0 47.263095855712890625 0 0 0 0 301.579864501953125 679.6241455078125 711.247802734375 1049.090087890625 1399.3560791015625 1268.44775390625 1117.3878173828125 941.1915283203125 586.322265625 325.075653076171875 208.625732421875 56.907306671142578125 0 0 0 0 0 0 179.569091796875 535.02288818359375 996.84722900390625 1019.97698974609375 744.5120849609375 827.93292236328125 81.7925567626953125 0
0 0 0 0 0 0 0 147.681304931640625 757.72601318359375 1261.8974609375 1434.472412109375 1437.35791015625 1545.0035400390625 1174.615234375 944.733154296875 672.32550048828125 127.986480712890625 0 0 0 0 0 0 0 0 107.9247589111328125 352.620025634765625 719.83697509765625 1172.2249755859375 1143.724365234375 1328.351806640625 1363.102783203125 1380.6488037109375 1165.874267578125 822.68695068359375 401.976837158203125 166.2971038818359375 42.567626953125 0 0 0 0 0 0 0 179.569091796875 442.6893310546875 432.527618408203125 434.91290283203125 81.7925567626953125 0 0
0 0 0 0 0 0 0 304.723907470703125 1025.6822509765625 1376.275146484375 1627.9149169921875 1818.5091552734375 1699.8421630859375 1422.7685546875 1034.750732421875 321.19488525390625 8.0742816925048828125 0 0 0 0 0 0 0 0 220.776519775390625 587.68994140625 693.9951171875 1147.409423828125 1500.138671875 1263.9034423828125 1533.8575439453125 1214.125244140625 1070.298583984375 834.2659912109375 595.30853271484375 169.0965576171875 0 0 0 0 0 0 0 0 0 87.235565185546875 115.152679443359375 81.7925567626953125 0 0 0
62.3297119140625 0 0 0 0 0 140.205108642578125 608.97503662109375 1318.3917236328125 1610.2139892578125 2002.042724609375 2019.5394287109375 1846.229248046875 1487.17431640625 1008.6278076171875 227.5276641845703125 0 0 0 0 0 44.79003143310546875 0 0 85.19141387939453125 344.180084228515625 806.26141357421875 977.8330078125 1091.3974609375 1205.8546142578125 1262.7041015625 1192.375732421875 1275.536865234375 897.900634765625 651.67303466796875 300.410247802734375 94.30176544189453125 0 0 0 0 0 0 0 0 0 0 0 0 0 0 0
18.4076690673828125 0 0 0 0 52.744815826416015625 441.84759521484375 1080.7449951171875 1622.086669921875 1820.6109619140625 1864.6431884765625 2019.724365234375 2017.983642578125 1579.6376953125 591.900146484375 90.065185546875 0 0 0 0 44.79003143310546875 44.79003143310546875 44.79003143310546875 0 109.386962890625 329.301177978515625 577.39239501953125 1097.6492919921875 1066.7158203125 964.01202392578125 973.62884521484375 897.96307373046875 602.5543212890625 724.1134033203125 533.3111572265625 213.1292877197265625 0 0 0 0 0 0 0 0 0 0 0 0 0 0 0 0
18.4076690673828125 18.4076690673828125 0 0 52.744815826416015625 224.9740753173828125 735.77490234375 1092.8759765625 1455.72509765625 1815.1961669921875 1945.244873046875 1682.23388671875 1673.3406982421875 1123.809814453125 426.459503173828125 237.4516143798828125 25.08673095703125 0 0 44.79003143310546875 44.79003143310546875 133.2120819091796875 44.79003143310546875 44.79003143310546875 134.722808837890625 316.06982421875 438.451568603515625 766.752685546875 879.1019287109375 639.8101806640625 645.82904052734375 406.40283203125 384.61895751953125 312.480438232421875 260.61981201171875 47.490520477294921875 0 0 0 0 0 0 0 0 0 0 0 0 0 0 0 0
18.4076690673828125 0 0 0 71.2220306396484375 303.752899169921875 651.37139892578125 1001.085693359375 1345.8377685546875 1553.317626953125 1348.3255615234375 1398.2972412109375 1424.82958984375 967.77850341796875 605.7535400390625 345.1773681640625 237.4516143798828125 25.08673095703125 0 0 133.2120819091796875 133.2120819091796875 133.2120819091796875 137.1468963623046875 52.84400177001953125 171.9131317138671875 481.231536865234375 395.70098876953125 396.89764404296875 454.116241455078125 285.732452392578125 133.00689697265625 156.6409759521484375 166.3180389404296875 47.490520477294921875 0 0 0 0 0 0 0 0 0 0 0 0 0 0 0 0 0
0 0 0 0 108.6471099853515625 466.69342041015625 590.83074951171875 977.595703125 1252.447021484375 1064.6171875 931.4237060546875 1333.6671142578125 1517.37841796875 1161.0029296875 714.95477294921875 486.794677734375 345.1773681640625 212.3648834228515625 0 88.42205047607421875 88.42205047607421875 133.2120819091796875 225.568939208984375 365.94427490234375 354.8577880859375 220.518829345703125 258.1055908203125 237.12176513671875 189.0181427001953125 261.217864990234375 23.856433868408203125 0 0 47.490520477294921875 0 0 0 0 0 0 0 0 0 0 0 0 0 0 0 0 0 0
0 0 0 0 286.82427978515625 595.74444580078125 1004.2607421875 1007.2523193359375 1003.17401123046875 986.7998046875 1255.9210205078125 1316.949951171875 1078.170166015625 847.4278564453125 921.33856201171875 705.43499755859375 353.982177734375 0 0 0 88.42205047607421875 225.568939208984375 365.94427490234375 442.38909912109375 610.06390380859375 658.76116943359375 438.229705810546875 328.55279541015625 236.969085693359375 34.3996429443359375 0 0 0 0 0 0 0 0 0 0 0 0 0 0 0 0 0 0 0 0 0 0
0 0 0 179.41839599609375 379.69146728515625 1061.5186767578125 1328.000244140625 1234.9813232421875 1375.0377197265625 1277.2681884765625 1150.849365234375 1033.44677734375 885.44036865234375 709.5712890625 491.248321533203125 377.247161865234375 0 0 0 0 0 175.953369140625 389.54510498046875 610.06390380859375 746.29248046875 740.66400146484375 805.45867919921875 712.09423828125 519.6165771484375 326.70855712890625 144.49530029296875 43.89166259765625 0 0 0 0 0 0 0 0 0 0 0 0 0 0 0 0 0 0 0 0
0 0 0 129.13677978515625 777.0531005859375 1310.0556640625 1589.6124267578125 1501.4595947265625 2019.89794921875 1803.114990234375 1223.5216064453125 1021.83599853515625 1027.9053955078125 420.93743896484375 164.8822784423828125 0 0 0 0 0 0 0 87.53131103515625 439.5811767578125 654.47149658203125 805.45867919921875 762.13031005859375 713.71185302734375 784.6510009765625 774.5438232421875 588.31103515625 292.1805419921875 43.89166259765625 0 0 0 0 0 0 0 0 0 0 0 0 0 0 0 0 0 0 0
0 0 0 254.677490234375 948.879638671875 1298.795654296875 1538.53515625 1986.68212890625 2110.16162109375 2152.616943359375 1634.0355224609375 1208.847900390625 928.20208740234375 552.9697265625 141.44610595703125 0 0 0 0 0 0 0 0 87.53131103515625 214.9029693603515625 361.7701416015625 594.17095947265625 774.1077880859375 787.08465576171875 709.5650634765625 691.82012939453125 572.563720703125 281.6373291015625 43.89166259765625 0 0 0 0 0 0 0 0 0 0 0 0 0 0 0 0 0 0
0 0 37.7294769287109375 440.6640625 1010.05255126953125 1069.1002197265625 1314.490234375 1652.00927734375 1875.213623046875 1771.138916015625 1676.81884765625 1217.7420654296875 882.72265625 543.78009033203125 201.14794921875 0 0 0 0 0 0 0 0 0 0 50.036067962646484375 144.0592498779296875 326.42401123046875 521.1781005859375 647.928466796875 572.563720703125 365.3961181640625 231.4440155029296875 103.7935943603515625 0 0 0 0 44.268985748291015625 42.11557769775390625 0 0 0 0 0 0 0 0 0 0 0 0
0 0 316.356903076171875 738.16278076171875 843.078369140625 1010.05255126953125 824.8277587890625 1173.61865234375 1647.105224609375 1383.50732421875 940.7486572265625 882.81329345703125 695.61199951171875 554.1658935546875 201.1860198974609375 0 0 0 0 0 0 0 0 0 0 0 0 12.540835380554199219 108.71315765380859375 290.9263916015625 321.50445556640625 231.4440155029296875 103.7935943603515625 0 0 0 0 44.268985748291015625 86.3845672607421875 86.3845672607421875 42.11557769775390625 0 0 0 0 0 0 0 0 0 0 0
0 130.8447265625 579.8756103515625 869.6920166015625 842.46697998046875 814.16473388671875 966.72381591796875 1016.2039794921875 1319.65673828125 1025.1458740234375 528.61602783203125 371.052642822265625 554.1658935546875 353.0179443359375 151.8319244384765625 0 0 0 34.743076324462890625 0 0 0 0 0 0 0 0 0 0 0 83.758758544921875 103.7935943603515625 0 0 0 0 44.268985748291015625 86.3845672607421875 86.3845672607421875 86.3845672607421875 86.3845672607421875 42.11557769775390625 0 0 0 0 0 0 0 0 0 0
96.95566558837890625 279.877655029296875 418.0709228515625 684.1798095703125 878.50787353515625 948.51788330078125 984.87493896484375 1214.37353515625 1058.301025390625 864.68121337890625 246.130523681640625 151.8319244384765625 353.0179443359375 151.8319244384765625 0 0 0 34.743076324462890625 82.891815185546875 191.5313568115234375 107.042938232421875 0 0 0 0 0 0 0 0 0 0 0 0 0 0 0 0 44.268985748291015625 86.3845672607421875 86.3845672607421875 42.11557769775390625 0 0 0 0 0 0 0 0 0 0 0
0 96.95566558837890625 279.877655029296875 418.0709228515625 689.99658203125 539.07489013671875 888.7757568359375 1102.7806396484375 1205.5576171875 483.842315673828125 42.0970306396484375 0 151.8319244384765625 0 0 0 231.2826080322265625 82.891815185546875 239.6800994873046875 359.879058837890625 409.83349609375 325.3450927734375 127.1813812255859375 29.078235626220703125 0 0 0 0 0 0 0 0 0 0 0 0 0 0 44.268985748291015625 42.11557769775390625 0 0 0 0 0 0 0 0 0 0 0 0
0 0 96.95566558837890625 182.9219970703125 197.9827880859375 424.543792724609375 640.91571044921875 891.90106201171875 739.59906005859375 210.2686767578125 0 0 0 0 0 203.6442413330078125 485.60845947265625 436.219635009765625 359.879058837890625 471.138275146484375 654.69732666015625 720.573974609375 572.7254638671875 345.483489990234375 187.445953369140625 60.2646026611328125 0 0 0 0 0 0 0 0 0 0 0 0 0 0 0 0 0 0 0 0 0 0 0 0 0 0
0 0 0 0 26.032108306884765625 131.6519317626953125 436.48504638671875 495.4383544921875 248.2420196533203125 11.941241264343261719 0 0 0 0 203.6442413330078125 444.564422607421875 444.564422607421875 498.764495849609375 560.6348876953125 654.69732666015625 733.72998046875 697.14068603515625 766.16558837890625 813.27410888671875 624.05023193359375 405.748046875 249.81866455078125 85.83913421630859375 0 0 0 0 0 0 0 0 0 0 0 0 0 0 0 0 0 0 0 0 0 0 0 0
