PredictorVariables/BuildingPerimeter_500m/BuildingPerimeter_redo_focal.asc
ncols        529
nrows        344
xllcorner    2700.000000000000
yllcorner    15900.000000000000
cellsize     100.000000000000
NODATA_value  0
[rows 161 to 183 of 344, columns 52 to 103 of 529]
4193.74658203125 4667.2998046875 4519.5263671875 3784.6201171875 3853.70458984375 3144.061279296875 2712.16015625 1869.1744384765625 1206.8385009765625 670.05859375 279.380279541015625 30.506467819213867188 397.663177490234375 774.56072998046875 1581.6900634765625 2164.86376953125 2757.6787109375 3324.166015625 3755.23486328125 3987.446533203125 4499.79052734375 4584.60791015625 4416.1044921875 4477.1826171875 4229.75244140625 4240.71630859375 4007.961669921875 3671.563232421875 3261.24853515625 2251.738525390625 1748.127685546875 1630.86767578125 1846.037841796875 2361.2490234375 2961.5205078125 4259.6484375 4907.73046875 5074.63623046875 4960.65283203125 4869.6142578125 4984.73388671875 4586.55419921875 4435.99462890625 4497.87744140625 4306.556640625 3994.8828125 3901.2763671875 3633.047119140625 3392.8955078125 3963.92626953125 4364.5078125 4550.1796875
3960.927001953125 4387.3203125 4177.61962890625 4486.02294921875 4182.1015625 3472.269775390625 2919.240234375 2402.969970703125 1334.154052734375 1046.25390625 681.9129638671875 305.272216796875 374.8238525390625 1074.7684326171875 1837.416259765625 2544.654541015625 2561.570556640625 3064.4716796875 3105.416748046875 3316.646728515625 3586.037353515625 3653.239990234375 3638.7333984375 3565.569091796875 3543.4130859375 3284.11376953125 3441.068603515625 3169.835205078125 2555.55029296875 1834.04638671875 1481.8773193359375 1036.86572265625 1190.5784912109375 1408.7342529296875 2345.555419921875 3554.0263671875 4221.67578125 3874.524658203125 4161.9013671875 3966.166748046875 3985.5458984375 4136.482421875 4310.1201171875 3752.8056640625 3487.634765625 2775.541015625 2324.6279296875 2225.562255859375 2456.210693359375 2975.448486328125 3704.388427734375 4722.25341796875
3441.8466796875 3403.517578125 4187.91796875 4529.39453125 4118.15185546875 3675.550048828125 3467.36865234375 2630.92724609375 2182.211669921875 1571.2559814453125 999.3201904296875 750.7462158203125 764.315185546875 1173.874755859375 1848.5252685546875 2184.41259765625 2703.587158203125 2507.16259765625 2566.833251953125 2707.100341796875 2629.19921875 2946.13525390625 3066.58349609375 2786.3466796875 2729.45166015625 2643.984619140625 2760.195068359375 2849.46435546875 2322.895263671875 1399.9080810546875 1137.2982177734375 967.51922607421875 935.87322998046875 1084.8807373046875 1599.9371337890625 2307.95849609375 2669.3828125 2791.76806640625 3129.794189453125 2982.62158203125 3240.884765625 3657.0009765625 3858.140380859375 3351.901611328125 2945.0859375 1981.2047119140625 1352.8875732421875 1339.523681640625 1412.8087158203125 2102.494873046875 3073.818359375 3504.01025390625
2942.499755859375 3184.892333984375 3872.70458984375 4133.6416015625 4055.102294921875 4350.080078125 3908.740966796875 3408.085205078125 3034.524169921875 2226.263916015625 1388.523681640625 1198.78564453125 1067.4505615234375 1267.335693359375 1506.3641357421875 1949.1348876953125 2163.055908203125 2360.28759765625 2273.821044921875 2136.579833984375 2344.87255859375 2290.323486328125 2502.198974609375 2344.31689453125 2014.8319091796875 2089.7861328125 2057.595947265625 2647.646728515625 2371.25244140625 1433.165771484375 921.1802978515625 1417.6448974609375 1237.2821044921875 826.7047119140625 1066.4918212890625 933.6224365234375 1595.317138671875 1804.001953125 1839.7071533203125 2224.76953125 2845.473388671875 2948.250244140625 3447.270263671875 3425.557861328125 2741.684326171875 2062.728515625 1498.8006591796875 1075.357177734375 925.38873291015625 1301.0303955078125 1657.4639892578125 2228.47314453125
3470.101318359375 3043.908203125 3497.107177734375 3909.682373046875 4269.5146484375 4363.10888671875 4398.0732421875 4184.478515625 3474.0712890625 2831.517578125 2044.966552734375 1270.8399658203125 897.25872802734375 1100.891357421875 1651.83447265625 1648.971923828125 1849.738525390625 2103.390380859375 2413.76123046875 2219.392822265625 2401.7861328125 2493.498291015625 2533.311279296875 2555.30419921875 2380.492919921875 2271.225341796875 2589.136474609375 2666.07666015625 2672.81201171875 1712.6868896484375 1674.9827880859375 1616.7451171875 1649.6812744140625 1482.154296875 1053.581787109375 995.22027587890625 957.925537109375 1349.2039794921875 1423.8189697265625 2369.615478515625 2890.630615234375 3539.752685546875 3491.50537109375 3601.939453125 3217.789306640625 2778.415283203125 2572.6005859375 1841.5911865234375 1156.69775390625 1124.4261474609375 1364.2169189453125 1819.8367919921875
3561.57666015625 3775.869140625 3456.197021484375 3487.624267578125 4122.47509765625 4221.62109375 4267.0751953125 4315.13818359375 3640.58447265625 3019.169189453125 2243.8828125 1025.71142578125 1389.814697265625 1663.6771240234375 1597.305908203125 1834.8828125 1986.94189453125 2390.233642578125 2579.228515625 2528.71826171875 2659.5361328125 3114.057373046875 3128.876708984375 2841.439697265625 2941.9892578125 3145.335205078125 2976.401123046875 3052.603515625 2532.773193359375 1977.0087890625 1751.8631591796875 2052.15185546875 2074.624267578125 1940.4727783203125 1556.4876708984375 1600.4378662109375 1313.379150390625 1423.9825439453125 2098.301513671875 2551.39990234375 3301.793701171875 3976.74365234375 4196.73388671875 3911.013671875 3791.186279296875 3735.4677734375 3109.73779296875 2544.5341796875 1863.514892578125 1159.6881103515625 1051.0391845703125 1796.5982666015625
3857.231689453125 3548.24853515625 3699.702880859375 3335.125732421875 3561.865478515625 3760.66015625 3618.2978515625 3543.61865234375 3417.182373046875 2967.256591796875 2144.503662109375 2119.330810546875 2301.40185546875 2526.8408203125 2471.999755859375 2432.46875 2709.6650390625 2914.9033203125 3154.06298828125 3017.506591796875 3194.8212890625 3638.072265625 3716.923583984375 3638.4013671875 3964.73193359375 3623.379638671875 3594.60546875 3165.02490234375 2860.220458984375 2021.0145263671875 1996.2208251953125 1989.4326171875 2412.45068359375 2285.089111328125 2389.795654296875 2234.639404296875 2177.289306640625 2417.11767578125 2893.695556640625 3117.82373046875 3354.050048828125 4057.998291015625 4381.568359375 4360.87841796875 4209.125 3993.43994140625 3515.93310546875 2643.754638671875 1693.2281494140625 1037.6162109375 1066.995361328125 1323.94970703125
3086.705078125 3407.144775390625 3507.168212890625 3578.644287109375 2985.875244140625 2556.09326171875 2876.49267578125 2811.448486328125 3060.152587890625 2443.35205078125 2535.08447265625 3042.67578125 3215.78271484375 3422.3046875 3801.095947265625 3501.5244140625 3407.55322265625 3755.96142578125 3686.60986328125 3736.3505859375 3968.57958984375 3910.1904296875 4369.791015625 4800.5615234375 4350.205078125 4157.453125 3739.840087890625 3320.510986328125 2764.333251953125 2175.1328125 2325.669921875 2225.212646484375 2788.77294921875 2665.224365234375 2710.244384765625 2619.135009765625 2703.2939453125 2857.15673828125 3068.816162109375 3221.8212890625 3504.864013671875 3412.100830078125 4122.29931640625 3975.3720703125 3583.359619140625 3769.5380859375 3264.2236328125 2213.237060546875 1360.8101806640625 792.312255859375 536.5032958984375 738.80023193359375
3578.294677734375 2911.130615234375 2780.199951171875 3057.9501953125 2499.90771484375 2203.3515625 2046.3070068359375 2263.638671875 2351.539794921875 2880.833740234375 2609.293212890625 3296.031494140625 3658.007568359375 4378.5712890625 4215.57861328125 3868.720703125 4189.61474609375 4220.38037109375 3875.482666015625 3795.652587890625 4225.70556640625 4361.31884765625 4753.705078125 4756.5771484375 5045.080078125 4486.76416015625 3603.49267578125 2829.5751953125 2674.61376953125 2623.954833984375 2567.728515625 3113.9990234375 3356.133056640625 2501.96630859375 2133.03271484375 2186.589599609375 2520.24755859375 2656.576171875 2991.832763671875 3277.301025390625 3082.594482421875 3510.240966796875 3417.080078125 3235.1884765625 3379.831298828125 3057.157958984375 2664.6669921875 2023.6602783203125 1208.7545166015625 973.60546875 400.0703125 514.2960205078125
2759.283935546875 2946.072998046875 2410.010009765625 1951.9326171875 1937.153564453125 1761.3631591796875 1484.493408203125 1771.3157958984375 2511.89990234375 2845.845703125 2996.9140625 2746.929931640625 3933.6396484375 4129.06494140625 4234.58251953125 4114.89599609375 4298.92236328125 4114.599609375 4032.175048828125 3825.512451171875 3952.0732421875 4671.74365234375 4762.73291015625 4867.20654296875 4907.70654296875 4576.53271484375 3570.498779296875 2601.938232421875 2617.224853515625 2942.811767578125 3540.35693359375 3659.704833984375 3183.576904296875 2444.573486328125 1689.1922607421875 1431.9964599609375 1648.7447509765625 2451.5634765625 2627.744140625 2597.2900390625 3030.944091796875 3244.69580078125 2842.995361328125 2797.689453125 2814.9677734375 2431.90380859375 2052.9794921875 1725.2122802734375 1357.73046875 995.35015869140625 998.1612548828125 724.36968994140625
2846.78955078125 2679.76904296875 2416.85205078125 1409.87890625 1298.4920654296875 1156.5863037109375 1438.4344482421875 2330.740966796875 2690.35009765625 2803.8251953125 2781.7275390625 3277.281005859375 3622.343994140625 4224.90771484375 3994.9619140625 4489.609375 4344.03564453125 4334.34033203125 4469.55322265625 3895.677490234375 3750.54052734375 4092.99951171875 4691.12353515625 4444.7041015625 4531.42236328125 4079.2822265625 3068.927978515625 2206.565673828125 2272.718505859375 3267.748779296875 4146.45654296875 4148.806640625 2840.228759765625 2440.458984375 1599.475341796875 921.92913818359375 1442.2476806640625 1703.853759765625 2113.1513671875 2457.746337890625 2398.724365234375 2540.623046875 2539.2197265625 2310.93408203125 1864.8170166015625 2053.880859375 1919.994140625 1569.402587890625 1212.49365234375 1306.9029541015625 956.1978759765625 821.9012451171875
3216.95751953125 3172.878662109375 2235.741943359375 2049.9892578125 1276.11083984375 1266.0306396484375 1853.92431640625 2591.423828125 3198.69677734375 3074.32861328125 3226.7744140625 3070.12353515625 3861.75048828125 3678.033935546875 4049.51611328125 3811.869384765625 4293.3408203125 4679.51611328125 3961.4775390625 3545.945556640625 3628.539306640625 3626.87939453125 3750.9814453125 3875.91845703125 3667.70947265625 3693.01806640625 2322.515625 1638.62548828125 2221.855224609375 3084.2890625 4090.95703125 3574.19873046875 3215.96142578125 2352.880859375 1611.3004150390625 1238.89208984375 1370.4993896484375 1477.4644775390625 1753.36376953125 1749.3802490234375 1656.9874267578125 1588.0723876953125 1924.5677490234375 1823.27587890625 1641.5557861328125 2049.956298828125 1904.9794921875 1538.28271484375 1650.4693603515625 1402.4501953125 911.85015869140625 578.19232177734375
3992.299560546875 3221.2333984375 2845.099853515625 2195.324951171875 2385.89013671875 1774.490966796875 2260.100341796875 2902.6396484375 3462.858642578125 3790.12353515625 3289.9755859375 3783.8134765625 3721.3701171875 4088.007080078125 3591.785888671875 3574.53466796875 3923.95654296875 3998.0751953125 3871.264892578125 3672.626708984375 3771.55322265625 3239.217529296875 3095.445556640625 3372.513671875 3570.99365234375 2932.324462890625 2155.307861328125 1494.2257080078125 1852.02783203125 3259.613037109375 3882.239501953125 3340.540283203125 2648.573486328125 1591.881103515625 1441.612548828125 1529.7237548828125 1344.9656982421875 1441.696044921875 1376.664306640625 699.84033203125 752.8519287109375 895.2139892578125 1022.639892578125 1284.371826171875 2074.982421875 2377.81884765625 2346.671142578125 2320.295654296875 1858.5557861328125 1410.5933837890625 924.13037109375 599.46917724609375
3578.50244140625 3914.12841796875 2908.58740234375 2828.41015625 2180.803466796875 2566.677001953125 2499.762451171875 3096.2890625 3695.143310546875 3401.57373046875 3882.02734375 3736.74853515625 4126.40185546875 3730.648681640625 3347.690673828125 2746.434326171875 3103.72314453125 3192.907470703125 3448.490234375 3398.44677734375 2904.26123046875 2978.5205078125 2708.57373046875 2868.827392578125 3046.378662109375 2729.824462890625 2281.643798828125 1983.1005859375 1998.102783203125 3525.737060546875 3849.0078125 2910.25341796875 1967.2548828125 1125.364990234375 1150.618896484375 1431.7216796875 1696.617919921875 1843.029296875 1510.556640625 711.6270751953125 400.827789306640625 385.35028076171875 412.527740478515625 1071.9825439453125 2071.52783203125 2874.622314453125 3003.941162109375 2573.343994140625 1939.2474365234375 1475.7802734375 968.58734130859375 558.326416015625
3990.74609375 3207.1103515625 3196.92431640625 2250.7412109375 2411.366455078125 2557.1376953125 2882.975830078125 3052.841064453125 3010.67041015625 3430.34521484375 3435.06787109375 4147.12890625 3933.7490234375 3841.609130859375 2992.652587890625 2823.58740234375 2961.350341796875 2820.694091796875 2737.6455078125 2940.625 2783.446533203125 2728.840576171875 2506.507568359375 2113.394775390625 2743.920654296875 2962.0029296875 2706.5322265625 2408.490478515625 2836.54345703125 3730.763427734375 3454.39892578125 2428.65380859375 1318.847900390625 1059.457275390625 986.6422119140625 1357.01220703125 2071.083984375 2236.197021484375 1805.18798828125 1342.066162109375 463.18115234375 18.704141616821289062 324.538848876953125 894.133056640625 1787.048095703125 2699.37890625 3014.977294921875 2555.8828125 1881.56103515625 1511.5533447265625 1239.5211181640625 804.4024658203125
3351.4755859375 2494.9609375 1912.68212890625 2376.19482421875 2121.44140625 2312.75927734375 3177.4873046875 2881.29443359375 2930.48779296875 2857.296630859375 3462.246337890625 3449.418212890625 4050.185791015625 3719.699951171875 3601.887939453125 2949.669921875 2715.275634765625 2806.685302734375 2731.543212890625 2842.284423828125 2859.28515625 2298.40576171875 2375.320556640625 2580.8134765625 2492.055908203125 3291.7060546875 3005.38623046875 2877.95166015625 3169.04052734375 3446.831298828125 3184.30810546875 1958.088623046875 674.82916259765625 693.5462646484375 1132.6531982421875 1322.67529296875 1917.6480712890625 2275.15185546875 2330.8095703125 1350.9798583984375 559.943603515625 91.1793365478515625 61.6313629150390625 627.31304931640625 1281.307861328125 2057.205810546875 2287.2373046875 1997.038818359375 1548.1534423828125 1495.630615234375 1392.8905029296875 1387.1932373046875
2642.48974609375 1451.7784423828125 1348.38671875 1350.96435546875 1871.8006591796875 2306.953125 2977.08935546875 3498.03125 2842.81884765625 2907.189208984375 3014.731201171875 3875.659912109375 3627.261962890625 3691.13330078125 3644.65185546875 3544.355224609375 3078.067138671875 2758.290771484375 2556.263916015625 2506.17822265625 2580.23095703125 2356.056396484375 2272.708251953125 2663.7744140625 3015.340087890625 3071.591796875 3242.8505859375 2750.850341796875 2548.162841796875 2731.016357421875 2424.256591796875 1411.02734375 463.789031982421875 378.14044189453125 703.30767822265625 887.441650390625 1273.80859375 1783.93310546875 1535.45458984375 767.5037841796875 140.16571044921875 7.93866729736328125 50.8866119384765625 428.96685791015625 690.4608154296875 1123.7763671875 1278.976318359375 1188.0897216796875 1034.391357421875 1212.3438720703125 1501.3966064453125 2174.3486328125
1678.4189453125 1318.9736328125 532.7288818359375 500.761627197265625 1450.5570068359375 2794.05224609375 3304.17431640625 3328.4775390625 3600.6591796875 2776.63330078125 3207.03955078125 3369.01123046875 3801.841064453125 3555.405517578125 3577.560546875 3567.7705078125 2956.63427734375 2251.86767578125 2163.152587890625 2055.84814453125 2167.637939453125 2281.751953125 2296.323486328125 3029.093505859375 3236.745361328125 3205.111572265625 2771.845458984375 2547.352294921875 1920.405517578125 2281.89599609375 1598.7113037109375 690.63250732421875 578.53961181640625 841.4298095703125 940.00042724609375 920.2491455078125 784.1683349609375 762.6517333984375 769.7286376953125 370.420166015625 232.3205718994140625 99.87298583984375 250.792266845703125 258.272705078125 423.0814208984375 494.071563720703125 494.48028564453125 463.159271240234375 821.03594970703125 1228.839599609375 1969.5072021484375 2324.015380859375
1508.30126953125 601.18377685546875 404.28338623046875 617.4151611328125 1350.43310546875 2844.91943359375 3783.8212890625 3911.097412109375 3174.836669921875 3217.90869140625 3238.606201171875 3012.55224609375 3168.552734375 3440.233154296875 3441.443603515625 3156.753173828125 2496.958251953125 1964.28662109375 1656.007568359375 1841.7861328125 1948.901123046875 2109.13671875 3012.620361328125 3306.8330078125 3506.65673828125 2842.572265625 3139.424560546875 2746.643798828125 2062.7041015625 1639.251953125 1463.4813232421875 957.06591796875 727.2088623046875 906.07232666015625 1315.621826171875 1158.9620361328125 607.55535888671875 470.040802001953125 503.55206298828125 291.623199462890625 132.834075927734375 300.5750732421875 275.094451904296875 258.272705078125 258.272705078125 525.360107421875 271.839508056640625 623.82696533203125 937.42578125 1358.772705078125 2180.781982421875 2458.106689453125
1153.8221435546875 414.072235107421875 466.036773681640625 1546.5174560546875 1929.977294921875 2816.4794921875 3848.2578125 3819.686767578125 3146.96240234375 2725.460693359375 2793.48828125 2656.419921875 2531.66357421875 2632.524169921875 2886.8203125 2667.471923828125 2217.420166015625 1692.4725341796875 1357.077880859375 1730.428466796875 1831.552978515625 2426.556884765625 3052.7314453125 3595.536376953125 3376.890869140625 3895.40625 3435.341796875 3199.17333984375 2568.75341796875 2045.7718505859375 1590.6922607421875 1075.9716796875 675.56683349609375 1075.4483642578125 1432.059814453125 1303.51904296875 910.12060546875 515.79351806640625 444.12451171875 306.258697509765625 117.024139404296875 83.12747955322265625 258.272705078125 258.272705078125 398.038238525390625 559.7125244140625 566.0220947265625 787.44140625 1221.005126953125 1588.1939697265625 1966.53076171875 2270.047607421875
497.11212158203125 546.6976318359375 1389.87109375 1935.321533203125 3003.520263671875 3128.409912109375 3381.150146484375 3370.724853515625 3137.070068359375 2750.45068359375 2351.597412109375 2409.6865234375 2249.745849609375 2243.858642578125 2414.684326171875 2111.956298828125 2168.6201171875 1343.80859375 1137.4010009765625 1206.729736328125 1478.8751220703125 1825.50537109375 2541.1513671875 2959.003173828125 3597.675048828125 3575.99169921875 3889.039794921875 3634.9287109375 3435.14599609375 2567.46142578125 1637.0152587890625 695.02691650390625 508.574188232421875 944.78350830078125 1441.4007568359375 1109.4508056640625 694.6148681640625 388.167236328125 260.790313720703125 168.1848602294921875 64.20245361328125 0 66.3057403564453125 398.038238525390625 708.53643798828125 612.8953857421875 900.26763916015625 1337.943359375 1639.9259033203125 1780.8006591796875 1471.82470703125 2045.736328125
439.143341064453125 1571.856689453125 2131.0869140625 2971.65869140625 3122.49609375 3092.998291015625 3122.123291015625 3175.449951171875 2902.332763671875 2291.274658203125 2449.03759765625 2565.1396484375 2056.1201171875 2119.01025390625 1847.2108154296875 1903.794189453125 1590.1990966796875 1192.6318359375 705.49560546875 614.16766357421875 639.53564453125 1192.020751953125 1653.6575927734375 2845.527587890625 2962.0849609375 3326.19873046875 3951.0283203125 4429.6259765625 3466.08154296875 2930.670654296875 1861.525390625 966.6741943359375 419.54150390625 597.231201171875 1206.2581787109375 1035.2999267578125 455.148406982421875 274.186676025390625 135.223785400390625 47.380718231201171875 0 0 32.62754058837890625 581.2215576171875 942.460693359375 1165.300537109375 1516.3551025390625 1812.2413330078125 1851.3572998046875 1679.7208251953125 1804.270751953125 1875.806640625
1512.9532470703125 2035.282958984375 3004.47265625 3421.2177734375 3062.887939453125 2948.22119140625 2867.32861328125 2681.787353515625 2404.322509765625 2523.427734375 2615.65185546875 2641.72998046875 2370.260986328125 1926.8743896484375 1940.3856201171875 1755.6572265625 1363.8748779296875 1035.1361083984375 605.11639404296875 85.20868682861328125 194.886688232421875 479.673370361328125 1540.0828857421875 2111.147216796875 2601.3525390625 2760.94091796875 3843.14599609375 4277.3935546875 3828.574951171875 3011.927490234375 2158.72216796875 1070.135009765625 615.774169921875 675.18524169921875 875.3817138671875 1190.2325439453125 509.3123779296875 149.5131683349609375 148.52838134765625 237.8506317138671875 117.75760650634765625 47.006526947021484375 305.555419921875 795.0684814453125 1128.1204833984375 1541.779296875 1751.767578125 1922.7119140625 2267.8994140625 2046.0946044921875 1699.451904296875 1737.307373046875
