ForecastVariables/BuildingPerimeter_500m/BuildingPerimeter_Focal_Random2.asc
ncols        529
nrows        344
xllcorner    2700.000000000000
yllcorner    15900.000000000000
cellsize     100.000000000000
NODATA_value  nan
[rows 161 to 183 of 344, columns 200 to 249 of 529]
7266.00390625 6286.81689453125 4482.20361328125 4075.134521484375 5230.89208984375 5935.267578125 6657.84814453125 7747.365234375 9886.115234375 10971.880859375 11249.828125 10817.6103515625 9986.88671875 8905.1435546875 8347.3486328125 7670.7587890625 7110.95654296875 7158.30908203125 8256.5009765625 6982.85302734375 6031.6513671875 5897.2802734375 5121.59375 4426.68115234375 5145.283203125 6000.1435546875 6001.236328125 5809.07080078125 5852.31201171875 5317.44580078125 4759.02001953125 4660.70068359375 5542.32470703125 6102.34765625 6688.626953125 6111.267578125 6232.158203125 6438.06982421875 7854.55224609375 9230.9140625 9819.390625 10840.205078125 10821.7255859375 8896.6943359375 7980.736328125 5142.47265625 3270.632080078125 2742.061279296875 3309.02294921875 3656.260498046875
7641.70556640625 7155.681640625 6506.8603515625 4645.15478515625 4751.126953125 6104.2109375 5621.779296875 8574.0908203125 10182.3408203125 10778.6396484375 10527.978515625 10338.767578125 10181.3408203125 9247.83203125 8567.634765625 8419.4140625 8287.322265625 8563.4921875 7669.52490234375 7730.751953125 7564.57568359375 7542.39892578125 7614.7451171875 7579.578125 6820.419921875 6508.3349609375 6935.75537109375 6882.9375 5446.75927734375 4102.75537109375 3564.116455078125 4396.9462890625 4475.9052734375 5630.82373046875 6333.1376953125 6891.16552734375 6575.60693359375 6678.9443359375 7560.17041015625 9385.927734375 10058.95703125 10209.9296875 9724.267578125 9307.712890625 7028.19482421875 4613.5556640625 3667.486328125 2612.44287109375 3024.68017578125 3728.391845703125
8995.453125 8238.8203125 6838.341796875 5374.42333984375 5397.3046875 5848.8076171875 7921.71826171875 8681.7509765625 10099.650390625 10503.5341796875 10215.4423828125 9779.232421875 9554.3447265625 9431.7060546875 8939.1494140625 8313.439453125 8893.439453125 8241.7265625 7927.3408203125 7940.74951171875 8333.701171875 8483.560546875 9047.7197265625 8988.5576171875 9005.791015625 8459.685546875 8371.03515625 7290.82080078125 6490.552734375 4251.00390625 3437.40087890625 3118.466796875 4005.965087890625 4130.34326171875 5266.31591796875 6169.68212890625 5971.71484375 5525.30322265625 6792.79736328125 8497.1484375 9473.03515625 8838.970703125 8736.5615234375 7956.01806640625 5854.99560546875 4342.01708984375 3095.41455078125 3108.131591796875 3562.486572265625 4264.2998046875
9834.3896484375 8413.3095703125 6281.1376953125 6669.39599609375 6146.4775390625 6999.09326171875 8395.4404296875 9631.0927734375 9581.6943359375 10187.3359375 9457.744140625 9399.9345703125 9305.1650390625 9010.5634765625 8652.0927734375 7968.275390625 7674.0361328125 8150.1748046875 7825.08154296875 7583.2548828125 8105.3603515625 9109.318359375 9314.1826171875 9185.48828125 8812.6865234375 9668.9248046875 8726.439453125 8332.591796875 6311.8623046875 5614.82373046875 4803.5078125 3505.42529296875 3144.0869140625 3280.5478515625 3214.857666015625 3885.9013671875 3612.8544921875 4385.00146484375 5140.724609375 6506.01806640625 6800.8408203125 6899.79736328125 6618.1259765625 5852.69580078125 4637.84423828125 3412.341552734375 3150.36083984375 3551.5146484375 4827.90625 3902.97802734375
8489.181640625 7231.72119140625 6278.04443359375 5822.2734375 7247.62060546875 7458.0546875 8214.8310546875 8325.12890625 9680.9296875 9087.72265625 8592.80078125 8925.1806640625 9010.8154296875 8269.1484375 7546.431640625 7235.11083984375 6961.794921875 6805.81689453125 7328.404296875 7151.21044921875 7543.54150390625 8488.888671875 9538.7421875 9220.9990234375 8975.7265625 7674.828125 7920.03369140625 6838.6533203125 6530.3623046875 6150.66748046875 5575.05029296875 3674.067626953125 2792.322509765625 2242.502197265625 2063.932373046875 2185.97119140625 2276.321044921875 2314.41455078125 3166.273681640625 4617.5751953125 6051.58984375 5847.2890625 5373.68408203125 3810.27099609375 3201.244873046875 3309.32666015625 2922.289306640625 4757.46142578125 4691.818359375 5468.0458984375
6636.8935546875 6787.5732421875 6558.162109375 6110.9990234375 6481.85888671875 7727.7509765625 7224.00537109375 8236.001953125 7806.17333984375 7621.46435546875 7560.4951171875 7456.0498046875 7824.26806640625 7423.13330078125 6577.7392578125 5609.6220703125 5865.537109375 6314.7265625 6461.17236328125 7169.72509765625 7153.11474609375 8095.8115234375 9520.060546875 9908.7314453125 8485.8251953125 7259.265625 5552.36767578125 5966.689453125 5751.08203125 5864.0869140625 4942.31494140625 4530.19091796875 2599.99169921875 1405.984375 2028.5892333984375 2292.85498046875 1998.4124755859375 1732.7078857421875 2965.168701171875 4910.138671875 5503.408203125 6256.0537109375 5435.40869140625 4541.5498046875 3319.33984375 3068.7568359375 4571.59912109375 4520.81103515625 5073.67578125 4854.22998046875
7068.072265625 6751.791015625 6347.47119140625 6422.86279296875 7099.810546875 6961.31640625 7072.404296875 6665.623046875 6678.89892578125 6231.06689453125 6271.03076171875 6178.17724609375 6103.3642578125 6842.60693359375 5738.4580078125 5446.021484375 5692.42578125 5864.24169921875 6834.20654296875 6816.9404296875 7523.78515625 8021.22265625 9233.326171875 9599.2080078125 8694.505859375 6455.21240234375 5426.3134765625 4861.83544921875 5220.52294921875 5147.921875 5319.68115234375 4924.9345703125 2715.518310546875 2182.904296875 2421.72802734375 2741.449951171875 2438.4814453125 2617.49560546875 3905.317138671875 4779.158203125 6273.66845703125 6964.41259765625 6392.560546875 5378.01904296875 4684.2919921875 4534.05224609375 4578.3623046875 5431.82666015625 4562.5810546875 4342.42236328125
6793.544921875 7060.2275390625 6464.21533203125 7196.1279296875 7134.587890625 6992.60205078125 6318.98583984375 6150.1572265625 5947.767578125 5909.3984375 5149.55517578125 5457.97802734375 6070.37548828125 5436.38818359375 5860.7109375 5535.1845703125 5928.736328125 6586.47607421875 6646.271484375 7426.7607421875 7004.38134765625 7608.8955078125 8180.81494140625 8342.4091796875 7418.35791015625 6358.978515625 5601.41796875 4369.3466796875 4702.56298828125 5502.2255859375 6223.61669921875 4841.001953125 3440.51318359375 2776.12939453125 3109.8583984375 3336.786376953125 3221.111083984375 3100.489013671875 3407.50146484375 5071.97216796875 6827.5390625 7119.44140625 6117.5849609375 6305.126953125 5551.7001953125 5922.748046875 6076.59765625 5122.7490234375 5284.7744140625 3385.407958984375
6601.091796875 7808.83837890625 7783.25146484375 6536.72705078125 6352.97998046875 6104.279296875 6868.60546875 6598.0693359375 6375.3447265625 6160.087890625 5226.640625 5278.69384765625 5563.10595703125 6313.357421875 5851.75048828125 6324.90087890625 6361.9501953125 6689.57373046875 6758.28466796875 6663.82666015625 6705.39404296875 6504.9033203125 6465.59375 6579.06640625 6359.76904296875 5893.03515625 5496.24658203125 5139.16552734375 5067.31103515625 6073.521484375 6195.009765625 5291.03759765625 4102.32763671875 2761.951904296875 2491.01953125 2982.362548828125 2902.112548828125 3273.891357421875 3427.9599609375 4919.0517578125 5864.9677734375 6039.8310546875 6372.89453125 5798.65283203125 5940.4423828125 6031.0068359375 6531.6806640625 6423.76123046875 4910.61474609375 4482.6416015625
7693.7607421875 7752.837890625 8390.2568359375 7207.765625 5840.1435546875 6429.6748046875 6795.49609375 7289.0244140625 7060.115234375 6607.95703125 6071.14599609375 5292.79296875 5904.9052734375 6073.64453125 7097.8740234375 6528.015625 6485.98828125 6178.87158203125 5952.923828125 5648.62548828125 5030.30029296875 4940.71337890625 5035.65966796875 5262.326171875 5483.0361328125 5352.9072265625 5181.23046875 5268.3056640625 5840.75927734375 5769.970703125 6465.3408203125 5199.52490234375 3718.925537109375 3197.619140625 2095.711669921875 1492.8006591796875 2233.85205078125 3327.157958984375 4236.6201171875 5237.9365234375 6000.916015625 6683.21630859375 5460.40771484375 4901.3544921875 5604.64013671875 6245.64453125 6268.099609375 6102.361328125 5585.45068359375 4961.35302734375
8161.8896484375 9084.4306640625 7406.2509765625 6853.18359375 5923.498046875 7255.5380859375 7223.80615234375 7240.56396484375 7696.28125 6782.8046875 6000.37353515625 5972.54052734375 5400.56396484375 6604.78857421875 6388.16064453125 6747.904296875 6058.60205078125 4894.982421875 4859.65380859375 3922.10595703125 3801.4443359375 3606.650634765625 4458.501953125 4876.7529296875 5047.10498046875 5251.0380859375 4665.88232421875 5035.79150390625 5184.0595703125 6261.9619140625 6168.080078125 4979.58544921875 3634.731201171875 2205.48779296875 1640.31396484375 1669.659912109375 2520.351318359375 3795.525146484375 4768.09619140625 5723.48974609375 6501.490234375 6395.8994140625 5742.986328125 5109.7255859375 4805.3251953125 5123.50146484375 5390.6044921875 5675.7431640625 4971.81298828125 5447.9443359375
8145.06103515625 8859.8955078125 7560.28662109375 6093.5029296875 7433.24853515625 7151.49169921875 7284.064453125 7180.3779296875 7699.69091796875 7351.19287109375 6177.6181640625 5884.173828125 6030.55712890625 5814.71875 6018.2216796875 6307.7412109375 5816.541015625 4919.296875 3509.214599609375 2663.98974609375 2909.9287109375 4038.375244140625 4534.7021484375 5183.60693359375 5048.07958984375 4472.94091796875 4188.9541015625 4000.352294921875 4567.9189453125 5516.27392578125 4956.83984375 4367.748046875 2779.849365234375 1289.7587890625 1242.8541259765625 2359.075439453125 3098.138427734375 4133.49755859375 5334.6611328125 5946.92138671875 6594.44873046875 6453.8505859375 6558.22802734375 6044.84912109375 4287.7373046875 4557.8583984375 4933.2080078125 4663.37939453125 5085.8623046875 4787.81103515625
7679.548828125 8531.3818359375 7703.13525390625 7850.92431640625 6583.2412109375 6761.66259765625 6726.283203125 7421.02783203125 6862.3134765625 7345.58251953125 6367.60498046875 6010.6552734375 5977.765625 5999.533203125 6031.69287109375 5784.76171875 5692.162109375 4896.00830078125 3208.19384765625 2471.471923828125 2883.276611328125 4185.92724609375 5208.98291015625 5600.80810546875 5356.99755859375 3597.524658203125 2980.002197265625 2741.187255859375 3593.13330078125 4180.8642578125 3819.248046875 2645.484619140625 1615.25244140625 957.388427734375 1262.948974609375 2620.139892578125 3717.674560546875 4108.8017578125 4640.09375 5776.11474609375 6442.7841796875 6980.14697265625 6208.22802734375 5650.00390625 4936.9609375 4523.63916015625 4019.702880859375 4169.19921875 4314.6162109375 4397.7626953125
8063.4453125 7627.7421875 8323.0908203125 6554.83447265625 6343.623046875 5824.18212890625 6337.43359375 5540.44287109375 5919.55029296875 6216.8212890625 6681.66455078125 5775.40966796875 6017.54345703125 6171.85498046875 5924.75146484375 5562.36474609375 5312.75244140625 4834.201171875 3175.8330078125 2618.056640625 2826.209228515625 3800.152099609375 5564.25146484375 6008.14453125 4507.2421875 3080.755615234375 1291.5362548828125 1413.109130859375 2171.34521484375 2559.658203125 2441.960205078125 1345.642333984375 724.2841796875 828.49468994140625 1802.357421875 3047.794921875 4148.876953125 4689.93603515625 4661.294921875 5765.298828125 6207.00732421875 6578.49853515625 6683.65869140625 6033.8720703125 5245.9189453125 3674.93017578125 3521.653076171875 3926.61865234375 4299.216796875 4112.20068359375
6951.06494140625 7091.64599609375 6305.47119140625 6447.45947265625 5502.45751953125 5778.37109375 4148.53564453125 4381.4580078125 4706.87353515625 5308.9853515625 5778.38671875 6224.5 5961.685546875 6113.888671875 6358.7705078125 5830.087890625 5056.6923828125 3880.15185546875 3346.325927734375 2279.834716796875 2505.80078125 3926.064453125 5782.72998046875 6048.05078125 3882.6689453125 2182.58349609375 929.406005859375 381.6517333984375 1009.5567626953125 1129.0560302734375 1100.584716796875 721.8798828125 691.14483642578125 1353.7779541015625 1989.3232421875 3098.407958984375 4605.939453125 5231.634765625 4908.482421875 5282.21923828125 6404.3544921875 6896.13134765625 6338.14111328125 5712.9072265625 4306.79150390625 3311.526123046875 3520.02978515625 4037.61083984375 4266.32666015625 3793.56298828125
5285.81591796875 6459.7900390625 6076.994140625 5576.384765625 5388.6630859375 4587.513671875 4119.16552734375 3817.212890625 4380.7041015625 4544.70263671875 4697.20263671875 5529.2998046875 6654.03955078125 7064.61865234375 6381.8603515625 6041.5009765625 5159.35693359375 3907.216064453125 2717.88818359375 2021.135986328125 3089.063720703125 4348.17626953125 5655.72412109375 5437.638671875 4455.05517578125 1846.34228515625 326.2371826171875 135.421539306640625 94.1050872802734375 436.52691650390625 576.66876220703125 517.18072509765625 771.94122314453125 1074.6334228515625 1914.29638671875 3180.154296875 4471.92578125 4486.79150390625 4716.3203125 5075.35888671875 6246.16650390625 6272.56689453125 5776.91552734375 4904.5322265625 3740.032470703125 3493.24560546875 3513.123046875 4420.9052734375 4281.1376953125 4738.35400390625
4814.109375 4932.85107421875 5532.78515625 5792.4130859375 4765.95068359375 4544.57568359375 3887.93701171875 4107.71044921875 3922.35498046875 4058.934326171875 3892.840576171875 5493.4921875 6374.25830078125 7607.4462890625 7598.0703125 6076.8154296875 5091.81103515625 4343.6357421875 3281.749267578125 3203.5087890625 3782.21435546875 5278.82470703125 5424.587890625 5401.142578125 4375.2978515625 2522.589111328125 379.310577392578125 43.952068328857421875 43.952068328857421875 175.0461578369140625 28.2229461669921875 538.80975341796875 585.7960205078125 744.73004150390625 1192.74755859375 3013.999267578125 3856.252685546875 3937.435302734375 4180.91259765625 4590.4521484375 4881.28515625 5511.86572265625 5279.56005859375 4586.771484375 3460.718505859375 3171.767578125 4102.04150390625 3933.44482421875 4538.90283203125 4544.818359375
5369.9765625 4833.16357421875 5067.7841796875 5118.521484375 5021.4853515625 4149.10595703125 3817.7421875 3691.57763671875 3543.05859375 3551.47998046875 4147.37890625 4992.8125 6388.02880859375 7064.7607421875 7485.81689453125 6460.9267578125 5239.3974609375 4916.306640625 4370.4345703125 4585.8359375 4336.32275390625 5176.7001953125 6311.38037109375 5745.5341796875 4656.80078125 2228.4130859375 1284.0140380859375 148.091705322265625 156.7498779296875 156.7498779296875 112.79781341552734375 123.968658447265625 567.91424560546875 248.1790313720703125 1287.6702880859375 2819.76953125 3599.26025390625 4069.7294921875 3638.018798828125 3716.85986328125 3972.140625 4326.23779296875 4912.6953125 4501.6298828125 3701.02392578125 3843.771484375 3937.136962890625 4529.65771484375 4286.5146484375 4297.9052734375
4536.9736328125 5136.07568359375 5277.89501953125 5583.630859375 4179.8779296875 3151.67529296875 3256.51025390625 3604.317138671875 3690.68408203125 3708.2744140625 4170.96337890625 4618.9873046875 5639.51123046875 6439.33447265625 6562.3525390625 6261.369140625 5825.9990234375 4775.552734375 4946.31787109375 4916.97314453125 5447.12890625 5565.28369140625 5487.26318359375 6170.65283203125 4448.7158203125 3482.9697265625 2131.0849609375 1102.841552734375 170.8876190185546875 112.79781341552734375 112.79781341552734375 112.79781341552734375 123.968658447265625 481.48046875 1083.127685546875 2372.804443359375 3716.7421875 4283.736328125 3547.46240234375 3398.489013671875 3709.940673828125 4571.986328125 4602.31494140625 3951.422119140625 4836.51318359375 4472.30859375 4209.6005859375 4436.47900390625 4834.44921875 3991.218017578125
4011.961669921875 4016.226318359375 4997.07177734375 4642.36865234375 4167.3779296875 3711.071533203125 3045.828125 3207.73388671875 3639.2158203125 4150.7265625 4281.88671875 3941.7177734375 4748.0068359375 5736.04931640625 5522.27685546875 5534.9755859375 4906.25048828125 4960.41552734375 4146.3310546875 4210.2587890625 4909.92626953125 5029.47119140625 4966.6181640625 5118.45751953125 5265.0986328125 4164.31396484375 2663.442626953125 1501.99560546875 952.57257080078125 349.652099609375 149.79205322265625 72.6037139892578125 59.111072540283203125 446.986175537109375 1530.4951171875 2281.064697265625 3581.6748046875 3487.390380859375 3597.083984375 3538.84912109375 4040.36865234375 4589.90576171875 5030.578125 4781.19287109375 4423.41845703125 4892.953125 5399.59912109375 4758.03564453125 4131.76806640625 4600.46337890625
3183.84033203125 3932.7802734375 4151.990234375 4749.14453125 4140.4248046875 3561.379638671875 2968.47509765625 3058.15625 3743.9365234375 3702.65625 3592.6923828125 3788.96044921875 4012.1123046875 4109.30029296875 4517.859375 5124.9580078125 4866.48974609375 3377.097412109375 3209.9296875 3082.2099609375 3872.81396484375 4176.962890625 4602.96484375 5140.470703125 5439.04052734375 4699.833984375 2905.334228515625 2127.6064453125 1378.7490234375 834.9041748046875 538.00872802734375 147.908447265625 285.06182861328125 1065.419677734375 2547.527099609375 2930.36083984375 3517.369140625 3316.413330078125 3137.01025390625 3701.6630859375 4470.48486328125 4968.05810546875 5398.2255859375 5262.57421875 4363.619140625 5467.1689453125 6550.79833984375 4896.86865234375 4034.357177734375 5257.17724609375
3673.7646484375 3209.14892578125 4508.70068359375 4580.3193359375 4318.79736328125 3100.308349609375 2865.042236328125 3531.3193359375 3152.1611328125 3425.725341796875 3468.8818359375 3973.822265625 3032.615966796875 3474.9765625 4292.02099609375 5026.677734375 4799.947265625 3662.892333984375 2781.911376953125 3300.08056640625 3446.2060546875 4604.84765625 5777.6806640625 5887.51611328125 5558.1904296875 4960.296875 4349.1171875 3120.33544921875 1798.909912109375 1459.275146484375 990.39385986328125 801.510498046875 1388.0662841796875 3020.896484375 3446.535400390625 4144.27001953125 3616.249267578125 3313.152099609375 3494.36181640625 3921.6923828125 4805.3623046875 4932.16455078125 4871.07421875 5183.16650390625 5498.79345703125 6346.5361328125 5384.49609375 5342.701171875 5381.6875 4638.86962890625
3098.624267578125 4843.19482421875 3972.294189453125 4596.9677734375 3420.430419921875 2862.131591796875 3541.45654296875 2843.152099609375 2521.076171875 2963.52685546875 4050.131591796875 3777.665283203125 3705.15087890625 3530.7353515625 4623.7978515625 4874.642578125 5016.263671875 4380.279296875 3043.90234375 3045.975341796875 4106.24658203125 5619.96923828125 6162.15478515625 5937.80908203125 5531.615234375 5030.2841796875 4658.70556640625 2967.927001953125 2283.099853515625 2071.440673828125 1339.4029541015625 1571.970947265625 2253.640869140625 3389.334228515625 4488.5712890625 4865.01220703125 4771.33056640625 3243.14453125 3817.7734375 3770.64013671875 4363.732421875 5636.69921875 5206.25732421875 4127.82666015625 5153.73193359375 5494.66943359375 6126.42431640625 5023.4814453125 3771.592529296875 3696.4775390625
