ForecastVariables/BuildingPerimeter_500m/BuildingPerimeter_Focal_Random4.asc
ncols        529
nrows        344
xllcorner    2700.000000000000
yllcorner    15900.000000000000
cellsize     100.000000000000
NODATA_value  nan
[rows 44 to 65 of 344, columns 255 to 305 of 529]
4369.96484375 4690.77294921875 4682.037109375 4665.61474609375 5818.26904296875 5500.38818359375 5392.2724609375 4887.5625 4412.09912109375 4499.45703125 5236.453125 4460.33837890625 5293.783203125 5424.4931640625 5287.83203125 5030.884765625 4322.8642578125 3465.92529296875 2885.009765625 2253.2958984375 nan nan nan nan nan nan nan nan nan nan nan nan nan nan nan nan nan nan nan nan nan nan nan nan nan nan nan nan nan nan nan
3174.656005859375 3602.19677734375 3792.342529296875 4561.634765625 4295.439453125 4445.89501953125 5483.51806640625 5367.30615234375 4500.423828125 4155.92041015625 5070.671875 5713.38916015625 5244.390625 5894.77294921875 5747.6044921875 5560.13671875 5181.66796875 4874.7587890625 4827.4384765625 3414.926025390625 1588.0924072265625 646.39727783203125 nan nan nan nan nan nan nan nan nan nan nan nan nan nan nan nan nan nan nan nan nan nan nan nan nan nan nan nan nan
2271.233154296875 2770.00732421875 3060.271484375 2716.477294921875 3283.554931640625 3736.6708984375 4519.3232421875 4601.9296875 5084.25830078125 5460.1884765625 5711.2001953125 5526.48046875 6177.77880859375 6194.6181640625 6485.40869140625 5092.28759765625 5708.54052734375 7245.23095703125 5776.6181640625 3896.568359375 3511.0419921875 2156.453369140625 646.39727783203125 nan nan nan nan nan nan nan nan nan nan nan nan nan nan nan nan nan nan nan nan nan nan nan nan nan nan nan 397.849822998046875
2532.503173828125 2916.36181640625 2803.07275390625 2455.27880859375 1795.1483154296875 3192.994140625 3272.976318359375 4178.22216796875 5486.22998046875 5421.1337890625 5918.4501953125 6117.0546875 6155.12841796875 6434.537109375 5583.12939453125 5668.34033203125 5433.64892578125 6511.6279296875 6443.92431640625 6949.1728515625 3642.419189453125 1869.3828125 1020.496826171875 646.39727783203125 nan nan nan nan nan nan nan nan nan nan nan nan nan nan nan nan nan nan nan nan nan nan nan nan nan 313.76739501953125 648.4349365234375
3326.85009765625 3848.30517578125 3350.02294921875 2538.041748046875 1931.5123291015625 1894.1756591796875 2602.066650390625 3557.63134765625 4409.21923828125 5610.6982421875 5961.935546875 5780.8447265625 5804.31982421875 5638.17041015625 5995.32421875 5493.82421875 6098.19287109375 5327.35595703125 7039.3701171875 5725.3994140625 4499.29736328125 2643.93408203125 1468.0294189453125 280.32891845703125 nan nan nan nan nan nan nan nan nan nan nan nan nan nan nan nan nan nan nan nan nan nan nan nan nan 25.80814361572265625 792.03472900390625
3646.711669921875 3333.423583984375 3657.627685546875 2910.135498046875 1520.569091796875 893.4305419921875 1821.2384033203125 2693.027587890625 3250.28955078125 3939.4091796875 5146.43017578125 5465.9736328125 5500.50634765625 5353.0986328125 5841.4521484375 5928.62255859375 4486.33154296875 6438.08154296875 5773.564453125 5662.697265625 4031.191162109375 4456.18359375 1391.292724609375 285.5556640625 nan nan nan nan nan nan nan nan nan nan nan 19.64246368408203125 117.54775238037109375 51.77099609375 nan nan nan nan nan nan nan nan nan nan nan 187.58056640625 490.106597900390625
3021.734130859375 2686.830078125 3653.3359375 2712.77099609375 1608.4481201171875 1125.5552978515625 1232.900634765625 1480.8284912109375 2135.420654296875 2687.556640625 3930.960693359375 4797.029296875 5340.22265625 5051.24072265625 4893.9443359375 4654.486328125 4812.994140625 4088.12744140625 5633.21484375 5198.82568359375 5899.56005859375 3817.437744140625 1814.339599609375 570.07958984375 nan nan nan nan nan nan nan nan nan nan 19.64246368408203125 348.89398193359375 220.1519927978515625 169.318756103515625 51.77099609375 nan nan nan nan nan nan nan nan nan nan 176.434112548828125 548.25860595703125
2258.215087890625 2718.36669921875 3188.527099609375 2649.243896484375 2487.7314453125 2408.308837890625 1581.0709228515625 914.69927978515625 767.9083251953125 2028.7364501953125 3755.5576171875 3944.458251953125 4343.36328125 5043.4013671875 4673.92529296875 4159.904296875 3368.80810546875 4283.6474609375 4252.3203125 6170.44140625 5762.86181640625 4647.16552734375 2547.33349609375 686.1971435546875 nan nan nan nan nan nan nan nan nan 19.64246368408203125 480.190185546875 655.03863525390625 431.85577392578125 220.1519927978515625 169.318756103515625 51.77099609375 nan nan nan nan nan nan nan nan nan 105.15683746337890625 893.63238525390625
2167.896484375 2690.35009765625 3023.90966796875 3720.653076171875 4078.427001953125 3262.061279296875 2284.71826171875 1835.579833984375 1766.54541015625 1970.0279541015625 3203.70703125 4696.849609375 4629.55712890625 4655.30908203125 4800.4755859375 3590.635009765625 2895.638671875 3071.13232421875 5080.30615234375 5914.12451171875 5002.8046875 3601.080322265625 2504.07666015625 1147.6346435546875 33.8787841796875 nan nan nan nan nan nan nan 46.899829864501953125 558.3089599609375 818.1812744140625 742.1312255859375 655.03863525390625 412.21331787109375 82.9617767333984375 nan nan nan nan nan nan nan nan nan nan 1534.339599609375 1663.353759765625
2722.041748046875 3268.857177734375 3945.971923828125 4849.86181640625 4502.29150390625 3911.622802734375 3655.592041015625 3610.681396484375 3869.322265625 3612.413818359375 3934.926513671875 5105.3408203125 5910.45068359375 5231.9560546875 4870.703125 3796.18994140625 3293.93603515625 3125.351806640625 3539.622314453125 4646.8544921875 4361.1552734375 3324.151123046875 1257.3883056640625 71.4690399169921875 37.590259552001953125 nan nan nan nan nan nan 49.755512237548828125 500.880340576171875 1141.3817138671875 1045.940673828125 825.7486572265625 722.48876953125 306.1446533203125 nan nan nan nan nan nan nan nan nan nan 1387.4625244140625 2620.772216796875 3333.874267578125
3864.42236328125 4258.078125 5109.72802734375 5028.13330078125 4969.36572265625 4906.5244140625 5203.9736328125 5512.90771484375 5483.51025390625 5690.2548828125 5777.35888671875 5912.85693359375 6110.80078125 6036.2822265625 5105.69921875 3451.912353515625 2699.5361328125 3149.194580078125 3647.4033203125 3450.935546875 2504.1103515625 2048.042236328125 429.462371826171875 37.590259552001953125 nan nan nan nan nan nan 49.755512237548828125 479.789764404296875 1269.5440673828125 1160.42626953125 1204.6654052734375 1045.940673828125 463.106170654296875 7.5673646926879882812 nan nan nan nan 127.12902069091796875 171.9004058837890625 210.2364044189453125 nan nan 973.8265380859375 2308.827392578125 3612.6376953125 3857.551513671875
4700.0908203125 5013.99951171875 5474.68017578125 4822.52099609375 5312.15185546875 5291.6181640625 5762.25390625 6479.587890625 7215.11279296875 6595.1025390625 6321.46337890625 5485.71142578125 5760.8994140625 5479.23974609375 4962.3955078125 4117.83642578125 2755.758056640625 2649.993896484375 3660.06982421875 2644.204833984375 1706.8123779296875 778.5789794921875 138.1941070556640625 nan nan nan nan nan nan 2.8556816577911376953 219.7821502685546875 960.4197998046875 1765.0145263671875 1396.8287353515625 1113.5263671875 811.16033935546875 63.28365325927734375 nan nan nan nan 356.332183837890625 572.18865966796875 617.3487548828125 576.13714599609375 256.396697998046875 nan 647.2100830078125 2480.59912109375 3574.401123046875 5156.27880859375
5423.2529296875 5305.21826171875 5533.2529296875 5587.306640625 5210.14013671875 5136.162109375 5714.30126953125 7759.04296875 7461.70361328125 7257.1611328125 5405.71044921875 5574.55224609375 5423.01220703125 5253.91650390625 4625.21533203125 4499.703125 4162.34228515625 3216.978515625 3612.592041015625 2328.930908203125 1411.16162109375 332.302398681640625 nan nan nan nan nan nan nan 109.551177978515625 675.353515625 1299.4337158203125 1774.406494140625 1715.259033203125 1024.388916015625 134.8520965576171875 nan nan nan nan 356.332183837890625 1017.12353515625 1189.718017578125 1351.1744384765625 1198.6787109375 1122.1466064453125 520.84661865234375 748.8824462890625 1780.1279296875 4300.5771484375 4459.66162109375
5347.591796875 5536.017578125 5248.7158203125 5272.2919921875 5429.9990234375 5142.9892578125 6199.14892578125 7109.98046875 7292.38232421875 6123.00537109375 6226.033203125 5867.85546875 5987.1611328125 5687.5283203125 5584.4013671875 5085.9970703125 5273.84228515625 5213.9228515625 3373.499267578125 2535.5185546875 714.65191650390625 nan nan nan nan nan nan nan 2.2012224197387695312 192.7374725341796875 1100.1121826171875 1917.006591796875 1864.0186767578125 1509.9256591796875 589.28570556640625 nan nan nan nan 229.2031707763671875 1263.497314453125 1130.518310546875 2133.15185546875 2214.413818359375 2163.185791015625 1650.6865234375 1079.65478515625 882.11444091796875 2424.275634765625 3559.12939453125 3634.792236328125
4944.92529296875 5300.60986328125 4933.2978515625 4993.1044921875 4878.62353515625 5211.75146484375 5444.0859375 6167.17431640625 6177.56640625 6087.0087890625 6227.658203125 6940.72900390625 7487.3916015625 7622.3388671875 7409.38525390625 6782.8173828125 6266.794921875 5130.52197265625 3553.43603515625 1635.042236328125 844.2764892578125 nan nan nan nan nan nan 70.32598114013671875 262.662109375 530.76123046875 1469.519287109375 2156.43359375 2091.623046875 1274.6817626953125 280.417266845703125 nan nan nan nan 1230.529296875 1278.9512939453125 2259.22900390625 2508.953369140625 3230.88525390625 2318.53369140625 2015.9649658203125 1571.6068115234375 1682.1173095703125 1713.646728515625 2831.679443359375 2735.016357421875
5205.02294921875 4937.72607421875 5362.240234375 4841.27734375 4557.60205078125 5337.724609375 5239.3984375 4430.7021484375 5400.052734375 6146.10107421875 6975.08447265625 8000.630859375 9215.7255859375 9101.9169921875 8245.916015625 7496.40234375 5855.24169921875 4571.02197265625 2800.086669921875 1361.641357421875 nan nan nan nan nan nan 70.32598114013671875 164.283599853515625 546.51702880859375 1085.3548583984375 1660.924560546875 2141.46875 1856.34619140625 893.003662109375 287.023345947265625 nan nan nan 1014.797607421875 1573.99853515625 2095.484130859375 2259.32275390625 3255.431884765625 2485.59326171875 3236.588134765625 1834.5108642578125 1167.96875 684.4281005859375 1111.5472412109375 1335.6988525390625 1990.39501953125
6160.0107421875 5646.79296875 5387.080078125 4762.27197265625 4872.9072265625 5238.140625 5304.58251953125 4836.00537109375 4417.6669921875 5104.6767578125 6186.7958984375 7327.35302734375 7847.60986328125 7827.03564453125 6914.58203125 5355.998046875 4228.40478515625 2312.234375 1579.2926025390625 nan nan nan nan nan nan 70.32598114013671875 164.283599853515625 429.69610595703125 755.3282470703125 1064.0938720703125 1517.3375244140625 2052.427978515625 1697.2174072265625 450.34112548828125 nan nan nan 469.3944091796875 921.3900146484375 1724.744873046875 2237.839111328125 3551.28515625 2728.548095703125 2942.15771484375 2061.337158203125 1780.7803955078125 718.670654296875 364.969818115234375 277.813751220703125 564.80950927734375 312.883026123046875
6521.216796875 5921.8681640625 5152.12109375 4985.2587890625 5544.1796875 5906.6806640625 5050.541015625 5807.8095703125 4792.70263671875 3989.64990234375 4345.7109375 5148.96484375 4653.232421875 4362.43896484375 3595.08740234375 2273.147705078125 1648.304931640625 735.01611328125 nan nan nan nan nan nan nan 21.831760406494140625 357.57025146484375 448.249908447265625 469.7313232421875 953.66717529296875 1662.7646484375 1810.666748046875 1140.3720703125 308.11834716796875 nan nan nan 408.399169921875 1029.2015380859375 1689.7244873046875 3633.488037109375 2719.7109375 3234.916259765625 3067.87255859375 2029.1103515625 990.4931640625 561.60400390625 nan nan nan nan
5971.58154296875 5674.55078125 5108.57373046875 4887.06689453125 5482.61865234375 5277.80859375 5727.69921875 5713.26513671875 4762.32275390625 4331.62109375 3578.065673828125 1931.3292236328125 1909.87158203125 1388.64111328125 830.58349609375 551.2757568359375 217.6511993408203125 nan nan nan nan nan nan nan nan 25.6993408203125 66.0848846435546875 376.124053955078125 401.297760009765625 822.7606201171875 1473.84765625 1316.77978515625 967.52685546875 444.73980712890625 84.30865478515625 nan 86.824615478515625 610.12969970703125 1110.09912109375 2586.879638671875 2857.07666015625 3297.46337890625 3681.117919921875 3076.884765625 1759.237060546875 891.98309326171875 198.7995147705078125 nan nan nan nan
5118.87939453125 4796.27587890625 4458.8310546875 4272.478515625 4055.163818359375 5385.1005859375 6167.275390625 5027.66455078125 4436.8125 4185.388671875 3173.07373046875 1625.335205078125 543.29986572265625 344.565948486328125 30.153280258178710938 nan nan nan nan nan nan nan nan nan nan nan 25.6993408203125 66.0848846435546875 417.474212646484375 451.0390625 845.34368896484375 1131.9805908203125 884.797119140625 359.912200927734375 nan 86.824615478515625 578.38958740234375 1172.6856689453125 2000.32568359375 2211.753173828125 2414.16845703125 3814.866455078125 3737.0458984375 2410.7421875 1395.968994140625 696.15093994140625 nan nan nan nan nan
3329.690673828125 3415.92822265625 3155.666748046875 2688.64697265625 3442.44140625 5533.46875 4665.99072265625 4316.33544921875 4497.31591796875 3962.021484375 2271.138427734375 1416.47412109375 833.25726318359375 122.60517120361328125 nan nan nan nan nan nan nan nan nan nan nan nan nan 25.6993408203125 18.553783416748046875 164.453765869140625 463.431121826171875 800.48846435546875 390.858062744140625 30.94585418701171875 19.02008819580078125 474.74310302734375 1139.4473876953125 1601.5487060546875 1747.1536865234375 2514.8056640625 3098.851806640625 2801.202880859375 2239.01171875 1668.7877197265625 1274.4700927734375 43.9847564697265625 nan nan nan nan nan
1812.6519775390625 1469.3582763671875 1372.39111328125 1839.3377685546875 3591.7939453125 4731.71875 4666.38037109375 3923.772216796875 4012.423583984375 3214.13671875 2400.213623046875 1291.7652587890625 540.8409423828125 284.668121337890625 nan nan nan nan nan nan nan nan nan nan nan nan nan nan nan nan 164.453765869140625 306.549407958984375 30.94585418701171875 nan 38.11496734619140625 754.20489501953125 1716.6461181640625 1918.814453125 2084.487060546875 2461.99755859375 2809.34716796875 1923.285400390625 1502.7099609375 1404.800537109375 80.8703460693359375 nan nan nan nan nan nan
