ForecastVariables/BuildingPerimeter_500m/BuildingPerimeter_Focal_Random1.asc
ncols        529
nrows        344
xllcorner    2700.000000000000
yllcorner    15900.000000000000
cellsize     100.000000000000
NODATA_value  nan
[rows 230 to 252 of 344, columns 0 to 49 of 529]
232.586578369140625 167.6810760498046875 653.4761962890625 890.74420166015625 1556.7376708984375 2137.1826171875 2014.61572265625 2956.673095703125 2412.3203125 2033.028076171875 934.797119140625 326.934356689453125 nan 78.11176300048828125 1105.7943115234375 2314.534912109375 2749.689208984375 2409.92529296875 2442.737060546875 2017.2147216796875 2887.5419921875 2909.302490234375 3159.232421875 2700.706787109375 3117.1982421875 2853.90625 2187.216796875 2743.645263671875 4280.125 3863.6669921875 3581.524658203125 2920.140380859375 2874.32275390625 2320.087158203125 2627.997802734375 2570.7978515625 2421.571044921875 2736.224609375 2498.32470703125 3101.5830078125 2876.081787109375 2198.64306640625 1202.0830078125 194.683746337890625 nan nan nan nan nan nan
278.313720703125 539.18218994140625 610.913818359375 780.64569091796875 1586.841064453125 1970.6368408203125 2432.104248046875 2799.93310546875 2763.723388671875 1563.106689453125 933.45843505859375 279.8214111328125 nan 170.53271484375 838.29150390625 2081.757568359375 2558.77001953125 2510.001220703125 1659.931640625 2150.806884765625 2229.05419921875 2542.23291015625 2641.868896484375 2929.543701171875 2000.5989990234375 2228.2373046875 2088.020751953125 2841.148681640625 2801.8154296875 3401.533203125 2910.27001953125 2873.4892578125 1916.295654296875 1982.7144775390625 2141.525634765625 2494.145263671875 2392.572509765625 2260.2978515625 2473.176513671875 2328.655517578125 2356.468994140625 1853.978271484375 673.49493408203125 270.166473388671875 nan nan nan nan nan nan
539.18218994140625 653.2767333984375 794.6075439453125 1066.0130615234375 1369.42333984375 1808.9241943359375 2296.696044921875 2297.060546875 2191.45849609375 1605.33984375 444.03125 115.97026824951171875 nan 286.9093017578125 781.097900390625 1318.6358642578125 2090.365966796875 1807.877685546875 1583.585693359375 1387.968017578125 1927.15087890625 1671.6971435546875 2080.14892578125 1625.7783203125 1586.2298583984375 1680.0570068359375 2185.158203125 1426.260498046875 2073.50537109375 2042.3734130859375 2480.28564453125 1063.666015625 1267.857666015625 1586.916748046875 1651.6905517578125 1859.336669921875 1916.5423583984375 1715.1131591796875 1889.93994140625 1370.1162109375 1691.7752685546875 1190.5391845703125 621.011962890625 29.493043899536132812 nan nan nan nan nan nan
278.313720703125 539.18218994140625 544.65045166015625 708.9990234375 828.162353515625 1011.90283203125 1655.0595703125 1650.5347900390625 1448.86083984375 850.15020751953125 271.81121826171875 nan nan nan 286.9093017578125 781.097900390625 1069.9913330078125 696.6258544921875 589.93450927734375 786.9630126953125 846.78717041015625 1020.07550048828125 456.91778564453125 652.046630859375 985.89178466796875 724.34954833984375 660.156982421875 943.83807373046875 772.1759033203125 1085.1783447265625 390.74591064453125 512.307861328125 601.89898681640625 600.68798828125 882.811279296875 652.11700439453125 991.45556640625 842.10614013671875 691.6846923828125 825.39813232421875 725.68902587890625 621.011962890625 29.493043899536132812 nan nan nan nan nan nan nan
150.3936004638671875 127.92012786865234375 260.86846923828125 155.8618621826171875 334.036041259765625 564.7056884765625 725.2860107421875 1273.91748046875 854.35614013671875 571.8094482421875 99.9994049072265625 nan nan nan nan 286.9093017578125 323.655914306640625 156.68841552734375 153.62109375 170.334991455078125 400.724700927734375 142.621978759765625 132.2715301513671875 164.312469482421875 314.79168701171875 170.1124420166015625 84.45912933349609375 270.82958984375 390.083831787109375 57.599201202392578125 134.7988128662109375 157.4491424560546875 167.8196563720703125 138.3922882080078125 169.478729248046875 152.343017578125 283.3431396484375 218.3170318603515625 186.455780029296875 195.6918487548828125 321.352447509765625 29.493043899536132812 nan nan nan nan nan nan nan nan
nan nan nan nan 83.893218994140625 400.2677001953125 399.997589111328125 850.2744140625 855.83673095703125 399.99761962890625 99.9994049072265625 nan nan nan nan nan nan nan nan nan nan nan nan nan nan nan nan nan nan nan nan nan nan nan nan nan nan nan nan nan nan nan nan nan nan nan nan nan nan nan
nan nan nan 42.125885009765625 191.456329345703125 291.455718994140625 549.32806396484375 799.99517822265625 799.9952392578125 399.99761962890625 99.9994049072265625 nan nan nan nan nan nan nan nan nan nan nan nan nan nan nan nan nan nan nan nan nan nan nan nan nan nan nan nan nan nan nan nan nan nan nan nan nan nan nan
nan nan 42.125885009765625 191.456329345703125 191.456329345703125 291.455718994140625 591.45391845703125 977.9263916015625 930.8839111328125 399.99761962890625 99.9994049072265625 nan nan nan nan nan nan nan nan nan nan nan nan nan nan nan nan nan nan nan nan nan nan nan nan nan nan nan nan nan nan nan nan nan nan nan nan nan nan nan
nan nan nan 42.125885009765625 191.456329345703125 291.455718994140625 577.9288330078125 859.48529052734375 1115.0892333984375 530.88629150390625 99.9994049072265625 nan nan nan nan nan nan nan nan nan nan nan nan nan nan nan nan nan nan nan nan nan nan nan nan nan nan nan nan nan nan nan nan nan nan nan nan nan nan nan
nan nan nan nan 262.581878662109375 354.03662109375 617.8878173828125 1081.280029296875 1274.56884765625 715.09161376953125 230.8881072998046875 nan nan nan nan nan nan nan nan nan nan nan nan nan nan nan nan nan nan nan nan nan nan nan nan nan nan nan nan nan nan nan nan nan nan nan nan nan nan nan
nan nan nan 220.45599365234375 296.56201171875 478.438323974609375 905.68267822265625 1794.2677001953125 1660.3385009765625 851.48370361328125 255.6039276123046875 nan nan nan nan nan nan nan nan nan nan nan nan nan nan nan nan nan nan nan nan nan nan nan nan nan nan nan nan nan nan nan nan nan nan nan nan nan nan nan
nan nan 220.45599365234375 296.56201171875 531.919189453125 765.4107666015625 1519.9971923828125 2079.847900390625 2161.757080078125 1304.657470703125 364.99163818359375 nan nan nan nan nan nan nan nan nan nan nan nan nan nan nan nan nan nan nan nan nan nan nan nan nan nan nan nan nan nan nan nan nan nan nan nan nan nan nan
nan nan nan 345.18701171875 494.30194091796875 1142.231689453125 1645.9385986328125 2019.5238037109375 2337.71533203125 1631.728515625 626.16351318359375 5.5132246017456054688 nan nan nan nan nan nan nan nan nan nan nan nan nan nan nan nan nan nan nan nan nan nan nan nan nan nan nan nan nan nan nan nan nan nan nan nan nan nan
nan nan 101.2548370361328125 285.0625 493.615692138671875 851.97100830078125 1549.9952392578125 2203.416259765625 2318.799560546875 1482.0963134765625 560.3411865234375 201.0714263916015625 nan nan nan nan nan nan nan nan nan nan nan nan nan nan nan nan nan nan nan nan nan nan nan nan nan nan nan nan nan nan nan nan nan nan nan nan nan nan
nan 47.773975372314453125 231.581634521484375 433.49114990234375 917.19464111328125 1003.8948974609375 1302.8887939453125 2137.0048828125 2256.72998046875 1442.9788818359375 886.00726318359375 285.53753662109375 102.77796173095703125 nan nan nan nan nan nan nan nan nan nan nan nan nan nan nan nan nan nan nan nan nan nan nan nan nan nan nan nan nan nan nan nan nan nan nan nan nan
nan 183.8076629638671875 285.58868408203125 482.9952392578125 677.92987060546875 873.75103759765625 1362.6175537109375 1910.860595703125 1898.6749267578125 1319.4229736328125 622.00567626953125 258.7841796875 nan nan nan nan nan nan nan nan nan nan nan nan nan nan nan nan nan nan nan nan nan nan nan nan nan nan nan nan nan nan nan nan nan nan nan nan nan nan
nan nan 183.8076629638671875 285.58868408203125 446.00030517578125 735.41961669921875 1126.2379150390625 1211.9766845703125 1610.09619140625 1371.440185546875 551.29852294921875 39.560504913330078125 nan nan nan nan nan nan nan nan nan nan nan nan nan nan nan nan nan nan nan nan nan nan nan nan nan nan nan nan nan nan nan nan nan nan nan nan nan nan
nan nan nan 183.8076629638671875 112.4615631103515625 366.641143798828125 678.56634521484375 1070.8370361328125 1625.768798828125 1309.2127685546875 530.1268310546875 100.0048980712890625 nan nan nan nan nan nan nan nan nan nan nan nan nan nan nan nan nan nan nan nan nan nan nan nan nan nan nan nan nan nan nan nan nan nan nan nan nan nan
nan nan nan nan nan 58.45450592041015625 355.58367919921875 1553.3770751953125 1762.9375 1495.1689453125 736.33660888671875 201.580596923828125 nan nan nan nan nan nan nan nan nan nan nan nan nan nan nan nan nan nan nan nan nan nan nan nan nan nan nan nan nan nan nan nan nan nan nan nan nan nan
nan nan nan nan 166.6968536376953125 266.3455810546875 880.24945068359375 1597.2637939453125 2000.4952392578125 1582.7047119140625 1065.1981201171875 397.94805908203125 64.62145233154296875 nan nan nan nan nan nan nan nan nan nan nan nan nan nan nan nan nan nan nan nan nan nan nan nan nan nan nan nan nan nan nan nan nan nan nan nan nan
nan 50.845123291015625 70.075714111328125 228.660736083984375 514.6954345703125 757.7198486328125 1134.7457275390625 1737.5357666015625 1898.2958984375 1687.4146728515625 826.17724609375 261.698089599609375 nan nan nan nan nan nan nan nan nan nan nan nan nan nan nan nan nan nan nan nan nan nan nan nan nan nan nan nan nan nan nan nan nan nan nan nan nan nan
50.845123291015625 202.03564453125 407.610107421875 765.5260009765625 760.37799072265625 1079.54638671875 1461.135986328125 1749.5863037109375 1955.30859375 1196.531005859375 376.6627197265625 nan nan nan nan nan nan nan nan nan nan nan nan nan nan nan nan nan nan nan nan nan nan nan nan nan nan nan nan nan nan nan nan nan nan nan nan nan nan nan
202.03564453125 322.028045654296875 607.3966064453125 749.140625 1115.91552734375 1471.7149658203125 1594.4088134765625 1528.924072265625 1262.689453125 881.8133544921875 245.139190673828125 62.249423980712890625 nan nan nan nan nan nan nan nan nan nan nan nan nan nan nan nan nan nan nan nan nan nan nan nan nan nan nan nan nan nan nan nan nan nan nan nan nan nan
