ForecastVariables/BuildingPerimeter_500m/BuildingPerimeter_Focal_Random3.asc
ncols        529
nrows        344
xllcorner    2700.000000000000
yllcorner    15900.000000000000
cellsize     100.000000000000
NODATA_value  nan
[rows 22 to 43 of 344, columns 255 to 305 of 529]
295.105133056640625 nan nan nan nan nan nan nan nan nan nan nan nan nan nan nan nan nan nan nan nan nan nan nan nan nan nan nan nan nan nan nan nan nan nan nan nan nan nan nan nan nan nan nan nan nan nan nan nan nan nan
nan nan nan nan nan nan nan nan nan nan nan nan nan nan nan nan nan nan nan nan nan nan nan nan nan nan nan nan nan nan nan nan nan nan nan nan nan nan nan nan nan nan nan nan nan nan nan nan nan nan nan
594.72137451171875 nan nan nan nan nan nan nan nan nan nan nan nan nan nan nan nan nan nan nan nan nan nan nan nan nan nan nan nan nan nan nan nan nan nan nan nan nan nan nan nan nan nan nan nan nan nan nan nan nan nan
900.61468505859375 79.5574188232421875 141.1819915771484375 325.12030029296875 nan nan nan nan nan nan nan nan nan nan nan nan nan nan nan nan nan nan nan nan nan nan nan nan nan nan nan nan nan nan nan nan nan nan nan nan nan nan nan nan nan nan nan nan nan nan nan
1729.860595703125 610.72222900390625 853.0126953125 1238.1175537109375 771.9813232421875 39.6114349365234375 nan nan nan nan nan nan nan nan nan nan nan nan nan nan nan nan nan nan nan nan nan nan nan nan nan nan nan nan nan nan nan nan nan nan nan nan nan nan nan nan nan nan nan nan nan
2437.463623046875 2400.471923828125 2135.96826171875 2206.23095703125 2353.54736328125 831.91558837890625 39.6114349365234375 nan nan nan nan nan nan nan nan nan nan nan nan nan nan nan nan nan nan nan nan nan nan nan nan nan nan nan nan nan nan nan nan nan nan nan nan nan nan nan nan nan nan nan nan
3896.945068359375 3563.261474609375 3315.281494140625 3405.428466796875 2781.065185546875 1907.56787109375 506.795257568359375 39.6114349365234375 nan nan nan nan nan nan nan nan nan nan nan nan nan nan nan nan nan nan nan nan nan nan nan nan nan nan nan nan nan nan nan nan nan nan nan nan nan nan nan nan nan nan nan
4067.85302734375 3166.54345703125 4086.9228515625 4349.04345703125 2796.0439453125 1402.2734375 688.89154052734375 20.322780609130859375 nan 63.703826904296875 nan nan nan nan nan nan nan nan nan nan nan nan nan nan nan nan nan nan nan nan nan nan nan nan nan nan nan nan nan nan nan nan nan nan nan nan nan nan nan nan nan
3985.856201171875 3876.730224609375 4203.89306640625 4177.37646484375 2982.339599609375 1433.719970703125 269.921966552734375 37.604450225830078125 63.703826904296875 63.703826904296875 63.703826904296875 nan nan nan nan nan nan nan nan nan nan nan nan nan nan nan nan nan nan nan nan nan nan nan nan nan nan nan nan nan nan nan nan nan nan nan nan nan nan nan nan
4484.04541015625 4919.59912109375 4410.98828125 3477.0263671875 2883.570556640625 1629.5421142578125 706.0491943359375 604.2176513671875 179.845733642578125 63.703826904296875 63.703826904296875 63.703826904296875 nan nan nan nan nan nan nan nan nan nan nan nan nan nan nan nan nan nan nan nan nan nan nan nan nan nan nan nan nan nan nan nan nan nan nan nan nan nan nan
4145.54736328125 4166.27880859375 4252.994140625 3882.033935546875 3206.22216796875 1674.6900634765625 1323.1851806640625 1094.3035888671875 807.27667236328125 338.0533447265625 63.703826904296875 nan nan nan nan nan nan nan nan nan nan nan nan nan nan nan nan nan nan nan nan nan nan nan nan nan nan nan nan nan nan nan nan nan nan nan nan nan nan nan nan
4089.994140625 3867.91455078125 3401.002685546875 4207.36669921875 3374.579833984375 2603.6611328125 1869.801513671875 1748.4244384765625 1557.6695556640625 871.27801513671875 369.77435302734375 nan nan nan nan nan nan nan nan nan nan nan nan nan nan nan nan nan nan nan nan nan nan nan nan nan nan nan nan nan nan nan nan nan nan nan nan nan nan nan nan
3230.914306640625 3742.541259765625 4422.43701171875 3870.4892578125 3781.89599609375 3297.097900390625 2850.09814453125 2479.743896484375 1941.900390625 1510.064697265625 794.5458984375 332.2197265625 nan nan nan nan nan nan nan nan nan nan nan nan nan nan nan nan nan nan nan nan nan nan nan nan nan nan nan nan nan nan nan nan nan nan nan nan nan nan nan
2396.840576171875 3073.972412109375 4493.33837890625 4960.03955078125 4370.29931640625 3761.625732421875 3118.488525390625 2919.704833984375 2439.7978515625 1706.6175537109375 1351.998779296875 653.133544921875 174.01214599609375 nan nan nan nan nan nan nan nan nan nan nan nan nan nan nan nan nan nan nan nan nan nan nan nan nan nan nan nan nan nan nan nan nan nan nan nan nan nan
2116.870361328125 3284.941650390625 4229.01171875 5112.96142578125 5337.1103515625 4624.38720703125 3616.869140625 3120.958984375 2702.31787109375 2413.903564453125 1619.2889404296875 1364.41162109375 459.085693359375 40.98284912109375 nan nan nan nan nan nan nan nan nan nan nan nan nan nan nan nan nan nan nan nan nan nan nan nan nan nan nan nan nan nan nan nan nan nan nan nan nan
3253.373046875 3497.640380859375 4455.92626953125 5397.84423828125 5975.82275390625 5429.8896484375 4472.43359375 3480.2197265625 3131.2001953125 2929.8798828125 2661.373779296875 1623.8045654296875 1929.02685546875 205.188262939453125 nan nan nan nan nan nan nan nan nan nan nan nan nan nan nan nan nan nan nan nan nan nan nan nan nan nan nan nan nan nan nan nan nan nan nan nan nan
2994.687744140625 3865.71923828125 4749.0380859375 6089.78564453125 6210.4228515625 5857.52392578125 5218.6630859375 4534.25830078125 3909.792236328125 3403.353759765625 2941.08349609375 3036.043212890625 1965.26123046875 1508.19482421875 nan nan nan nan nan nan nan nan nan nan nan nan nan nan nan nan nan nan nan nan nan nan nan nan nan nan nan nan nan nan nan nan nan nan nan nan nan
3916.00830078125 4456.248046875 5453.64599609375 5726.5537109375 6196.87353515625 6278.0390625 5990.80615234375 5231.6357421875 4990.8408203125 4526.55615234375 5070.087890625 3732.718994140625 2631.702880859375 1524.7344970703125 1850.1453857421875 nan nan nan nan nan nan nan nan nan nan nan nan nan nan nan nan nan nan nan nan nan nan nan nan nan nan nan nan nan nan nan nan nan nan nan nan
4030.5107421875 4903.025390625 5019.4609375 5779.33447265625 6180.6240234375 6306.45263671875 5838.4580078125 6047.39013671875 6417.60986328125 6137.322265625 5488.65673828125 5221.1962890625 3323.41455078125 3380.1513671875 1461.0552978515625 982.3740234375 nan nan nan nan nan nan nan nan nan nan nan nan nan nan nan nan nan nan nan nan nan nan nan nan nan nan nan nan nan nan nan nan nan nan nan
4276.54443359375 4945.2177734375 5265.12158203125 5068.544921875 5607.44189453125 5593.8984375 5960.4150390625 6653.82861328125 7017.69580078125 7146.849609375 7273.64990234375 4987.51708984375 5394.80078125 3380.51416015625 3085.93017578125 1575.2509765625 1117.427978515625 nan nan nan nan nan nan nan nan nan nan nan nan nan nan nan nan nan nan nan nan nan nan nan nan nan nan nan nan nan nan nan nan nan nan
4452.04248046875 4976.80517578125 5279.40283203125 5187.681640625 4864.474609375 5544.45849609375 5682.20556640625 5766.34423828125 6326.619140625 7086.5341796875 6317.80419921875 6079.45703125 4158.10107421875 4118.658203125 3137.53271484375 3283.93603515625 1164.548583984375 930.10369873046875 nan nan nan nan nan nan nan nan nan nan nan nan nan nan nan nan nan nan nan nan nan nan nan nan nan nan nan nan nan nan nan nan nan
4775.36181640625 4714.521484375 5194.4912109375 5375.07080078125 5284.4619140625 4941.427734375 4927.8701171875 4628.85009765625 6006.6240234375 5531.72265625 5348.84765625 4497.6640625 4462.998046875 3733.497802734375 4643.57861328125 3166.793212890625 2733.824462890625 1420.7774658203125 1182.425537109375 nan nan nan nan nan nan nan nan nan nan nan nan nan nan nan nan nan nan nan nan nan nan nan nan nan nan nan nan nan nan nan nan
