ForecastVariables/BuildingPerimeter_500m/BuildingPerimeter_Focal_Random1.asc
ncols        529
nrows        344
xllcorner    2700.000000000000
yllcorner    15900.000000000000
cellsize     100.000000000000
NODATA_value  nan
[rows 69 to 91 of 344, columns 350 to 399 of 529]
3182.903564453125 4352.93505859375 3837.471923828125 2830.44921875 1554.092041015625 1004.8291015625 522.2266845703125 nan nan nan nan nan nan nan nan nan nan nan nan nan nan nan nan nan nan nan nan nan nan nan nan 81.4982757568359375 48.8352813720703125 29.08199310302734375 nan 150.531219482421875 468.77764892578125 675.02508544921875 143.5212249755859375 nan nan nan 150.843048095703125 266.96636962890625 300.880157470703125 350.6126708984375 300.95989990234375 116.2030792236328125 15.524318695068359375 99.51531982421875
4631.50732421875 3792.251220703125 3950.363525390625 2918.444091796875 2426.62451171875 1246.6556396484375 1137.7506103515625 679.12396240234375 nan nan nan nan nan nan nan nan nan nan nan nan nan nan nan nan nan nan nan nan nan nan nan nan 29.08199310302734375 nan 150.531219482421875 468.77764892578125 927.91680908203125 1405.5625 692.95648193359375 158.7650909423828125 nan nan nan 150.843048095703125 316.69891357421875 300.95989990234375 116.2030792236328125 49.732540130615234375 133.723541259765625 150.7685699462890625
3087.691650390625 4168.57373046875 2488.951416015625 3594.911865234375 2263.82958984375 1831.523193359375 1747.392578125 1167.6636962890625 733.401123046875 382.57061767578125 131.830413818359375 88.21984100341796875 nan nan nan nan nan nan nan nan nan nan nan nan nan nan nan nan nan nan nan nan nan nan 174.7252197265625 784.3956298828125 1483.72900390625 1501.660400390625 1329.0948486328125 459.29351806640625 78.6855926513671875 nan nan nan 150.843048095703125 116.2030792236328125 49.732540130615234375 49.732540130615234375 nan 83.99100494384765625
4130.50732421875 3203.01025390625 4125.25146484375 2281.5634765625 2336.415771484375 2748.673828125 2074.249755859375 1593.2071533203125 1151.9971923828125 1212.3995361328125 803.23114013671875 303.110198974609375 88.21984100341796875 nan nan nan nan nan nan nan nan nan nan nan nan nan nan nan nan nan nan nan nan nan 78.166534423828125 808.7039794921875 1358.13916015625 1407.261474609375 1134.16064453125 738.46319580078125 200.524932861328125 78.6855926513671875 nan nan nan nan 49.732540130615234375 nan nan nan
4003.066650390625 4267.18798828125 3776.252197265625 3381.857421875 3337.09619140625 2596.299560546875 2201.909423828125 1729.6531982421875 2045.668701171875 1751.538818359375 1704.3095703125 889.8834228515625 303.110198974609375 88.21984100341796875 nan nan nan nan nan nan nan nan nan nan nan nan nan nan nan nan nan nan nan nan nan 78.166534423828125 849.59228515625 1118.916748046875 738.46319580078125 300.530975341796875 223.4818878173828125 167.34967041015625 63.4417266845703125 nan nan nan nan nan nan nan
4864.65625 3909.248291015625 4456.02001953125 4503.2177734375 3781.6083984375 2634.744384765625 2050.038818359375 2056.535400390625 1805.7791748046875 3165.988525390625 2022.594482421875 1271.05419921875 375.482421875 83.05994415283203125 nan nan nan nan nan nan nan nan nan nan nan nan nan nan nan nan nan nan nan nan nan nan 78.166534423828125 596.7005615234375 221.845367431640625 282.59954833984375 226.46734619140625 122.20403289794921875 205.6158447265625 nan nan nan nan nan nan nan
3068.92724609375 4167.78125 4091.001220703125 4554.1357421875 3813.366943359375 2126.903076171875 1605.285888671875 681.49700927734375 2367.917236328125 2805.623779296875 2404.82080078125 788.24664306640625 363.569580078125 246.592559814453125 86.93798065185546875 224.4566192626953125 510.247528076171875 nan nan nan nan nan nan nan nan nan nan nan nan nan nan nan nan nan nan nan nan 59.11767578125 100.0060272216796875 163.025604248046875 181.32171630859375 264.7335205078125 146.853546142578125 146.853546142578125 nan nan nan nan nan nan
2675.86572265625 3185.480712890625 3262.18017578125 3681.40576171875 3002.76025390625 2159.835693359375 520.526611328125 1180.9290771484375 1455.109130859375 1985.727783203125 1939.0447998046875 1557.6566162109375 422.8177490234375 485.443603515625 1043.630859375 977.99176025390625 977.6864013671875 750.69525146484375 nan nan nan nan nan nan nan nan nan nan nan nan nan nan nan nan nan nan nan nan 59.11767578125 59.11767578125 264.7335205078125 146.853546142578125 146.853546142578125 146.853546142578125 146.853546142578125 nan nan nan nan nan
3599.248046875 2347.38037109375 2950.901611328125 2009.602783203125 2041.1241455078125 942.4027099609375 187.6922760009765625 nan 1236.4794921875 1556.6988525390625 1972.596435546875 1398.84814453125 1144.6668701171875 1749.9915771484375 1989.75341796875 2078.623779296875 1677.3084716796875 1480.1341552734375 750.69525146484375 nan nan nan nan nan nan nan nan nan nan nan nan nan nan nan nan nan nan nan nan 59.11767578125 nan 146.853546142578125 146.853546142578125 146.853546142578125 nan nan nan nan nan nan
3614.26171875 2972.542236328125 2614.931884765625 2659.10205078125 942.4027099609375 187.6922760009765625 74.87354278564453125 257.60986328125 803.4959716796875 2186.572998046875 1605.5838623046875 2057.85302734375 3005.418212890625 2645.873046875 2438.63916015625 3185.516845703125 2729.292724609375 1627.9140625 745.4300537109375 240.4477386474609375 nan nan nan nan nan nan nan nan nan nan nan nan nan nan nan nan nan nan nan nan nan nan 146.853546142578125 nan nan nan nan nan nan nan
4441.46923828125 3097.753662109375 3087.197265625 2343.03662109375 1544.9669189453125 288.367401123046875 751.35894775390625 768.9490966796875 1072.2115478515625 1980.11083984375 2660.21533203125 3036.622802734375 3045.786376953125 3587.548828125 4022.95263671875 3437.553955078125 2753.6533203125 1349.0029296875 718.3345947265625 262.000091552734375 nan nan nan nan nan nan nan nan nan nan nan nan nan nan nan nan nan nan nan nan nan nan nan nan nan nan nan nan nan nan
4215.755859375 4375.92626953125 2750.39599609375 2073.2294921875 1883.7696533203125 2021.4603271484375 1237.286376953125 1472.07275390625 1572.9725341796875 2014.8489990234375 3089.627685546875 3309.2578125 3335.06005859375 4239.244140625 4875.93017578125 3240.091796875 2068.861572265625 1594.6405029296875 524.272705078125 nan nan nan nan nan nan nan nan nan nan nan nan nan nan nan nan nan nan nan nan nan nan nan nan nan nan nan nan nan nan nan
3530.30078125 2675.34375 3126.191650390625 2399.746826171875 2512.4365234375 1893.348876953125 1959.513427734375 2014.9476318359375 2381.340087890625 2037.57373046875 2572.19287109375 3124.41748046875 3989.81201171875 4016.42236328125 3579.400146484375 3382.987548828125 2437.456298828125 830.6634521484375 nan nan nan nan nan nan nan nan nan nan nan nan nan nan nan nan nan nan nan nan nan nan nan nan nan nan nan nan nan nan nan nan
2931.94970703125 2334.58935546875 2142.031982421875 3026.767822265625 2427.291259765625 2684.561767578125 2988.95458984375 2890.8916015625 2042.5931396484375 2450.20458984375 2532.88037109375 2444.359375 3713.21826171875 3405.9736328125 2823.5 2564.104736328125 1134.946533203125 36.52095794677734375 nan nan nan nan nan nan nan nan nan nan nan nan nan nan nan nan nan nan nan nan nan nan nan nan nan nan nan nan nan nan nan nan
2643.96044921875 2213.9970703125 1885.0294189453125 2756.9091796875 3118.558837890625 3607.133056640625 3551.65087890625 2791.847900390625 2727.16748046875 2751.56298828125 3320.359619140625 3303.86865234375 2786.866943359375 2751.90185546875 2230.96533203125 1164.392822265625 169.844146728515625 124.44824981689453125 nan nan nan nan nan nan nan nan nan nan nan nan nan nan nan nan nan nan nan nan nan nan nan nan nan nan nan nan nan nan nan nan
2640.172119140625 2291.09912109375 2512.2568359375 2243.77099609375 3100.2529296875 3865.6875 3135.70458984375 3163.440673828125 3258.106689453125 3278.447265625 3605.8779296875 3620.154296875 2551.176513671875 1797.8907470703125 1671.010009765625 169.844146728515625 124.44824981689453125 nan nan nan nan nan nan nan nan nan nan nan nan nan nan nan nan nan nan nan nan nan nan nan nan nan nan nan nan nan nan nan nan nan
2108.10400390625 2375.66455078125 2615.22705078125 2539.619873046875 2684.816162109375 2839.2783203125 3628.745849609375 2943.046142578125 3544.783203125 2888.315185546875 3068.53076171875 3184.562255859375 2681.91455078125 1523.8328857421875 229.590301513671875 124.44824981689453125 nan nan nan nan nan nan nan nan nan nan nan nan nan nan nan nan nan nan nan nan nan nan nan nan nan nan nan nan nan nan nan nan nan nan
2843.8798828125 2207.462890625 2555.66357421875 2720.537841796875 2226.90185546875 2511.8935546875 3285.722412109375 3343.23486328125 2371.256591796875 3247.06005859375 2814.888427734375 2569.50830078125 2424.45751953125 946.113525390625 86.58486175537109375 nan nan 40.840641021728515625 nan nan nan nan nan nan nan nan nan nan nan nan nan nan nan nan nan nan nan nan nan nan nan nan nan nan nan nan nan nan nan nan
3026.744384765625 3393.931396484375 2218.441162109375 1601.7742919921875 2454.628662109375 2836.45361328125 3016.6259765625 2635.627685546875 2868.366455078125 2554.572998046875 3227.580078125 2190.472900390625 1836.1171875 1305.316162109375 593.5396728515625 nan 40.840641021728515625 97.74843597412109375 40.840641021728515625 nan nan nan nan nan nan nan nan nan nan nan nan nan nan nan nan nan nan nan nan nan nan nan nan nan nan nan nan nan nan nan
2997.205322265625 2887.488037109375 2408.261474609375 1942.834228515625 2126.49951171875 2952.02392578125 2463.779296875 3287.625244140625 3312.421875 2474.0458984375 2293.99462890625 2572.92578125 2117.048583984375 1599.753662109375 1103.3001708984375 366.925201416015625 97.74843597412109375 97.74843597412109375 97.74843597412109375 40.840641021728515625 nan nan nan nan nan nan nan nan nan nan nan nan nan nan nan nan nan nan nan nan nan nan nan nan nan nan nan nan nan nan
2822.0771484375 2718.468994140625 2560.10205078125 2635.445556640625 2472.0732421875 2657.95361328125 3342.93359375 3253.251708984375 3105.451416015625 2822.1875 2437.9345703125 2242.166015625 2711.70263671875 1591.358154296875 1034.6988525390625 837.66265869140625 256.13751220703125 449.50732421875 97.74843597412109375 56.907794952392578125 nan nan nan nan nan nan nan nan nan nan nan nan nan nan nan nan nan nan nan nan nan nan nan nan nan nan nan nan nan nan
3156.177001953125 2569.279296875 2190.765869140625 2560.55224609375 2603.018310546875 3355.78125 3563.755615234375 2918.173095703125 3070.039794921875 3080.289306640625 3015.986572265625 2165.343505859375 2410.7373046875 2512.203369140625 1149.757568359375 883.62139892578125 969.34075927734375 835.29376220703125 891.18438720703125 364.771148681640625 369.398681640625 151.0654754638671875 470.664825439453125 nan nan nan nan nan nan nan nan nan nan nan nan nan nan nan nan nan nan nan nan nan nan nan nan nan nan nan
1978.1817626953125 2175.717529296875 2518.95361328125 2510.731201171875 2977.533447265625 3474.419921875 2925.431884765625 4022.708740234375 3680.1005859375 3082.5869140625 2698.107421875 2534.140869140625 2401.129638671875 2373.81689453125 2521.945068359375 1506.0069580078125 1426.870361328125 1751.4820556640625 1849.4744873046875 1833.482177734375 1085.044189453125 1626.33837890625 622.0526123046875 616.34759521484375 nan 52.2281494140625 nan nan nan nan nan nan nan nan nan nan nan nan nan nan nan nan nan nan nan nan nan nan nan nan
