ForecastVariables/BuildingPerimeter_500m/BuildingPerimeter_Focal_Random5.asc
ncols        529
nrows        344
xllcorner    2700.000000000000
yllcorner    15900.000000000000
cellsize     100.000000000000
NODATA_value  nan
[rows 176 to 197 of 344, columns 102 to 152 of 529]
1579.3048095703125 1367.3232421875 1982.7376708984375 1857.6593017578125 2095.86865234375 1836.9990234375 2120.362548828125 3025.93359375 3547.45263671875 2579.73388671875 2532.003173828125 3056.52734375 3234.9052734375 2842.796875 2545.541748046875 2338.52880859375 2166.46435546875 2294.08544921875 2265.289794921875 2417.334228515625 2656.319091796875 2759.3818359375 2428.358154296875 2302.586181640625 2416.678955078125 3224.130615234375 3255.08154296875 3856.916259765625 4258.478515625 3624.178955078125 2415.21923828125 1836.45703125 944.388671875 1367.141845703125 2407.259765625 2885.4248046875 3256.10888671875 3409.6640625 3746.79541015625 3346.218505859375 2154.715576171875 1372.13427734375 751.63885498046875 710.728759765625 232.378875732421875 nan nan nan nan nan nan
1820.8458251953125 2098.588623046875 2236.44140625 1917.4033203125 1611.7901611328125 1317.38525390625 1666.3616943359375 2829.576904296875 2723.143310546875 2227.465576171875 1914.2479248046875 2141.4423828125 2248.18994140625 2270.413330078125 2520.693115234375 2132.701171875 2030.9293212890625 2021.6846923828125 1739.6915283203125 1526.3311767578125 2081.388916015625 2083.588623046875 2289.558837890625 2301.597900390625 2506.712890625 2566.056640625 3637.804931640625 3978.80712890625 4234.8896484375 2894.142333984375 1760.094970703125 923.48187255859375 779.83026123046875 1338.9619140625 2390.69580078125 2847.827392578125 3038.84912109375 3417.228271484375 3347.308349609375 3076.9052734375 2878.236572265625 2119.528076171875 1833.4417724609375 1450.893798828125 1183.9107666015625 509.5799560546875 nan nan nan nan nan
2371.292236328125 2490.521728515625 2302.202392578125 2076.940673828125 1585.755615234375 1081.6756591796875 2041.7469482421875 2550.774169921875 2680.989990234375 2037.05126953125 1736.6436767578125 1709.1070556640625 1840.6112060546875 1872.1988525390625 1371.8563232421875 1457.9005126953125 1458.287353515625 1489.8558349609375 1427.013671875 1739.245361328125 1403.3841552734375 1553.8470458984375 2245.9765625 2978.740966796875 2786.26611328125 2959.609619140625 3637.485595703125 4297.9140625 3197.2080078125 2851.37890625 1400.0511474609375 577.00494384765625 698.067626953125 1422.5264892578125 2303.2587890625 3099.094482421875 3205.138427734375 3225.31005859375 3136.49169921875 3019.86083984375 3242.22998046875 3153.368408203125 2798.451416015625 2573.98828125 1897.718505859375 1532.8116455078125 562.884521484375 nan nan nan nan
2365.199951171875 2502.129638671875 2501.248046875 2367.878173828125 1622.46435546875 1521.7286376953125 2234.781982421875 2706.2939453125 2855.081298828125 2247.850830078125 1662.834228515625 1259.1690673828125 1378.7333984375 1133.4161376953125 846.2242431640625 1194.700927734375 1092.9661865234375 851.6746826171875 889.8829345703125 1166.42236328125 1339.274169921875 1750.867919921875 2572.1376953125 2739.251708984375 3866.2470703125 3036.470947265625 3885.114501953125 3708.09375 3569.183837890625 2125.355712890625 1280.0343017578125 371.451690673828125 606.88433837890625 1325.5445556640625 2424.977294921875 3483.284423828125 3427.587646484375 2997.371337890625 2624.62353515625 2870.84814453125 3081.0654296875 3486.279296875 4011.209228515625 3797.3837890625 2864.2158203125 2175.470458984375 1422.8843994140625 420.526947021484375 nan nan nan
2010.5535888671875 2270.047607421875 2668.364013671875 2522.62158203125 2231.775634765625 2251.6044921875 2320.74853515625 2843.086181640625 2707.7919921875 1921.0909423828125 1291.9283447265625 987.9945068359375 846.67437744140625 658.69140625 499.811553955078125 444.78546142578125 357.5841064453125 421.440673828125 633.0858154296875 590.01678466796875 668.50091552734375 1535.7611083984375 1770.6392822265625 2983.89306640625 3446.738037109375 4472.06884765625 3127.87939453125 3479.05126953125 3131.37939453125 2049.324462890625 650.54425048828125 154.548583984375 204.393707275390625 1372.9534912109375 2549.374267578125 3337.41162109375 3408.890380859375 2674.054931640625 2342.2734375 2240.421875 2600.0078125 3647.4521484375 4320.17578125 4483.51416015625 4149.98388671875 2898.841064453125 2089.704345703125 1211.8031005859375 176.534820556640625 nan nan
1471.82470703125 2045.736328125 2669.933837890625 2820.7890625 3024.850830078125 2809.208251953125 2659.314697265625 2472.073486328125 2141.887451171875 1116.2252197265625 721.11981201171875 638.48309326171875 407.664520263671875 260.026702880859375 117.20963287353515625 3.1561703681945800781 10.056412696838378906 200.72607421875 210.6581878662109375 221.701568603515625 159.3951263427734375 433.596649169921875 1991.020263671875 2410.169189453125 2965.525390625 3355.119873046875 3848.828857421875 2810.341064453125 2608.852294921875 1222.6630859375 356.8441162109375 76.37183380126953125 277.392120361328125 928.161865234375 2358.359375 3021.65869140625 3327.4345703125 2760.4765625 1723.44921875 1679.660400390625 2055.0791015625 3260.022705078125 3880.225830078125 4631.9970703125 4570.7109375 3528.936279296875 2665.125244140625 1895.2767333984375 717.225341796875 65.5550994873046875 nan
1804.270751953125 1875.806640625 2575.031982421875 2927.99072265625 3303.6357421875 3139.85205078125 2912.35009765625 2491.9814453125 1553.67578125 1081.511474609375 242.797882080078125 126.13580322265625 163.8738555908203125 5.6164121627807617188 nan nan nan nan nan nan nan 31.109399795532226562 366.84686279296875 1862.2662353515625 2264.3671875 2601.1298828125 2532.34521484375 2775.04150390625 1594.994873046875 745.18853759765625 223.621978759765625 226.837066650390625 123.08347320556640625 844.7540283203125 2484.56103515625 3106.35205078125 2889.51171875 2262.130126953125 1729.860107421875 1696.0712890625 1752.764404296875 2125.358154296875 3461.542724609375 3930.63037109375 4154.12646484375 3976.074462890625 3204.1484375 2360.6240234375 1382.717529296875 465.61456298828125 76.18119049072265625
2278.977294921875 1737.307373046875 1971.240478515625 2558.082763671875 2977.242431640625 3033.38671875 3339.161376953125 2414.48876953125 1765.6453857421875 1005.12652587890625 490.516448974609375 nan nan nan nan nan nan nan nan nan nan nan 1.7381157875061035156 345.77838134765625 1792.0074462890625 1564.4476318359375 2119.87890625 2150.19189453125 1478.580810546875 759.83355712890625 392.374725341796875 419.78131103515625 802.381591796875 1286.694091796875 2418.892578125 3052.8154296875 2763.36865234375 2534.3876953125 2152.98291015625 1968.2471923828125 1815.1065673828125 2156.09716796875 2686.84521484375 3561.1162109375 3675.4482421875 4094.85107421875 3777.03955078125 3067.6083984375 2328.765625 1149.328857421875 365.63116455078125
2464.23095703125 1764.6336669921875 1483.0050048828125 1634.5135498046875 2145.177001953125 2688.83447265625 3113.372314453125 3212.0234375 1994.738037109375 1145.436279296875 621.9002685546875 285.58270263671875 nan nan nan nan nan nan nan nan nan 98.51027679443359375 215.7461090087890625 87.0859375 544.773681640625 1187.0594482421875 1662.83349609375 1692.8487548828125 1614.3687744140625 1169.476806640625 785.1878662109375 740.40869140625 1262.4927978515625 1905.6881103515625 2285.640380859375 2672.50927734375 2724.73486328125 2353.54345703125 2501.509521484375 2152.93115234375 2185.1298828125 1903.2816162109375 2481.791015625 3295.815673828125 3461.90087890625 3802.495849609375 4090.79443359375 3660.514892578125 2644.584228515625 2191.189697265625 1862.17041015625
2584.0634765625 1235.54296875 651.75897216796875 869.03033447265625 1414.2735595703125 2215.046142578125 2620.39501953125 2582.2587890625 2294.246826171875 1073.1260986328125 559.03790283203125 174.4371337890625 nan nan nan nan nan nan nan nan 98.51027679443359375 414.265838623046875 646.88623046875 440.3232421875 132.1254425048828125 735.9395751953125 1149.2020263671875 1346.6204833984375 1366.1900634765625 1293.234375 1385.8297119140625 1287.838623046875 1490.8980712890625 1780.2216796875 2016.0361328125 2397.255615234375 1997.1427001953125 1766.70068359375 1997.899658203125 2568.92236328125 2400.33203125 1809.6492919921875 2202.20947265625 3467.2451171875 3396.47021484375 3429.525634765625 4074.550537109375 4025.800048828125 3626.7255859375 3351.846435546875 3031.063232421875
2082.4052734375 1336.129150390625 543.80059814453125 308.476470947265625 540.80059814453125 1404.1673583984375 1837.208984375 1747.4185791015625 1272.8648681640625 783.0804443359375 174.4371337890625 nan nan nan nan nan nan nan nan 98.51027679443359375 414.265838623046875 862.1650390625 1258.253173828125 1207.9273681640625 758.47882080078125 164.430419921875 582.28021240234375 1002.2181396484375 1100.243408203125 1056.3033447265625 1344.128173828125 1676.87353515625 1272.0933837890625 1151.1846923828125 1702.596435546875 1354.0318603515625 1022.54620361328125 1072.939453125 1538.147705078125 1914.0985107421875 1969.237060546875 2090.048828125 2752.46826171875 3039.958740234375 3680.321044921875 4098.56005859375 4018.08251953125 4182.3642578125 4399.39892578125 4234.80224609375 4438.77587890625
1653.124267578125 966.62896728515625 621.50311279296875 135.4925384521484375 18.72664642333984375 369.596954345703125 1076.6083984375 837.529296875 323.06060791015625 174.4371337890625 nan nan nan nan nan nan nan nan nan 100.00945281982421875 646.4189453125 1373.522705078125 1801.478515625 1945.57080078125 1344.1444091796875 614.74755859375 77.34447479248046875 322.414825439453125 715.84503173828125 906.57012939453125 1036.1385498046875 1197.17529296875 1098.652587890625 734.2205810546875 805.60858154296875 624.3699951171875 445.70928955078125 678.96588134765625 821.2943115234375 1295.3974609375 1319.0074462890625 2211.580078125 2736.5712890625 3372.490234375 4166.263671875 3978.93701171875 4099.10302734375 4230.60693359375 3972.064697265625 3983.6904296875 4064.431640625
710.76751708984375 621.50311279296875 135.4925384521484375 nan nan 18.72664642333984375 261.278961181640625 224.04254150390625 nan nan nan nan nan nan nan nan nan nan nan 115.2694091796875 502.059326171875 1361.1552734375 2152.33203125 1968.8944091796875 1469.2132568359375 826.64739990234375 390.17047119140625 32.304973602294921875 125.82837677001953125 391.8238525390625 560.77294921875 744.1871337890625 713.6424560546875 288.09454345703125 109.828216552734375 127.7974700927734375 345.227081298828125 123.65619659423828125 301.078704833984375 711.86627197265625 1230.7930908203125 1491.1434326171875 2108.49560546875 2924.019775390625 3507.4599609375 3611.392822265625 3738.897705078125 3701.9677734375 2815.441650390625 2455.071044921875 2694.45361328125
302.5859375 135.4925384521484375 nan nan nan nan nan nan nan nan nan nan nan nan nan nan nan nan nan nan 206.7612762451171875 724.7593994140625 1393.856689453125 1528.400146484375 1049.3475341796875 621.39166259765625 172.0278472900390625 39.709918975830078125 nan 10.428327560424804688 129.869781494140625 318.989593505859375 288.09454345703125 80.36902618408203125 nan 29.45919036865234375 84.7946624755859375 nan 38.86153411865234375 236.854217529296875 443.625732421875 639.6878662109375 1223.77490234375 1953.5191650390625 1900.058837890625 2271.296142578125 2637.32763671875 2234.248291015625 1975.7554931640625 1501.5723876953125 1343.7454833984375
nan nan nan nan nan nan nan nan nan nan nan nan nan nan nan nan nan nan nan nan nan 206.7612762451171875 509.48052978515625 659.177001953125 589.086669921875 172.0278472900390625 39.709918975830078125 nan nan nan nan 8.8811044692993164062 80.36902618408203125 nan nan nan nan nan nan nan 173.7896575927734375 nan 427.136138916015625 699.05023193359375 632.2822265625 1075.296875 1112.233154296875 1151.7705078125 1085.27880859375 884.981689453125 728.05572509765625
nan nan nan nan nan nan nan nan nan nan nan nan nan nan nan nan nan nan nan nan nan nan 91.4918670654296875 131.208221435546875 100.0129547119140625 39.709918975830078125 nan nan nan nan nan nan nan nan nan nan nan nan nan nan nan nan nan 27.373159408569335938 197.705535888671875 147.2750244140625 372.776824951171875 436.248199462890625 455.7613525390625 71.6514892578125 516.31634521484375
nan nan nan nan nan nan nan nan nan nan nan nan nan nan nan nan nan nan nan nan nan nan nan nan nan nan nan nan nan nan nan nan nan nan nan nan nan nan nan nan nan nan nan nan nan nan nan 144.3966827392578125 33.37471771240234375 nan 38.276767730712890625
nan nan nan nan nan nan nan nan nan nan nan nan nan nan nan nan nan nan nan nan nan nan nan nan nan nan nan nan nan nan nan nan nan nan nan nan nan nan nan nan nan nan nan nan nan nan nan nan nan nan nan
nan nan nan nan nan nan nan nan nan nan nan nan nan nan nan nan nan nan nan nan nan nan nan nan nan nan nan nan nan nan nan nan nan nan nan nan nan nan nan nan nan nan nan nan nan nan nan nan nan nan nan
nan nan nan nan nan nan nan nan nan 12.489783287048339844 nan 75.12109375 nan nan nan nan nan nan nan nan nan nan nan nan nan nan nan nan nan nan nan nan nan nan nan nan nan nan nan nan nan nan nan nan nan nan nan nan nan nan nan
nan nan nan nan nan nan nan nan 12.489783287048339844 339.878692626953125 87.61087799072265625 116.330169677734375 75.12109375 nan nan 201.1967010498046875 nan nan nan nan nan nan nan nan nan nan nan nan nan nan nan nan nan nan nan nan nan nan nan nan nan nan nan nan nan nan nan nan nan nan nan
nan nan nan nan nan nan nan 12.489783287048339844 419.313446044921875 414.999786376953125 456.2088623046875 128.8199462890625 174.147369384765625 115.85235595703125 201.1967010498046875 382.192718505859375 201.1967010498046875 nan nan nan nan nan nan nan nan nan nan nan nan nan nan nan nan nan nan nan nan nan nan nan nan nan nan nan nan nan nan nan nan nan nan
