ForecastVariables/BuildingPerimeter_500m/BuildingPerimeter_Focal_Random5.asc
ncols        529
nrows        344
xllcorner    2700.000000000000
yllcorner    15900.000000000000
cellsize     100.000000000000
NODATA_value  nan
[rows 66 to 87 of 344, columns 459 to 509 of 529]
nan nan nan nan nan nan nan nan nan nan nan 53.424900054931640625 172.248321533203125 53.424900054931640625 nan nan nan nan nan nan nan nan 116.52203369140625 199.9458465576171875 228.080169677734375 228.080169677734375 228.080169677734375 83.4238128662109375 nan nan nan nan nan nan nan nan nan nan nan 50.741424560546875 50.741424560546875 50.741424560546875 nan nan nan nan nan nan nan 8.7257795333862304688 25.25949859619140625
nan nan nan nan nan nan nan nan nan nan 53.424900054931640625 210.261383056640625 172.248321533203125 172.248321533203125 53.424900054931640625 nan nan nan nan nan nan nan nan 144.6563568115234375 228.080169677734375 228.080169677734375 111.558135986328125 28.134326934814453125 nan nan nan nan nan nan nan nan nan nan 50.741424560546875 50.741424560546875 50.741424560546875 50.741424560546875 50.741424560546875 nan nan nan nan nan 8.7257795333862304688 110.31894683837890625 80.55780792236328125
nan nan nan nan nan nan nan nan nan nan 170.2741546630859375 716.97845458984375 635.7401123046875 458.87451171875 184.7335205078125 nan nan nan nan nan nan nan nan nan 144.6563568115234375 111.558135986328125 28.134326934814453125 nan nan nan nan nan nan nan nan nan nan nan nan 50.741424560546875 50.741424560546875 50.741424560546875 nan nan nan nan nan 8.7257795333862304688 110.31894683837890625 156.8914794921875 156.8914794921875
nan nan nan nan nan nan nan nan nan 51.4507293701171875 558.16778564453125 1180.262451171875 2158.10693359375 1195.3846435546875 595.16839599609375 299.978790283203125 106.29764556884765625 172.16192626953125 nan nan nan nan nan nan nan 28.134326934814453125 nan nan nan nan nan nan nan nan 99.856903076171875 nan nan nan nan nan 50.741424560546875 nan nan nan nan nan nan 76.33367156982421875 131.6319732666015625 156.8914794921875 156.8914794921875
nan nan nan nan nan nan nan nan 13.437668800354003906 520.15472412109375 1061.4390869140625 2077.088623046875 2883.037353515625 2949.423828125 1761.64306640625 1457.7596435546875 1171.5787353515625 858.3792724609375 334.48040771484375 nan nan nan nan nan nan nan nan nan nan nan nan 79.90627288818359375 11.256744384765625 99.856903076171875 99.856903076171875 99.856903076171875 nan nan nan nan 30.884340286254882812 95.05989837646484375 nan nan nan nan nan nan 76.33367156982421875 131.6319732666015625 148.1656951904296875
nan nan nan nan nan nan nan nan nan 91.23017120361328125 1326.970703125 2411.677490234375 3387.764892578125 3964.970458984375 3653.731201171875 3030.38916015625 2490.804443359375 2344.6171875 1080.773681640625 334.48040771484375 nan nan nan nan nan nan nan nan nan nan 79.90627288818359375 124.162689208984375 191.019927978515625 111.1136474609375 99.856903076171875 99.856903076171875 99.856903076171875 nan nan 30.884340286254882812 125.94423675537109375 125.94423675537109375 134.9355926513671875 nan nan nan nan nan nan 253.901458740234375 46.572528839111328125
nan nan nan nan nan nan nan nan nan nan 451.912017822265625 2172.49462890625 3201.51025390625 4352.0458984375 4933.54541015625 4431.802734375 3752.582763671875 2864.177978515625 2080.852783203125 875.55029296875 162.3184661865234375 nan nan nan nan nan nan nan nan 79.90627288818359375 124.162689208984375 124.162689208984375 124.162689208984375 191.019927978515625 111.1136474609375 99.856903076171875 nan nan 30.884340286254882812 125.94423675537109375 125.94423675537109375 250.1073455810546875 165.8199310302734375 134.9355926513671875 nan nan nan nan 177.5677947998046875 177.5677947998046875 177.5677947998046875
nan nan nan nan nan nan nan nan nan nan 65.77669525146484375 1107.57763671875 2793.6357421875 3416.152587890625 3919.872314453125 4440.03466796875 3975.92138671875 2851.168701171875 1560.115478515625 808.8670654296875 133.3121185302734375 nan nan nan nan nan nan nan nan 32.999668121337890625 112.90594482421875 124.162689208984375 124.162689208984375 44.256412506103515625 172.494964599609375 nan nan nan nan 30.884340286254882812 250.1073455810546875 250.1073455810546875 219.2230072021484375 39.875690460205078125 39.875690460205078125 nan nan 177.5677947998046875 177.5677947998046875 177.5677947998046875 177.5677947998046875
nan nan nan nan nan nan nan nan nan nan nan 140.58294677734375 1362.177978515625 2281.23583984375 2628.33740234375 2472.170166015625 2453.998046875 1729.4765625 951.79742431640625 280.80755615234375 89.762176513671875 73.2361907958984375 nan nan nan nan nan nan nan nan 84.21060943603515625 138.84173583984375 44.256412506103515625 72.6380615234375 72.6380615234375 72.6380615234375 nan nan nan 84.28742218017578125 115.17176055908203125 219.2230072021484375 124.163116455078125 124.163116455078125 40.25199127197265625 175.9246826171875 nan nan 177.5677947998046875 177.5677947998046875 177.5677947998046875
nan nan nan nan nan nan nan nan nan nan nan nan 140.58294677734375 935.719482421875 1179.62939453125 1176.2926025390625 503.008331298828125 656.1668701171875 280.80755615234375 89.762176513671875 73.2361907958984375 nan 73.79343414306640625 27.127910614013671875 nan nan nan nan nan 51.210941314697265625 77.14673614501953125 110.1464080810546875 98.5738525390625 83.97800445556640625 410.887481689453125 214.573944091796875 562.05096435546875 244.795318603515625 nan nan 84.28742218017578125 84.28742218017578125 282.262237548828125 229.458984375 279.780426025390625 290.251434326171875 175.9246826171875 nan nan 177.5677947998046875 nan
nan nan nan nan nan nan nan nan nan nan nan nan nan 74.80625152587890625 257.58660888671875 319.71868896484375 11.960925102233886719 130.9694366455078125 16.525989532470703125 73.2361907958984375 nan 73.79343414306640625 259.90692138671875 295.6815185546875 27.127910614013671875 nan nan nan 51.210941314697265625 77.14673614501953125 158.9314117431640625 154.839202880859375 348.9405517578125 653.22308349609375 918.31573486328125 1243.8675537109375 1076.918701171875 820.90325927734375 244.795318603515625 nan nan 411.88421630859375 495.9034423828125 627.0865478515625 543.06219482421875 353.855194091796875 290.251434326171875 175.9246826171875 nan nan nan
nan nan nan nan nan nan nan nan nan nan nan nan nan nan nan nan nan nan nan nan 73.79343414306640625 259.90692138671875 940.5797119140625 904.9296875 472.83221435546875 27.127910614013671875 nan nan nan 132.9956207275390625 236.623870849609375 668.68072509765625 1083.7891845703125 1374.690673828125 1814.4197998046875 1982.291748046875 1703.494384765625 1163.61376953125 820.90325927734375 244.795318603515625 327.5968017578125 653.23248291015625 688.75286865234375 633.58197021484375 701.16131591796875 543.06219482421875 313.603179931640625 74.07476806640625 nan nan nan
nan nan nan nan nan nan nan nan nan nan nan nan nan nan nan nan nan nan nan nan 158.9855804443359375 930.1907958984375 2060.421875 2123.17626953125 1486.72802734375 389.0211181640625 nan nan 81.78467559814453125 159.477142333984375 631.40496826171875 976.24755859375 1400.3173828125 1698.6180419921875 1777.096435546875 2017.911376953125 1719.3974609375 1223.30908203125 532.26495361328125 256.19268798828125 305.926361083984375 464.025482177734375 653.23248291015625 688.75286865234375 475.48284912109375 313.603179931640625 74.07476806640625 nan nan nan nan
nan nan nan nan nan nan nan nan nan nan nan nan nan nan nan nan nan nan nan nan 502.651611328125 1781.4794921875 3163.617919921875 3784.69091796875 2917.999267578125 1160.3599853515625 194.2609710693359375 nan 103.49822235107421875 242.0477294921875 484.79803466796875 829.76507568359375 974.52197265625 1325.5670166015625 1349.1317138671875 961.993408203125 978.5137939453125 532.26495361328125 86.695037841796875 28.083332061767578125 197.58099365234375 305.926361083984375 464.025482177734375 325.63568115234375 63.603740692138671875 74.07476806640625 nan nan nan nan nan
nan nan nan nan nan nan nan nan nan nan nan nan nan nan nan nan nan nan nan 16.7390289306640625 686.3187255859375 2108.66552734375 3788.359375 4822.400390625 3579.81005859375 1824.4593505859375 532.94671630859375 120.60849761962890625 103.49822235107421875 103.49822235107421875 263.061676025390625 445.509033203125 755.0147705078125 539.35772705078125 523.3924560546875 223.112945556640625 200.7746124267578125 86.695037841796875 nan nan 28.083332061767578125 197.58099365234375 136.428680419921875 nan nan nan nan nan nan nan nan
nan nan nan nan nan nan nan nan nan nan nan nan nan nan nan nan nan nan nan nan 397.9898681640625 1659.57421875 3509.39306640625 4021.0615234375 3090.762939453125 1727.6336669921875 717.182373046875 140.893585205078125 103.49822235107421875 103.49822235107421875 103.49822235107421875 244.5221405029296875 270.79864501953125 169.2400360107421875 84.72684478759765625 63.245136260986328125 nan nan nan nan nan 28.083332061767578125 nan nan nan nan nan nan nan nan nan
nan nan nan nan nan nan nan nan nan nan nan nan nan nan nan nan nan nan nan nan 4.7172999382019042969 652.25146484375 1940.6005859375 2385.3828125 1964.7850341796875 911.4495849609375 85.6164703369140625 103.49822235107421875 103.49822235107421875 103.49822235107421875 nan nan 84.25909423828125 84.72684478759765625 63.245136260986328125 nan nan nan nan nan nan nan nan nan nan nan nan nan nan nan nan
nan nan nan nan nan nan nan nan nan nan nan nan nan nan nan nan nan nan nan nan nan 4.7172999382019042969 635.512451171875 889.77008056640625 856.94390869140625 85.6164703369140625 nan nan 103.49822235107421875 nan nan nan nan 63.245136260986328125 nan nan nan nan nan nan nan nan nan nan nan nan nan nan nan nan nan
nan nan nan nan nan nan nan nan nan nan nan nan nan nan nan nan nan nan nan nan nan nan 4.7172999382019042969 249.5443115234375 48.221096038818359375 nan nan nan nan nan nan nan nan nan nan nan nan nan nan nan nan nan nan nan nan nan nan nan nan nan nan
nan nan nan nan nan nan nan nan nan nan nan nan nan nan nan nan nan nan nan nan nan nan nan nan nan nan nan nan nan nan nan nan nan nan nan nan nan nan nan nan nan nan nan nan nan nan nan nan nan nan nan
nan nan nan nan nan nan nan nan nan nan nan nan nan nan nan nan nan nan nan nan nan nan nan nan nan nan nan nan nan nan nan nan nan nan nan nan nan nan nan nan nan 51.43170166015625 nan nan nan nan nan nan nan nan nan
nan nan nan nan nan nan nan nan nan nan nan nan nan nan nan nan nan nan nan nan nan nan nan nan nan nan nan nan nan nan nan nan nan nan nan nan nan nan nan nan 51.43170166015625 51.43170166015625 51.43170166015625 nan nan nan nan nan nan nan nan
