ForecastVariables/BuildingPerimeter_500m/BuildingPerimeter_Focal_Random4.asc
ncols        529
nrows        344
xllcorner    2700.000000000000
yllcorner    15900.000000000000
cellsize     100.000000000000
NODATA_value  nan
[rows 44 to 65 of 344, columns 204 to 254 of 529]
3830.91015625 5431.3564453125 4727.23046875 4574.77734375 4903.58056640625 4227.70556640625 4560.12060546875 5005.83251953125 4912.279296875 4983.6591796875 4558.1630859375 4270.62744140625 4017.970458984375 2583.98046875 675.1868896484375 91.58563232421875 nan nan nan nan nan nan nan nan nan nan nan nan nan nan nan nan nan nan nan nan 107.033203125 747.069580078125 1991.6005859375 3850.480224609375 4907.09765625 4733.4169921875 4615.5087890625 4972.4228515625 5270.35693359375 4900.28076171875 5603.88720703125 5389.36767578125 5181.890625 4146.7236328125 4091.69287109375
4883.78759765625 4434.076171875 5462.36376953125 4489.85791015625 4435.35205078125 4165.41455078125 4730.64892578125 4901.4619140625 4213.33935546875 3771.520263671875 3334.82666015625 2864.466552734375 2096.296875 807.74072265625 38.351932525634765625 nan nan nan nan nan nan nan nan nan nan nan nan nan nan nan nan nan nan nan nan 107.033203125 410.284393310546875 1060.7236328125 2241.4599609375 4646.0830078125 5483.32470703125 4674.04052734375 4746.67041015625 4889.08251953125 4971.90576171875 4928.16796875 5088.2548828125 4758.1923828125 3855.035888671875 3913.0751953125 3208.072265625
4407.50146484375 4458.60400390625 4121.56103515625 5220.53466796875 4613.74169921875 5237.8857421875 4353.6865234375 4053.149169921875 4037.140869140625 2690.007568359375 1773.7308349609375 1369.9549560546875 696.23651123046875 57.6758270263671875 nan nan nan nan nan nan nan nan nan nan nan nan nan nan nan nan nan nan nan nan 412.86260986328125 382.583038330078125 582.22979736328125 1102.5848388671875 3380.3212890625 5993.7568359375 6223.46728515625 5624.5771484375 5303.1787109375 4741.708984375 4488.44140625 4987.22412109375 4692.15087890625 3763.094970703125 3338.109375 3406.731689453125 2891.515380859375
4297.02294921875 3847.607177734375 3904.334228515625 4077.285400390625 5647.64111328125 4922.4306640625 4544.94140625 3913.0556640625 2856.4150390625 2031.6156005859375 801.31597900390625 504.358245849609375 253.0521087646484375 122.1704864501953125 nan nan nan nan nan nan nan nan nan nan nan nan nan nan nan nan nan nan nan 305.82940673828125 707.92449951171875 689.05560302734375 552.3974609375 1725.1580810546875 4414.51513671875 7007.73779296875 7406.45458984375 6423.53759765625 5664.28173828125 4916.47021484375 4912.5244140625 4911.41796875 4138.7958984375 3421.921630859375 3510.66064453125 3266.389404296875 2786.400390625
2592.96435546875 3884.664306640625 3470.161865234375 4541.06396484375 4041.864990234375 4394.748046875 4421.21044921875 4036.843505859375 2031.1441650390625 800.13311767578125 608.39093017578125 214.7001800537109375 122.1704864501953125 nan nan nan nan nan nan nan nan nan nan nan nan nan nan nan nan nan nan nan 305.82940673828125 601.54595947265625 655.28582763671875 707.92449951171875 966.79620361328125 2060.984130859375 4900.419921875 7100.88330078125 7688.29052734375 6547.8359375 4959.91796875 5376.1220703125 5601.564453125 4791.14208984375 4217.57470703125 4168.1513671875 4247.42626953125 3862.77294921875 3637.744384765625
2340.093994140625 2437.14013671875 3757.6123046875 3053.500732421875 4387.3515625 4112.216796875 4046.749267578125 3018.759765625 2216.703857421875 895.032958984375 188.541168212890625 122.1704864501953125 nan nan nan nan nan nan nan nan nan nan nan nan nan nan nan nan nan nan nan nan 295.716552734375 655.28582763671875 655.28582763671875 655.28582763671875 774.38043212890625 2642.446533203125 5343.38671875 7458.521484375 6611.70703125 5829.28955078125 4975.89599609375 4751.2802734375 5608.8642578125 5448.72900390625 4682.01513671875 4238.03369140625 4498.9306640625 4985.09521484375 4489.7275390625
1614.856201171875 2063.2138671875 2157.943603515625 3507.01416015625 3854.026123046875 3875.064453125 2993.749755859375 3221.628662109375 2070.072265625 833.66046142578125 nan nan nan nan nan 89.9826202392578125 nan nan nan nan nan nan nan nan nan nan nan nan nan nan nan nan 53.73987579345703125 349.4564208984375 655.28582763671875 372.646484375 1040.1466064453125 2723.805908203125 5028.71337890625 6598.1806640625 6040.265625 4352.90576171875 4127.22900390625 4451.994140625 4712.87060546875 4729.537109375 4376.76904296875 4134.9609375 4702.97314453125 4775.2333984375 4171.58349609375
820.28619384765625 1530.4617919921875 2119.6796875 2870.65625 3326.869384765625 2898.153076171875 3471.288330078125 2812.581787109375 1785.8768310546875 650.56500244140625 370.69183349609375 nan nan nan 89.9826202392578125 145.1103668212890625 186.118255615234375 nan nan nan nan nan nan nan nan nan nan nan nan nan nan nan nan 53.73987579345703125 349.4564208984375 224.561492919921875 859.0328369140625 2589.377197265625 3752.91748046875 5036.55078125 4697.25537109375 3210.10986328125 3152.727783203125 3972.8330078125 3742.56640625 3866.975830078125 3474.26611328125 4028.588623046875 4443.322265625 4369.6171875 3037.631591796875
61.12115478515625 604.85162353515625 1453.6888427734375 2003.579833984375 2073.78662109375 2747.338623046875 2033.7445068359375 1795.3255615234375 1120.330078125 746.2686767578125 nan nan nan 89.9826202392578125 145.1103668212890625 241.246002197265625 279.664398193359375 186.118255615234375 nan nan nan nan nan nan nan nan nan 244.943084716796875 52.30754852294921875 77.97949981689453125 87.3227386474609375 146.3204803466796875 28.37001800537109375 nan 53.73987579345703125 nan 170.821624755859375 943.4476318359375 2957.98876953125 2738.56884765625 2324.055908203125 2357.92626953125 2195.587646484375 2324.1328125 3289.46875 3246.455810546875 3077.748779296875 3298.2119140625 4353.95703125 4317.56005859375 2736.552978515625
nan 114.07910919189453125 621.02325439453125 952.78814697265625 1781.98095703125 1644.4637451171875 1735.35205078125 1284.8956298828125 772.7757568359375 nan nan nan nan 55.12774658203125 282.123931884765625 418.633636474609375 279.664398193359375 189.681793212890625 96.13564300537109375 nan nan nan nan nan nan 170.51177978515625 462.750244140625 574.66168212890625 752.8800048828125 493.7872314453125 655.26361083984375 391.5594482421875 414.20721435546875 40.85660552978515625 nan nan nan 392.05462646484375 987.4306640625 1735.40771484375 1418.78515625 2136.3544921875 1891.96728515625 2086.124755859375 2496.25830078125 2603.64892578125 2697.087890625 4000.550048828125 4101.90625 4006.50048828125 2877.49853515625
nan nan 222.477813720703125 755.59649658203125 1487.392822265625 1465.31689453125 1541.9256591796875 1690.844970703125 678.17626953125 75.488311767578125 84.44826507568359375 nan nan 40.87792205810546875 456.545745849609375 459.511566162109375 328.651031494140625 134.554046630859375 38.418399810791015625 nan nan nan nan 111.16378021240234375 595.861572265625 773.74102783203125 1157.0496826171875 1701.52783203125 1619.51416015625 1973.5728759765625 1392.1068115234375 1589.0006103515625 870.69866943359375 726.12957763671875 40.85660552978515625 nan 221.2330169677734375 237.9947357177734375 562.2926025390625 1532.3983154296875 2224.622314453125 2296.5205078125 2285.72412109375 2672.8798828125 2599.856201171875 2578.775634765625 3472.097900390625 3853.961669921875 4173.05419921875 4103.24267578125 3778.689453125
nan 5.3905854225158691406 1033.558349609375 595.94293212890625 1447.0487060546875 1849.62646484375 1708.7564697265625 1639.250244140625 1113.1893310546875 799.3782958984375 388.033203125 119.7879638671875 40.87792205810546875 362.999603271484375 362.999603271484375 456.545745849609375 314.401214599609375 177.38763427734375 nan nan nan nan 111.16378021240234375 707.02532958984375 1128.846923828125 1662.6292724609375 2335.940185546875 2658.385009765625 2914.300537109375 2629.29931640625 2933.045166015625 2358.01171875 2093.84130859375 1104.24951171875 638.98089599609375 12.486585617065429688 nan 432.9344482421875 891.32745361328125 1706.000244140625 2950.7138671875 2908.922119140625 3509.662353515625 3474.806884765625 3382.914794921875 3090.70458984375 3316.35009765625 3771.919677734375 4662.4560546875 4185.45947265625 4563.2275390625
nan 1086.3768310546875 1491.537353515625 1627.554443359375 1342.552001953125 1308.140625 1896.541748046875 1713.2100830078125 1320.5281982421875 775.72601318359375 665.91107177734375 620.23590087890625 430.51873779296875 224.030364990234375 362.999603271484375 362.999603271484375 360.54010009765625 nan nan nan nan 111.16378021240234375 536.5135498046875 740.528076171875 1437.74169921875 2398.578369140625 2835.63232421875 3347.301025390625 3007.465576171875 3400.3544921875 3072.467529296875 3122.71240234375 2272.422119140625 1884.9212646484375 934.444580078125 386.977569580078125 nan 65.8858795166015625 724.2899169921875 2161.06201171875 2771.8056640625 3752.43310546875 3880.4453125 4377.7216796875 4065.74658203125 3822.7880859375 3577.141845703125 4573.02783203125 4301.939453125 4406.9697265625 4750.87841796875
1304.31640625 1866.55029296875 2062.469970703125 2635.31591796875 2525.37646484375 1802.1405029296875 1161.0841064453125 1325.99658203125 1253.9810791015625 1266.520263671875 871.2735595703125 995.39654541015625 750.22198486328125 346.070465087890625 224.030364990234375 322.1217041015625 nan nan nan nan nan nan 174.6992340087890625 932.6817626953125 1458.39208984375 1946.0201416015625 2346.326904296875 2758.04638671875 3170.07421875 2851.94921875 2755.033935546875 2701.561279296875 2494.082275390625 1581.82275390625 1037.480224609375 395.386260986328125 87.54178619384765625 41.555084228515625 1210.6243896484375 1657.1070556640625 2919.49072265625 4059.721923828125 4813.15234375 4616.74267578125 5822.6044921875 4424.896484375 4650.16552734375 5009.72314453125 4978.76806640625 4251.63818359375 4561.3056640625
1708.643798828125 2964.884033203125 3326.932861328125 3650.833740234375 2499.146484375 2491.528564453125 1702.716064453125 1057.1336669921875 1101.543701171875 1088.956298828125 1394.4183349609375 1285.991455078125 785.2158203125 473.482269287109375 310.73077392578125 nan nan nan nan nan nan nan 95.631378173828125 395.92236328125 1012.96527099609375 1408.296875 1858.8380126953125 2217.465576171875 2559.088623046875 2765.371337890625 2444.808349609375 2173.4638671875 1926.5252685546875 1559.7596435546875 858.84735107421875 439.201629638671875 140.086273193359375 499.7357177734375 740.972412109375 1929.7589111328125 2689.765869140625 4490.09619140625 4018.500732421875 6027.07177734375 5968.26513671875 5623.7978515625 5070.23681640625 5687.67822265625 4570.0322265625 5178.16455078125 4502.99365234375
2563.82666015625 2581.713623046875 4203.99169921875 3704.672119140625 3460.73046875 2344.489501953125 1649.869140625 1483.2738037109375 927.79998779296875 843.142578125 1332.10302734375 1267.651611328125 1056.0672607421875 539.80938720703125 135.837188720703125 nan nan nan nan nan nan nan nan 95.631378173828125 284.75860595703125 615.40985107421875 1167.8837890625 1659.0888671875 1670.8826904296875 1887.9625244140625 1803.269287109375 1584.082275390625 1055.2987060546875 961.6666259765625 521.49578857421875 250.2964935302734375 222.0893707275390625 295.66461181640625 1602.570556640625 2396.0888671875 3899.533447265625 3944.871826171875 5463.9541015625 6227.3955078125 6005.93505859375 5657.169921875 6104.88330078125 4922.06640625 5404.6416015625 5006.68505859375 5568.80517578125
2855.033447265625 3558.962158203125 3362.44482421875 3190.698486328125 3105.87939453125 2345.125732421875 1647.78173828125 1227.8265380859375 703.18804931640625 887.1612548828125 819.1358642578125 979.49169921875 799.11895751953125 434.043548583984375 89.89960479736328125 nan nan nan nan nan 28.7633514404296875 217.8480072021484375 373.564056396484375 134.256134033203125 119.6790618896484375 125.591766357421875 157.185333251953125 735.80657958984375 1023.32470703125 958.18878173828125 1000.06396484375 479.76263427734375 442.24859619140625 293.86773681640625 250.2964935302734375 27.916051864624023438 67.7518463134765625 1048.7236328125 2271.295166015625 3747.05615234375 4407.76416015625 5254.10205078125 6168.41455078125 6149.94677734375 5522.8203125 5772.52099609375 4825.40966796875 4781.6806640625 5528.17529296875 5654.794921875 5650.9912109375
2603.465087890625 2433.08056640625 2005.44677734375 1572.1173095703125 2082.69775390625 1443.73974609375 1068.9949951171875 412.349853515625 390.668426513671875 292.153228759765625 383.769134521484375 535.70343017578125 434.043548583984375 89.89960479736328125 nan nan nan nan nan 28.7633514404296875 353.210906982421875 852.07220458984375 1125.1500244140625 857.1099853515625 253.3598175048828125 24.047685623168945312 96.149993896484375 268.568695068359375 244.8701324462890625 526.28924560546875 19.009630203247070312 190.361083984375 nan 82.29416656494140625 27.916051864624023438 nan 468.82098388671875 1674.8330078125 3527.619384765625 4756.0458984375 6028.63427734375 6173.8232421875 6518.00927734375 6249.21875 6016.708984375 4643.22412109375 4559.93115234375 4589.5703125 5028.078125 5632.94482421875 6197.11572265625
1256.7020263671875 909.75140380859375 567.1705322265625 1035.8094482421875 452.1783447265625 705.37933349609375 29.0271453857421875 297.57745361328125 115.90850830078125 26.575235366821289062 51.002811431884765625 208.3067626953125 89.89960479736328125 nan nan nan nan nan 28.7633514404296875 405.873138427734375 1026.611083984375 1502.7325439453125 1761.152099609375 1675.701416015625 1363.603515625 349.509796142578125 316.18768310546875 591.77392578125 505.0216064453125 227.0800933837890625 307.00714111328125 81.58286285400390625 537.95977783203125 88.47039031982421875 nan nan 691.3948974609375 2189.781494140625 3402.4638671875 4916.927734375 6221.06591796875 6842.00244140625 5893.1923828125 5164.86279296875 5776.12548828125 4499.31298828125 4669.73046875 4041.10986328125 4121.14697265625 5729.2890625 6365.5810546875
221.3712921142578125 75.266448974609375 256.71826171875 132.3827667236328125 86.3609161376953125 nan nan 29.0271453857421875 26.575235366821289062 nan nan nan nan nan nan nan nan nan 159.2617950439453125 554.777099609375 1188.871337890625 1787.7100830078125 2026.5250244140625 2204.919189453125 1779.62841796875 1181.791259765625 828.47161865234375 1335.25146484375 1588.2518310546875 1124.2908935546875 842.77532958984375 1462.7884521484375 1075.309814453125 799.3013916015625 104.7444915771484375 282.60546875 781.20379638671875 1639.529052734375 3270.14697265625 4846.70849609375 4595.16357421875 5245 4632.41748046875 4780.92041015625 5876.4208984375 4275.265625 3488.030517578125 3534.859375 3757.063720703125 4544.85546875 5161.02685546875
nan nan nan nan nan nan nan nan nan nan nan nan nan nan nan nan nan 52.662235260009765625 187.517425537109375 377.797149658203125 869.02484130859375 1516.415771484375 2272.01513671875 1834.360595703125 1494.4222412109375 1426.7872314453125 2077.87841796875 2541.547607421875 2586.68701171875 2409.309326171875 2550.973388671875 2517.772705078125 2284.3232421875 1387.818115234375 941.83087158203125 313.28460693359375 513.1119384765625 1111.0887451171875 2527.531494140625 3254.04052734375 3933.666748046875 4231.9931640625 3607.207275390625 5095.5498046875 4665.01220703125 5060.17041015625 3052.438232421875 2693.997314453125 3176.312744140625 3068.0693359375 3385.912109375
nan nan nan nan nan nan nan nan nan nan nan nan nan nan nan nan nan 66.91584014892578125 192.9353790283203125 465.390228271484375 806.36285400390625 1477.374755859375 1602.7169189453125 1781.2235107421875 1589.943603515625 1970.4454345703125 2704.509521484375 3144.364990234375 3606.44580078125 3781.40625 3403.880126953125 3014.962890625 2660.4716796875 2278.375 1041.4708251953125 604.60589599609375 265.32366943359375 1082.521484375 1804.0623779296875 2114.46728515625 3349.04638671875 3598.226806640625 4912.1396484375 4942.85107421875 4434.72509765625 4215.24853515625 3791.699462890625 1916.812744140625 1665.8516845703125 1854.3831787109375 1841.59521484375
