ForecastVariables/BuildingPerimeter_500m/BuildingPerimeter_Focal_Random1.asc
ncols        529
nrows        344
xllcorner    2700.000000000000
yllcorner    15900.000000000000
cellsize     100.000000000000
NODATA_value  nan
[rows 161 to 183 of 344, columns 300 to 349 of 529]
3360.35302734375 3753.240234375 3794.286865234375 4303.302734375 4300.97802734375 4593.58984375 4956.1787109375 5627.13916015625 5626.6201171875 5008.05615234375 5156.03466796875 6169.57568359375 6414.09033203125 7130.86083984375 6422.31640625 5772.94140625 5326.2978515625 4062.853271484375 3652.400390625 3870.97265625 3780.40380859375 4082.12060546875 3964.274658203125 3280.466796875 3084.899169921875 3712.029052734375 4484.38623046875 5463.93359375 5556.95703125 6175.77685546875 4752.6513671875 4221.49853515625 3621.081787109375 4057.812255859375 6406.99365234375 8594.69140625 9461.2177734375 9045.8916015625 8423.4833984375 8403.6435546875 8892.935546875 8110.49560546875 8215.3291015625 7545.83984375 8671.7578125 8444.3310546875 6801.3154296875 5572.94580078125 4701.56591796875 5107.2265625
4008.73095703125 4081.338623046875 3911.751953125 4250.42529296875 4566.33349609375 4201.60986328125 5411.73486328125 4973.9892578125 4958.2744140625 5093.4013671875 4919.2919921875 5233.978515625 5624.92529296875 6585.509765625 5982.92724609375 5464.19580078125 4880.45654296875 3949.63671875 2909.463623046875 2519.48974609375 3508.694580078125 3998.34228515625 3554.765625 3653.7890625 3355.040771484375 3725.863525390625 4130.755859375 4582.57958984375 5583.16162109375 5706.640625 5438.34033203125 3881.74951171875 4263.41748046875 5888.22119140625 7801.38525390625 10131.19921875 11331.8115234375 10151.572265625 9320.8125 9173.2763671875 8529.859375 7893.6103515625 7149.2978515625 9183.5185546875 9967.2412109375 9655.21875 8245.5205078125 6676.04833984375 5527.1103515625 4600.72802734375
3786.49560546875 3939.371337890625 4062.300537109375 4521.4267578125 4179.234375 4051.65771484375 4338.61865234375 5024.9189453125 4108.42578125 4325.7890625 3682.427001953125 4250.5126953125 5836.11865234375 5700.4775390625 5236.64404296875 4757.13525390625 3833.1787109375 3206.123779296875 2390.517578125 2295.91064453125 3298.4638671875 4156.57470703125 4405.1015625 4263.1728515625 3853.936279296875 4251.439453125 5212.75927734375 5560.1689453125 5036.09765625 4918.2646484375 5176.25244140625 4955.57568359375 4496.80322265625 6584.12744140625 9625.3056640625 11061.642578125 11165.6318359375 10935.46875 10461.4423828125 9066.650390625 8440.5009765625 7077.849609375 7424.73291015625 8283.8642578125 9939.7734375 10876.0322265625 9134.2822265625 7435.93798828125 5612.97998046875 4291.0009765625
4064.31494140625 3513.133056640625 3912.634033203125 3757.6337890625 3921.072509765625 3815.213134765625 3734.013916015625 3969.689697265625 4251.763671875 3391.968994140625 3796.089111328125 4862.12109375 5366.984375 4916.71484375 4570.33349609375 5232.82763671875 3226.92236328125 2516.1650390625 2394.259765625 3715.869873046875 3892.505615234375 4544.048828125 4616.8134765625 5125.00634765625 5356.8994140625 5274.05712890625 5114.3447265625 5422.5078125 6727.22509765625 5607.35595703125 4878.0791015625 4277.94384765625 5120.953125 7174.78076171875 9610.7041015625 11014.46484375 11304.052734375 11148.7880859375 10302.1318359375 9215.9033203125 7190.328125 6749.2861328125 5921.4384765625 7960.7314453125 8815.90234375 9396.080078125 9090.42578125 7206.9140625 6203.93212890625 4729.404296875
3109.546142578125 2970.531982421875 2828.26318359375 2761.56689453125 2821.182861328125 3381.080078125 3081.0283203125 3355.875244140625 3698.38720703125 3871.291259765625 4107.98388671875 4703.56787109375 5565.6083984375 5230.28857421875 4600.8681640625 3887.356689453125 3524.862060546875 2897.928466796875 3111.082763671875 4002.938720703125 5109.9326171875 4982.85791015625 5888.27587890625 5081.20068359375 6043.5029296875 6241.34765625 6259.685546875 6773.4716796875 6924.1953125 7029.90966796875 5304.37353515625 4635.0283203125 5310.44873046875 6894.87744140625 8892.5576171875 10030.677734375 10385.5126953125 10216.9345703125 9447.6435546875 8331.8994140625 7214.4287109375 5407.05615234375 5635.11474609375 6458.2470703125 8150.58740234375 8138.48486328125 7900.123046875 7874.5634765625 6815.79150390625 6839.75048828125
2099.0029296875 2107.139404296875 2044.410400390625 2084.25 1953.410400390625 2479.844482421875 3605.322509765625 2991.218017578125 3452.51611328125 3977.1044921875 4348.73583984375 4996.06884765625 5215.89599609375 5792.3916015625 4306.6650390625 2991.997314453125 3137.704833984375 4229.369140625 4115.578125 4063.096923828125 4567.8154296875 6354.28466796875 6238.908203125 5769.2841796875 5261.3212890625 6383.70751953125 7182.5029296875 7110.6005859375 6803.84423828125 6456.95166015625 5473.701171875 4349.89892578125 4155.53857421875 6090.96826171875 7561.57470703125 8101.666015625 8473.4521484375 8202.0859375 7946.85107421875 8013.390625 6808.30810546875 5803.646484375 5693.38330078125 6690.89990234375 7986.64453125 8438.732421875 8561.05078125 8688.9814453125 8635.4990234375 9023.7568359375
2040.68701171875 1856.1710205078125 1457.55859375 1543.2003173828125 1810.0235595703125 2693.42919921875 2924.748046875 3483.21240234375 3676.599609375 3880.98974609375 4482.857421875 4736.90625 5022.435546875 4758.71142578125 4661.25439453125 3881.85009765625 3304.2041015625 3142.89990234375 3801.798583984375 4473.1796875 5423.67724609375 4759.29931640625 4675.7802734375 5345.43359375 5481.66650390625 5881.85546875 5645.2294921875 6332.12158203125 6112.181640625 4993.19140625 3237.54736328125 2513.013427734375 3275.221923828125 5428.26171875 6254.916015625 6826.14990234375 6840.5380859375 7778.85205078125 7691.14013671875 7500.578125 7165.04931640625 6540.52099609375 7341.1298828125 8551.5458984375 8796.361328125 9357.998046875 9136.1259765625 8949.916015625 9639.5166015625 10387.892578125
2363.54052734375 2256.553955078125 1745.475830078125 1839.861083984375 2767.713134765625 3215.602294921875 3970.517333984375 3512.340087890625 3781.39794921875 3823.696533203125 3995.61572265625 4652.23828125 5144.00634765625 5037.21484375 4273.33056640625 4488.1943359375 4478.8720703125 3624.4560546875 3595.5791015625 3875.957275390625 3813.917724609375 4145.9853515625 3768.21630859375 4713.74267578125 4821.2685546875 5107.53271484375 5307.822265625 4644.72021484375 5129.7919921875 3767.219482421875 2513.6943359375 2344.76318359375 3938.0546875 5261.154296875 6173.19482421875 6430.64990234375 7090.92138671875 7893.2177734375 8817.9306640625 8368.38671875 8321.2548828125 8052.005859375 7962.27734375 8619.6279296875 9622.4599609375 9542.71875 9508.8056640625 9056.6630859375 8901.3671875 9827.3759765625
3572.5849609375 3554.650390625 3229.389404296875 3433.978759765625 3767.1923828125 4565.36767578125 4536.8544921875 4858.314453125 5295.32421875 4568.681640625 4669.15576171875 4801.9970703125 5382.5078125 5690.77197265625 5427.9248046875 5807.37548828125 5350.4033203125 5112.12890625 3874.032470703125 3790.76123046875 3355.327880859375 3276.837158203125 3810.4482421875 3487.62939453125 4383.03466796875 5293.2802734375 5419.666015625 5341.50341796875 4259.16650390625 4026.2275390625 3846.648681640625 4162.09423828125 4873.814453125 5501.0625 6690.6533203125 7661.3623046875 7862.04443359375 8238.814453125 9043.724609375 9811.421875 9550.6435546875 9245.318359375 7890.15625 9143.908203125 10162.7353515625 10243.2412109375 8833.87890625 8458.3837890625 9524.25390625 9264.6865234375
3980.798828125 4590.921875 4865.45166015625 4161.5439453125 4925.6728515625 5124.65625 5394.0625 5527.1787109375 6541.14013671875 6182.4716796875 5579.99462890625 5642.0703125 5534.51708984375 6053.8173828125 6551.53076171875 6462.62841796875 6828.48828125 6058.7431640625 4741.6533203125 3487.89599609375 3141.39892578125 2854.952880859375 3337.317626953125 3461.52197265625 4801.8408203125 4925.482421875 5843.31591796875 6202.42333984375 6105.4755859375 5623.646484375 5591.966796875 5330.8984375 6221.19970703125 7368.68701171875 7859.68798828125 7383.4609375 8121.00146484375 8631.80078125 9508.7578125 10171.287109375 10180.9609375 9107.859375 8578.021484375 8056.59912109375 9959.5205078125 10766.373046875 9759.1572265625 8837.869140625 8789.5869140625 9537.216796875
3951.39013671875 4556.34521484375 4868.81201171875 5605.6279296875 5671.74658203125 6147.4228515625 6487.80712890625 6790.95654296875 7198.0146484375 8151.171875 7797.69189453125 6805.8994140625 6977.72265625 6860.4345703125 7369.78564453125 7925.251953125 7771.31591796875 7032.6708984375 4771.0947265625 3587.405029296875 3003.705078125 3281.498779296875 3712.39599609375 4548.306640625 5638.08984375 6788.51708984375 6600.091796875 7339.40673828125 7909.32568359375 8001.8720703125 7817.46875 7845.0029296875 8100.62451171875 8927.0439453125 7650.2373046875 8018.533203125 8245.9267578125 9162.427734375 9101.958984375 9686.166015625 9611.13671875 8987.91796875 7822.34130859375 8550.34375 8620.337890625 10760.3876953125 10828.8935546875 9759.94921875 8230.263671875 7867.650390625
3682.045166015625 5084.69580078125 5722.2294921875 6646.17529296875 6437.90625 5444.1455078125 6552.7216796875 8199.6552734375 8672.927734375 8795.146484375 8302.0791015625 7819.54052734375 8246.3740234375 7998.98828125 7963.3779296875 8411.990234375 8119.25390625 6152.16259765625 5280.7578125 3420.628173828125 3699.731689453125 4257.64404296875 4871.921875 5469.3134765625 6530.88671875 7934.6943359375 8636.9375 7855.7314453125 8584.49609375 9279.849609375 9540.43359375 9663.685546875 9099.3271484375 8665.8173828125 8280.1689453125 8666.1787109375 9021.427734375 8527.6748046875 8594.2548828125 8796.296875 9284.5966796875 8123.05078125 7816.4814453125 8006.666015625 9467.9775390625 9911.517578125 10447.5830078125 9993.056640625 8868.2587890625 8995.044921875
5071.8720703125 5882.068359375 7035.8525390625 7595.36181640625 7726.94970703125 7150.623046875 6410.31494140625 7249.34375 9327.7734375 8784.0302734375 8658.4677734375 8798.9404296875 8819.5927734375 8718.658203125 7637.67626953125 7220.662109375 6568.07275390625 6089.8955078125 4059.51513671875 4035.69091796875 3856.70751953125 4965.333984375 5400.96630859375 6310.42626953125 6929.04296875 8432.9375 8450.84765625 8821.021484375 8645.7138671875 9723.0478515625 10034.4853515625 10438.591796875 9599.6826171875 8771.984375 8920.4580078125 8814.8720703125 8631.2314453125 8593.5 7962.3359375 8703.9951171875 8650.07421875 9027.1845703125 8060.15283203125 7907.20263671875 9034.2373046875 10311.36328125 10617.5048828125 10481.4111328125 10773.6904296875 8274.7314453125
5372.4130859375 7404.7802734375 8503.5576171875 8258.5078125 7975.73876953125 8157.9697265625 7500.39013671875 7181.63232421875 8039.5849609375 8618.7763671875 8416.5947265625 8926.521484375 8488.490234375 8102.55908203125 7046.5576171875 5901.37744140625 5586.83447265625 4539.1044921875 4133.90234375 4311.6103515625 5461.8544921875 5210.48876953125 6082.1484375 6216.49609375 7636.37353515625 7677.7333984375 8678.87109375 9130.8623046875 9735.40625 8765.9873046875 9773.5322265625 10361.46484375 10225.220703125 9378.1240234375 8737.458984375 8330.6044921875 8902.1171875 8420.3603515625 8486.6865234375 7850.7412109375 9196.91015625 9747.318359375 9070.75 8161.41748046875 9089.0068359375 9435.3662109375 10549.2080078125 10953.5908203125 10192.6484375 9905.546875
6546.53955078125 8407.4267578125 8941.9609375 9380.12890625 8888.576171875 7885.44580078125 8133.93798828125 7849.60205078125 8254.615234375 7751.05126953125 8033.66015625 7845.95849609375 8490.759765625 7003.09912109375 6000.7607421875 4611.90283203125 4323.93896484375 4752.1865234375 4554.67529296875 5782.39111328125 5635.56640625 6604.42138671875 6138.7060546875 6353.01806640625 7120.6298828125 9005.353515625 8845.07421875 9176.9541015625 9050.310546875 9762.7646484375 9289.537109375 10059.154296875 10512.6318359375 9856.3935546875 8508.822265625 8504.330078125 8607.4482421875 8653.513671875 8308.0703125 8613.0009765625 9141.4296875 9800.25390625 8643.6171875 8706.01953125 8920.1689453125 9060.5400390625 9879.58984375 10762.7080078125 11123.2314453125 10681.0693359375
6703.46142578125 8393.2001953125 8310.693359375 8633.5087890625 8990.4423828125 8633.43359375 8004.9228515625 7924.31298828125 6896.13037109375 6924.646484375 6576.0166015625 7339.05078125 6436.0966796875 5956.37744140625 4110.68115234375 4304.76806640625 4311.3271484375 4101.912109375 5013.72509765625 5444.1455078125 7107.51171875 6587.16162109375 6374.31494140625 5780.1611328125 7060.51708984375 8212.4326171875 9349.9404296875 8742.7978515625 8985.130859375 8828.9716796875 9508.607421875 9563.0419921875 10495.7861328125 10294.79296875 9260.921875 9263.9814453125 8766.37890625 8990.7109375 9149.990234375 9231.16015625 9358.26171875 9109.7060546875 8623.9267578125 8309.294921875 7980.10791015625 8947.6474609375 9116.240234375 10009.1376953125 10050.0654296875 10090.5
6182.416015625 7821.33203125 7854.35498046875 7038.84375 6944.59130859375 7989.1572265625 8032.9306640625 6509.462890625 6034.3837890625 5460.6611328125 6878.82666015625 5597.7294921875 5440.35009765625 4719.814453125 4625.8388671875 3783.777587890625 4102.28369140625 4090.05712890625 4769.0947265625 5848.326171875 6236.0908203125 6456.72900390625 5809.61865234375 5544.80419921875 6499.3251953125 7628.96728515625 8340.79296875 9404.578125 8524.087890625 8973.375 9029.52734375 9806.8115234375 10072.0107421875 10189.765625 10251.4580078125 9223.998046875 9188.70703125 9692.14453125 9274.826171875 9098.8994140625 9183.1103515625 8912.2333984375 8578.10546875 7394.466796875 7010.52099609375 7402.73291015625 8256.5625 8461.5771484375 9497.2958984375 9182.552734375
5700.7783203125 6392.35595703125 5816.87548828125 5211.83984375 6089.166015625 6589.859375 6313.7470703125 5751.7587890625 5324.80712890625 5693.37744140625 5434.43115234375 5763.162109375 5154.88916015625 5327.3271484375 4235.55224609375 4388.04150390625 3978.9765625 4239.275390625 4631.0166015625 5541.76123046875 6606.51611328125 6159.65087890625 5281.4169921875 4640.8623046875 5599.4345703125 7044.6435546875 8187.90673828125 8580.4521484375 9358.3642578125 8738.1435546875 8894.41796875 9180.32421875 9662.7080078125 9925.7822265625 9598.091796875 8855.349609375 8785.3095703125 9234.06640625 9141.146484375 9338.1435546875 8897.341796875 8285.228515625 7208.51318359375 6942.7177734375 6926.43115234375 6795.44775390625 6691.693359375 6778.76953125 7378.681640625 8541.5390625
4374.9912109375 4727.75 3790.85400390625 3539.015625 3982.1005859375 4760.8740234375 4995.88232421875 4947.1689453125 5449.9990234375 5359.57958984375 5229.158203125 5081.845703125 5277.654296875 4335.79833984375 5588.6796875 5466.34130859375 4866.259765625 5508.87939453125 5780.3857421875 7197.10400390625 7745.587890625 7252.3076171875 5582.974609375 5362.59130859375 5561.40185546875 6945.8212890625 8477.509765625 8919.2529296875 9315.6767578125 9358.998046875 8746.8203125 9046.447265625 9067.8642578125 9253.0625 8505.923828125 7302.880859375 8146.56298828125 7667.58935546875 8619.29296875 8561.96484375 8201.68359375 7354.25830078125 7595.6103515625 7327.07421875 7210.6796875 5873.57568359375 5447.259765625 5339.1533203125 6564.06298828125 7063.9580078125
2901.82275390625 2818.658935546875 2395.633544921875 1947.330810546875 2177.16552734375 3183.749755859375 4064.82666015625 4236.46728515625 4487.62744140625 5029.29052734375 4934.6025390625 4839.51318359375 4730.19384765625 5081.52001953125 5750.91796875 6343.23046875 6782.583984375 7314.619140625 7985.099609375 8506.2265625 9297.90234375 8231.9736328125 6257.77783203125 5188.11572265625 5610.69287109375 7328.69384765625 8118.17724609375 9055.9833984375 9079.2421875 9325.880859375 9229.744140625 8649.515625 8989.150390625 8660.716796875 7696.0068359375 7737.28369140625 7137.646484375 7258.39892578125 7167.1259765625 7228.0771484375 7074.53173828125 7292.3955078125 7292.283203125 7667.73095703125 6720.03369140625 5623.64453125 4664.05322265625 5105.19287109375 5183.4716796875 5699.42236328125
2285.13671875 1688.936767578125 693.17901611328125 788.1632080078125 1504.882568359375 1796.1103515625 2507.00390625 3178.585205078125 3334.35693359375 4284.1240234375 4938.39404296875 4829.736328125 4845.9306640625 6032.67724609375 6176.82958984375 7838.0625 7813.5625 7808.6953125 8266.5537109375 10170.037109375 10078.41796875 8775.1533203125 6659.3017578125 4764.6484375 5368.74267578125 7306.29248046875 7917.56298828125 8649.6044921875 8858.16015625 8942.2998046875 8957.8154296875 8635.669921875 8179.42626953125 8077.8291015625 8541.2353515625 7741.9541015625 6298.7041015625 6378.6181640625 6593.67822265625 6097.076171875 5993.02880859375 6302.70361328125 6126.77587890625 6455.07763671875 6721.91796875 5493.521484375 4963.32421875 4619.42919921875 4134.93798828125 3856.6640625
1367.4898681640625 915.26446533203125 240.9121856689453125 455.564117431640625 742.83392333984375 983.54302978515625 1405.1939697265625 2372.925537109375 3091.721435546875 3445.12255859375 4885.51025390625 5407.80078125 6117.8173828125 6321.05810546875 7032.58837890625 6588.1357421875 7823.45703125 7352.55908203125 8514.05859375 8814.736328125 9029.37890625 8083.59423828125 7069.82470703125 5077.13916015625 5240.970703125 6620.80322265625 7389.10888671875 8270.3037109375 8893.0390625 8612.5185546875 8470.80078125 8068.44580078125 7937.40966796875 7956.5634765625 8235.912109375 7482.75146484375 6310.3125 5985.6689453125 5425.18896484375 5750.1171875 5702.35546875 5728.8330078125 6114.49658203125 6212.00439453125 5834.63232421875 5225.2939453125 5072.32861328125 4252.1533203125 3696.73681640625 3433.635009765625
925.1939697265625 412.62738037109375 485.9981689453125 358.49737548828125 514.955322265625 860.84686279296875 1105.22119140625 1399.2156982421875 2520.36181640625 3863.6533203125 5391.751953125 6507.6318359375 6969.734375 7562.93408203125 7573.73291015625 7559.13232421875 6699.6611328125 7977.44970703125 7970.748046875 8685.01953125 9105.5322265625 8966.5693359375 7134.18603515625 5875.1259765625 5533.6220703125 6155.79736328125 7215.6865234375 7874.94775390625 8084.4755859375 8147.07177734375 7644.96435546875 7364.7119140625 7004.8759765625 6794.31201171875 6462.76904296875 6116.5068359375 6399.439453125 5394.85498046875 4803.01318359375 5142.490234375 5496.296875 5687.1533203125 6442.35791015625 6760.87353515625 5468.09375 5209.48095703125 4594.6123046875 3491.991943359375 2872.525390625 2152.49951171875
