ForecastVariables/BuildingPerimeter_500m/BuildingPerimeter_Focal_Random1.asc
ncols        529
nrows        344
xllcorner    2700.000000000000
yllcorner    15900.000000000000
cellsize     100.000000000000
NODATA_value  nan
[rows 161 to 183 of 344, columns 0 to 49 of 529]
nan nan nan nan nan nan nan nan nan nan nan nan nan nan nan nan nan nan 500.374755859375 1660.5831298828125 1811.965087890625 2382.140625 3872.497314453125 3795.409912109375 3406.329833984375 3612.042724609375 3342.62109375 3556.259765625 3124.376953125 2187.11962890625 2008.60595703125 1750.590576171875 2524.817626953125 3267.4794921875 4010.068603515625 3977.724365234375 3443.720458984375 2629.981201171875 2980.02685546875 4078.716552734375 3795.607421875 2724.535400390625 3103.755615234375 3347.427490234375 2745.645751953125 2915.99462890625 3655.395751953125 4334.2861328125 3674.61669921875 4262.58349609375
nan nan nan nan nan nan nan nan nan nan nan nan nan nan nan nan nan 362.109283447265625 1134.432373046875 1777.3494873046875 2712.453369140625 3481.099609375 3877.45751953125 3869.990478515625 3681.94287109375 2898.798095703125 3440.726806640625 3614.23828125 3093.178466796875 2230.1572265625 2263.380859375 1977.835693359375 2608.392822265625 3846.5029296875 4367.5244140625 4339.53173828125 3413.335205078125 3195.7763671875 3374.70849609375 4165.08447265625 4527.88427734375 3701.3447265625 2788.653076171875 2539.931396484375 3130.213623046875 2916.296630859375 3000.56884765625 3104.641845703125 3578.000244140625 3964.017822265625
nan nan nan nan nan nan nan nan nan nan nan nan nan nan nan nan nan 540.73004150390625 1114.7027587890625 1903.8853759765625 3209.582763671875 3494.43994140625 2839.3271484375 3923.98193359375 3021.13232421875 2696.826171875 2992.2568359375 3015.686279296875 2892.462158203125 2570.55615234375 2096.12841796875 2318.462646484375 2771.115234375 3930.931396484375 5013.88427734375 4265.39111328125 3456.851318359375 3191.800537109375 4039.95361328125 4182.05029296875 4397.14697265625 4173.07666015625 2945.22412109375 2870.296875 3168.0419921875 3363.96875 2750.72021484375 3132.566650390625 3388.980224609375 3352.051513671875
nan nan nan nan nan nan nan nan nan nan nan nan nan nan nan nan 15.676929473876953125 488.054290771484375 1355.593017578125 2249.219482421875 2363.65966796875 2604.676513671875 3367.310791015625 3435.006103515625 2457.5390625 1648.888671875 2518.757568359375 2508.83447265625 2899.9990234375 2560.643310546875 2098.5556640625 2824.88623046875 3258.111328125 3981.398681640625 4348.44873046875 4552.76220703125 3479.24609375 3129.561279296875 3822.465576171875 4787.51220703125 3982.9677734375 3252.19482421875 3175.775390625 3870.8798828125 3642.206787109375 3486.3779296875 3808.332763671875 3157.5009765625 3097.09765625 3002.696533203125
nan nan nan nan nan nan nan nan nan nan nan nan nan nan nan nan 420.35638427734375 1077.996826171875 1818.0333251953125 2494.447265625 2587.187744140625 3119.47216796875 3368.743896484375 2756.6513671875 2693.991455078125 2407.766357421875 1915.844970703125 2396.85986328125 2505.97021484375 2591.791259765625 2897.99072265625 2826.296630859375 3664.128173828125 3814.440673828125 4134.095703125 4274.9375 4169.36962890625 3462.25732421875 3667.334228515625 4274.3212890625 3945.583984375 2823.125244140625 3250.571533203125 4120.9833984375 4343.0966796875 4260.22802734375 3721.36181640625 3691.157958984375 3005.5146484375 3276.224609375
nan nan nan nan nan nan nan nan nan nan nan nan nan nan nan 336.535247802734375 992.57586669921875 1501.5333251953125 2412.10595703125 3182.2353515625 3021.690673828125 2749.9873046875 3204.250732421875 2922.613037109375 2927.549560546875 2203.081298828125 2173.974365234375 2338.811279296875 2372.895263671875 2682.02587890625 2904.869384765625 3127.237060546875 3168.18603515625 3628.04931640625 4081.28564453125 4028.292236328125 3951.743408203125 4708.033203125 4057.77880859375 3998.451416015625 3076.256591796875 2970.75927734375 3011.077392578125 3664.751708984375 4975.68408203125 4833.98193359375 4166.4638671875 3707.0908203125 3605.178466796875 3924.847900390625
nan nan nan nan nan nan nan nan nan nan nan nan nan nan nan 534.31787109375 1395.954345703125 2090.58447265625 2590.1748046875 3512.729736328125 2964.188720703125 2331.242431640625 2875.413818359375 3003.19921875 2123.4951171875 2586.31103515625 2577.13427734375 2495.81787109375 2631.360595703125 2579.818359375 2815.587158203125 2811.17333984375 2795.72705078125 2972.281982421875 3532.63330078125 3787.346435546875 4114.98974609375 4392.154296875 4892.67919921875 3655.032470703125 3237.481201171875 2137.73876953125 2730.040283203125 3418.034912109375 4719.21044921875 4955.98583984375 4368.41357421875 4087.7763671875 3677.049560546875 3780.0673828125
nan nan nan nan nan nan nan nan nan nan nan nan nan nan 351.393890380859375 572.7052001953125 1502.85302734375 2762.27978515625 3296.82763671875 3041.556640625 3188.12841796875 2367.08447265625 2174.78515625 2384.486083984375 2621.558349609375 3015.2275390625 2843.314697265625 2776.770751953125 2963.14892578125 3174.790283203125 3019.89990234375 2664.01220703125 2615.308837890625 2694.9912109375 3262.67138671875 3469.2802734375 3669.53076171875 3913.19921875 3820.95654296875 4265.66259765625 2725.649658203125 2076.8251953125 1832.7733154296875 3469.471435546875 4031.27734375 4128.533203125 4527.67529296875 3733.5166015625 3284.423828125 3676.71240234375
nan nan nan nan nan nan nan nan nan nan nan nan nan nan 98.90349578857421875 1051.0849609375 1842.0489501953125 2959.236328125 2967.373291015625 3255.064453125 2981.356689453125 2627.07568359375 1544.3177490234375 2442.322998046875 3063.228271484375 2950.063720703125 3187.80908203125 3295.822021484375 3097.515869140625 3758.94580078125 3303.583251953125 3384.1044921875 2861.072509765625 2912.6162109375 3094.053466796875 3000.465576171875 3241.91064453125 2949.580810546875 3459.713623046875 3162.8056640625 3271.57666015625 1554.823974609375 2029.03759765625 3030.2939453125 3454.38818359375 3915.246826171875 3752.57861328125 3246.03662109375 3330.4462890625 3056.33447265625
nan nan nan nan nan nan nan nan nan nan nan nan nan nan 123.90010833740234375 584.69580078125 2485.139404296875 2412.63232421875 3417.977783203125 3274.97802734375 2200.635986328125 1888.5987548828125 2207.358642578125 2506.697265625 2959.732666015625 2551.01611328125 3211.979248046875 3696.559326171875 3685.717041015625 3956.631591796875 3829.466064453125 3294.17529296875 3295.06298828125 3466.925048828125 3016.946533203125 2672.37548828125 2782.107421875 2662.109619140625 2578.984130859375 3339.421630859375 2516.837158203125 2458.71484375 1964.659423828125 2597.807373046875 3523.59130859375 3669.40380859375 3305.791748046875 3101.553955078125 2896.167236328125 3115.66650390625
nan nan nan nan nan nan nan nan nan nan nan nan nan nan 219.983001708984375 1264.2347412109375 1959.04736328125 3020.06298828125 2740.09033203125 2991.880615234375 2209.6220703125 1839.12255859375 2146.2373046875 2183.096923828125 2773.590087890625 3052.702392578125 3325.70263671875 3721.358642578125 4002.64501953125 3654.9326171875 4153.77392578125 3546.176513671875 3141.306640625 2843.31298828125 3483.400390625 3339.488037109375 2359.6162109375 2162.591552734375 2874.048095703125 2745.7275390625 2892.5478515625 2534.123046875 2764.41748046875 2899.685302734375 3618.78271484375 3528.27001953125 2948.001953125 3018.173095703125 3217.107421875 2892.154541015625
nan nan nan nan nan nan nan nan nan nan nan nan nan nan 590.86956787109375 1134.2674560546875 2025.4224853515625 2906.466552734375 2789.8330078125 1801.5848388671875 2348.201171875 2036.312744140625 2177.370849609375 2651.138916015625 2611.97021484375 3466.50048828125 2773.34375 3075.456787109375 4101.14111328125 4405.830078125 3364.482177734375 3561.180419921875 2735.068115234375 2902.283203125 3497.290771484375 3779.876220703125 2648.43310546875 2206.37255859375 2566.983642578125 3683.308837890625 2960.89404296875 2819.36572265625 2835.766845703125 3089.402099609375 3303.7529296875 2951.900634765625 3094.769775390625 2939.19091796875 2532.83935546875 2995.78662109375
nan nan nan nan nan nan nan nan nan nan nan nan nan nan 171.8996124267578125 1048.7825927734375 1470.1427001953125 1731.401123046875 1624.22265625 1795.5589599609375 2252.804931640625 1712.8397216796875 2427.30615234375 2834.843017578125 2534.2607421875 2152.54736328125 2837.9453125 3110.651611328125 3626.68701171875 4132.71875 3383.87158203125 3161.881103515625 3608.316650390625 2653.5869140625 3093.708984375 3062.23486328125 3442.8828125 2974.25830078125 2840.554931640625 3496.98583984375 3800.01171875 2483.016845703125 2715.543701171875 3302.567138671875 3506.54541015625 3010.080322265625 2899.69921875 2850.94677734375 2631.0517578125 2685.53955078125
nan nan nan nan nan nan nan nan nan nan nan nan nan nan nan 171.8996124267578125 1048.7825927734375 659.29010009765625 686.54534912109375 1765.698974609375 1550.120361328125 2295.322998046875 2298.45263671875 2853.818603515625 2588.513916015625 2095.332763671875 2224.849365234375 3596.4150390625 3439.44384765625 3971.282958984375 3894.642822265625 3581.21630859375 2743.617919921875 3396.458984375 2969.658935546875 2928.354736328125 3085.423583984375 3478.889892578125 4211.07763671875 3411.3291015625 3248.52734375 3502.091064453125 2851.849609375 3617.862060546875 3777.24169921875 3216.65869140625 2767.196044921875 2553.07763671875 2922.275634765625 3540.18115234375
nan nan nan nan nan nan nan nan nan nan nan nan nan nan nan nan 171.8996124267578125 286.013427734375 542.6534423828125 1076.10302734375 1721.2813720703125 2148.016357421875 2451.428466796875 2285.5771484375 2829.579345703125 2646.85205078125 2718.14404296875 3574.8837890625 3798.519775390625 3786.71875 4134.58447265625 3625.248291015625 2926.6298828125 2326.544677734375 3297.44189453125 2931.6337890625 2968.0458984375 3111.062255859375 4051.51171875 3825.1923828125 3813.238037109375 2454.114990234375 3286.993896484375 3607.191162109375 3226.889892578125 3382.524169921875 3024.882568359375 2575.32177734375 2999.78369140625 4074.25146484375
nan nan nan nan nan nan nan nan nan nan nan nan nan nan nan nan nan 120.24481964111328125 472.567108154296875 1282.999267578125 1668.9368896484375 2235.368408203125 2209.720947265625 2368.408935546875 3146.146728515625 3362.175537109375 3387.9755859375 3545.353271484375 4110.7431640625 3344.908203125 3195.1103515625 2747.07177734375 2574.028076171875 2995.758056640625 2912.780517578125 3086.3193359375 3530.53564453125 3095.064697265625 3061.646728515625 4333.8515625 3427.10791015625 3032.8466796875 3044.5595703125 3306.256103515625 3671.193115234375 3041.215576171875 2620.080078125 2142.293212890625 3117.458984375 4155.26953125
nan nan nan nan nan nan nan nan nan nan nan nan nan nan nan nan nan 177.446807861328125 874.5772705078125 1115.64697265625 1795.204833984375 2005.986328125 2373.556640625 3063.76123046875 3763.38916015625 4066.1044921875 3884.114013671875 4061.537841796875 3388.23876953125 3283.048828125 1944.7352294921875 2591.61572265625 2828.636474609375 2712.18359375 2845.612060546875 3310.11474609375 3065.8291015625 3066.1689453125 3265.147705078125 2945.914306640625 2563.98681640625 2961.24462890625 3781.085205078125 3123.590087890625 3469.6455078125 3101.752197265625 1808.359130859375 2476.03857421875 3209.509521484375 3758.88037109375
nan nan nan nan nan nan nan nan nan nan nan nan nan nan nan nan nan 301.830291748046875 872.60870361328125 1292.2181396484375 1854.1099853515625 2052.7080078125 2528.034423828125 3264.88330078125 3502.483642578125 3996.017578125 4489.49951171875 4112.53173828125 3327.90478515625 2643.684326171875 2280.863037109375 1662.4647216796875 2514.314453125 2658.388671875 3323.337646484375 3220.095703125 2544.34423828125 2407.923583984375 2712.250244140625 2448.184326171875 2899.885986328125 3654.657958984375 3267.436279296875 3508.893310546875 3687.424072265625 2613.9853515625 2985.667724609375 2433.640869140625 2782.985595703125 4065.6181640625
nan nan nan nan nan nan nan nan nan nan nan nan nan nan nan nan 208.2150115966796875 587.25677490234375 1059.3983154296875 1566.8673095703125 1899.0758056640625 2523.513671875 2324.75927734375 2805.93701171875 3325.168212890625 3738.78271484375 3825.48876953125 3661.219970703125 3441.51513671875 2939.86376953125 2142.64013671875 2143.36328125 2186.49755859375 2816.207763671875 2927.851318359375 2674.7900390625 2677.4638671875 2706.820068359375 2004.097412109375 2424.09521484375 3784.69921875 3439.04638671875 3135.579833984375 3686.509033203125 3201.908935546875 3221.90185546875 2974.09619140625 2723.7841796875 2588.01318359375 3816.4111328125
nan nan nan nan nan nan nan nan nan nan nan nan nan nan nan nan 301.924957275390625 825.06292724609375 1368.9521484375 1671.6427001953125 2393.460205078125 2705.1796875 2774.658935546875 2146.278076171875 2747.967041015625 3412.3193359375 3330.537353515625 3722.4443359375 3339.1669921875 2560.216064453125 2408.9013671875 2315.4541015625 2705.56787109375 2375.826171875 2655.73095703125 2318.8037109375 2762.43896484375 2460.595703125 3442.671142578125 3036.33154296875 3112.83837890625 3038.460205078125 3945.560302734375 3194.387939453125 3295.05712890625 3181.72900390625 2647.413330078125 2544.75244140625 3024.5439453125 3037.52099609375
nan nan nan nan nan nan nan nan nan nan nan nan nan nan nan nan 155.6449432373046875 1140.05712890625 1598.4974365234375 2222.729736328125 2105.1162109375 2618.204833984375 2772.4033203125 2966.281494140625 2785.221923828125 3095.47607421875 3731.989501953125 3423.3212890625 3034.515380859375 2425.759765625 3115.772216796875 3114.897705078125 2101.554443359375 2817.553466796875 2719.110107421875 2767.778076171875 2426.85400390625 3174.633544921875 3343.2080078125 3456.068603515625 2822.50634765625 3406.60546875 3393.97998046875 3472.4697265625 2779.351318359375 2893.737548828125 2402.50146484375 2395.930908203125 2099.90576171875 1801.189208984375
nan nan nan nan nan nan nan nan nan nan nan nan nan nan nan nan 599.61962890625 1792.8721923828125 1485.57177734375 1366.3050537109375 2369.884521484375 2630.097412109375 2994.12255859375 2630.16796875 3248.387939453125 3651.158447265625 3738.070068359375 3287.43701171875 2714.1650390625 3194.977294921875 3160.002197265625 3517.032958984375 3145.7021484375 2850.136474609375 3352.846435546875 3052.6728515625 3338.650390625 3439.42578125 3771.713134765625 3328.374755859375 4281.16552734375 3103.44091796875 3312.586181640625 3543.9873046875 3746.032470703125 2634.43505859375 3027.461181640625 2160.473876953125 1254.8916015625 1069.84619140625
nan nan nan nan nan nan nan nan nan nan nan nan nan nan nan 338.061309814453125 1297.43896484375 1635.554443359375 2165.60888671875 2032.4010009765625 2305.343017578125 2640.80712890625 2667.179931640625 3368.162109375 3874.037109375 4131.71533203125 3835.323486328125 2801.709228515625 3157.7568359375 3258.90869140625 3325.06591796875 3440.935546875 4011.670654296875 3582.391357421875 3081.060791015625 3417.85205078125 3577.921875 3763.75537109375 3761.06982421875 4133.1806640625 3390.9423828125 3469.6884765625 3330.45361328125 3794.008056640625 3817.827392578125 3807.443603515625 3017.033935546875 1955.1820068359375 1194.017578125 653.46649169921875
