ForecastVariables/BuildingPerimeter_500m/BuildingPerimeter_Focal_Random2.asc
ncols        529
nrows        344
xllcorner    2700.000000000000
yllcorner    15900.000000000000
cellsize     100.000000000000
NODATA_value  nan
[rows 207 to 229 of 344, columns 250 to 299 of 529]
6267.158203125 6308.3408203125 6200.59716796875 5632.19580078125 4481.84912109375 3807.83544921875 5057.474609375 4600.95263671875 4975.46337890625 3268.6845703125 3845.461669921875 3718.303955078125 5086.291015625 6158.88232421875 7556.62255859375 7144.3125 7687.51318359375 7013.2314453125 6080.6298828125 5933.98046875 5802.35791015625 5855.86279296875 5440.783203125 5251.01611328125 4316.03857421875 3101.73291015625 1842.21923828125 707.53118896484375 1182.293701171875 1765.1632080078125 2791.375244140625 3044.6787109375 3701.489501953125 2897.664306640625 2857.132080078125 1484.1802978515625 1605.559326171875 2023.6666259765625 1991.52734375 1756.38916015625 902.88128662109375 445.55548095703125 302.344451904296875 319.860198974609375 125.2150115966796875 nan nan nan nan 21.4986419677734375
5184.3935546875 4587.36376953125 4684.1982421875 4539.814453125 3606.099853515625 3579.24462890625 3631.503662109375 4940.33984375 3990.9140625 3749.814697265625 3010.468994140625 4137.43603515625 5120.400390625 6308.8994140625 6768.14404296875 7861.80810546875 7149.01513671875 7345.12548828125 7011.6376953125 6334.0966796875 5985.4580078125 5749.5576171875 5257.0263671875 4878.60400390625 4646.1025390625 3248.7138671875 2057.461181640625 979.593994140625 1298.8900146484375 2352.37548828125 3260.230224609375 4507.54833984375 3587.791259765625 3759.30419921875 2852.61767578125 1766.1776123046875 1387.9200439453125 1905.2611083984375 2520.154052734375 2068.15185546875 1246.988525390625 445.004364013671875 433.011932373046875 788.49560546875 827.43499755859375 214.678497314453125 nan nan nan 47.870822906494140625
3626.8740234375 3835.385009765625 3719.348388671875 3151.299072265625 3523.507080078125 3342.603759765625 3751.17431640625 3966.935791015625 4206.171875 3197.32958984375 3593.98974609375 4008.6953125 5112.8134765625 5020.2412109375 5756.59130859375 6676.62890625 6711.48095703125 6355.54248046875 7160.4189453125 6812.6748046875 6239.654296875 5685.4951171875 4788.58740234375 4375.1142578125 4284.57177734375 3441.396728515625 1781.7880859375 1585.1553955078125 1981.3861083984375 3301.69384765625 5593.9814453125 4601.82666015625 4243.46337890625 3745.0595703125 3441.73583984375 2117.451416015625 1137.27978515625 1714.337646484375 2529.854736328125 2348.869873046875 1311.9163818359375 1079.8660888671875 1057.3250732421875 1289.65185546875 1518.714111328125 805.641357421875 214.678497314453125 nan nan nan
2967.727294921875 2518.70068359375 2981.959228515625 3387.560546875 4130.509765625 4077.372802734375 3397.254150390625 4114.1669921875 3602.99609375 3865.280029296875 3912.069580078125 4775.51318359375 4526.89892578125 5065.1962890625 4858.7216796875 4944.4736328125 5402.6884765625 5929.37353515625 6522.48876953125 6860.5107421875 6009.0654296875 5119.8330078125 4501.20556640625 3973.06103515625 3212.49169921875 2961.93701171875 2356.131103515625 2125.378173828125 2874.8515625 4710.38916015625 5383.583984375 4955.296875 4954.7822265625 4125.8427734375 1815.4075927734375 1039.641845703125 1063.44384765625 2100.841796875 2587.916748046875 2653.76806640625 1968.869873046875 1534.7701416015625 2225.98974609375 2177.837646484375 1680.34326171875 1397.143798828125 541.07574462890625 89.46349334716796875 nan nan
2476.771484375 2347.25439453125 2943.2265625 3837.659912109375 3770.564208984375 3733.541748046875 3804.4873046875 3000.078125 3158.63916015625 3662.0244140625 4388.4873046875 5219.3955078125 5162.09912109375 5557.65869140625 5132.296875 4466.30615234375 5500.66552734375 5516.35986328125 5746.7958984375 6666.94482421875 5968.79931640625 4356.7490234375 4792.82080078125 3296.2158203125 3258.81005859375 2498.6513671875 2488.660888671875 2414.388671875 3332.19580078125 5542.31689453125 6200.0498046875 5131.3232421875 4650.19775390625 2431.05517578125 1469.919677734375 625.10955810546875 1962.394287109375 2673.927734375 3322.85888671875 3413.55615234375 2853.480712890625 2892.712646484375 2983.72705078125 2834.4033203125 2049.68798828125 1188.5765380859375 622.67333984375 69.25243377685546875 nan nan
2924.919189453125 2759.13525390625 2959.010498046875 3119.530517578125 3216.277587890625 3149.616943359375 3040.480712890625 2676.6806640625 2831.071533203125 3998.3798828125 4486.4296875 4840.7099609375 6148.92919921875 6166.58154296875 6089.54150390625 6334.193359375 5663.697265625 5501.4423828125 5426.48583984375 5765.02734375 5129.31201171875 6132.54345703125 4407.04150390625 4088.49658203125 2892.5126953125 3387.069580078125 2510.380615234375 3096.92138671875 4216.994140625 5349.13720703125 5564.57421875 5517.2470703125 3524.89599609375 2002.1141357421875 1015.1614990234375 2063.46923828125 2555.260009765625 3643.7724609375 4160.462890625 4267.4501953125 4134.60107421875 3926.187255859375 3194.049072265625 2622.549072265625 1956.0330810546875 921.97161865234375 115.52618408203125 nan nan nan
3097.5791015625 3011.913330078125 3324.984619140625 2893.90869140625 3242.837890625 2934.529052734375 2817.37890625 3158.736328125 3331.890869140625 4019.700927734375 4632.79931640625 5077.9912109375 5487.009765625 6211.03564453125 7167.05078125 7892.71533203125 5805.783203125 4851.39892578125 5149.11669921875 4575.46728515625 5891.66552734375 5046.349609375 5238.51513671875 3956.925048828125 4228.9375 3185.836181640625 3209.169189453125 3040.506103515625 4330.27783203125 4560.13525390625 5989.66015625 4159.75830078125 3302.044921875 2269.04736328125 2476.935546875 2073.489501953125 4090.21826171875 4347.21533203125 5346.92138671875 4603.5263671875 4093.1748046875 3763.0361328125 3170.11083984375 2275.0791015625 1311.081298828125 260.6690673828125 46.27375030517578125 46.27375030517578125 nan nan
3245.68798828125 3265.844482421875 3385.150634765625 3941.495849609375 3441.4365234375 3504.06298828125 4055.094970703125 4010.473388671875 4456.17138671875 4765.470703125 4739.12158203125 5030.0556640625 5572.74853515625 6475.0654296875 7081.4873046875 6663.24560546875 5532.19677734375 4894.57470703125 3999.01025390625 4231.81689453125 4395.1552734375 4897.60888671875 4089.121826171875 4940.88525390625 3890.508056640625 3747.553466796875 3928.56640625 3673.432373046875 3255.310302734375 4571.232421875 4598.17041015625 4023.593994140625 3174.482421875 3164.8525390625 2351.697021484375 3339.653076171875 4518.806640625 5582.1953125 4409.20556640625 4340.23046875 3599.78271484375 2804.71044921875 2367.34326171875 1418.69091796875 463.29583740234375 46.27375030517578125 46.27375030517578125 nan nan nan
3627.64453125 3522.1142578125 3734.769775390625 4054.13134765625 4949.51953125 4678.23291015625 4592.1005859375 4340.0810546875 4869.3369140625 5293.62109375 5179.986328125 5034.95751953125 4830.3935546875 5782.7353515625 5994.8505859375 5378.03955078125 5246.1396484375 3814.35595703125 2884.4775390625 3099.4892578125 3458.49658203125 3537.041015625 5182.39990234375 3366.917236328125 4327.970703125 4255.10791015625 4848.63134765625 4589.97900390625 4254.20556640625 3206.821044921875 3199.129638671875 3427.60888671875 4360.673828125 3051.82666015625 3605.756591796875 4169.69873046875 4769.41015625 4777.40966796875 4545.35205078125 3777.746826171875 2747.941162109375 2059.06884765625 1185.526123046875 417.0220947265625 nan 46.27375030517578125 nan nan nan nan
3815.433837890625 3645.923583984375 4527.328125 4788.6689453125 4961.95654296875 4797.2294921875 3964.67919921875 3622.564208984375 3787.950927734375 4535.02294921875 5147.13671875 5024.76123046875 4743.01123046875 4833.16943359375 4485.26708984375 4875.3046875 4379.1357421875 2870.78759765625 2523.296630859375 2802.728759765625 2150.71240234375 3742.4521484375 4013.778564453125 4481.71533203125 4344.93603515625 5278.80078125 5522.40673828125 5436.4873046875 3899.626220703125 3211.53271484375 2401.55029296875 2616.26318359375 2778.47314453125 3723.2841796875 4145.525390625 3732.0498046875 4240.47021484375 4866.90087890625 4010.02587890625 2884.096435546875 1925.873291015625 1370.8665771484375 614.45770263671875 39.2520904541015625 nan nan nan nan nan nan
3773.78076171875 4121.96826171875 5122.92138671875 5388.1630859375 4524.484375 4266.744140625 4099.1953125 3128.70263671875 2950.603759765625 3756.640625 4217.2548828125 4565.84375 4730.18505859375 4368.65966796875 4038.16015625 3907.76171875 3260.59521484375 2823.6337890625 2533.183837890625 1983.54443359375 2629.38720703125 2403.79931640625 2808.693115234375 3608.004638671875 4369.61669921875 5614.43017578125 5494.17626953125 5014.0302734375 3128.510986328125 1972.004638671875 1905.35009765625 1161.8477783203125 2427.50146484375 3668.92578125 3009.904052734375 4217.10546875 4113.69970703125 3529.061767578125 2713.64990234375 2436.91162109375 1583.7607421875 507.324249267578125 85.32869720458984375 41.796718597412109375 nan nan nan nan nan nan
4619.39453125 3723.462890625 3868.141357421875 4528.12353515625 5141.75927734375 4260.49560546875 3611.152099609375 2922.21826171875 2855.131103515625 3264.411865234375 3704.749267578125 4159.05517578125 4111.7197265625 3746.66552734375 3267.859130859375 3193.548583984375 2477.29443359375 2621.72314453125 1883.011962890625 1055.546875 1007.78857421875 1793.2744140625 1759.4129638671875 2246.3037109375 2760.66748046875 3314.837158203125 5059.87353515625 3891.14892578125 2779.174560546875 1021.45184326171875 44.9220428466796875 569.36029052734375 1996.109375 2050.81982421875 3414.635498046875 3229.534423828125 3329.514892578125 1846.7821044921875 2177.1865234375 1433.9862060546875 468.072174072265625 85.32869720458984375 41.796718597412109375 nan nan nan nan nan nan nan
2750.185302734375 3451.35791015625 3169.871826171875 3861.052490234375 4328.2509765625 3939.11669921875 3225.619140625 3407.256103515625 2827.120849609375 2708.40283203125 3082.9228515625 3031.11962890625 3191.447509765625 2718.3056640625 2162.65478515625 1843.380126953125 1906.9324951171875 1635.0540771484375 986.63714599609375 493.11224365234375 402.110504150390625 325.626434326171875 1148.877685546875 612.39239501953125 1476.7171630859375 2616.580078125 3165.509765625 3004.354248046875 1479.726318359375 485.618194580078125 20.8138275146484375 320.261627197265625 722.68023681640625 1918.97900390625 2102.388427734375 2313.832275390625 1956.2432861328125 2049.955810546875 732.0523681640625 160.4658966064453125 4.2798910140991210938 41.796718597412109375 nan nan nan nan nan nan nan nan
3016.458740234375 1917.8116455078125 2569.54931640625 2325.14111328125 2508.377197265625 2853.66259765625 3219.940673828125 2357.9912109375 1846.3511962890625 1821.0030517578125 1878.759521484375 1747.9398193359375 1887.380615234375 1938.8072509765625 1053.13232421875 1007.7208251953125 931.841064453125 1018.16339111328125 843.896240234375 455.562286376953125 17.840471267700195312 nan nan 180.9442901611328125 1040.14892578125 1465.8917236328125 1963.678466796875 1550.196533203125 1077.9266357421875 nan nan 20.8138275146484375 275.339599609375 581.956298828125 1489.2041015625 1223.1044921875 1666.2020263671875 640.12396240234375 65.99835205078125 nan nan nan nan nan nan nan nan nan nan nan
2421.2294921875 1636.5596923828125 1058.9886474609375 1288.234619140625 1091.0687255859375 1354.3382568359375 1377.78271484375 964.60223388671875 820.24298095703125 774.12652587890625 545.94830322265625 912.52752685546875 1054.5009765625 867.7218017578125 560.60577392578125 407.3424072265625 660.07891845703125 809.949462890625 945.70281982421875 718.65399169921875 186.561859130859375 nan nan nan 83.11712646484375 867.00927734375 769.098876953125 1077.9266357421875 nan nan nan nan 20.8138275146484375 409.38525390625 450.357452392578125 1194.5313720703125 531.4638671875 461.32080078125 240.46295166015625 nan nan nan nan nan nan nan nan nan nan nan
1816.363037109375 428.811798095703125 169.2171478271484375 328.128814697265625 486.405731201171875 183.995849609375 200.1728057861328125 250.103607177734375 200.172821044921875 119.94791412353515625 nan 410.710205078125 435.257080078125 433.029083251953125 19.603990554809570312 91.2954864501953125 623.3875732421875 820.46051025390625 820.46051025390625 568.6749267578125 280.3065185546875 nan nan nan nan nan 592.30841064453125 nan nan nan nan nan nan 55.03502655029296875 209.894500732421875 450.357452392578125 516.3558349609375 295.49798583984375 nan nan nan nan nan nan nan nan nan nan nan nan
158.37957763671875 nan nan nan nan nan nan nan nan nan nan nan 205.4719696044921875 19.603990554809570312 nan nan 101.80655670166015625 633.898681640625 568.6749267578125 290.817596435546875 10.51107025146484375 nan nan nan nan nan nan nan nan nan nan nan 168.7791900634765625 31.562841415405273438 55.03502655029296875 209.894500732421875 295.49798583984375 nan nan nan nan nan nan nan nan nan nan nan nan nan
nan nan nan nan nan nan nan nan nan nan nan nan nan nan nan nan nan 101.80655670166015625 290.817596435546875 10.51107025146484375 nan nan nan nan nan nan nan nan nan nan nan 168.7791900634765625 308.752105712890625 290.25909423828125 31.562841415405273438 55.03502655029296875 nan nan nan nan nan nan nan nan nan nan nan nan nan nan
nan nan nan nan nan nan nan nan nan nan nan nan nan nan nan nan nan nan 10.51107025146484375 nan nan nan nan nan nan nan nan nan nan nan 168.7791900634765625 308.752105712890625 398.669189453125 398.669189453125 290.25909423828125 31.562841415405273438 nan nan nan nan nan nan nan nan nan nan nan nan nan nan
nan nan nan nan nan nan nan nan nan nan nan nan nan nan nan nan nan nan nan nan nan nan nan nan nan nan nan nan nan nan 108.41008758544921875 367.106353759765625 398.669189453125 398.669189453125 229.8899993896484375 89.91707611083984375 nan nan nan nan nan nan nan nan nan nan nan nan nan nan
nan nan nan nan nan nan nan nan nan nan nan nan nan nan nan nan nan nan nan nan nan nan nan nan nan nan nan nan nan nan nan 108.41008758544921875 367.106353759765625 229.8899993896484375 89.91707611083984375 nan nan nan nan nan nan nan nan nan nan nan nan nan nan nan
nan nan nan nan nan nan nan nan nan nan nan nan nan nan nan nan nan nan nan nan nan nan nan nan nan nan nan nan nan nan nan nan 108.41008758544921875 89.91707611083984375 nan nan nan nan nan nan nan nan nan nan nan nan nan nan nan nan
53.09096527099609375 139.3040313720703125 6.6484851837158203125 nan nan nan nan nan nan nan nan nan nan nan nan nan nan nan nan nan nan nan nan nan nan nan nan nan nan nan nan nan nan nan nan nan nan nan nan nan nan nan nan nan nan nan nan nan nan nan
