ForecastVariables/BuildingPerimeter_500m/BuildingPerimeter_Focal_Random5.asc
ncols        529
nrows        344
xllcorner    2700.000000000000
yllcorner    15900.000000000000
cellsize     100.000000000000
NODATA_value  nan
[rows 66 to 87 of 344, columns 357 to 407 of 529]
nan nan nan nan nan nan nan nan nan nan nan nan nan nan nan nan nan nan nan nan nan nan nan 52.41628265380859375 72.1695709228515625 101.25156402587890625 19.75328826904296875 nan nan nan nan nan nan nan nan nan nan 49.652801513671875 33.913761138916015625 nan nan nan nan nan nan nan nan nan nan 12.642587661743164062 103.83472442626953125
nan nan nan nan nan nan nan nan nan nan nan nan nan nan nan nan nan nan nan nan nan nan 52.41628265380859375 72.1695709228515625 101.25156402587890625 101.25156402587890625 101.25156402587890625 19.75328826904296875 nan nan nan nan nan nan nan nan 49.652801513671875 234.40960693359375 150.0370941162109375 33.913761138916015625 nan nan nan 15.524318695068359375 nan nan nan nan 12.642587661743164062 100.9650421142578125 12.642587661743164062
nan nan nan nan nan nan nan nan nan nan nan nan nan nan nan nan nan nan nan nan nan nan nan 81.4982757568359375 101.25156402587890625 101.25156402587890625 48.8352813720703125 29.08199310302734375 nan 150.531219482421875 143.5212249755859375 nan nan nan nan 49.652801513671875 234.40960693359375 300.880157470703125 300.880157470703125 199.7696380615234375 33.913761138916015625 nan 15.524318695068359375 99.51531982421875 66.7775726318359375 nan 75.174346923828125 12.642587661743164062 100.9650421142578125 100.9650421142578125 100.9650421142578125
nan nan nan nan nan nan nan nan nan nan nan nan nan nan nan nan nan nan nan nan nan nan nan nan 81.4982757568359375 48.8352813720703125 29.08199310302734375 nan 150.531219482421875 468.77764892578125 675.02508544921875 143.5212249755859375 nan nan nan 150.843048095703125 266.96636962890625 300.880157470703125 350.6126708984375 300.95989990234375 116.2030792236328125 15.524318695068359375 99.51531982421875 150.7685699462890625 150.7685699462890625 141.9519195556640625 75.174346923828125 221.8097076416015625 100.9650421142578125 100.9650421142578125 100.9650421142578125
516.33721923828125 nan nan nan nan nan nan nan nan nan nan nan nan nan nan nan nan nan nan nan nan nan nan nan nan 29.08199310302734375 nan 150.531219482421875 468.77764892578125 927.91680908203125 1405.5625 692.95648193359375 158.7650909423828125 nan nan nan 150.843048095703125 316.69891357421875 300.95989990234375 116.2030792236328125 49.732540130615234375 133.723541259765625 150.7685699462890625 150.7685699462890625 225.9429168701171875 210.418609619140625 184.7404937744140625 236.148834228515625 221.8097076416015625 100.9650421142578125 88.32245635986328125
1342.040283203125 820.56207275390625 164.1610565185546875 38.424480438232421875 34.799884796142578125 nan nan nan nan nan nan nan nan nan nan nan nan nan nan nan nan nan nan nan nan nan nan 174.7252197265625 784.3956298828125 1483.72900390625 1501.660400390625 1329.0948486328125 459.29351806640625 78.6855926513671875 nan nan nan 150.843048095703125 116.2030792236328125 49.732540130615234375 49.732540130615234375 nan 83.99100494384765625 150.7685699462890625 135.2442626953125 184.7404937744140625 236.148834228515625 236.148834228515625 160.9744873046875 146.6353607177734375 nan
2239.01904296875 1734.48095703125 1197.9088134765625 700.76922607421875 97.35906219482421875 34.799884796142578125 nan nan nan nan nan nan nan nan nan nan nan nan nan nan nan nan nan nan nan nan nan 78.166534423828125 808.7039794921875 1358.13916015625 1407.261474609375 1134.16064453125 738.46319580078125 200.524932861328125 78.6855926513671875 nan nan nan nan 49.732540130615234375 nan nan nan 83.99100494384765625 51.2532501220703125 186.015869140625 316.03619384765625 293.721038818359375 358.7532958984375 164.730224609375 16.465848922729492188
2551.76904296875 2539.683349609375 2379.537353515625 1313.1226806640625 829.52435302734375 97.35906219482421875 34.799884796142578125 nan nan nan nan nan nan nan nan nan nan nan nan nan nan nan nan nan nan nan nan nan 78.166534423828125 849.59228515625 1118.916748046875 738.46319580078125 300.530975341796875 223.4818878173828125 167.34967041015625 63.4417266845703125 nan nan nan nan nan nan nan nan 83.3542938232421875 260.46539306640625 567.21502685546875 1093.5299072265625 1164.7005615234375 606.72271728515625 297.26910400390625
2700.193603515625 2740.60400390625 2287.868896484375 1712.3375244140625 949.35711669921875 626.93878173828125 24.134695053100585938 nan nan nan nan nan nan nan nan nan nan nan nan nan nan nan nan nan nan nan nan nan nan 78.166534423828125 596.7005615234375 221.845367431640625 282.59954833984375 226.46734619140625 122.20403289794921875 205.6158447265625 nan nan nan nan nan nan nan 83.3542938232421875 260.46539306640625 561.77716064453125 1281.69873046875 2018.650146484375 2159.05615234375 1687.772216796875 829.54888916015625
1553.83642578125 1597.764892578125 1968.7274169921875 1798.566162109375 1186.1947021484375 157.751007080078125 193.28973388671875 356.27923583984375 41.929637908935546875 167.8889617919921875 nan nan nan nan nan nan nan nan nan nan nan nan nan nan nan nan nan nan nan nan 59.11767578125 100.0060272216796875 163.025604248046875 181.32171630859375 264.7335205078125 146.853546142578125 146.853546142578125 nan nan nan nan nan nan 97.22373199462890625 349.14324951171875 951.17327880859375 1753.3648681640625 2346.310791015625 2500.0322265625 2206.034423828125 1361.3385009765625
410.726806640625 952.5682373046875 1168.0028076171875 1510.104248046875 475.157196044921875 276.564910888671875 1086.0980224609375 907.465576171875 660.21966552734375 243.94970703125 323.9920654296875 nan nan nan nan nan nan nan nan nan nan nan nan nan nan nan nan nan nan nan nan 59.11767578125 59.11767578125 264.7335205078125 146.853546142578125 146.853546142578125 146.853546142578125 146.853546142578125 nan nan nan nan nan nan 97.22373199462890625 349.14324951171875 1015.930908203125 1714.3782958984375 1941.2547607421875 1478.7989501953125 754.59918212890625
nan 454.7076416015625 1267.676025390625 880.1357421875 631.9644775390625 1796.0274658203125 1750.64453125 1928.4483642578125 1695.9619140625 1073.89453125 471.19036865234375 323.9920654296875 nan nan nan nan nan nan nan nan nan nan nan nan nan nan nan nan nan nan nan nan 59.11767578125 nan 146.853546142578125 146.853546142578125 146.853546142578125 nan nan nan nan nan nan nan nan 97.22373199462890625 181.8087310791015625 683.49810791015625 890.923828125 551.88818359375 268.76397705078125
368.11297607421875 849.1148681640625 1516.1083984375 1142.728271484375 2162.319580078125 2334.328369140625 2769.370361328125 2732.840576171875 2931.8212890625 1883.2232666015625 746.8231201171875 261.37176513671875 156.103118896484375 nan nan nan nan nan nan nan nan nan nan nan nan nan nan nan nan nan nan nan nan nan nan 146.853546142578125 nan nan nan nan nan nan nan nan nan nan nan 13.243512153625488281 161.35540771484375 73.366912841796875 nan
1129.091064453125 1895.4771728515625 1555.827392578125 2200.808349609375 2241.69677734375 3705.495361328125 3442.829345703125 3784.0087890625 2250.997802734375 1724.541748046875 1158.6954345703125 450.681243896484375 71.1375274658203125 nan nan nan nan nan nan nan nan nan nan nan nan nan nan nan nan nan nan nan nan nan nan nan nan nan nan nan nan nan nan nan nan nan nan nan 13.243512153625488281 nan nan
1962.248779296875 2205.2294921875 2554.67822265625 2478.03857421875 3224.33544921875 3453.180419921875 4246.33642578125 2815.526123046875 1989.2926025390625 1457.781982421875 818.2227783203125 252.666168212890625 nan nan nan nan nan nan nan nan nan nan nan nan nan nan nan nan nan nan nan nan nan nan nan nan nan nan nan nan nan nan nan nan nan nan nan nan nan nan nan
3118.520263671875 2975.5048828125 3010.583251953125 3640.802490234375 3092.896728515625 3657.24365234375 3291.187744140625 2860.15673828125 1972.1871337890625 819.17095947265625 278.076934814453125 nan nan nan nan nan nan nan nan nan nan nan nan nan nan nan nan nan nan nan nan nan nan nan nan nan nan nan nan nan nan nan nan nan nan nan nan nan nan nan nan
3612.7421875 3842.296875 3137.43115234375 2562.840087890625 3646.932861328125 4144.427734375 2958.470947265625 1729.313232421875 902.383056640625 535.36114501953125 36.52095794677734375 nan nan nan nan nan nan nan nan nan nan nan nan nan nan nan nan nan nan nan nan nan nan nan nan nan nan nan nan nan nan nan nan nan nan nan nan nan nan nan nan
3563.791748046875 3672.56103515625 3518.269775390625 3127.475830078125 3412.120361328125 3750.20068359375 2377.212646484375 1044.8681640625 522.81109619140625 169.844146728515625 124.44824981689453125 nan nan nan nan nan nan nan nan nan nan nan nan nan nan nan nan nan nan nan nan nan nan nan nan nan nan nan nan nan nan nan nan nan nan nan nan nan nan nan nan
3866.675537109375 4287.8974609375 3500.536865234375 3568.976806640625 3279.59765625 2486.904541015625 1946.8807373046875 1287.4229736328125 169.844146728515625 124.44824981689453125 nan nan nan nan nan nan nan nan nan nan nan nan nan nan nan nan nan nan nan nan nan nan nan nan nan nan nan nan nan nan nan nan nan nan nan nan nan nan nan nan nan
4464.169921875 4492.55712890625 3623.003662109375 3483.879150390625 3426.24951171875 2776.513671875 1369.0321044921875 229.590301513671875 124.44824981689453125 nan nan nan nan nan nan nan nan nan nan nan nan nan nan nan nan nan nan nan nan nan nan nan nan nan nan nan nan nan nan nan nan nan nan nan nan nan nan nan nan nan nan
4085.386474609375 3507.901123046875 4341.93359375 3635.02490234375 2477.957763671875 2305.146484375 1282.962646484375 86.58486175537109375 nan nan 40.840641021728515625 nan nan nan nan nan nan nan nan nan nan nan nan nan nan nan nan nan nan nan nan nan nan nan nan nan nan nan nan nan nan nan nan nan nan nan nan nan nan nan nan
3543.3310546875 3996.675537109375 3077.719970703125 2838.967529296875 2179.61083984375 2288.6591796875 1090.3837890625 754.13861083984375 nan 40.840641021728515625 97.74843597412109375 40.840641021728515625 nan nan nan nan nan nan nan nan nan nan nan nan nan nan nan nan nan nan nan nan nan nan nan nan nan nan nan nan nan nan nan nan nan nan nan nan nan nan nan
