ForecastVariables/BuildingPerimeter_500m/BuildingPerimeter_Focal_Random2.asc
ncols        529
nrows        344
xllcorner    2700.000000000000
yllcorner    15900.000000000000
cellsize     100.000000000000
NODATA_value  nan
[rows 92 to 114 of 344, columns 400 to 449 of 529]
nan nan nan nan nan 199.1348876953125 561.435302734375 790.01312255859375 1358.2421875 1911.1602783203125 1852.46435546875 2078.2880859375 2058.526123046875 1810.7142333984375 1236.754150390625 964.01397705078125 772.82708740234375 987.08880615234375 975.6595458984375 826.265380859375 879.9703369140625 1040.1407470703125 2059.53662109375 2305.913818359375 1951.4735107421875 1503.620361328125 1087.996826171875 978.8060302734375 1001.195068359375 338.54522705078125 103.584320068359375 65.39731597900390625 65.39731597900390625 65.39731597900390625 65.39731597900390625 nan nan 75.65990447998046875 40.39492034912109375 nan nan nan nan nan nan nan nan nan nan nan
nan nan nan nan 316.246002197265625 1082.3170166015625 1284.44775390625 1705.9422607421875 2191.318603515625 2350.6640625 2173.453369140625 2166.169677734375 1970.336669921875 1482.7421875 1024.8314208984375 459.03057861328125 388.257537841796875 325.24078369140625 258.641143798828125 142.8375091552734375 186.476104736328125 658.82177734375 1073.5623779296875 1185.6429443359375 1064.7098388671875 805.47540283203125 276.844268798828125 573.751953125 338.54522705078125 38.18700408935546875 nan 65.39731597900390625 65.39731597900390625 65.39731597900390625 nan nan 45.908405303955078125 383.7069091796875 283.783599853515625 91.95835113525390625 nan nan nan nan nan nan nan nan nan nan
nan nan nan 226.830963134765625 1055.0531005859375 1674.210693359375 2269.18701171875 3334.91455078125 3386.357666015625 2667.68994140625 2681.300537109375 2211.84423828125 2043.7357177734375 1626.867431640625 911.21295166015625 451.117095947265625 81.8866729736328125 nan nan nan nan 43.258686065673828125 612.90216064453125 463.565399169921875 472.92828369140625 162.1700439453125 nan 114.674224853515625 38.18700408935546875 nan nan nan 65.39731597900390625 nan nan 110.8555755615234375 450.921173095703125 848.9288330078125 728.42138671875 407.6724853515625 91.95835113525390625 nan nan nan nan nan nan nan nan nan
nan nan 181.530242919921875 879.51416015625 1690.64111328125 2365.26806640625 3285.352783203125 4056.9248046875 4289.71923828125 3583.8212890625 2850.249267578125 2396.663330078125 2339.997314453125 2005.7464599609375 1134.67529296875 223.536590576171875 nan nan nan nan nan nan 43.258686065673828125 221.894775390625 69.33577728271484375 nan nan nan nan nan nan nan nan nan 66.09842681884765625 600.60260009765625 1001.67510986328125 1199.30419921875 1270.3555908203125 809.1864013671875 321.369140625 51.5634307861328125 nan nan nan nan nan nan nan nan
nan 64.4191436767578125 500.798309326171875 1272.418701171875 2116.799072265625 3189.574951171875 3958.717529296875 3973.718994140625 4522.1474609375 4413.09912109375 3046.174072265625 3039.444580078125 2825.9326171875 2364.587158203125 1232.2945556640625 317.560455322265625 nan nan nan nan nan nan nan nan nan nan nan nan nan nan nan nan nan 66.09842681884765625 410.824432373046875 853.15087890625 1181.126953125 1648.8514404296875 1565.8797607421875 1175.443115234375 296.10894775390625 72.32543182373046875 nan nan nan nan nan nan nan nan
355.42645263671875 267.674835205078125 776.98016357421875 1356.1617431640625 2539.573486328125 3469.591064453125 3758.4580078125 4241.56640625 4429.52978515625 4218.947265625 3379.622802734375 3520.790771484375 3548.028564453125 2388.852294921875 1324.0018310546875 360.202667236328125 91.56221771240234375 nan nan nan nan nan nan nan nan nan nan nan nan nan nan nan 1.1512582302093505859 278.66302490234375 733.45135498046875 968.761474609375 1473.174072265625 1778.576171875 1546.1160888671875 1072.451904296875 711.29864501953125 76.5493316650390625 nan nan nan nan nan nan nan nan
1037.917724609375 1042.455810546875 920.9415283203125 2009.3216552734375 2753.545654296875 3246.748046875 3646.87646484375 4254.17529296875 4243.95166015625 4118.890625 4159.6240234375 3776.407470703125 3749.717041015625 2687.1748046875 1268.8634033203125 549.08282470703125 7.8246150016784667969 nan nan nan nan nan nan nan nan nan nan nan nan nan nan nan 106.47415924072265625 499.441986083984375 834.515869140625 1273.7115478515625 1836.5323486328125 2041.4720458984375 1291.006103515625 1187.614501953125 804.54736328125 382.75811767578125 22.201366424560546875 nan nan nan nan nan nan nan
3106.8056640625 2404.04931640625 1857.2562255859375 2403.1953125 3028.1416015625 2973.0693359375 3293.64599609375 3636.38818359375 4081.6455078125 4317.55859375 4092.045166015625 3879.84521484375 3656.37255859375 2882.58740234375 1254.2916259765625 186.520233154296875 38.75144195556640625 nan nan nan nan nan nan nan nan nan nan nan nan nan nan nan 171.7374114990234375 636.97454833984375 1230.58447265625 1829.8583984375 2257.0263671875 1961.3482666015625 1713.6357421875 1150.8702392578125 1267.5948486328125 481.6585693359375 126.11017608642578125 nan nan nan nan nan nan nan
4993.91455078125 3389.755126953125 2894.30810546875 2528.7685546875 2686.747314453125 2991.725830078125 2624.096435546875 3357.344482421875 3726.4990234375 3817.96240234375 4223.28564453125 4126.5087890625 3716.951904296875 2773.37353515625 1251.927490234375 289.90057373046875 59.949977874755859375 nan nan nan nan nan nan nan 13.131010055541992188 84.642791748046875 nan nan nan nan nan 62.955173492431640625 300.97222900390625 944.9154052734375 1706.6824951171875 2540.115966796875 2345.173095703125 2252.881103515625 1880.9033203125 1903.312255859375 1313.6121826171875 1154.4801025390625 213.1881561279296875 nan nan nan nan nan nan nan
5076.52197265625 3787.674072265625 2957.507080078125 2586.16796875 2437.347900390625 2590.753173828125 2690.384033203125 3093.70849609375 3709.804443359375 3755.501220703125 3968.07568359375 4516.5498046875 3747.907470703125 2899.648193359375 1351.783447265625 528.51513671875 37.942119598388671875 nan nan nan nan nan nan 13.131010055541992188 97.7738037109375 97.7738037109375 84.642791748046875 nan nan nan nan 151.97674560546875 717.66448974609375 1125.6781005859375 1760.6036376953125 2336.61328125 2638.57958984375 2264.99755859375 2150.341064453125 2116.361328125 1898.4822998046875 1400.4423828125 737.89923095703125 49.849285125732421875 nan nan nan nan nan nan
4634.82373046875 3815.34033203125 2685.311279296875 1946.049072265625 2382.896484375 2607.330322265625 2430.4453125 3106.303955078125 3845.818359375 4387.57177734375 3913.782958984375 4117.29931640625 4333.88916015625 2942.86083984375 1638.64892578125 470.5050048828125 98.55736541748046875 nan nan nan nan nan 13.131010055541992188 97.7738037109375 97.7738037109375 97.7738037109375 97.7738037109375 84.642791748046875 nan nan nan 236.2990570068359375 815.206787109375 1377.086181640625 1556.9990234375 1924.4058837890625 2135.3310546875 2102.618896484375 1676.44482421875 2338.268798828125 2563.921875 1898.9586181640625 898.5845947265625 217.53826904296875 nan nan nan nan nan nan
3984.74560546875 3346.7880859375 2026.3427734375 2420.51025390625 2225.072021484375 1917.9764404296875 3094.39697265625 3139.60546875 3559.4404296875 3987.538330078125 4170.57763671875 3995.10791015625 3847.07177734375 3218.13916015625 1695.244140625 590.48583984375 81.1934967041015625 20.21495819091796875 nan nan nan nan nan 13.131010055541992188 97.7738037109375 97.7738037109375 84.642791748046875 nan nan nan 104.8566741943359375 488.765869140625 970.5897216796875 1275.361572265625 1842.12646484375 1477.985595703125 1416.1796875 1611.1268310546875 2020.43603515625 2373.0478515625 2787.92041015625 2084.674560546875 1372.1402587890625 438.921844482421875 3.6954317092895507812 nan nan nan nan nan
4325.4892578125 2798.953857421875 2919.283447265625 2706.066650390625 2751.359619140625 2508.84814453125 2846.096923828125 3701.056640625 3189.9501953125 3375.130615234375 3835.484375 3795.90185546875 3730.38916015625 3171.7099609375 1764.558837890625 804.63031005859375 320.180938720703125 322.649444580078125 20.21495819091796875 nan nan nan nan nan 13.131010055541992188 84.642791748046875 nan nan nan nan 216.01849365234375 774.5777587890625 1113.00439453125 1573.7054443359375 1574.5064697265625 1606.55322265625 1343.8797607421875 1442.20263671875 2131.549072265625 2524.1865234375 2802.673828125 2588.33349609375 1677.2840576171875 622.49285888671875 162.9412841796875 nan nan nan 43.615509033203125 nan
3807.949462890625 3492.704833984375 3241.645751953125 3559.597412109375 3767.427734375 3891.203857421875 3096.294189453125 3106.024169921875 3558.985595703125 3401.091796875 3024.001953125 3455.625 3538.20166015625 3093.206787109375 2217.8291015625 1268.2724609375 751.17559814453125 902.47222900390625 561.69482421875 20.21495819091796875 nan nan nan nan nan nan nan nan nan 65.2483978271484375 355.7236328125 776.037109375 1379.499755859375 1902.58056640625 1835.8525390625 1520.5560302734375 1535.5535888671875 1672.1783447265625 1991.3717041015625 2584.6259765625 2912.095458984375 2800.0078125 1846.7584228515625 1071.3870849609375 276.440032958984375 nan nan 156.142120361328125 235.3729248046875 43.615509033203125
3504.557861328125 4010.955810546875 4410.49072265625 4242.1689453125 4682.5634765625 4634.73388671875 3891.43603515625 3635.7919921875 3625.808349609375 2979.8427734375 2796.72900390625 3488.227783203125 3101.9130859375 2951.022216796875 3212.758544921875 2159.44189453125 1679.779296875 1559.72900390625 1166.5291748046875 460.286376953125 nan 90.614990234375 nan nan nan nan nan nan nan 137.6918792724609375 590.38177490234375 999.508056640625 1488.8597412109375 1908.7703857421875 1950.955078125 1604.321533203125 1360.3221435546875 1419.9840087890625 1629.2047119140625 2317.467041015625 2514.607666015625 2320.37109375 1751.7020263671875 1111.208251953125 409.2965087890625 93.78021240234375 420.6151123046875 735.7730712890625 408.521575927734375 235.3729248046875
4454.984375 4445.52099609375 4377.80322265625 5000.85302734375 5063.28271484375 4690.89453125 4357.7958984375 4227.591796875 3278.522705078125 2741.338134765625 2637.845703125 3485.40869140625 2956.2421875 3520.31005859375 3193.759765625 3542.2548828125 2578.666015625 2159.740966796875 1726.87060546875 838.99005126953125 381.75927734375 111.34356689453125 90.614990234375 nan nan nan nan nan 28.901111602783203125 294.87750244140625 856.99212646484375 1257.969482421875 1740.483642578125 1865.78759765625 1854.8935546875 1392.8468017578125 907.02838134765625 799.9322509765625 1091.5888671875 1351.6468505859375 1584.324951171875 1642.706298828125 1431.5787353515625 562.26885986328125 205.5029449462890625 526.21435546875 1050.4107666015625 1060.8681640625 796.3951416015625 408.521575927734375
4090.683837890625 4043.287109375 4655.9345703125 5042.55517578125 5062.25244140625 4579.72607421875 4478.26904296875 3843.92236328125 2932.89208984375 2563.96630859375 3286.55224609375 2474.091064453125 3615.70849609375 3148.268310546875 2996.4892578125 3095.9873046875 3484.793701171875 2461.85693359375 1803.876953125 1423.0181884765625 415.29180908203125 167.2420501708984375 111.34356689453125 90.614990234375 nan nan nan nan 128.560577392578125 640.4144287109375 1089.85791015625 1583.3416748046875 1894.186279296875 1945.7860107421875 1643.9132080078125 1018.00604248046875 481.36334228515625 308.1512451171875 535.4903564453125 703.26226806640625 803.12542724609375 1048.962890625 773.2303466796875 309.765350341796875 413.687713623046875 746.12677001953125 919.27545166015625 1111.0328369140625 1060.8681640625 640.2530517578125
3388.308349609375 3485.193603515625 3888.051025390625 4212.4677734375 4389.775390625 4292.03271484375 4055.5 3161.640869140625 2352.9033203125 2699.6259765625 2418.783935546875 3218.248779296875 2750.169189453125 3561.4794921875 2793.0009765625 2642.0185546875 1956.4615478515625 2245.658447265625 1644.180419921875 1217.9342041015625 1028.5164794921875 259.3018798828125 167.2420501708984375 20.728580474853515625 nan nan nan 19.769805908203125 388.26025390625 922.625244140625 1538.4503173828125 2261.90966796875 1989.417724609375 1971.4306640625 1402.3685302734375 874.1475830078125 198.8784637451171875 21.475009918212890625 310.951171875 324.595672607421875 548.2821044921875 648.16766357421875 538.58502197265625 247.2965240478515625 93.78021240234375 358.253204345703125 746.12677001953125 825.4952392578125 640.2530517578125 60.622051239013671875
2880.8076171875 3088.503173828125 3170.260009765625 3258.33642578125 3558.59814453125 3612.039306640625 3224.895751953125 2606.78759765625 2161.930908203125 1262.237060546875 2896.49853515625 3838.493896484375 3660.993896484375 2601.450927734375 3492.907470703125 1937.3460693359375 1476.5028076171875 1799.4808349609375 1277.472412109375 1298.1888427734375 672.65850830078125 696.85687255859375 116.58802032470703125 3.7996027469635009766 nan nan 19.769805908203125 181.6560821533203125 493.22265625 1040.89599609375 1845.2275390625 2379.220458984375 2557.80126953125 1752.897705078125 1250.3316650390625 492.851318359375 108.5932464599609375 nan 21.475009918212890625 217.896575927734375 447.221160888671875 701.34405517578125 625.06640625 358.8680419921875 92.06807708740234375 93.78021240234375 264.472991943359375 387.873565673828125 60.622051239013671875 nan
3356.1728515625 2952.806884765625 2550.378173828125 2183.676025390625 2533.75341796875 2717.611328125 2435.713134765625 1976.3656005859375 1245.5899658203125 1922.167236328125 2468.391357421875 4066.243896484375 4016.787353515625 4230.64501953125 3354.83251953125 3136.91796875 1940.5076904296875 1972.88037109375 1927.5902099609375 1075.3509521484375 985.55206298828125 339.55908203125 160.3540802001953125 nan nan nan nan 99.89641571044921875 419.420745849609375 1123.6046142578125 1725.402587890625 2023.819091796875 1995.1436767578125 1728.6903076171875 915.993408203125 439.508026123046875 19.98332977294921875 nan nan 240.5222930908203125 497.287750244140625 625.06640625 613.83172607421875 613.83172607421875 358.8680419921875 92.06807708740234375 nan nan nan nan
3059.7626953125 2408.447509765625 1841.086181640625 2147.31201171875 1832.241455078125 2195.66162109375 1980.1187744140625 1369.873779296875 751.7254638671875 621.76580810546875 1883.119140625 2972.83740234375 4063.19287109375 4080.0341796875 3593.044921875 3506.257080078125 3299.140380859375 2719.522216796875 2083.39892578125 1580.86767578125 746.93292236328125 512.99896240234375 19.0227813720703125 nan nan nan nan nan 99.89641571044921875 446.579010009765625 1122.0552978515625 1178.5242919921875 1257.17578125 861.02227783203125 572.68670654296875 19.98332977294921875 nan nan nan nan 254.9636688232421875 521.76361083984375 613.83172607421875 394.784423828125 216.5437164306640625 88.55925750732421875 3.3341042995452880859 126.98333740234375 nan nan
2895.1669921875 1764.005126953125 2401.407470703125 2216.426513671875 3097.984619140625 2461.74658203125 2388.947265625 1056.3853759765625 201.0344085693359375 273.60601806640625 829.89178466796875 1742.129638671875 2311.353759765625 3227.074951171875 3677.300048828125 3207.08984375 3463.66796875 3102.009033203125 2349.0009765625 1224.1390380859375 608.70849609375 32.354572296142578125 nan nan nan nan 60.7155914306640625 101.8800048828125 nan 80.12660980224609375 204.566131591796875 652.85064697265625 364.71124267578125 444.110107421875 19.98332977294921875 nan nan nan nan nan nan 254.9636688232421875 302.716339111328125 216.5437164306640625 88.55925750732421875 3.3341042995452880859 130.31744384765625 130.31744384765625 126.98333740234375 nan
1956.57080078125 2885.40478515625 2618.2939453125 4154.30517578125 3834.53369140625 4742.9697265625 3169.715087890625 1822.7777099609375 777.6104736328125 760.1256103515625 1261.86181640625 1084.334716796875 1734.046630859375 2793.33251953125 3161.846923828125 3129.02880859375 3150.18115234375 2892.125244140625 1936.47998046875 1015.1353759765625 102.1548919677734375 nan nan nan nan 60.7155914306640625 193.21026611328125 338.4814453125 101.8800048828125 nan nan 46.928070068359375 133.1786651611328125 nan nan nan nan nan nan nan nan nan 35.916385650634765625 88.55925750732421875 3.3341042995452880859 130.31744384765625 130.31744384765625 130.31744384765625 130.31744384765625 126.98333740234375
