ForecastVariables/BuildingPerimeter_500m/BuildingPerimeter_Focal_Random4.asc
ncols        529
nrows        344
xllcorner    2700.000000000000
yllcorner    15900.000000000000
cellsize     100.000000000000
NODATA_value  nan
[rows 110 to 131 of 344, columns 255 to 305 of 529]
5258.81298828125 4440.56103515625 3653.988525390625 5159.1103515625 6223.13427734375 6697.88330078125 5945.9990234375 4942.7265625 3988.095458984375 3466.0703125 3301.98046875 4433.677734375 5713.259765625 5768.57421875 4754.97412109375 3726.162109375 3416.81982421875 3084.0751953125 4009.71533203125 4398.1064453125 4511.83349609375 4442.6240234375 3679.168701171875 3355.521240234375 3202.396484375 3833.88623046875 3061.02783203125 2842.06103515625 3889.25 5177.5439453125 6284.94189453125 6430.19091796875 5452.474609375 4265.3759765625 3383.62841796875 3769.18701171875 4144.8388671875 4158.369140625 4146.32421875 5047.2353515625 5461.41015625 6485.7294921875 6841.83349609375 6664.42529296875 5945.15380859375 5317.55078125 4689.01220703125 4855.3271484375 5745.07568359375 5525.24658203125 5026.5361328125
5029.72216796875 3359.43994140625 3659.753662109375 4444.98193359375 5317.1279296875 5551.36376953125 4849.31396484375 4679.0771484375 5295.37841796875 3899.907470703125 3735.7724609375 3973.862060546875 5162.513671875 5723.11328125 4557.1630859375 3594.757568359375 2563.639892578125 3396.245849609375 3563.204345703125 4123.82275390625 4375.63525390625 3925.561279296875 3382.38134765625 3317.97802734375 3528.54931640625 3219.986083984375 2612.10791015625 1746.866455078125 2573.475341796875 4565.21044921875 7011.02392578125 7799.11962890625 7008.4501953125 5717.83154296875 5202.57080078125 4816.00146484375 5654.71533203125 5386.52392578125 5430.10595703125 5314.36474609375 6002.72705078125 6598.7373046875 7159.84375 6607.416015625 5935.111328125 4581.138671875 4031.793701171875 4953.51953125 5651.71337890625 5881.05908203125 5703.150390625
4119.45263671875 3884.739013671875 4133.98681640625 4227.0556640625 4258.62548828125 4736.34033203125 4537.86181640625 4711.02294921875 4574.587890625 4629.3037109375 3863.36083984375 3681.58251953125 3895.59912109375 4672.2900390625 4798.939453125 3980.75537109375 3407.401611328125 3045.465087890625 3832.618896484375 3736.61328125 4057.088134765625 3639.461669921875 3415.7705078125 3760.372314453125 3313.718017578125 2541.0263671875 1945.1134033203125 1369.137939453125 1880.041259765625 4956.5830078125 8072.19140625 9590.9404296875 9385.1865234375 8367.7998046875 7402.76318359375 7174.353515625 6692.794921875 6661.6025390625 6204.04541015625 6088.68701171875 6184.85302734375 6827.546875 6841.26318359375 6318.7587890625 5257.5703125 4503.55419921875 4392.171875 5653.8359375 6364.35302734375 6918.08740234375 6204.72998046875
4318.68212890625 4021.04443359375 4237.966796875 4432.6962890625 4966.34521484375 4652.4130859375 5069.05224609375 4896.96240234375 4495.28515625 4817.59521484375 4124.2666015625 3286.836181640625 3775.51708984375 4237.07666015625 4435.5419921875 4261.8349609375 3857.4384765625 3372.598876953125 3085.94775390625 3914.773193359375 3418.1494140625 3639.412109375 4012.453369140625 3445.8251953125 3313.8720703125 2720.24267578125 1917.4754638671875 1315.7684326171875 2147.142333984375 5357.41748046875 8738.2880859375 11305.1513671875 12230.421875 10490.396484375 8702.0595703125 8112.21630859375 8154.7470703125 7028.63818359375 6338.494140625 6230.1787109375 6430.49169921875 6361.55029296875 6396.32373046875 6020.4921875 5469.93408203125 6400.02392578125 6865.5859375 7813.24755859375 8942.841796875 8806.87109375 8250.6494140625
3018.426025390625 3556.84228515625 3576.66748046875 4947.4853515625 5537.5546875 5010.2392578125 4652.22998046875 4871.0283203125 5091.1474609375 5073.55029296875 4569.61767578125 3833.063720703125 3799.1123046875 4244.59716796875 4536.40625 4262.73291015625 4097.6376953125 3527.6240234375 3021.394775390625 2994.571044921875 3247.9521484375 3672.31494140625 4120.67529296875 3925.401611328125 3585.64404296875 3003.435302734375 2026.7569580078125 1291.510009765625 2834.34228515625 6008.82373046875 9496.822265625 12190.32421875 12950.5771484375 11524.515625 9506.123046875 8414.3623046875 7885.80859375 6808.31298828125 5860.1142578125 5784.3134765625 5923.36083984375 5747.8740234375 5728.28662109375 6009.5458984375 6473.8642578125 7715.2255859375 8632.2548828125 10456.435546875 11664.298828125 10612.095703125 10046.236328125
2394.515380859375 1990.0152587890625 3323.42578125 4194.15234375 4665.35205078125 4638.33203125 4335.8935546875 4845.3037109375 5486.48388671875 5199.76123046875 5264.431640625 4799.56884765625 4318.64306640625 4507.3046875 4723.69677734375 4542.447265625 3537.287841796875 3418.925048828125 2715.492431640625 2603.525390625 3392.916259765625 4011.3740234375 4029.82080078125 4325.248046875 3744.920166015625 3390.57080078125 2496.19580078125 2085.26220703125 3904.8115234375 7147.287109375 10511.80859375 12360.04296875 12218.86328125 11450.9892578125 9822.8740234375 8463.2041015625 8049.29052734375 7116.8740234375 5848.3876953125 5369.751953125 5113.287109375 5200.4814453125 4796.83984375 5845.3173828125 7557.5146484375 8382.310546875 9213.0009765625 11862.8642578125 11637.5029296875 11020.7763671875 11054.6220703125
1300.9822998046875 1879.866943359375 2078.14404296875 2533.377197265625 2995.09814453125 3688.65380859375 3843.89501953125 4067.387451171875 5057.79833984375 5616.619140625 5677.45263671875 5055.748046875 5001.79150390625 5070.15234375 4847.67724609375 4525.06494140625 3639.88818359375 2939.15185546875 3174.291259765625 2701.632080078125 3837.92236328125 3821.462646484375 3954.354736328125 3978.043212890625 3769.144287109375 3942.86474609375 3196.808349609375 3466.260986328125 5319.08203125 8201.66796875 11387.8544921875 12475.6201171875 11451.0576171875 10199.7080078125 9116.7705078125 8859.501953125 8708.2119140625 7760.814453125 6795.2392578125 5959.80517578125 5724.74267578125 5117.73876953125 4310.6865234375 5124.55224609375 7533.8974609375 8750.962890625 11155.7197265625 11182.125 10668.912109375 10912.7490234375 10281.5732421875
2202.12060546875 2099.447021484375 1870.2054443359375 1542.1640625 2487.569580078125 2094.093017578125 2680.30224609375 3352.115966796875 3954.551025390625 4615.7373046875 4578.2783203125 4668.41552734375 4614.35498046875 4559.7900390625 4334.71533203125 4134.4365234375 4228.22021484375 3572.333740234375 3202.13525390625 3407.968994140625 3408.42431640625 3715.654296875 3798.7861328125 3847.2265625 4110.740234375 3945.8095703125 3756.10400390625 4552.63525390625 7160.60693359375 9939.1337890625 11399.2734375 11736.6416015625 10843.90625 8558.6064453125 8410.517578125 8846.8125 9639.357421875 9494.5908203125 8304.9462890625 7661.123046875 7336.75634765625 6576.4033203125 5784.16015625 6091.015625 7442.98828125 10506.27734375 10895.349609375 10528.365234375 11328.02734375 11901.0869140625 9856.455078125
3814.956787109375 3122.457763671875 2334.39599609375 2534.095947265625 2378.3701171875 2013.5853271484375 1597.5634765625 2169.691650390625 2545.810791015625 2722.043212890625 2907.794921875 2796.78369140625 2695.96337890625 3463.885986328125 3519.542236328125 3650.09814453125 3919.998779296875 4122.7734375 3461.703125 3592.863037109375 3444.16455078125 3872.45751953125 3874.9609375 3612.79248046875 3874.115478515625 4084.450927734375 4511.2451171875 5767.0205078125 7944.375 11356.2451171875 12271.1484375 10749.2734375 9247.560546875 7909.95703125 7479.73779296875 8296.7216796875 9424.2275390625 10206.775390625 10146.1015625 9776.4638671875 8708.03515625 7614.7607421875 7104.14599609375 7924.79345703125 9141.544921875 10831.7470703125 11438.693359375 11777.94921875 12381.880859375 10425.033203125 10273.0185546875
5527.919921875 4568.59375 4144.36083984375 3737.21630859375 3091.481689453125 2808.478271484375 3050.733642578125 1727.7449951171875 2315.093994140625 2147.990234375 1772.5797119140625 971.33209228515625 1382.3778076171875 1965.37548828125 2557.958251953125 2365.711669921875 2775.468505859375 3443.2646484375 3921.2470703125 3137.44873046875 3463.638671875 4096.50439453125 4169.87109375 3981.75439453125 4436.3154296875 4093.5947265625 5142.36279296875 6562.3427734375 9246.4375 11843.9482421875 11939.9609375 10688.087890625 8638.908203125 7883.44384765625 7219.82763671875 7562.130859375 9205.4169921875 9596.7109375 9853.302734375 10226.0107421875 10620.763671875 9156.2919921875 7894.83251953125 8174.11328125 9959.3115234375 11648.4365234375 12100.92578125 13366.02734375 11817.5849609375 11282.3994140625 10771.87109375
5864.693359375 5142.03759765625 4357.5244140625 4210.599609375 4079.578369140625 4150.26318359375 3230.755615234375 3457.231201171875 2939.985595703125 2981.49169921875 2449.482177734375 1862.599853515625 1125.0517578125 880.18243408203125 967.3697509765625 1717.93505859375 1705.96142578125 2698.765869140625 2756.25390625 3106.162841796875 4090.3837890625 4104.22119140625 4155.390625 4611.03759765625 4400.70166015625 4783.4091796875 5059.35791015625 6589.94287109375 9732.0791015625 11079.904296875 11996.517578125 10848.83984375 9108.4833984375 7894.19775390625 7215.22412109375 8259.2177734375 8529.501953125 9444.5771484375 9522.8779296875 10442.98828125 10402.54296875 10078.86328125 8366.66796875 9081.189453125 10874.8603515625 12315.7529296875 12468.3779296875 12413.6513671875 12239.19140625 12600.2138671875 11597.0771484375
5966.697265625 5237.01416015625 4049.981201171875 4047.016357421875 4823.44873046875 4159.982421875 4107.1083984375 4337.15380859375 5095.3310546875 4174.54931640625 3550.813720703125 2817.363037109375 1958.5714111328125 1192.5283203125 476.477508544921875 152.4811553955078125 1250.22314453125 1394.0384521484375 1821.64208984375 2560.225341796875 3957.615234375 4538.47314453125 4525.861328125 4527.16943359375 4520.912109375 5308.8818359375 5256.431640625 6384.77001953125 9239.2626953125 11492.71875 11408.0380859375 10766.7001953125 9200.5712890625 8732.5634765625 8749.5966796875 8169.62548828125 8599.1826171875 9208.0634765625 9672.826171875 9676.7587890625 9668.748046875 9526.0126953125 8978.423828125 8834.7080078125 10786.416015625 12525.5224609375 12598.3056640625 11615.28125 12777.1162109375 12540.935546875 11221.2041015625
5203.78076171875 4348.92041015625 4281.806640625 3964.506103515625 3821.97216796875 4322.47900390625 4371.884765625 5143.40869140625 4745.52587890625 5172.9150390625 4633.359375 3429.715576171875 2978.438720703125 2234.202392578125 995.29803466796875 89.6524810791015625 153.927337646484375 870.34515380859375 1438.51708984375 2286.92041015625 2838.31689453125 4030.401123046875 4992.2939453125 4638.3134765625 4989.849609375 5029.8955078125 5057.11083984375 6029.76025390625 8149.77783203125 10800.93359375 11436.693359375 9624.75390625 9557.3759765625 9451.3076171875 9809.7724609375 9083.58203125 8060.72119140625 8922.333984375 9434.2685546875 8760.6943359375 8480.171875 8558.822265625 8695.9404296875 8782.2470703125 10019.396484375 11934.62890625 12186.5068359375 12054.765625 12231.2177734375 12025.3291015625 11116.0048828125
4342.18798828125 5146.76611328125 4357.7646484375 4318.845703125 4607.54443359375 3715.73974609375 5034.546875 4400.54833984375 5010.05224609375 5337.306640625 5362.7451171875 4639.18115234375 3920.638671875 3809.073974609375 2323.636474609375 1450.18994140625 142.5781402587890625 100.0101470947265625 683.19708251953125 1703.680419921875 2570.171875 3736.222412109375 4411.0712890625 5167.59521484375 4883.2705078125 4731.79443359375 4714.60546875 6435.28857421875 7844.5673828125 9630.318359375 10592.162109375 10304.853515625 10079.08203125 10054.640625 9678.787109375 9383.005859375 8937.5048828125 9075.7841796875 8326.412109375 7664.0390625 7249.845703125 7161.18310546875 6949.587890625 7724.05810546875 9191.802734375 10786.466796875 11959.1904296875 12079.6083984375 11846.630859375 12269.3818359375 11040.4462890625
5324.0947265625 4634.91259765625 4809.3603515625 4358.39453125 4319.62939453125 4972.71484375 3961.5615234375 4847.53125 5285.876953125 5155.9287109375 5022.4609375 5347.2412109375 5711.07470703125 4624.03759765625 4070.902099609375 2855.271240234375 1320.1923828125 268.666046142578125 514.9674072265625 952.38140869140625 2467.740966796875 3140.736083984375 3953.68212890625 4140.779296875 5235.40625 5061.6181640625 4927.40380859375 6054.078125 8040.8740234375 9902.5126953125 10348.08203125 10524.33203125 10071.8759765625 10782.8056640625 10979.2548828125 9599.0185546875 9075.2265625 9009.1748046875 7941.1865234375 6830.955078125 6177.4423828125 5667.81640625 5958.0380859375 5868.78564453125 6845.62841796875 9262.7666015625 11091.7958984375 11124.583984375 11094.1533203125 11127.0947265625 10349.0654296875
5171.62744140625 5260.16357421875 4099.69287109375 4362.435546875 3992.701171875 4858.533203125 4589.5859375 4029.318115234375 5560.763671875 4755.07568359375 4537.1484375 5518.18408203125 5693.21630859375 5818.36474609375 4827.3564453125 3839.461669921875 2006.7213134765625 1306.1497802734375 837.224609375 1066.80908203125 1681.764892578125 2638.34326171875 2914.1689453125 3965.2314453125 4419.662109375 5428.5048828125 5196.81591796875 5784.87841796875 8259.28515625 9889.23046875 10681.5859375 10114.5634765625 10023.3037109375 10668.5908203125 10460.8076171875 9547.8681640625 8011.365234375 7835.5302734375 7375.84033203125 6458.791015625 4602.08447265625 4518.97705078125 3986.430419921875 4129.03369140625 4954.251953125 7007.96533203125 8463.3037109375 9083.2236328125 9265.4833984375 9533.1328125 8020.79248046875
7086.296875 4209.70166015625 4142.205078125 4170.943359375 4921.55029296875 4494.2919921875 4417.96240234375 4691.21728515625 4342.302734375 4787.51220703125 4578.09716796875 4724.4677734375 5090.98583984375 5925.1845703125 5667.1484375 3220.0224609375 2856.44970703125 1947.4095458984375 1124.0870361328125 1028.748046875 1820.7828369140625 1770.8154296875 2546.7734375 3124.84423828125 3358.26220703125 3786.36865234375 5470.87451171875 6363.85888671875 7309.56884765625 9352.07421875 9494.494140625 9952.671875 10289.544921875 9805.8994140625 8545.2119140625 7477.544921875 6464.31201171875 6555.7841796875 6590.00439453125 4641.84912109375 3840.6279296875 3289.793212890625 2517.413818359375 2251.001953125 4087.736572265625 5381.1484375 6053.86767578125 6872.83984375 7382.1552734375 6565.13427734375 7587.45751953125
7286.8681640625 6894.9873046875 4527.34765625 5163.41845703125 5489.38623046875 4581.6826171875 5313.5263671875 5601.1142578125 4966.12890625 5412.66845703125 5673.2646484375 4953.6884765625 5609.447265625 5733.3359375 4876.7939453125 4312.5732421875 3082.653076171875 2339.333251953125 1487.527099609375 1932.0689697265625 1177.7939453125 1451.17626953125 1586.447998046875 1991.259765625 2890.075927734375 3608.85693359375 4218.2666015625 6071.80224609375 7039.0458984375 7868.50830078125 8812.6796875 9027.5361328125 9212.1826171875 8519.931640625 7073.90576171875 5444.97509765625 4768.2734375 5403.2275390625 4944.33154296875 3896.3720703125 2913.49853515625 2957.629638671875 2380.037353515625 2466.2412109375 3454.518310546875 5359.63525390625 5676.71484375 5629.10498046875 5819.80908203125 6637.01416015625 6214.08740234375
9132.9052734375 7527.23388671875 7899.654296875 6784.59619140625 6400.244140625 5562.83544921875 5512.84716796875 5951.912109375 6437.02587890625 7189.93505859375 6418.12939453125 6836.40576171875 7043.65771484375 5936.1162109375 4163.4267578125 3954.356201171875 3281.11767578125 2279.0341796875 2871.319091796875 1967.98876953125 1894.2230224609375 1606.892333984375 1729.360595703125 1658.19677734375 2971.116943359375 4002.74853515625 4146.484375 5379.0791015625 7008.810546875 7108.87890625 7653.44140625 7571.9169921875 7163.77197265625 7048.77685546875 6387.6484375 5011.90478515625 4252.23828125 4697.1318359375 4830.0712890625 4820.43505859375 3502.891845703125 3109.575439453125 4394.17626953125 4102.13134765625 4701.0654296875 5831.46044921875 6611.96875 5603.923828125 5967.826171875 6858.333984375 7834.1298828125
8413.453125 9001.796875 8041.07763671875 7848.33935546875 6195.55615234375 6197.16357421875 5260.24755859375 5748.9501953125 7479.51123046875 7818.462890625 8827.7626953125 8485.6220703125 7720.19189453125 6426.94140625 4251.4658203125 3620.4423828125 2752.657958984375 3339.45751953125 2777.756591796875 3049.13427734375 2845.9267578125 2958.150146484375 2177.550048828125 3010.9150390625 3163.858154296875 4550.06884765625 5004.9521484375 5534.0107421875 5798.6669921875 6270.37890625 6033.380859375 5822.37548828125 6049.904296875 5576.89013671875 5059.20849609375 4425.31494140625 4925.498046875 5360.04296875 5768.02490234375 4928.09619140625 4421.52587890625 4450.34033203125 5120.01708984375 6138.486328125 6637.07470703125 5854.11279296875 5658.083984375 5640.70556640625 6150.40234375 7258.99853515625 8060.64990234375
8126.1142578125 7337.14306640625 7657.09619140625 6598.64111328125 5356.10400390625 4286.49072265625 4152.13671875 5439.3203125 7221.5615234375 8135.177734375 9215.0205078125 10112.6474609375 8586.7490234375 6911.28125 5072.33837890625 3007.624267578125 3466.9638671875 3613.857666015625 4600.39013671875 3657.017822265625 4293.17138671875 3108.629638671875 3483.960693359375 3614.38427734375 3556.436279296875 3839.219482421875 5185.84912109375 5338.751953125 5154.38720703125 4590.01318359375 4206.3173828125 4531.0546875 4648.99755859375 4794.6025390625 3854.222412109375 4601.1376953125 4832.54443359375 5945.08251953125 5223.46826171875 4458.23681640625 4771.6103515625 5055.8154296875 5869.00146484375 6547.8349609375 6702.13427734375 6085.57763671875 4443.1982421875 4929.51513671875 5223.005859375 6334.447265625 7428.21142578125
6521.69482421875 6244.744140625 6164.46728515625 5805.697265625 3973.989990234375 2166.98828125 2994.89111328125 4574.06103515625 6150.04345703125 7867.7890625 8710.7431640625 9559.03515625 9316.701171875 7332.12158203125 4908.91162109375 3808.609130859375 3675.693115234375 5062.375 5042.42431640625 5609.62353515625 4165.51416015625 4211.501953125 3356.070068359375 2806.514404296875 3542.794189453125 3255.89697265625 3229.852294921875 4374.904296875 4168.82958984375 3671.56982421875 3149.009765625 3280.531494140625 3766.2490234375 3728.00390625 3991.2041015625 3860.9873046875 4530.568359375 4633.73779296875 4696.892578125 4197.8955078125 3693.735595703125 4725.35107421875 5600.9296875 6184.623046875 5752.328125 5132.90283203125 4646.5263671875 3815.84033203125 4689.25146484375 4826.06005859375 5760.796875
