ForecastVariables/BuildingPerimeter_500m/BuildingPerimeter_Focal_Random3.asc
ncols        529
nrows        344
xllcorner    2700.000000000000
yllcorner    15900.000000000000
cellsize     100.000000000000
NODATA_value  nan
[rows 198 to 219 of 344, columns 0 to 50 of 529]
nan nan nan nan nan nan nan nan nan nan nan 186.3297576904296875 606.17547607421875 1446.299560546875 2482.386474609375 2846.609619140625 2517.050048828125 2464.681640625 2966.8701171875 3135.746826171875 4096.173828125 3711.224365234375 3692.5234375 2967.37109375 3423.6025390625 2915.878173828125 3139.025634765625 2166.724853515625 2016.3770751953125 1696.021728515625 2552.080322265625 2627.164306640625 2758.105712890625 2438.486572265625 2250.20361328125 2809.37841796875 3084.4658203125 2625.986328125 2786.094482421875 2148.394287109375 2043.442138671875 1732.0693359375 1953.03125 2478.53564453125 1940.97265625 1238.37841796875 562.30712890625 nan nan nan nan
nan nan nan nan nan nan nan nan nan nan nan nan 428.062347412109375 1521.1470947265625 2010.59228515625 2415.59130859375 2487.7548828125 2291.293212890625 2076.573974609375 2971.42041015625 3268.19482421875 3500.986572265625 2689.800048828125 3152.222412109375 2868.47802734375 3359.985595703125 2652.483642578125 2815.135498046875 2067.875244140625 2669.087890625 2786.495849609375 2951.31591796875 2771.5048828125 2395.95556640625 1893.8125 2480.396240234375 1892.7696533203125 1585.6507568359375 1968.8551025390625 1945.4412841796875 1627.5042724609375 1579.507568359375 1637.0050048828125 2210.344970703125 1630.3250732421875 1331.93896484375 1161.6400146484375 682.79144287109375 nan nan nan
nan nan nan nan nan nan nan nan nan nan nan nan 344.1199951171875 1270.206298828125 1708.3177490234375 2370.4658203125 2191.458984375 2102.55517578125 2011.5147705078125 2611.074951171875 2936.541259765625 2535.252685546875 2518.697265625 2258.084228515625 3095.0947265625 3113.4169921875 3676.406494140625 2918.61669921875 2957.288818359375 3028.216796875 3542.108642578125 3118.3173828125 3378.69921875 2276.102294921875 1993.4403076171875 1623.54052734375 1669.7899169921875 1673.27880859375 1657.1087646484375 1673.5374755859375 1599.990966796875 1163.757080078125 972.6502685546875 1112.564208984375 1509.33642578125 1335.144287109375 1331.538818359375 680.64190673828125 265.852264404296875 nan nan
nan nan nan nan nan nan nan nan nan nan nan nan nan 359.0098876953125 1506.9881591796875 2246.935546875 1989.552490234375 1847.5274658203125 2364.842529296875 2661.93310546875 2367.18701171875 2355 2103.673095703125 2506.5341796875 2755.331787109375 3689.878662109375 3293.2421875 3541.016845703125 3314.03076171875 3580.737548828125 3122.963134765625 3570.71337890625 2960.578125 2614.5673828125 1757.6522216796875 1536.0098876953125 1912.1422119140625 1840.036865234375 2002.790283203125 1851.3453369140625 1299.280517578125 702.99090576171875 415.307220458984375 435.856292724609375 967.1038818359375 1410.0025634765625 1504.6217041015625 1080.24755859375 581.87005615234375 207.9378662109375 nan
nan nan nan nan nan nan nan nan nan nan nan nan nan 352.665435791015625 1131.2711181640625 2210.98828125 2141.582275390625 2768.4267578125 2754.095703125 2830.8046875 2730.945556640625 2257.573974609375 2616.321533203125 2391.5322265625 2748.071533203125 3064.1474609375 3478.969970703125 3352.77490234375 3327.71044921875 3165.51904296875 3604.59228515625 3949.73291015625 2909.739990234375 1978.94873046875 1974.8016357421875 2139.783203125 2077.99560546875 1934.1705322265625 1828.4278564453125 1763.0089111328125 1825.571044921875 631.938232421875 527.25042724609375 257.574859619140625 536.9896240234375 1414.752685546875 1826.1673583984375 1759.716064453125 902.70654296875 198.3187408447265625 nan
nan nan nan nan nan nan nan nan nan nan nan nan nan 383.551971435546875 1222.6744384765625 2003.418212890625 2921.052734375 2962.614990234375 3056.076171875 2854.441162109375 2924.908935546875 2788.923828125 2321.5947265625 3145.525390625 2941.44140625 3017.164306640625 2753.764404296875 2760.806640625 2951.6240234375 3161.861572265625 3401.4384765625 3851.259033203125 3041.17333984375 2537.896728515625 1594.8192138671875 1614.809326171875 1812.6243896484375 1724.473388671875 1572.16796875 2038.888916015625 2199.571044921875 1820.6435546875 907.3089599609375 1342.06982421875 1590.2896728515625 1628.8326416015625 2156.1259765625 1940.4276123046875 1286.6475830078125 396.46893310546875 94.04290771484375
nan nan nan nan nan nan nan nan nan nan nan nan nan 386.517547607421875 1296.5406494140625 2586.77197265625 3080.79736328125 3313.80078125 2969.36376953125 3023.525390625 2745.7197265625 2316.7578125 2834.081298828125 3086.0751953125 3389.546630859375 2824.076904296875 2497.23876953125 2159.125244140625 2229.448974609375 2835.381103515625 3370.205078125 3474.876708984375 3458.49462890625 2395.968505859375 1522.4849853515625 1131.0047607421875 1141.9747314453125 1365.409423828125 1840.531494140625 1938.3045654296875 2335.79296875 2658.393310546875 2861.652099609375 4022.32763671875 2909.990478515625 2776.013916015625 2409.41552734375 1949.9510498046875 1421.4927978515625 1044.9556884765625 106.15360260009765625
nan nan nan nan nan nan nan nan nan nan nan nan nan 364.918731689453125 1063.51904296875 2558.52734375 3465.411865234375 3849.75390625 2883.506591796875 2937.411376953125 2335.81689453125 2554.025634765625 2839.4619140625 2952.477294921875 3095.2265625 3280.104248046875 2232.627197265625 2339.912841796875 2297.671142578125 2616.1748046875 2821.123779296875 3366.915771484375 3274.78271484375 2267.803955078125 1414.805908203125 1265.9588623046875 1213.30712890625 869.442138671875 1091.37890625 1775.4774169921875 2892.467529296875 3605.255615234375 5121.17724609375 4475.56298828125 5325.70166015625 4542.82421875 3288.42822265625 2833.66357421875 1892.9537353515625 1205.4942626953125 705.712890625
nan nan nan nan nan nan nan nan nan nan nan nan nan 239.615570068359375 1594.74658203125 2929.563232421875 3413.3955078125 3742.655029296875 3798.77587890625 3385.260986328125 2719.178955078125 2271.94384765625 2574.731201171875 2575.12939453125 2881.566650390625 2639.5263671875 3058.23974609375 2759.375732421875 2531.237548828125 2692.258544921875 2703.433349609375 3157.111572265625 2969.23388671875 2121.794189453125 1802.50830078125 1719.1368408203125 1670.8162841796875 1345.7403564453125 969.9927978515625 1977.880615234375 2658.65380859375 3833.853759765625 4869.126953125 6230.1220703125 6802.10302734375 6003.2763671875 5096.6240234375 3343.363037109375 2996.363037109375 1554.408447265625 948.2325439453125
nan nan nan nan nan nan nan nan nan nan nan nan nan 934.09539794921875 1160.64453125 3007.670166015625 3303.4892578125 3611.751953125 3668.6162109375 3508.28564453125 3027.928466796875 2680.108154296875 1890.7454833984375 2895.869384765625 2876.59228515625 2979.54052734375 2993.506103515625 3534.77783203125 2755.707275390625 2531.868408203125 2829.328857421875 3151.628173828125 2677.741455078125 2348.772216796875 1659.82666015625 1704.9959716796875 2272.572021484375 1705.4052734375 1561.5667724609375 1349.903564453125 2448.832275390625 2657.6904296875 4957.818359375 5880.41162109375 6386.1162109375 6325.86572265625 5549.29541015625 4604.189453125 2847.81005859375 2484.75048828125 948.834228515625
nan nan nan nan nan nan nan nan nan nan nan nan 912.03350830078125 1324.856201171875 2033.1031494140625 2031.517333984375 3026.2099609375 3085.08056640625 3157.282958984375 2724.04541015625 3535.308837890625 2635.73779296875 2450.958740234375 2321.69189453125 2649.393310546875 2420.59033203125 2589.230712890625 2773.311767578125 3124.517578125 2808.947265625 2590.43798828125 2376.201904296875 2455.279296875 2084.77197265625 1563.638427734375 2099.933349609375 2490.64599609375 2198.955078125 1367.30810546875 2073.987060546875 2207.4638671875 3170.959228515625 2459.45751953125 4698.36865234375 5526.50048828125 5132.240234375 5144 3693.461669921875 3689.850341796875 1502.049560546875 586.943359375
nan nan nan nan nan nan nan nan nan nan 843.11016845703125 982.39923095703125 1255.3135986328125 1991.26513671875 2184.56298828125 2504.0498046875 2105.033935546875 2980.00244140625 2478.736083984375 3166.56396484375 2727.435546875 3068.654541015625 2804.0732421875 2442.34130859375 2054.234619140625 2301.9169921875 2003.011474609375 2430.593017578125 2664.36669921875 2679.537841796875 2476.779052734375 3043.586669921875 2233.476806640625 1394.614990234375 1684.8516845703125 2453.844970703125 3110.77685546875 3021.08984375 3016.939453125 2917.89306640625 3519.406005859375 2422.365478515625 3116.683837890625 3054.4912109375 3649.06103515625 4274.68896484375 3401.755126953125 3974.915771484375 1558.7720947265625 1182.359619140625 381.2593994140625
nan nan nan nan nan nan nan 258.75360107421875 160.1034698486328125 1302.7222900390625 1463.8375244140625 1945.6441650390625 2204.898193359375 1822.682373046875 2493.225830078125 2245.9443359375 2319.321044921875 1825.1083984375 2353.332275390625 2674.828369140625 2890.45947265625 2235.97509765625 2424.959228515625 2213.315185546875 1977.2447509765625 1304.8895263671875 1393.0172119140625 2268.812744140625 2879.91650390625 2633.93017578125 2932.7490234375 3499.560546875 2759.061767578125 1493.5517578125 2372.550537109375 2923.203369140625 3979.06787109375 4647.84130859375 4046.323486328125 3997.09326171875 3888.018798828125 4117.25341796875 2797.090576171875 2503.409423828125 2502.18017578125 2922.673583984375 4189.2431640625 1768.43701171875 1490.712646484375 716.9234619140625 221.0823822021484375
nan nan nan nan nan nan 340.639373779296875 533.69268798828125 1751.5582275390625 1864.1287841796875 2120.688720703125 2667.523193359375 3012.48291015625 2730.988525390625 1658.91748046875 2097.3896484375 1521.4068603515625 2197.3681640625 1687.2493896484375 2376.4169921875 2410.856689453125 2813.326416015625 1916.838134765625 2005.6712646484375 1619.0469970703125 1411.5416259765625 1704.483642578125 2122.369873046875 2784.93212890625 4016.6171875 3839.682373046875 3291.670166015625 2826.69140625 2615.612548828125 2196.14697265625 3431.22802734375 4371.52783203125 4937.0361328125 4643.01123046875 3760.66064453125 4078.164306640625 3213.66455078125 2851.61962890625 1773.9190673828125 2371.874267578125 3264.185546875 2536.391357421875 2145.908203125 1280.76953125 567.2392578125 nan
nan nan nan nan nan 585.6236572265625 684.397216796875 1145.670166015625 1652.14013671875 2589.168212890625 3568.2685546875 3462.27880859375 2601.53955078125 2523.32666015625 2761.453125 1749.5352783203125 2082.30517578125 1912.837890625 2347.186767578125 1665.8935546875 2964.87890625 2673.196044921875 2795.902099609375 1956.7760009765625 1480.037353515625 1763.57666015625 2282.916259765625 2567.453125 3140.80517578125 4122.12890625 4466.7666015625 3642.88720703125 3618.59814453125 2598.849365234375 2399.394775390625 3017.3193359375 4384.86962890625 3912.84814453125 3622.31298828125 3396.939453125 2367.952392578125 1853.862548828125 1366.09423828125 1706.7537841796875 1948.4295654296875 2008.915771484375 2085.35302734375 1967.4580078125 1355.5125732421875 nan nan
nan nan nan nan 326.870025634765625 559.6036376953125 1009.161865234375 1493.4046630859375 2147.16748046875 2525.5556640625 3375.6689453125 2966.538818359375 2661.923828125 3151.96337890625 2585.275390625 2953.8642578125 2548.632080078125 2002.7891845703125 1743.6827392578125 3048.886474609375 2956.9765625 3043.625732421875 2402.58837890625 2201.2666015625 2416.66162109375 2297.315185546875 2332.974853515625 3365.9619140625 4005.615234375 4379.23291015625 4505.86279296875 4786.767578125 3224.362548828125 2846.36474609375 2655.3603515625 3021.955810546875 2988.43310546875 3173.697265625 2483.9150390625 1889.2763671875 1360.0872802734375 572.32464599609375 645.0567626953125 326.612579345703125 694.82952880859375 1249.8358154296875 1506.7193603515625 1134.43017578125 nan nan nan
nan nan nan 244.9842681884765625 362.8822021484375 749.9625244140625 1584.689208984375 2313.7578125 2123.764404296875 2413.717041015625 2647.904296875 2877.443603515625 3750.72216796875 2520.595703125 3038.410400390625 2985.649169921875 3018.15673828125 2036.807373046875 2233.85400390625 2286.639404296875 2819.5703125 2721.127685546875 2329.4990234375 1794.805419921875 2100.112060546875 2245.77734375 2564.91162109375 3385.7783203125 4315.767578125 4672.927734375 4853.36865234375 4346.779296875 3701.97509765625 2689.9580078125 2731.295654296875 2273.065673828125 3105.139892578125 3186.908935546875 2456.02685546875 971.802001953125 279.9759521484375 306.355499267578125 48.938098907470703125 20.457332611083984375 111.53162384033203125 328.704437255859375 788.2733154296875 nan nan nan nan
nan nan nan 49.079204559326171875 612.7381591796875 1141.67822265625 1809.72265625 2146.27294921875 2237.609130859375 2973.85302734375 2608.991943359375 3052.446044921875 2555.654052734375 3255.2373046875 3369.884765625 3213.058349609375 2086.73388671875 2252.136962890625 1997.970947265625 2110.201904296875 2554.26171875 2292.115234375 1950.8956298828125 1784.899658203125 1545.244140625 2110.5400390625 3144.97265625 3043.681640625 3979.112548828125 4761.08154296875 4771.2431640625 3612.56396484375 3268.280029296875 2931.870361328125 2714.74853515625 2914.69677734375 2934.1826171875 3068.128662109375 2124.068603515625 1336.2025146484375 392.333831787109375 nan nan nan nan nan nan nan nan nan nan
nan nan nan 149.2703094482421875 671.1009521484375 1570.3330078125 1937.442626953125 2392.90087890625 3058.561767578125 2242.931884765625 3432.051513671875 2769.419189453125 2956.842529296875 2709.218505859375 3003.975341796875 2552.6083984375 2283.240966796875 1965.578125 1526.5589599609375 1999.07080078125 2358.208251953125 2214.78515625 1946.1859130859375 2007.5389404296875 1740.62255859375 2125.219482421875 2626.1259765625 2991.327392578125 3281.390625 4063.150146484375 3995.621826171875 3188.759033203125 2557.408447265625 2492.698974609375 2579.426513671875 2929.673828125 3079.479736328125 2836.55078125 2085.53076171875 1135.60595703125 348.42462158203125 nan nan nan nan nan nan nan nan nan nan
nan nan 53.980770111083984375 982.3167724609375 1147.2005615234375 1794.5565185546875 2176.36669921875 2824.744384765625 2884.7744140625 3278.46142578125 3086.341552734375 3006.884521484375 2265.036865234375 2564.1513671875 2219.410888671875 2179.809814453125 1855.1231689453125 1366.1668701171875 1826.2784423828125 1798.98828125 2570.703857421875 2756.72802734375 2874.18408203125 2123.413818359375 2436.826904296875 2045.3916015625 2251.98095703125 3039.1748046875 3837.50048828125 3691.224365234375 3457.311279296875 2734.750244140625 2396.37841796875 2225.84326171875 2796.519287109375 2625.496337890625 3226.485107421875 2741.010009765625 1491.596435546875 348.42462158203125 nan nan nan nan nan nan nan nan nan nan nan
nan nan 821.21527099609375 1873.505859375 1912.9776611328125 2096.37158203125 2645.186279296875 2675.651611328125 3344.92822265625 3356.444091796875 3188.8740234375 2579.94970703125 2382.3505859375 1467.1524658203125 1852.870361328125 1731.9857177734375 1272.3087158203125 1337.7042236328125 1805.0107421875 2388.599365234375 2614.677001953125 3410.91015625 3558.941650390625 2921.630615234375 1904.884765625 1923.49658203125 2326.1044921875 3330.98046875 3230.83740234375 3782.453125 3361.11767578125 2926.286865234375 2449.59765625 3376.544677734375 3526.099609375 3751.699462890625 3258.460693359375 2468.88232421875 1499.7083740234375 346.27001953125 nan nan nan nan nan nan nan nan nan nan nan
nan 587.81610107421875 1320.538818359375 2022.5684814453125 2731.781494140625 2905.80712890625 2563.1572265625 2971.114990234375 3042.612060546875 3535.517333984375 2528.883056640625 2460.56640625 2198.296630859375 1411.5863037109375 1513.447509765625 1528.7208251953125 1347.198486328125 1411.5667724609375 1735.9619140625 2659.103515625 3782.115966796875 3471.12744140625 3470.24658203125 3123.392578125 2324.453369140625 1959.4027099609375 2774.94970703125 2971.270751953125 3728.95654296875 3711.96142578125 3762.45068359375 2996.47802734375 3480.756591796875 3568.016845703125 4429.03955078125 4555.42578125 3932.6943359375 2508.407470703125 1135.3656005859375 352.587921142578125 nan nan nan nan nan nan nan nan nan nan nan
