ForecastVariables/BuildingPerimeter_500m/BuildingPerimeter_Focal_Random3.asc
ncols        529
nrows        344
xllcorner    2700.000000000000
yllcorner    15900.000000000000
cellsize     100.000000000000
NODATA_value  nan
[rows 154 to 175 of 344, columns 0 to 50 of 529]
nan nan nan nan nan nan nan nan nan nan nan nan nan nan nan nan nan nan nan nan nan nan nan 479.330780029296875 1894.9110107421875 2543.248779296875 3344.088134765625 3350.583984375 3411.453125 3628.530517578125 4166.32177734375 3627.37109375 4058.6123046875 3305.75634765625 3188.86865234375 2902.77490234375 2816.015380859375 3287.185546875 3364.049560546875 3600.821044921875 4124.53662109375 4238.0859375 3938.65625 4417.98779296875 4369.21728515625 4864.59375 4502.91064453125 4413.81591796875 3798.79052734375 3488.171142578125 2967.56640625
nan nan nan nan nan nan nan nan nan nan nan nan nan nan nan nan nan nan nan nan nan nan 438.354248046875 1036.568359375 1861.1878662109375 3257.12939453125 3142.51806640625 3581.985107421875 3025.189453125 3274.068359375 3215.802490234375 3209.53515625 3625.71728515625 3332.974365234375 2310.167236328125 2115.72900390625 2406.630859375 2738.689208984375 2989.495849609375 3684.969482421875 4198.974609375 3777.21533203125 4020.421875 3992.159423828125 4534.5732421875 4486.85205078125 4836.43603515625 4060.27587890625 4312.1513671875 3836.0390625 3638.2177734375
nan nan nan nan nan nan nan nan nan nan nan nan nan nan nan nan nan nan nan nan nan 47.320247650146484375 609.52972412109375 1737.41845703125 2575.828125 3103.588623046875 3321.318115234375 2811.234619140625 3322.519287109375 2676.329345703125 3280.4052734375 3148.489013671875 3280.717041015625 2736.135009765625 2181.1796875 2053.38720703125 2167.153076171875 2296.4150390625 2892.019775390625 3201.72802734375 3338.092041015625 3785.204345703125 3856.748779296875 4127.705078125 4819.27685546875 4943.30078125 4256.5439453125 4806.94091796875 4648.99853515625 4623.7158203125 3791.779296875
nan nan nan nan nan nan nan nan nan nan nan nan nan nan nan nan nan nan nan nan nan 505.807464599609375 1064.826171875 1899.0003662109375 2511.02392578125 2887.768310546875 3209.10791015625 3009.349609375 2457.185791015625 3063.673095703125 3080.827392578125 3469.535400390625 3148.3681640625 2848.606689453125 2566.13037109375 2415.274658203125 2415.7802734375 2535.552490234375 3063.051513671875 2925.62548828125 2792.37744140625 3283.728271484375 4015.875244140625 4636.10693359375 5020.677734375 4855.39013671875 5086.765625 5238.7265625 5270.82373046875 4605.28515625 4428.44775390625
nan nan nan nan nan nan nan nan nan nan nan nan nan nan nan nan nan nan nan nan 357.92669677734375 1564.00537109375 1505.9151611328125 1862.387451171875 2501.36328125 2650.683837890625 2431.07080078125 2546.551513671875 2726.36328125 3127.06201171875 3500.272216796875 3297.502197265625 3331.760986328125 3108.561279296875 3191.574462890625 3041.169189453125 3264.8564453125 3230.940673828125 2734.142333984375 2961.157470703125 2859.2353515625 2961.901611328125 3634.615234375 4565.1337890625 4913.072265625 5095.416015625 5385.9873046875 5326.7861328125 5005.36474609375 5070.46337890625 4979.8525390625
nan nan nan nan nan nan nan nan nan nan nan nan nan nan nan nan nan nan nan 165.470245361328125 1279.493896484375 2143.6201171875 2305.94921875 2300.271484375 2213.733154296875 2335.9150390625 1942.423583984375 2737.564697265625 2802.576171875 2900.86181640625 3025.563720703125 3549.095703125 3209.5654296875 3182.552978515625 3421.2783203125 3667.340576171875 3614.61572265625 3312.493896484375 3213.300048828125 2627.458984375 2899.5322265625 3275.980224609375 3031.166748046875 3760.327880859375 4680.49853515625 5052.30029296875 4572.78857421875 4750.01025390625 5109.8291015625 5178.37158203125 4448.2392578125
nan nan nan nan nan nan nan nan nan nan nan nan nan nan nan nan nan nan nan 1333.453125 2191.241455078125 2688.782470703125 3007.192138671875 2937.2001953125 2367.494384765625 1904.7349853515625 2649.86279296875 2480.891845703125 2988.724609375 2839.202880859375 3032.32470703125 2810.661376953125 2990.963134765625 3032.220703125 3781.3310546875 4012.204833984375 3263.225830078125 3039.856689453125 2965.0244140625 2906.48193359375 3020.944580078125 2816.242919921875 3162.885986328125 3139.29833984375 3833.166748046875 3871.61669921875 4014.6943359375 4452.20361328125 5093.8017578125 4224.6845703125 4443.951171875
nan nan nan nan nan nan nan nan nan nan nan nan nan nan nan nan nan nan 451.01153564453125 1553.5572509765625 3267.238037109375 3827.82666015625 3440.937255859375 2598.526123046875 2266.63671875 2579.39208984375 2481.920654296875 2862.64013671875 3147.072265625 3037.98193359375 2538.8740234375 2080.8515625 3029.878662109375 3267.4794921875 4010.068603515625 3977.724365234375 3550.38330078125 2919.49609375 2555.216552734375 3471.54931640625 3414.97119140625 3004.18017578125 3143.182861328125 3347.427490234375 2745.645751953125 2915.99462890625 3655.395751953125 4334.2861328125 3674.61669921875 4262.58349609375 4228.2255859375
nan nan nan nan nan nan nan nan nan nan nan nan nan nan nan nan nan 392.690704345703125 1399.513671875 2066.84130859375 2745.365478515625 4062.942138671875 3331.911865234375 2700.544677734375 3083.187255859375 2161.43603515625 2826.720947265625 3042.622314453125 2756.9931640625 2716.487060546875 2512.88916015625 2287.72412109375 2608.392822265625 3846.5029296875 4367.5244140625 4285.30712890625 3541.962890625 2913.204833984375 3209.26904296875 3493.05615234375 4039.47509765625 3402.1962890625 2964.06591796875 2579.35888671875 3130.213623046875 2916.296630859375 3000.56884765625 3104.641845703125 3578.000244140625 3964.017822265625 4118.39404296875
nan nan nan nan nan nan nan nan nan nan nan nan nan nan nan nan nan 332.86859130859375 1355.348388671875 2476.75927734375 2948.085205078125 3037.314208984375 2529.21044921875 3011.56298828125 3156.19580078125 3081.85693359375 2547.59521484375 3263.11279296875 2764.01953125 2463.779052734375 2483.540771484375 2014.9053955078125 2771.115234375 3930.931396484375 5013.88427734375 4427.556640625 3534.228759765625 3387.07080078125 3854.587646484375 4189.5927734375 3840.14404296875 4035.90869140625 3043.939697265625 3045.709716796875 3207.46923828125 3363.96875 2750.72021484375 3132.566650390625 3388.980224609375 3352.051513671875 3389.50830078125
nan nan nan nan nan nan nan nan nan nan nan nan nan nan nan nan 203.961669921875 948.68670654296875 1758.597900390625 2760.064697265625 2977.34228515625 2783.9716796875 3059.044189453125 3255.133544921875 3425.062255859375 3481.84228515625 3020.30712890625 2676.026611328125 3213.862548828125 2849.54296875 2150.51806640625 2413.439453125 2954.553955078125 3981.398681640625 4348.44873046875 4532.83544921875 3965.908203125 3551.362548828125 4071.9599609375 4235.93408203125 4150.7958984375 3362.24462890625 3285.8251953125 3689.950439453125 3498.54736328125 3486.3779296875 3808.332763671875 3157.5009765625 3097.09765625 3002.696533203125 3354.426025390625
nan nan nan nan nan nan nan nan nan nan nan nan nan nan nan nan 689.848876953125 1752.5103759765625 2083.342041015625 2752.059814453125 3262.1279296875 3759.165283203125 2716.779052734375 3238.94287109375 3131.7255859375 3206.760498046875 2581.7412109375 2073.248046875 2732.887939453125 2595.302490234375 2613.1669921875 2507.3203125 3091.170166015625 3510.883544921875 4134.095703125 4274.9375 4149.443359375 3948.91943359375 3981.194580078125 4382.861328125 3880.220947265625 2893.747802734375 3080.9765625 3988.658447265625 4343.0966796875 4260.22802734375 3721.36181640625 3691.157958984375 3005.5146484375 3276.224609375 3844.90771484375
nan nan nan nan nan nan nan nan nan nan nan nan nan nan nan 156.35198974609375 470.074676513671875 1398.122314453125 2479.768310546875 2858.35498046875 3492.116455078125 3264.908935546875 3225.13623046875 2677.984130859375 2886.463623046875 1881.3564453125 2110.6533203125 2167.7705078125 2316.5078125 2700.759521484375 3128.24853515625 3001.0185546875 2709.91650390625 3353.882080078125 4081.28564453125 4028.292236328125 3951.743408203125 4688.10693359375 4402.2021484375 3998.451416015625 3087.5908203125 2905.396484375 3025.670654296875 3664.751708984375 4975.68408203125 4833.98193359375 4166.4638671875 3707.0908203125 3605.178466796875 3924.847900390625 3554.282958984375
nan nan nan nan nan nan nan nan nan nan nan nan nan nan nan 227.831024169921875 823.7047119140625 1123.7103271484375 2303.1689453125 3071.92041015625 2967.42431640625 3053.3056640625 3188.03369140625 2940.324951171875 1969.0833740234375 2014.3416748046875 1991.7066650390625 2518.4580078125 2616.2041015625 3376.155517578125 3372.4248046875 3172.82666015625 2816.60546875 2961.9580078125 3532.63330078125 3787.346435546875 4114.98974609375 4392.154296875 4892.67919921875 3655.032470703125 3237.481201171875 2279.8125 3031.62353515625 3777.6484375 4719.21044921875 4955.98583984375 4368.41357421875 4087.7763671875 3749.590576171875 3780.0673828125 4187.35498046875
nan nan nan nan nan nan nan nan nan nan nan nan nan nan 39.53681182861328125 404.2083740234375 1036.388916015625 1934.5821533203125 2526.944091796875 2460.558349609375 2952.277099609375 2831.987548828125 2744.583984375 2135.911865234375 2577.014892578125 2727.521240234375 2367.69384765625 2612.27294921875 3494.9140625 3759.0478515625 3899.701171875 3139.8681640625 3221.017333984375 2941.3505859375 2771.7333984375 3469.2802734375 3669.53076171875 3913.19921875 3820.95654296875 4265.66259765625 2856.38916015625 2462.701416015625 2322.87353515625 3877.686767578125 4390.890625 4128.533203125 4527.67529296875 3839.93212890625 4023.3837890625 3582.19873046875 3585.081787109375
nan nan nan nan nan nan nan nan nan nan nan nan nan nan 260.86492919921875 699.63275146484375 1850.8006591796875 3056.180908203125 2913.85986328125 2845.01904296875 2048.8837890625 3016.97998046875 2347.109619140625 2345.631591796875 2636.762451171875 2838.354736328125 3083.502685546875 3270.548095703125 3110.652099609375 3869.80908203125 4116.3916015625 3831.382080078125 3136.165771484375 2642.7880859375 2845.571533203125 3147.063232421875 3241.91064453125 2949.580810546875 3459.713623046875 3146.626708984375 3510.534912109375 2199.681396484375 2786.285400390625 3414.330810546875 3715.68505859375 4127.94189453125 3280.83935546875 3920.54541015625 3798.2099609375 3712.122314453125 3281.766357421875
nan nan nan nan nan nan nan nan nan nan nan nan nan nan 92.51041412353515625 901.2537841796875 2340.86279296875 3066.927978515625 3141.42236328125 2775.4052734375 1976.7774658203125 1960.354248046875 2087.056884765625 2338.658447265625 2879.58642578125 2408.792236328125 3051.386962890625 2878.052490234375 3197.248046875 3526.38671875 3913.3896484375 3452.507080078125 3117.5458984375 3018.920166015625 3067.79150390625 3007.749755859375 2528.568603515625 2662.109619140625 2578.984130859375 3439.8935546875 2647.416259765625 2910.63427734375 2776.1923828125 3224.315673828125 3622.22412109375 3225.545654296875 3470.492919921875 2935.576171875 3550.13916015625 3727.38232421875 3305.427490234375
nan nan nan nan nan nan nan nan nan nan nan nan nan nan 419.770355224609375 1165.10009765625 1919.6810302734375 3411.93017578125 3447.103515625 2459.716552734375 1849.888916015625 2035.083740234375 2418.264404296875 2999.128662109375 2619.448486328125 2489.3623046875 2514.189697265625 2499.125732421875 2621.680908203125 3374.8720703125 3226.764404296875 3383.14990234375 2740.31005859375 2961.733154296875 2929.234375 2789.51953125 2404.380859375 2392.3349609375 2874.048095703125 2800.0126953125 3320.0439453125 2937.44091796875 3232.515869140625 3325.341796875 3393.5576171875 3464.60107421875 2662.9296875 3480.959228515625 3137.818115234375 3265.484130859375 2712.669921875
nan nan nan nan nan nan nan nan nan nan nan nan nan nan 101.34503173828125 846.8250732421875 2354.281005859375 3019.2880859375 3054.331787109375 1944.7879638671875 2458.579345703125 2261.030029296875 3162.19873046875 3595.1357421875 2966.76708984375 2824.25341796875 2401.612548828125 2166.125 3215.44921875 3179.99658203125 3225.63232421875 3229.527099609375 2389.9609375 2235.1572265625 2659.6796875 2647.907958984375 2572.5458984375 2187.744384765625 2117.7958984375 2748.71337890625 3015.179443359375 3246.86181640625 3154.79150390625 3514.091796875 3582.82177734375 3082.897216796875 3280.28564453125 2470.13623046875 3111.18701171875 2213.109375 2724.999267578125
nan nan nan nan nan nan nan nan nan nan nan nan nan nan 129.19921875 811.03759765625 1692.00537109375 2106.687255859375 1818.5904541015625 2237.790283203125 1954.5811767578125 2659.13818359375 3447.052490234375 3439.34228515625 3036.600341796875 3121.326416015625 2431.608154296875 3068.7265625 3333.019287109375 3690.225830078125 3693.46826171875 2739.486572265625 2835.141357421875 2323.225341796875 1965.25244140625 2853.01806640625 2442.01416015625 2268.921142578125 2486.683837890625 2377.84130859375 2796.2890625 2537.302001953125 2887.37890625 3224.23046875 3271.490478515625 3426.5263671875 2746.03564453125 2733.438232421875 2104.345947265625 2356.72802734375 2609.6591796875
nan nan nan nan nan nan nan nan nan nan nan nan nan nan nan 129.19921875 811.03759765625 1170.8900146484375 1302.111572265625 1017.421630859375 1588.706298828125 2200.11572265625 2954.779296875 3028.503662109375 3231.840087890625 2515.65185546875 2898.832763671875 3538.00146484375 3522.48876953125 3822.30029296875 3896.236328125 3323.258056640625 2418.220947265625 2047.7177734375 2582.116455078125 2945.914794921875 3011.2744140625 2344.691162109375 2989.4208984375 2515.294189453125 1955.74755859375 2455.23876953125 2243.757568359375 2379.51123046875 2954.227783203125 2958.3173828125 2967.46435546875 2413.190673828125 2280.138671875 2693.834228515625 3332.14501953125
nan nan nan nan nan nan nan nan nan nan nan nan nan nan nan nan 129.19921875 580.49334716796875 397.06201171875 1164.826416015625 1663.22998046875 2698.340576171875 1839.249267578125 2734.442626953125 2881.18505859375 2946.453369140625 3158.233642578125 3422.710205078125 3749.46240234375 3773.62646484375 3451.884765625 2820.66162109375 2213.71826171875 2438.155029296875 2768.684326171875 2940.531494140625 2933.462646484375 3795.1162109375 2698.21044921875 2397.624755859375 2426.62646484375 1976.0589599609375 2205.56884765625 2553.015869140625 2330.037841796875 2915.59765625 2412.634033203125 2720.899169921875 2842.97021484375 3810.51025390625 4199.23974609375
