ForecastVariables/BuildingPerimeter_500m/BuildingPerimeter_Focal_Random4.asc
ncols        529
nrows        344
xllcorner    2700.000000000000
yllcorner    15900.000000000000
cellsize     100.000000000000
NODATA_value  nan
[rows 198 to 219 of 344, columns 153 to 203 of 529]
nan nan nan nan nan nan nan nan nan nan nan nan nan nan nan nan nan 103.01338958740234375 610.14404296875 989.1553955078125 1320.715087890625 1853.1041259765625 1069.4083251953125 156.289642333984375 nan 769.3013916015625 1601.803466796875 3157.29833984375 3869.412841796875 6013.23046875 6755.05224609375 6452.4599609375 6079.33984375 6076.62939453125 6234.0068359375 5516.974609375 4959.04931640625 4545.6337890625 3973.265380859375 4175.810546875 4440.34814453125 5243.8203125 4598.58251953125 3756.840087890625 2679.62744140625 2677.8876953125 2366.577880859375 2628.713623046875 2851.822265625 3261.82666015625 2787.001953125
nan nan nan nan nan nan nan nan nan nan nan nan nan nan nan nan nan 191.6956024169921875 310.14739990234375 625.5823974609375 989.1553955078125 904.3226318359375 171.72802734375 nan nan 55.87793731689453125 690.65899658203125 1270.28466796875 3095.262451171875 3842.947265625 4799.43505859375 5875.55615234375 6046.4267578125 6376.49853515625 5906.75439453125 5734.806640625 5752.5966796875 5560.24609375 4879.3056640625 4480.57177734375 4605.68017578125 4767.86279296875 4268.423828125 3485.017333984375 2447.81982421875 1573.229736328125 2395.668212890625 2935.219482421875 2874.495361328125 2812.9189453125 2942.099365234375
nan nan nan nan nan nan nan nan nan nan nan nan nan nan nan nan nan nan 191.6956024169921875 310.14739990234375 522.56903076171875 87.037322998046875 nan nan 55.87793731689453125 177.1949462890625 188.73126220703125 397.62689208984375 1284.845458984375 2287.366455078125 2858.38037109375 3686.130615234375 4221.88134765625 4327.08837890625 4941.22998046875 5025.21826171875 5501.85205078125 5840.42236328125 4950.90625 3565.19775390625 4190.7685546875 4138.5009765625 3828.107177734375 2940.387939453125 1752.04150390625 1369.99462890625 1800.2841796875 2403.882080078125 2468.243896484375 2380.201904296875 2661.19775390625
nan nan nan nan nan nan nan nan nan nan nan nan nan nan nan nan nan nan nan 191.6956024169921875 15.438398361206054688 nan nan 55.87793731689453125 177.1949462890625 328.1256103515625 482.942291259765625 349.652740478515625 201.514129638671875 871.83221435546875 1564.359619140625 1665.5838623046875 1823.107177734375 2132.044677734375 2500.382568359375 3552.199462890625 4666.95458984375 5027.84375 4885.943359375 3947.759765625 3465.885009765625 3374.6220703125 3392.068115234375 2631.476806640625 1835.8455810546875 1456.6968994140625 1526.439208984375 1444.712646484375 1980.2403564453125 1826.926025390625 1690.9464111328125
nan nan nan nan nan nan nan nan nan nan nan nan nan nan nan nan nan nan nan nan nan nan nan 92.2700958251953125 272.32916259765625 480.42205810546875 645.19818115234375 622.31781005859375 329.857025146484375 104.62860107421875 549.026123046875 184.54693603515625 677.6180419921875 624.6368408203125 1401.91552734375 2681.269775390625 4098.03466796875 4715.05517578125 4785.65185546875 4610.7119140625 3652.476318359375 3669.2236328125 3501.560546875 2634.359130859375 1722.5927734375 1241.0498046875 1629.4305419921875 1488.409423828125 1212.294677734375 1014.079833984375 962.3441162109375
nan nan nan nan nan nan nan nan nan nan nan nan nan nan nan nan nan nan nan nan nan nan nan 47.1242523193359375 318.44036865234375 589.4017333984375 570.65380859375 492.071685791015625 445.769622802734375 364.65399169921875 81.733673095703125 nan nan 289.13555908203125 1198.919677734375 2566.734375 4290.14111328125 5294.3017578125 5254.8056640625 4784.1220703125 4273.68359375 4035.458984375 3407.955078125 2879.263916015625 2310.02294921875 1678.653076171875 1723.2918701171875 1930.8837890625 1305.1748046875 372.615570068359375 1211.34814453125
nan nan nan nan nan nan nan nan nan nan nan nan nan nan nan nan nan nan nan nan nan nan nan nan 47.1242523193359375 326.523468017578125 465.3221435546875 373.73089599609375 323.59332275390625 234.710540771484375 177.483642578125 32.58988189697265625 nan 762.6632080078125 1784.3695068359375 3121.993408203125 4302.21923828125 6282.80078125 5812.85693359375 5015.33837890625 4722.146484375 4294.2109375 3720.259521484375 2953.331298828125 2298.2412109375 2351.78759765625 2202.446533203125 2515.799072265625 1684.4039306640625 741.592041015625 694.35308837890625
nan nan nan nan nan nan nan nan nan nan nan nan nan nan nan nan nan nan nan nan nan nan nan nan nan 47.1242523193359375 187.129119873046875 291.003448486328125 185.5667572021484375 177.483642578125 161.498291015625 128.908416748046875 265.218658447265625 1159.7332763671875 2252.97314453125 3268.157958984375 5014.0712890625 5270.646484375 5462.91259765625 5173.30810546875 5283.91650390625 4234.138671875 3600.977294921875 2682.39404296875 3030.52587890625 2360.93603515625 2771.641357421875 2425.115966796875 2104.57080078125 1279.88525390625 765.19134521484375
nan nan nan nan nan nan nan nan nan nan nan nan nan nan nan nan nan nan nan nan nan nan nan nan nan nan nan 8.0831127166748046875 144.893768310546875 161.498291015625 128.908416748046875 100.47076416015625 689.44677734375 1248.2681884765625 1690.8487548828125 3054.215087890625 3968.7236328125 4393.79345703125 4272.13232421875 4680.83349609375 4188.28564453125 3709.66943359375 3378.112548828125 3442.250732421875 2794.70068359375 2928.062744140625 2683.6201171875 2800.19580078125 1975.7783203125 1769.7398681640625 1483.9453125
nan nan nan nan nan nan nan nan nan nan nan nan nan nan nan nan nan nan nan nan nan nan nan nan nan nan nan nan nan 128.908416748046875 nan 427.936279296875 799.0435791015625 1090.197021484375 1627.5391845703125 1905.492431640625 2241.475341796875 2472.961669921875 3336.78564453125 3555.31982421875 3424.4609375 2971.94140625 3272.330078125 3537.061279296875 3421.069580078125 3704.269287109375 4316.9609375 3327.866943359375 2720.52001953125 2156.121337890625 1747.28515625
nan nan nan nan nan nan nan nan nan nan nan nan nan nan nan nan nan nan nan nan nan nan nan nan nan nan nan nan nan nan nan 35.6083984375 547.3173828125 882.8162841796875 989.72625732421875 773.34442138671875 705.87506103515625 1527.2802734375 1977.8399658203125 2233.97998046875 2422.880859375 2581.89501953125 2881.25439453125 4204.30859375 4893.7294921875 5415.78662109375 5354.3232421875 4943.376953125 4303.26611328125 3271.004150390625 2562.322265625
nan nan nan nan nan nan nan nan nan nan nan nan nan nan nan nan nan nan 171.90087890625 16.495500564575195312 31.348123550415039062 nan nan nan nan nan nan nan nan nan nan nan 35.6083984375 547.3173828125 354.40924072265625 130.113677978515625 288.740753173828125 604.34429931640625 1066.3966064453125 1368.1597900390625 1570.583251953125 1926.420166015625 2545.078369140625 3546.241455078125 5640.5556640625 6561.44189453125 6269.13134765625 6201.9052734375 5704.171875 5006.00341796875 4017.981689453125
nan nan nan nan nan nan nan nan nan nan nan nan nan nan nan nan nan 171.90087890625 191.7212371826171875 286.775238037109375 422.700408935546875 261.450347900390625 15.443868637084960938 nan nan nan nan nan nan nan nan nan nan 35.6083984375 83.772705078125 nan nan 39.583469390869140625 410.579071044921875 942.3450927734375 1020.64306640625 1175.2913818359375 1945.28466796875 2999.685546875 4851.3330078125 6163.8271484375 6621.0771484375 7226.2392578125 6783.92822265625 6181.6767578125 6141.09423828125
nan nan nan nan nan nan nan nan nan nan nan nan nan nan nan nan 171.90087890625 191.7212371826171875 290.10009765625 664.9569091796875 909.14794921875 910.0045166015625 341.1998291015625 15.443868637084960938 nan nan nan nan nan nan nan nan nan nan nan nan nan nan 39.583469390869140625 317.63323974609375 520.0242919921875 551.7044677734375 1177.2327880859375 2553.142578125 3258.186767578125 4156.14697265625 5599.98779296875 6546.54345703125 6865.15673828125 7136.94189453125 7067.0966796875
nan nan nan nan nan nan nan nan nan nan nan nan nan nan nan nan 3.3248569965362548828 242.2564697265625 633.6087646484375 912.47283935546875 997.77386474609375 1042.259033203125 926.46649169921875 309.851715087890625 15.443868637084960938 nan nan nan nan nan nan nan nan nan nan nan nan nan nan nan 36.939788818359375 316.351104736328125 443.496368408203125 1295.2587890625 1657.5523681640625 2315.9833984375 3246.8671875 4295.0458984375 5492.0390625 6489.12353515625 6806.4111328125
nan nan nan nan nan nan nan nan nan nan nan nan nan nan nan nan nan 3.3248569965362548828 259.670196533203125 720.879638671875 1026.815185546875 943.8802490234375 569.0234375 321.507476806640625 64.30560302734375 nan nan nan nan nan nan nan nan nan nan nan nan nan nan nan nan nan 238.1832427978515625 131.1638031005859375 578.64495849609375 960.98895263671875 1157.512451171875 1986.7799072265625 3474.022705078125 4442.900390625 4898.533203125
nan nan nan nan nan nan nan nan nan nan nan nan nan nan nan nan nan nan 3.3248569965362548828 84.4444580078125 634.02850341796875 553.57958984375 321.507476806640625 64.30560302734375 nan nan nan nan nan nan nan nan nan nan nan nan nan nan nan nan nan nan nan 34.758785247802734375 nan 305.101959228515625 21.231996536254882812 564.1785888671875 1228.4066162109375 1968.078369140625 2772.4580078125
nan nan nan nan nan nan nan nan nan nan nan nan nan nan nan nan nan nan nan nan 17.413721084594726562 241.7580108642578125 64.30560302734375 nan nan nan nan nan nan nan nan nan nan nan nan nan nan nan nan nan nan nan nan nan nan nan nan 21.231996536254882812 215.604034423828125 530.86138916015625 930.892333984375
nan nan nan nan nan nan nan nan nan nan nan nan nan nan nan nan nan nan nan nan nan nan nan nan nan nan nan nan nan nan nan nan nan nan nan nan nan nan nan nan nan nan nan nan nan nan nan nan nan 106.83406829833984375 539.847900390625
nan nan nan nan nan nan nan nan nan nan nan nan nan nan nan nan nan nan nan nan nan nan nan nan nan nan nan nan nan nan nan nan nan nan nan nan nan nan nan nan nan nan nan nan nan nan nan nan nan 71.8543243408203125 511.03790283203125
nan nan nan nan nan nan nan nan nan nan nan nan nan nan nan nan nan nan nan nan nan nan nan nan nan nan nan nan nan nan nan nan nan nan nan nan nan nan nan nan nan nan nan nan nan nan nan nan nan nan 71.8543243408203125
nan nan nan nan nan nan nan nan nan nan nan nan nan nan nan nan nan nan nan nan nan nan nan nan nan nan nan nan nan nan nan nan nan nan nan nan nan nan nan nan nan nan nan nan nan nan nan nan nan nan nan
