ForecastVariables/BuildingPerimeter_500m/BuildingPerimeter_Focal_Random3.asc
ncols        529
nrows        344
xllcorner    2700.000000000000
yllcorner    15900.000000000000
cellsize     100.000000000000
NODATA_value  nan
[rows 132 to 153 of 344, columns 357 to 407 of 529]
4217.43603515625 5242.0771484375 5208.60009765625 5663.75244140625 5148.93408203125 4608.76904296875 4846.24658203125 5229.30810546875 5196.46728515625 6189.677734375 6243.21484375 5571.1142578125 4898.32861328125 4837.72314453125 3778.129150390625 3273.4404296875 3300.33251953125 3333.17578125 3630.715576171875 4197.1865234375 3523.79833984375 3685.427490234375 3703.784912109375 3753.493408203125 4232.76123046875 4480.2255859375 4088.04736328125 3658.849365234375 4179.28955078125 4845.197265625 5136.3125 4934.1015625 5034.1865234375 4897.96875 4636.2177734375 4562.078125 4384.84521484375 4582.6669921875 4277.62548828125 3606.5283203125 2588.752685546875 1947.7918701171875 1998.2000732421875 2989.14208984375 3253.257568359375 3855.112548828125 4199.63232421875 3358.254150390625 3301.691162109375 2954.14013671875 2953.780517578125
4057.503662109375 5806.07275390625 5789.25830078125 5515.12109375 4989.5234375 4933.18310546875 5507.5966796875 5386.73388671875 5560.11279296875 5541.75830078125 5577.244140625 4969.2080078125 4930.80126953125 4473.89208984375 4489.39794921875 3766.0234375 3603.882568359375 3478.42041015625 4084.26318359375 4224.720703125 4262.27001953125 3492.476318359375 3796.34130859375 3854.92333984375 3556.544677734375 3944.947021484375 3733.622314453125 3609.20556640625 4227.00146484375 4776.83447265625 4593.0234375 4120.34130859375 4092.05810546875 3510.0634765625 3481.1650390625 3506.343505859375 3829.889404296875 3572.3935546875 3864.226806640625 3326.434326171875 1813.529541015625 655.19659423828125 1656.9649658203125 2226.514404296875 3400.5068359375 3787.775390625 4163.5283203125 3609.31640625 2843.197509765625 3138.287841796875 2446.755615234375
4112.52880859375 5109.15380859375 5410.294921875 4843.52783203125 5004.88427734375 5704.03759765625 5023.6669921875 5031.06982421875 5630.8837890625 5651.04296875 4822.00390625 4619.5810546875 4348.017578125 4341.2265625 4770.44482421875 4383.89892578125 3454.932861328125 4231.44580078125 4312.15771484375 4477.0615234375 4427.6884765625 3958.07763671875 3420.390380859375 3670.235107421875 4159.51806640625 3525.262939453125 4191.70849609375 3852.05810546875 3976.123291015625 4184.38623046875 4109.9267578125 3840.886962890625 3393.483642578125 3438.69287109375 2958.86572265625 3817.896484375 4498.0302734375 4760.412109375 4967.6435546875 4124.810546875 2294.368408203125 1656.6312255859375 1162.2203369140625 2038.2645263671875 2833.670654296875 3306.24658203125 3328.995361328125 3561.461181640625 3555.1513671875 2978.679931640625 2414.129150390625
3625.159423828125 3865.10498046875 4710.9560546875 4403.1064453125 4590.74169921875 4684.6357421875 4820.96337890625 5178.31005859375 5394.2333984375 4817.9912109375 4994.91650390625 4700.9287109375 4124.17236328125 4116.908203125 4859.75048828125 4656.63232421875 3908.512451171875 4151.9775390625 4147.33154296875 4169.61181640625 4074.352294921875 3854.93310546875 3609.377197265625 3709.419189453125 3819.98974609375 3872.73095703125 3735.885009765625 4340.85546875 3800.778564453125 3306.97509765625 3894.2890625 3556.0458984375 3265.013916015625 3151.31103515625 3658.201904296875 4131.4765625 5070.86669921875 6445.955078125 7373.62548828125 5623.8671875 3628.976806640625 2610.948974609375 1939.9287109375 1648.0406494140625 1753.1690673828125 2634.850341796875 2999.25537109375 3294.950927734375 3390.384521484375 3279.2451171875 2980.651123046875
2255.304931640625 2853.028076171875 3235.3564453125 3965.870849609375 4256.02685546875 3767.343505859375 3936.22314453125 4935.3828125 4838.68896484375 5167.60205078125 5010.126953125 4839.32861328125 4323.509765625 4855.0107421875 4783.001953125 4690.3642578125 4246 3575.158935546875 4353.88623046875 4144.4072265625 3814.21630859375 3743.486572265625 3660.880126953125 3412.638427734375 3667.759765625 3913.763916015625 4271.53466796875 3687.638671875 3435.409912109375 3437.294677734375 3829.4150390625 3920.67236328125 3594.41357421875 3746.926513671875 4415.10498046875 5141.34814453125 5776.80419921875 7566.82763671875 8639.6689453125 8219.4306640625 6110.12744140625 3847.780029296875 2546.6591796875 2314.3447265625 2002.7913818359375 1838.5882568359375 2359.360107421875 3038.319091796875 3684.396484375 3584.0634765625 3043.614501953125
1533.26123046875 2088.862548828125 2205.276123046875 2812.365966796875 3373.96923828125 3831.257080078125 4518.9365234375 4059.370361328125 4524.90478515625 4956.10888671875 4857.11962890625 4712.39794921875 4691.2099609375 5075.05078125 5547.154296875 4585.59619140625 3663.63232421875 3845.419677734375 3719.03662109375 4338.23779296875 3606.3896484375 3293.7265625 3593.046875 3593.053955078125 3166.0986328125 4149.8779296875 3822.45947265625 3497.446044921875 3498.42822265625 3846.056884765625 4068.521484375 4742.4091796875 5044.68701171875 4712.38427734375 5104.6298828125 5009.66845703125 6525.89453125 8037.22998046875 8945.1865234375 9018.2119140625 7632.306640625 5026.2822265625 4003.785400390625 2415.223388671875 1821.8797607421875 1942.3055419921875 2101.637451171875 2757.551513671875 3236.78271484375 3432.8466796875 2968.160400390625
492.493072509765625 941.6815185546875 1618.9781494140625 2391.178955078125 2600.966552734375 3401.435546875 4349.083984375 4609.63916015625 4579.71826171875 4091.794921875 4277.8486328125 4242.04833984375 4770.3837890625 5653.05908203125 5570.14990234375 4871.34375 4322.5068359375 3439.48193359375 3424.38037109375 3098.04541015625 3459.642333984375 3835.3828125 4467.998046875 3279.58984375 3697.906982421875 3222.816162109375 3482.055419921875 3582.60888671875 3800.18408203125 3928.023681640625 4883.642578125 5687.7451171875 5604.59423828125 5626.5224609375 5111.61865234375 5062.7685546875 5949.560546875 7831.0029296875 9354.77734375 8346.90234375 6891.81787109375 5859.1064453125 4260.41064453125 2903.507080078125 1702.718994140625 1862.73388671875 2324.070068359375 2486.668212890625 2701.61083984375 2943.4150390625 2180.090576171875
61.5358734130859375 130.2786712646484375 634.20263671875 1221.227783203125 2250.87060546875 3317.518798828125 4283.79638671875 4486.484375 3699.08251953125 3607.239990234375 3730.488037109375 4449.1162109375 4848.97265625 5480.052734375 5505.203125 5046.1953125 3655.98291015625 3090.8662109375 2786.536865234375 2852.09765625 2736.315673828125 4154.2978515625 4332.177734375 4092.336181640625 3229.76025390625 3542.98046875 3648.192138671875 3844.44287109375 3827.378662109375 4235.39892578125 5628.77490234375 5602.484375 5960.7568359375 5683.84765625 5444.06103515625 5295.74169921875 6326.748046875 7433.8642578125 8891.00390625 8179.3837890625 6949.3310546875 5531.859375 4600.0322265625 3194.070068359375 2621.88720703125 1829.138427734375 2123.411376953125 2602.4384765625 2373.222900390625 1855.3505859375 1646.9278564453125
nan nan 130.2786712646484375 326.18011474609375 1424.7529296875 2756.48291015625 3494.093994140625 3931.011474609375 3809.74755859375 3286.223876953125 4388.96044921875 4112.53564453125 6194.35498046875 5304.53125 5565.02392578125 4624.5673828125 2858.5 2358.51904296875 2921.101806640625 2759.747314453125 3563.19384765625 3351.499755859375 3462.859619140625 3937.57861328125 4246.556640625 4196.68310546875 4794.70361328125 4061.89892578125 4304.2763671875 4836.763671875 5306.89208984375 5759.64794921875 5436.9619140625 5267.384765625 4785.34033203125 5720.1025390625 6446.00244140625 7660.59326171875 8107.77392578125 8034.703125 5984.69677734375 6101.30615234375 4232.404296875 4096.3779296875 2832.8740234375 2063.662353515625 2466.24560546875 2467.0791015625 1967.56689453125 1514.3704833984375 1108.9117431640625
nan nan 29.764728546142578125 83.4933929443359375 705.32489013671875 1656.47021484375 2563.239501953125 3039.23388671875 3034.091552734375 3756.59423828125 3793.14208984375 6507.06201171875 6219.18017578125 6049.7470703125 4635.365234375 3360.583251953125 2834.768310546875 3203.65625 2628.671142578125 2282.3935546875 2185.306884765625 2670.20654296875 2685.480224609375 3257.49169921875 3232.43310546875 4311.34912109375 4962.49365234375 5199.56494140625 4840.0478515625 5050.1220703125 5699.359375 5731.90966796875 5699.87646484375 4750.70703125 5451.71484375 5302.06494140625 6880.0048828125 7753.29248046875 8130.58349609375 7082.43994140625 6424.056640625 4709.537109375 4871.3349609375 3449.46337890625 3662.1572265625 2860.493408203125 2239.684326171875 1991.967041015625 1899.2393798828125 1419.4178466796875 745.97918701171875
nan nan nan 29.764728546142578125 118.82598114013671875 781.94635009765625 1363.1641845703125 1476.3743896484375 1879.7479248046875 2231.554443359375 5649.2041015625 6212.72802734375 6117.46875 4968.86279296875 4513.64111328125 3079.091796875 3056.284912109375 3047.364501953125 3178.615966796875 3098.240234375 2006.1090087890625 1441.2689208984375 2289.796875 1780.3001708984375 3252.817626953125 4001.064453125 5050.63232421875 5438.544921875 5097.92724609375 5743.6181640625 6255.41845703125 5780.9306640625 5514.31982421875 5587.3466796875 4831.68212890625 5664.40283203125 6374.2568359375 7198.4951171875 6748.44775390625 6443.63818359375 5058.6240234375 4331.9921875 3391.41552734375 3786.10009765625 3147.801025390625 3191.640869140625 2277.90380859375 1804.017333984375 1807.4969482421875 1449.4312744140625 338.5164794921875
nan nan nan nan 29.764728546142578125 89.061248779296875 533.07196044921875 474.245513916015625 412.5753173828125 2210.61767578125 4196.85009765625 6323.7216796875 5551.20556640625 4843.1337890625 3171.67822265625 3358.86376953125 3394.333984375 3709.6943359375 4082.95751953125 3428.549072265625 2676.4873046875 1375.173583984375 1378.2144775390625 1639.881591796875 2575.244140625 4026.11376953125 4501.12744140625 4790.470703125 5223.50146484375 6094.24072265625 6498.78955078125 6701.63916015625 5932.1162109375 5662.56005859375 5475.76953125 5478.83447265625 5806.5341796875 5614.77734375 5622.56591796875 4377.02783203125 4061.14599609375 2642.250244140625 3614.175048828125 3053.955810546875 3517.660400390625 2561.045654296875 2228.37451171875 1915.2447509765625 1388.074462890625 1397.348876953125 1229.7254638671875
353.34375 440.9622802734375 261.014801025390625 122.84529876708984375 nan nan 92.643646240234375 151.5386199951171875 750.21478271484375 2433.60302734375 4170.82763671875 4239.1484375 6136.7724609375 4571.1826171875 3658.566162109375 3378.21923828125 4012.564208984375 4552.65673828125 4146.447265625 3929.408203125 2854.778076171875 2018.4130859375 1341.6630859375 1825.5626220703125 2438.1337890625 3293.708251953125 4026.041259765625 4306.130859375 5751.0419921875 6363.65966796875 7757.90283203125 8073.28857421875 6574.91748046875 6790.26611328125 6575.26953125 6045.796875 5029.494140625 4718.91162109375 3817.377685546875 2984.57177734375 2383.627197265625 2622.269775390625 2466.74658203125 3593.03662109375 3357.1240234375 2567.290771484375 1898.9178466796875 1883.365478515625 1562.8714599609375 1709.9102783203125 1855.2552490234375
1146.3323974609375 1472.0838623046875 1343.49365234375 1229.102783203125 464.681365966796875 424.243560791015625 370.403594970703125 282.6790771484375 1046.9703369140625 2711.094970703125 4449.7451171875 6105.9453125 4325.71337890625 4151.3291015625 3847.818603515625 4108.7939453125 4440.7197265625 3983.27685546875 4480.61962890625 3820.230224609375 3140.110107421875 1988.5467529296875 1849.652099609375 2011.54736328125 2275.05078125 2631.115478515625 3627.67431640625 5264.77587890625 6294.3525390625 8087.4208984375 8943.6005859375 8896.3330078125 8317.970703125 7896.08984375 7405.56201171875 6863.7763671875 5616.1875 3554.865966796875 2460.145263671875 1931.3165283203125 2348.4951171875 2175.78857421875 2604.619140625 3383.473876953125 3854.295166015625 2947.89453125 1902.343505859375 1493.9119873046875 2436.775146484375 2528.70068359375 2619.4130859375
3025.97607421875 3033.352783203125 3418.256103515625 2853.19384765625 2382.294189453125 1439.6815185546875 1462.1844482421875 1673.894775390625 2765.39599609375 3091.130615234375 5271.1962890625 6140.56884765625 5948.89404296875 3777.581298828125 4484.3740234375 3735.872314453125 3604.674560546875 3964.642333984375 3756.56640625 3621.4140625 2836.783447265625 2701.84228515625 2140.466064453125 1937.2171630859375 2429.3544921875 3211.317626953125 4194.3154296875 6194.10302734375 8309.9521484375 9650.62890625 10292.271484375 9638.728515625 9583.1533203125 9158.5263671875 8182.07958984375 8321.400390625 5590.68701171875 3379.947509765625 2097.538330078125 1968.8060302734375 1707.2176513671875 2550.294189453125 3106.83935546875 3830.585205078125 4190.25390625 3275.07763671875 1960.91943359375 1910.482421875 2774.1015625 3565.470703125 3270.913818359375
4932.68994140625 5435.5087890625 4640.54052734375 4099.7626953125 3570.6396484375 3363.08935546875 2982.25390625 3314.94384765625 3663.5751953125 5485.83544921875 6063.94775390625 6492.38525390625 5636.99560546875 5375.70849609375 3680.7333984375 3546.98583984375 2452.33544921875 2822.37646484375 3007.99755859375 2821.021484375 3184.478515625 2376.66845703125 2311.737548828125 2156.5732421875 2715.328857421875 3611.23291015625 5236.7236328125 6992.48291015625 8980.630859375 10570.318359375 10369.0634765625 9622.71484375 9032.205078125 8376.537109375 9094.0810546875 7253.0048828125 5529.4951171875 3474.692626953125 2197.01123046875 1741.9765625 2018.929931640625 2500.623291015625 3522.9130859375 4120.78564453125 3795.845703125 3256.5908203125 2366.479248046875 2384.045166015625 2899.8759765625 3831.689208984375 3189.50927734375
4675.99755859375 4478.8212890625 4753.80126953125 4121.92822265625 3891.14208984375 3229.602294921875 3438.626953125 3861.8603515625 4404.03369140625 5197.92333984375 6790.6025390625 5702.63818359375 6458.42333984375 4381.142578125 3520.5244140625 2570.860107421875 2835.714599609375 2157.158447265625 2136.0166015625 3020.71044921875 3006.322998046875 2593.017333984375 2608.92333984375 2884.3642578125 2568.803955078125 3455.599609375 5402.31640625 7200.77001953125 8530.73828125 9460.6044921875 9257.013671875 8458.6083984375 6495.51904296875 7673.68359375 7503.3857421875 6597.32275390625 4796.7080078125 3703.1357421875 2093.791748046875 2300.434814453125 2709.74072265625 2495.0048828125 3701.534423828125 3820.614990234375 3802.009033203125 2360.91845703125 2900.23388671875 2710.42578125 3351.779052734375 3671.02392578125 2895.638427734375
3142.379150390625 3304.669189453125 2941.881103515625 3082.621337890625 2727.808349609375 2812.549072265625 3244.01953125 3423.956787109375 4012.664306640625 4639.7490234375 4808.1796875 6020.15087890625 4288.8583984375 4401.85546875 3091.620849609375 2934.884033203125 2869.433837890625 2578.7099609375 3023.681396484375 3360.625732421875 3644.239501953125 3563.398193359375 3029.78369140625 3098.883056640625 3050.934326171875 3065.2001953125 4519.9228515625 6031.431640625 6869.7373046875 6843.9404296875 6824.11328125 5786.54736328125 4864.05322265625 4904.36376953125 5010.50732421875 4770.35107421875 4162.9052734375 2614.614990234375 2564.943115234375 2620.511962890625 2875.42333984375 3727.416748046875 3161.42578125 3550.391845703125 3250.08642578125 3264.10791015625 2508.125732421875 3370.996337890625 3728.1328125 3253.349609375 2405.05859375
2816.0283203125 2594.060546875 2849.252197265625 2786.402587890625 3039.66845703125 2766.307373046875 3129.1435546875 2741.01953125 3329.753173828125 3499.486572265625 3771.234130859375 3872.69091796875 3481.682373046875 3121.407470703125 3596.179931640625 2803.95068359375 3023.730224609375 4392.185546875 5018.7705078125 4942.96923828125 5322.40380859375 4816.12548828125 4133.2275390625 3078.70361328125 3165.79931640625 3132.8408203125 2711.2333984375 4068.8486328125 5057.6669921875 4986.166015625 4083.498291015625 3425.847900390625 2835.7255859375 3343.759521484375 2858.34814453125 3624.602783203125 2573.710205078125 2346.31005859375 2829.3115234375 2993.04052734375 3029.911865234375 3464.171142578125 3987.14306640625 3083.61767578125 3280.998779296875 3097.66748046875 3168.04052734375 3551.6318359375 3716.7626953125 2763.109375 1808.4892578125
3220.832275390625 3382.411376953125 3945.08544921875 4171.78076171875 4336.15478515625 3904.76953125 3223.494384765625 3547.022216796875 3590.837158203125 3622.89599609375 3921.7939453125 3576.368896484375 3243.8046875 3103.5185546875 3198.357421875 3971.478759765625 5219.63916015625 6298.67529296875 6632.94287109375 6917.91748046875 7109.31103515625 6407.1689453125 5239.0126953125 4573.90771484375 3918.953125 3691.698486328125 2887.085693359375 3025.23583984375 3526.599609375 3671.358154296875 2870.650146484375 2511.076416015625 2172.75048828125 1799.5623779296875 2130.77294921875 2358.992431640625 1682.657958984375 1917.4952392578125 2315.093505859375 2864.268798828125 3221.550048828125 3070.43505859375 3030.509765625 3596.663818359375 2834.1533203125 3322.626708984375 3630.350830078125 3719.55615234375 2946.053466796875 2239.81103515625 984.35418701171875
4154.7294921875 4435.92626953125 4714.53857421875 5070.0126953125 4943.14306640625 4628.2587890625 4002.893798828125 3716.752197265625 3928.17822265625 3976.5166015625 4187.96826171875 3930.770751953125 3578.3818359375 3712.381103515625 3806.18701171875 5303.04833984375 6561.4541015625 7511.4208984375 8315.349609375 9036.0244140625 7928.59521484375 6938.34814453125 6173.8046875 5677.47314453125 5573.5947265625 4627.91552734375 4318.794921875 3132.919677734375 2980.10302734375 3079.16796875 2807.95751953125 2489.722900390625 2129.43115234375 1531.7760009765625 1657.36181640625 1514.02197265625 1442.8624267578125 1901.02490234375 2139.31640625 2399.39501953125 2776.151611328125 2947.3203125 2925.735107421875 2797.387939453125 3184.49951171875 3392.15087890625 4275.05029296875 3642.7802734375 2319.948974609375 1443.5079345703125 290.1417236328125
4618.474609375 4804.33203125 4858.1552734375 4885.86865234375 4740.26806640625 4603.0908203125 4559.6962890625 3449.391357421875 3585.857421875 4641.28076171875 4362.4140625 4305.3193359375 4278.75341796875 4042.28564453125 5171.634765625 6250.1083984375 7578.95654296875 8261.8642578125 9173.4326171875 8838.4580078125 8438.3935546875 7768.154296875 6950.41259765625 6732.09521484375 6301.408203125 6981.36181640625 5569.35791015625 4249.41357421875 3386.0478515625 3379.85107421875 3225.172607421875 2513.026611328125 2489.734130859375 1875.423095703125 1266.4173583984375 1071.1732177734375 1487.145263671875 1781.3031005859375 2384.562255859375 2361.315185546875 2621.24560546875 2876.934814453125 2974.736328125 2850.819091796875 3266.43603515625 3689.61328125 4071.95556640625 3236.225341796875 2208.44775390625 774.76220703125 1.4166402816772460938
