ForecastVariables/BuildingPerimeter_500m/BuildingPerimeter_Focal_Random5.asc
ncols        529
nrows        344
xllcorner    2700.000000000000
yllcorner    15900.000000000000
cellsize     100.000000000000
NODATA_value  nan
[rows 66 to 87 of 344, columns 255 to 305 of 529]
418.307769775390625 294.876495361328125 513.54705810546875 962.1162109375 2028.9066162109375 2267.628173828125 2765.34033203125 2680.166259765625 2971.97607421875 2200.276123046875 2511.86328125 1165.2042236328125 587.0997314453125 63.81684112548828125 nan nan nan nan nan nan nan nan nan nan nan nan nan nan 278.0648193359375 nan nan 30.94585418701171875 nan nan 500.941650390625 1151.6080322265625 1582.7205810546875 2089.505615234375 2764.31494140625 2683.625 2480.13427734375 1681.1407470703125 601.2091064453125 155.0304718017578125 36.885589599609375 36.885589599609375 nan nan nan nan nan
8.2385511398315429688 nan nan 250.7640533447265625 815.8028564453125 1599.77490234375 1171.8831787109375 1443.347412109375 1073.399169921875 1665.38671875 914.1533203125 652.43975830078125 63.81684112548828125 nan nan nan nan nan 26.837770462036132812 nan nan nan nan nan nan nan 89.3634490966796875 502.04443359375 628.2833251953125 278.0648193359375 nan nan nan 420.517181396484375 1094.4429931640625 1557.6702880859375 1700.410888671875 1858.38916015625 1740.34228515625 1959.5321044921875 1787.0439453125 1208.34619140625 448.2237548828125 36.885589599609375 36.885589599609375 nan nan nan nan nan nan
nan nan nan nan 250.7640533447265625 224.23907470703125 642.603515625 154.6494903564453125 485.77587890625 541.97088623046875 303.95477294921875 63.81684112548828125 nan nan nan nan nan 26.837770462036132812 26.837770462036132812 26.837770462036132812 nan nan nan nan nan 287.3466796875 740.1885986328125 1108.6934814453125 934.7913818359375 628.2833251953125 278.0648193359375 nan 193.13726806640625 845.8726806640625 1686.32470703125 2236.4111328125 2200.99169921875 1420.5474853515625 1165.28662109375 1581.646728515625 2115.196533203125 986.79241943359375 86.84734344482421875 36.885589599609375 nan nan nan nan nan nan nan
nan nan nan nan nan nan nan nan 90.88232421875 65.3400421142578125 nan nan nan nan nan nan 26.837770462036132812 26.837770462036132812 26.837770462036132812 26.837770462036132812 26.837770462036132812 nan nan nan 460.94989013671875 921.4462890625 1809.153076171875 1735.6126708984375 1191.221923828125 934.7913818359375 350.218505859375 90.8917999267578125 528.9248046875 1345.6817626953125 2173.87744140625 2671.656982421875 2912.114501953125 2277.26904296875 1837.4176025390625 2345.003662109375 2323.746826171875 1359.786865234375 575.45428466796875 86.84734344482421875 nan nan nan nan nan nan nan
nan nan nan nan nan nan nan nan nan nan nan nan nan nan nan nan nan 26.837770462036132812 26.837770462036132812 26.837770462036132812 nan nan 276.97576904296875 517.78369140625 1145.60791015625 1717.1827392578125 2226.868408203125 2466.392822265625 1728.8804931640625 599.81402587890625 82.52843475341796875 401.49200439453125 730.18878173828125 1712.8836669921875 2136.85693359375 3190.26416015625 3191.763916015625 3467.71533203125 2949.245361328125 3207.89013671875 2889.85546875 1749.4791259765625 800.76544189453125 171.770111083984375 nan nan nan nan nan nan nan
nan nan nan nan nan nan nan nan nan nan nan nan nan nan nan nan nan nan 26.837770462036132812 nan nan 276.97576904296875 653.91278076171875 1654.1661376953125 2028.5362548828125 2373.083251953125 2405.810791015625 2845.641357421875 2006.3695068359375 588.67327880859375 488.06427001953125 1078.13720703125 1400.9903564453125 1677.0511474609375 2649.78955078125 2949.839111328125 3582.290283203125 3601.544677734375 4143.49560546875 3847.9521484375 2991.49658203125 1849.7801513671875 589.5650634765625 5.0948457717895507812 nan nan nan nan nan nan nan
71.9199371337890625 nan nan nan nan nan nan nan nan nan nan nan nan nan nan nan nan nan nan nan 276.97576904296875 480.309539794921875 1506.3658447265625 1762.7564697265625 2238.4033203125 2628.16943359375 3282.8603515625 2619.728759765625 1883.771728515625 1068.0352783203125 1419.7783203125 1795.265869140625 2022.131103515625 2088.39501953125 1801.091064453125 3002.0888671875 3211.62939453125 3771.67578125 4109.86328125 3599.21826171875 2464.300048828125 1262.0379638671875 293.18536376953125 nan nan nan nan nan nan nan 67.79705810546875
119.19457244873046875 nan nan nan nan nan nan nan nan nan nan nan nan nan nan nan nan nan nan nan 84.3336639404296875 1069.1968994140625 1588.20556640625 2219.928466796875 2127.9169921875 2850.7490234375 3228.9443359375 2649.69775390625 2415.97705078125 2417.646728515625 1748.6572265625 1907.1435546875 2471.2041015625 2145.081298828125 2010.4290771484375 1748.504638671875 2854.3056640625 3556.546630859375 3820.757080078125 3131.83349609375 2156.225341796875 653.6986083984375 57.6985931396484375 nan nan nan nan nan nan 67.79705810546875 67.79705810546875
nan nan nan nan nan nan nan nan nan nan nan nan nan nan nan nan nan nan nan 27.19715118408203125 414.335845947265625 884.583251953125 1708.59619140625 2307.132568359375 2480.30615234375 2009.776611328125 2796.751708984375 3233.79296875 2852.187744140625 2102.060546875 2054.370849609375 2319.6640625 1895.169921875 1963.9588623046875 1546.9892578125 1675.0228271484375 2343.4619140625 3696.415283203125 3494.498779296875 2797.595703125 1843.43701171875 574.53125 62.366855621337890625 nan nan nan nan nan nan nan 67.79705810546875
nan nan nan nan nan nan nan nan nan nan nan nan nan nan nan nan nan nan 27.19715118408203125 184.3302001953125 684.77099609375 1377.04052734375 1777.977783203125 2342.537109375 2210.05029296875 2245.8662109375 2118.768310546875 3372.798583984375 2543.57763671875 2009.197998046875 1997.715576171875 1817.97802734375 1477.450439453125 1622.2669677734375 1717.1348876953125 1881.447265625 2385.94287109375 2929.385986328125 3105.03369140625 2846.5810546875 1462.961181640625 540.84576416015625 156.55804443359375 384.237640380859375 548.57562255859375 397.55780029296875 347.380615234375 117.09201812744140625 664.3961181640625 629.10223388671875 350.993438720703125
nan nan nan nan nan nan nan nan nan nan nan nan nan nan nan nan nan nan 84.20318603515625 431.607574462890625 882.9443359375 1999.086181640625 2646.32568359375 1982.0521240234375 1920.153076171875 2214.16552734375 2295.012451171875 2309.0654296875 2196.918701171875 1746.8116455078125 1860.78857421875 1310.0885009765625 1406.0767822265625 1577.532470703125 1373.796142578125 1571.9461669921875 1840.4281005859375 2198.54248046875 2491.389892578125 2015.59228515625 1457.6954345703125 593.0081787109375 702.50335693359375 1430.4423828125 1481.9132080078125 1669.1138916015625 1103.458984375 1274.97119140625 2361.10595703125 1972.8328857421875 1757.908203125
nan nan nan nan nan nan nan nan nan nan nan nan nan nan nan nan nan nan 62.168315887451171875 448.3458251953125 1251.92529296875 2030.6888427734375 2476.2392578125 2176.306640625 1786.4090576171875 1760.6861572265625 2054.53369140625 1745.118896484375 1940.1654052734375 2182.26904296875 2251.9404296875 1606.671875 1422.7354736328125 1366.798583984375 1416.550048828125 1374.5716552734375 1180.974365234375 1790.7918701171875 1991.027587890625 2370.679443359375 1745.9884033203125 1715.52880859375 2183.711669921875 2505.173583984375 3331.971435546875 3119.009521484375 2986.55029296875 3589.20166015625 3660.216064453125 4095.79931640625 4040.177490234375
nan nan nan nan nan nan nan nan nan nan nan nan nan nan nan nan nan nan nan 399.534637451171875 1160.474365234375 1613.0068359375 1651.068359375 1772.687744140625 1383.9609375 1418.6923828125 2132.058837890625 2144.1904296875 2575.785400390625 2668.838134765625 2874.223876953125 2871.30322265625 2186.9072265625 2154.771728515625 2126.5712890625 1762.0633544921875 1758.6705322265625 2127.41357421875 2982.239013671875 3119.603271484375 2883.9482421875 3064.501220703125 3226.95849609375 3821.7802734375 4654.08642578125 4574.7978515625 4098.08447265625 4017.918212890625 4424.94580078125 5069.31005859375 5332.93212890625
63.82807159423828125 nan nan nan nan nan nan nan nan nan nan nan nan nan nan nan nan nan nan 147.67608642578125 644.9305419921875 1111.8226318359375 990.8253173828125 892.2120361328125 1029.244384765625 2018.1859130859375 2631.801025390625 2506.819091796875 2802.381103515625 3975.6982421875 3466.99267578125 3176.29541015625 2872.107666015625 2874.3369140625 2659.299072265625 2768.82958984375 2202.194580078125 3173.79150390625 4326.00390625 3318.740966796875 3514.378173828125 3914.21533203125 4459.58447265625 4532.75244140625 4653.13330078125 4933.42138671875 4537.06982421875 4071.494873046875 4782.92919921875 5016.76904296875 4742.62744140625
168.9990234375 63.82807159423828125 nan nan nan nan nan nan nan nan nan nan nan nan nan nan nan nan nan nan 147.67608642578125 582.76220703125 472.481964111328125 376.7691650390625 955.37811279296875 2665.060302734375 2803.212890625 2880.289794921875 2908.55322265625 3631.7099609375 3548.181884765625 2859.23095703125 3036.828857421875 2574.4443359375 3130.9482421875 3015.367431640625 3285.192138671875 3933.50537109375 4547.296875 4583.01708984375 3700.05322265625 3639.193115234375 4500.6728515625 5718.1748046875 5337.53662109375 5598.271484375 4558.45751953125 3779.509033203125 5555.734375 4884.6396484375 6536.7529296875
337.5302734375 168.9990234375 63.82807159423828125 nan nan nan nan nan nan nan nan nan nan nan nan nan nan nan nan nan nan 147.67608642578125 97.71978759765625 306.3778076171875 1655.346923828125 2787.5703125 3682.742919921875 3162.315673828125 3231.33203125 2555.151611328125 3359.694091796875 2767.35498046875 2082.211181640625 3087.9091796875 3194.7841796875 3005.546875 3859.91943359375 4296.40966796875 4457.53173828125 4386.3603515625 4372.4296875 4310.92529296875 5414.7880859375 6153.177734375 6188.73583984375 5093.1474609375 4820.7958984375 5698.1533203125 5530.3974609375 6092.13916015625 5468.3046875
412.660125732421875 198.1514434814453125 54.32195281982421875 nan nan 10.620997428894042969 nan nan nan nan nan nan nan nan nan nan nan nan nan nan nan nan nan 508.919708251953125 1489.528564453125 3233.978759765625 3551.499267578125 3315.451416015625 2921.0751953125 2859.50537109375 3212.62548828125 2191.014892578125 2017.1455078125 2370.058349609375 3050.1875 2689.00732421875 2761.054931640625 4075.732421875 4412.92822265625 4251.09814453125 3422.3798828125 5191.0595703125 6278.0703125 6640.01806640625 6347.93359375 5347.55029296875 6242.365234375 6154.205078125 5763.521484375 6069.32568359375 6307.45849609375
268.54541015625 124.71593475341796875 nan 105.930572509765625 117.47597503662109375 393.18511962890625 10.620997428894042969 nan nan nan nan nan nan nan nan nan nan nan nan nan nan nan nan 417.09625244140625 1701.47998046875 2818.122314453125 3626.98388671875 3184.344970703125 3256.06787109375 3461.0908203125 2668.6015625 2302.480712890625 2466.38427734375 2622.7021484375 2343.204833984375 2858.815185546875 2588.30908203125 3053.03271484375 3804.47802734375 3291.211669921875 3766.137939453125 4612.38134765625 6180.83740234375 6404.6767578125 5944.0048828125 5497.38427734375 5051.93701171875 5688.6220703125 6183.36083984375 5160.01806640625 4809.9921875
139.6994476318359375 nan 105.930572509765625 295.344451904296875 865.59930419921875 613.31304931640625 393.18511962890625 10.620997428894042969 22.63457489013671875 nan nan nan nan nan nan nan nan nan nan nan nan nan nan 85.23284149169921875 974.3203125 2876.37353515625 3501.47216796875 3194.025146484375 2814.157470703125 3250.73876953125 2907.693603515625 2931.503662109375 2376.587646484375 2709.966796875 3012.08154296875 3035.77294921875 2541.5400390625 2966.657958984375 3384.7412109375 3462.911865234375 3133.001220703125 3836.733642578125 5802.1845703125 6166.41015625 5751.013671875 5357.74951171875 5322.62890625 5444.0478515625 6048.6513671875 4749.59375 4134.4306640625
602.77508544921875 251.6471710205078125 355.50341796875 926.91619873046875 1050.8101806640625 978.87225341796875 613.31304931640625 405.198699951171875 46.56107330322265625 22.63457489013671875 nan nan nan nan 30.890165328979492188 217.737457275390625 51.86940765380859375 231.7119598388671875 440.6531982421875 494.01129150390625 466.390167236328125 nan nan 237.927154541015625 989.08819580078125 2266.379638671875 3077.127197265625 3012.722412109375 3500.21728515625 3404.3369140625 3774.367431640625 2716.459228515625 2768.9443359375 2717.466064453125 3964.089111328125 3453.211669921875 3276.650634765625 2569.941650390625 3386.442138671875 3898.012451171875 4036.708251953125 4590.36474609375 4880.4951171875 5980.74365234375 5946.16943359375 5767.88232421875 5581.6845703125 5675.89013671875 4920.5224609375 4751.81396484375 4026.106689453125
1857.4896240234375 1337.258056640625 1232.6744384765625 1050.0025634765625 1085.2359619140625 944.87957763671875 778.10028076171875 159.83404541015625 46.56107330322265625 46.56107330322265625 22.63457489013671875 nan 81.98027801513671875 172.4991607666015625 627.80535888671875 685.77001953125 836.38116455078125 1072.2603759765625 2079.69482421875 2495.711181640625 2136.3857421875 690.0081787109375 219.4056854248046875 783.3924560546875 1517.6007080078125 1690.2769775390625 2836.000732421875 3476.951416015625 3480.4287109375 3917.540283203125 3736.89111328125 3638.5595703125 3092.1796875 4056.25439453125 3275.493896484375 3458.177978515625 2896.781982421875 3088.174560546875 3611.510498046875 3806.123291015625 4761.7138671875 4788.47412109375 5422.5302734375 6314.5654296875 6523.38037109375 5228.74365234375 4978.73291015625 5827.60888671875 5202.28076171875 4437.34521484375 3943.789306640625
3701.443359375 2809.392578125 2286.33251953125 1902.646484375 1539.2735595703125 961.70941162109375 137.1994781494140625 46.56107330322265625 46.56107330322265625 46.56107330322265625 23.9264984130859375 207.397216796875 545.93963623046875 1024.3431396484375 1385.9322509765625 1893.1270751953125 2555.9794921875 5092.1689453125 4234.1728515625 4987.54345703125 4460.02099609375 3066.4111328125 2089.234375 1456.05908203125 1986.5587158203125 2097.599609375 2332.67919921875 3013.74169921875 4077.957763671875 3499.376220703125 3988.1416015625 3591.493408203125 4296.28857421875 3192.1513671875 3672.565185546875 2964.397216796875 2687.83837890625 2809.231689453125 3472.908935546875 5123.80859375 4696.1943359375 4927.552734375 5574.3720703125 6516.62060546875 5637.638671875 5333.55517578125 5448.48681640625 5021.26416015625 5927.0576171875 4419.0341796875 4204.07373046875
