ForecastVariables/BuildingPerimeter_500m/BuildingPerimeter_Focal_Random2.asc
ncols        529
nrows        344
xllcorner    2700.000000000000
yllcorner    15900.000000000000
cellsize     100.000000000000
NODATA_value  nan
[rows 161 to 183 of 344, columns 400 to 449 of 529]
nan nan nan nan nan nan 98.83298492431640625 nan 35.869049072265625 253.8086700439453125 253.8086700439453125 217.9396209716796875 nan nan nan nan nan nan nan nan nan nan nan nan nan nan nan nan nan nan 17.241487503051757812 292.33740234375 138.8779144287109375 141.4412078857421875 174.4260711669921875 nan nan nan nan nan nan nan nan nan nan nan nan nan nan nan
121.54424285888671875 nan nan nan nan nan nan nan nan 35.869049072265625 217.9396209716796875 nan nan nan nan nan nan nan nan nan nan nan nan nan nan nan nan nan nan nan 270.7833251953125 324.1468505859375 386.37548828125 108.68790435791015625 nan nan nan nan nan nan nan nan nan nan nan nan nan nan nan nan
nan nan nan 71.57427215576171875 nan nan nan nan nan nan nan nan nan nan nan nan nan nan nan nan nan nan nan nan nan nan nan nan nan 270.7833251953125 552.25518798828125 689.0091552734375 802.87628173828125 465.33599853515625 90.59012603759765625 nan nan nan nan nan nan nan nan nan nan nan nan nan nan nan
nan nan 71.57427215576171875 71.57427215576171875 71.57427215576171875 nan nan nan nan nan nan nan nan nan nan nan nan nan nan nan nan nan nan nan nan nan nan nan 87.59645843505859375 357.438690185546875 947.77410888671875 1210.7196044921875 1112.5986328125 619.68939208984375 270.51953125 78.96050262451171875 nan nan nan nan nan nan nan nan nan nan nan nan nan nan
nan 71.57427215576171875 71.57427215576171875 71.57427215576171875 71.57427215576171875 71.57427215576171875 nan nan nan nan 127.005096435546875 nan nan nan nan 182.138824462890625 102.9258575439453125 nan nan nan nan nan nan nan nan nan nan nan 140.511871337890625 443.697845458984375 876.9609375 1607.178955078125 1084.8883056640625 700.8553466796875 287.170379638671875 nan nan nan nan nan nan nan nan nan nan nan nan nan nan nan
nan nan 71.57427215576171875 71.57427215576171875 71.57427215576171875 nan nan nan nan 444.448394775390625 389.207763671875 195.286956787109375 nan nan 401.038360595703125 310.246124267578125 305.75054931640625 347.375 87.7398834228515625 223.428436279296875 nan nan nan nan nan nan nan nan 129.8826751708984375 366.11737060546875 896.58746337890625 1155.0640869140625 1075.0863037109375 526.1505126953125 136.4190826416015625 nan nan nan nan nan nan nan nan nan nan nan nan nan nan nan
nan nan nan 71.57427215576171875 nan nan nan 193.9892578125 1174.0955810546875 1066.0418701171875 837.9345703125 557.58660888671875 230.39727783203125 401.038360595703125 541.41485595703125 981.60296630859375 726.1099853515625 652.30963134765625 832.83306884765625 579.217041015625 937.13232421875 nan nan nan nan nan nan 86.20086669921875 1.6945768594741821289 352.324951171875 902.242919921875 735.83734130859375 669.63232421875 365.699615478515625 8.5328264236450195312 nan nan nan nan nan nan nan nan nan nan nan nan nan nan nan
nan nan nan nan nan nan 193.9892578125 1700.19873046875 2424.04638671875 2115.400390625 1297.42236328125 973.141845703125 684.59136962890625 359.742340087890625 1134.795654296875 1576.2225341796875 1553.62158203125 1672.634521484375 1057.3887939453125 1897.8243408203125 1361.6959228515625 937.13232421875 nan nan nan nan 86.20086669921875 322.6104736328125 233.27410888671875 308.539581298828125 781.19525146484375 854.98883056640625 424.524993896484375 8.5328264236450195312 nan nan nan nan nan nan nan nan nan nan nan nan nan nan nan nan
nan nan nan nan nan 193.9892578125 1382.75537109375 2303.519287109375 2872.39208984375 2775.57275390625 2250.607666015625 888.084228515625 355.8878173828125 1255.1571044921875 1363.597412109375 1561.7977294921875 2067.409912109375 2120.026611328125 2716.135498046875 1760.8970947265625 1634.4102783203125 1050.527587890625 713.70391845703125 nan nan 86.20086669921875 322.6104736328125 469.6837158203125 776.52874755859375 662.14434814453125 594.87994384765625 928.6324462890625 538.518310546875 58.825382232666015625 nan nan nan nan nan nan nan nan nan nan nan nan nan nan nan 55.842708587646484375
nan nan nan nan nan 459.11895751953125 1214.4814453125 2132.556396484375 2491.947021484375 2678.40283203125 1534.4930419921875 532.04638671875 669.3448486328125 827.3043212890625 1440.4678955078125 1813.153564453125 1776.5208740234375 1685.1175537109375 1527.330810546875 2287.62255859375 1261.0689697265625 968.6434326171875 68.77498626708984375 nan nan 236.4096221923828125 469.6837158203125 469.6837158203125 532.88360595703125 917.84283447265625 854.9580078125 707.884765625 401.03973388671875 164.3151092529296875 nan nan nan nan nan nan nan nan nan nan nan nan nan nan 55.842708587646484375 55.842708587646484375
64.390289306640625 nan nan nan nan nan 459.11895751953125 1214.4814453125 1938.567138671875 1109.191650390625 328.557220458984375 390.385162353515625 384.013397216796875 592.75244140625 792.19403076171875 1209.2991943359375 1100.0821533203125 742.31292724609375 1013.6663818359375 547.3651123046875 968.6434326171875 68.77498626708984375 nan nan 130.5314483642578125 523.9781494140625 404.557586669921875 469.6837158203125 383.48284912109375 324.972503662109375 649.05938720703125 401.03973388671875 279.014495849609375 114.69937896728515625 nan nan nan nan nan nan nan nan nan nan nan nan nan nan nan 55.842708587646484375
nan nan nan nan nan nan nan 459.11895751953125 561.3731689453125 188.4277496337890625 nan 77.12783050537109375 290.288177490234375 348.903076171875 515.62457275390625 245.7873382568359375 74.73072052001953125 628.83526611328125 24.376857757568359375 186.1645050048828125 68.77498626708984375 nan nan 130.5314483642578125 654.50958251953125 961.2132568359375 739.2025146484375 404.557586669921875 147.0732421875 nan 177.899261474609375 279.014495849609375 114.69937896728515625 nan 39.91608428955078125 56.889064788818359375 nan nan nan nan nan nan nan nan nan nan nan nan nan nan
nan nan nan nan nan nan nan nan nan nan nan nan 77.12783050537109375 213.16033935546875 58.614910125732421875 nan nan nan nan nan nan nan 130.5314483642578125 654.50958251953125 961.2132568359375 1008.2896728515625 1008.2896728515625 739.2025146484375 168.1479644775390625 nan nan 114.69937896728515625 nan 39.91608428955078125 269.9620361328125 769.3367919921875 174.942840576171875 nan nan nan nan nan nan nan nan nan nan nan nan nan
nan nan nan nan nan nan nan nan nan nan nan nan nan nan nan nan nan nan nan nan nan nan nan 269.087158203125 840.1417236328125 1008.2896728515625 877.75823974609375 353.78009033203125 47.076427459716796875 nan nan nan 39.91608428955078125 269.9620361328125 942.49365234375 1077.50390625 913.86029052734375 174.942840576171875 nan nan nan nan nan nan nan nan nan nan nan nan
nan nan nan nan nan nan nan nan nan nan nan nan nan nan nan nan nan nan nan nan nan nan nan nan 269.087158203125 709.61029052734375 353.78009033203125 47.076427459716796875 nan nan nan nan 173.156890869140625 885.6046142578125 1077.50390625 1103.9736328125 1064.0576171875 817.05517578125 118.05377197265625 nan nan nan nan nan nan nan nan nan nan nan
nan nan nan nan nan nan nan nan nan nan nan nan nan nan nan nan nan nan nan nan nan nan nan nan nan 138.5557098388671875 47.076427459716796875 nan nan nan nan nan nan 190.113372802734375 929.03082275390625 1064.0576171875 834.01165771484375 161.4800262451171875 26.469762802124023438 nan nan nan nan nan nan nan nan nan nan nan
nan nan nan nan nan nan nan nan nan nan nan nan nan nan nan nan nan nan nan nan nan nan nan nan nan nan nan nan nan nan nan nan nan nan 190.113372802734375 715.9578857421875 161.4800262451171875 26.469762802124023438 nan nan nan nan nan nan nan nan nan nan nan nan
nan nan nan nan nan nan nan nan nan nan nan nan nan nan nan nan nan nan nan nan nan nan nan nan nan nan nan nan nan nan nan nan nan nan nan 16.956487655639648438 26.469762802124023438 nan nan nan nan nan nan nan nan nan nan nan nan nan
nan nan nan nan nan nan nan nan nan nan nan nan nan nan nan nan nan nan nan nan nan nan nan nan nan nan nan nan nan nan nan nan nan nan nan nan nan nan nan nan nan nan nan nan nan nan nan nan nan nan
nan nan nan nan nan nan nan nan nan nan nan nan nan nan nan nan nan nan nan nan nan nan nan nan nan nan nan nan nan nan nan nan nan nan nan nan nan nan nan nan nan nan nan nan nan nan nan nan nan nan
nan nan nan nan nan nan nan nan nan nan nan nan nan nan nan nan nan nan nan nan nan nan nan nan nan nan nan nan nan nan nan nan nan nan nan nan nan nan nan nan nan nan nan nan nan nan nan nan nan nan
nan nan nan nan nan nan nan nan nan nan nan nan nan nan nan nan nan nan nan nan nan nan nan nan nan nan nan nan nan nan nan nan nan nan nan nan nan nan nan nan nan nan nan nan nan nan nan nan nan nan
nan nan nan nan nan nan nan nan nan nan nan nan nan nan nan nan nan nan nan nan nan nan nan nan nan nan nan nan nan nan nan nan nan nan nan nan nan nan nan nan nan nan nan nan nan nan nan nan nan nan
