ForecastVariables/NDVI2018_500m/NDVI_Focal_Random5.asc
ncols        529
nrows        344
xllcorner    2700.000000000000
yllcorner    15900.000000000000
cellsize     100.000000000000
[rows 108 to 125 of 344, columns 200 to 239 of 529]
2.1978619098663330078 2.4454753398895263672 2.4158270359039306641 2.7972292900085449219 2.7179081439971923828 2.1778507232666015625 0.93369877338409423828 0.61830180883407592773 0.23957049846649169922 0.91858190298080444336 1.5317022800445556641 1.8941575288772583008 2.3713810443878173828 2.9117226600646972656 2.8758244514465332031 4.3371062278747558594 4.7105164527893066406 5.230007171630859375 5.3615369796752929688 4.8840413093566894531 5.1618494987487792969 4.1216797828674316406 3.0539803504943847656 1.0654153823852539062 -0.54320353269577026367 -0.704280853271484375 -0.69436204433441162109 0.35904964804649353027 1.7882184982299804688 2.7436273097991943359 3.1074080467224121094 2.6055126190185546875 1.956574559211730957 1.5735754966735839844 1.4783117771148681641 0.46658113598823547363 0.79434317350387573242 1.941090703010559082 3.4778995513916015625 4.1825089454650878906
2.3208692073822021484 0.97901308536529541016 0.94815850257873535156 1.2112771272659301758 1.6371788978576660156 1.0941599607467651367 0.5037250518798828125 -0.24687646329402923584 -0.2785911858081817627 0.21150508522987365723 0.0031940639019012451172 0.42636421322822570801 1.0061023235321044922 0.91742074489593505859 2.5028345584869384766 3.7286112308502197266 4.1481814384460449219 4.4042391777038574219 4.7533259391784667969 4.7427248954772949219 4.1464924812316894531 4.2293972969055175781 2.4277429580688476562 0.58791774511337280273 -0.61890572309494018555 -0.71365749835968017578 -0.69647228717803955078 -0.21010865271091461182 1.1035099029541015625 2.7515645027160644531 3.0394644737243652344 3.1619210243225097656 2.3625826835632324219 1.79964447021484375 0.79448878765106201172 0.52748161554336547852 -0.11618328839540481567 1.4495106935501098633 1.5172446966171264648 1.7425237894058227539
2.33929443359375 1.655203700065612793 0.23892080783843994141 0.64013743400573730469 0.57960772514343261719 0.48728188872337341309 0.18476288020610809326 -0.16394613683223724365 -0.70688587427139282227 -0.2995808720588684082 -0.7041848301887512207 -0.47770145535469055176 -0.15741628408432006836 0.83497595787048339844 1.7019125223159790039 2.3039135932922363281 3.2194931507110595703 3.8327624797821044922 3.8259809017181396484 3.7573237419128417969 3.6755733489990234375 2.7535450458526611328 1.756293177604675293 0.31665828824043273926 -0.17050819098949432373 -0.71034443378448486328 -0.69996285438537597656 -0.48745140433311462402 1.0906875133514404297 3.5792686939239501953 4.5541939735412597656 4.2494554519653320312 4.2511067390441894531 3.1801888942718505859 2.1730492115020751953 1.6155554056167602539 1.5159317255020141602 0.92464584112167358398 1.3212598562240600586 0.24132946133613586426
3.5152375698089599609 2.3946754932403564453 2.0225780010223388672 1.1816667318344116211 0.46651348471641540527 0.25025406479835510254 0.71887600421905517578 0.81944739818572998047 0.044745404273271560669 -0.25651714205741882324 -0.14686420559883117676 -0.65602767467498779297 -0.63585549592971801758 0.24475099146366119385 0.67407053709030151367 1.1598626375198364258 2.3485431671142578125 2.5830557346343994141 1.9534459114074707031 1.9430372714996337891 1.5909664630889892578 1.6446183919906616211 0.73991680145263671875 0.13985143601894378662 -0.70355778932571411133 -0.70729833841323852539 -0.69973671436309814453 -0.11670970916748046875 1.1689138412475585938 3.8172624111175537109 5.4079523086547851562 5.8921604156494140625 5.401515960693359375 5.0304059982299804688 4.1313982009887695312 3.6548726558685302734 2.6757619380950927734 2.6855592727661132812 1.8875876665115356445 0.41523247957229614258
4.4473643302917480469 4.2285785675048828125 3.4183967113494873047 2.6059994697570800781 1.3056560754776000977 1.2349332571029663086 1.7214417457580566406 1.9778821468353271484 1.8869068622589111328 1.5322377681732177734 0.76139891147613525391 -0.095585174858570098877 -0.58416593074798583984 -0.27632224559783935547 0.12498681992292404175 0.88951945304870605469 0.70208936929702758789 0.79827141761779785156 0.4780566096305847168 -0.054837252944707870483 0.18491199612617492676 0.095078669488430023193 0.13560472428798675537 -0.70043992996215820312 -0.71733880043029785156 -0.71419501304626464844 -0.69546872377395629883 -0.17318481206893920898 1.4574906826019287109 3.8039777278900146484 5.8695940971374511719 6.2544603347778320312 6.0384068489074707031 5.4937000274658203125 5.3182692527770996094 4.739139556884765625 5.2197747230529785156 4.2285275459289550781 2.1995742321014404297 0.33889749646186828613
5.3601312637329101562 4.9873399734497070312 4.9261059761047363281 3.0514476299285888672 1.7574245929718017578 1.7554885149002075195 2.9417846202850341797 3.7804124355316162109 3.8756413459777832031 2.8658003807067871094 1.9312348365783691406 0.8572375178337097168 0.74174779653549194336 0.71584552526473999023 0.97145843505859375 0.85126757621765136719 0.018470652401447296143 -0.52229446172714233398 -0.23026987910270690918 -0.73427331447601318359 -0.6041132807731628418 -0.41597360372543334961 -0.71200960874557495117 -0.71832370758056640625 -0.72152769565582275391 -0.71148335933685302734 -0.71155250072479248047 -0.17673914134502410889 1.4417747259140014648 4.149211883544921875 5.6319704055786132812 6.0755515098571777344 6.2205815315246582031 6.0958609580993652344 5.6325564384460449219 5.881893157958984375 5.9653735160827636719 4.3348069190979003906 1.9787870645523071289 1.6008039712905883789
5.497097015380859375 5.2195491790771484375 4.4281458854675292969 3.0180807113647460938 1.7126061916351318359 2.2299699783325195312 3.5756587982177734375 4.8140149116516113281 4.7121586799621582031 4.2703394889831542969 3.1152765750885009766 2.6144733428955078125 1.9535424709320068359 2.5036520957946777344 2.4426286220550537109 1.3333356380462646484 0.45062360167503356934 -0.33220496773719787598 -0.37352839112281799316 -0.33111301064491271973 -0.71812891960144042969 -0.71941375732421875 -0.21521963179111480713 -0.53717219829559326172 -0.58294147253036499023 -0.67206346988677978516 -0.1498000025749206543 -0.13766856491565704346 1.4790003299713134766 3.9307756423950195312 5.4323048591613769531 5.9010820388793945312 6.1084361076354980469 6.3094334602355957031 6.2753448486328125 6.1953883171081542969 4.4110598564147949219 3.0838470458984375 3.1105828285217285156 2.2781581878662109375
4.7864699363708496094 4.0341210365295410156 3.1128814220428466797 2.2216608524322509766 2.0658819675445556641 2.5520911216735839844 4.0872554779052734375 5.06320953369140625 5.2854776382446289062 4.9439120292663574219 4.5428214073181152344 3.5286796092987060547 3.6003198623657226562 3.8730604648590087891 3.7510275840759277344 2.0368008613586425781 0.55852514505386352539 0.0038759298622608184814 0.38845068216323852539 0.06225299835205078125 -0.32026681303977966309 -0.21660256385803222656 0.10450243204832077026 0.67227190732955932617 -0.2774493098258972168 0.023278797045350074768 0.43745076656341552734 0.91541630029678344727 1.4537359476089477539 3.9234468936920166016 5.35686492919921875 5.9126925468444824219 5.9633765220642089844 6.3052487373352050781 6.4665656089782714844 5.27060699462890625 3.7513980865478515625 2.7456817626953125 2.9821929931640625 2.7605757713317871094
2.9539315700531005859 2.4341318607330322266 2.2261729240417480469 2.1305389404296875 1.5998009443283081055 3.1823756694793701172 4.7023401260375976562 5.5340909957885742188 5.1361775398254394531 5.5615410804748535156 5.0047769546508789062 4.1960177421569824219 4.4701256752014160156 4.554473876953125 3.4965770244598388672 2.0365855693817138672 0.57050120830535888672 0.40788927674293518066 0.79765772819519042969 0.42184978723526000977 0.68616050481796264648 0.49487948417663574219 0.80022084712982177734 1.2602545022964477539 1.3810213804244995117 0.97646665573120117188 1.5143060684204101562 2.0065848827362060547 3.0380165576934814453 3.8818142414093017578 5.4775571823120117188 5.8406820297241210938 6.1522183418273925781 6.3111538887023925781 5.7875804901123046875 5.0944061279296875 4.0734148025512695312 3.2774741649627685547 2.9296579360961914062 4.5097985267639160156
1.8935487270355224609 1.5168070793151855469 1.8705726861953735352 1.9012223482131958008 2.7852807044982910156 3.6715152263641357422 4.9484667778015136719 4.7542858123779296875 4.8506040573120117188 4.8346495628356933594 5.2227983474731445312 4.5679249763488769531 4.2328972816467285156 3.5605995655059814453 2.3844935894012451172 1.3017227649688720703 0.60924857854843139648 0.92612117528915405273 1.1156122684478759766 0.90827620029449462891 0.75759327411651611328 0.85608351230621337891 1.4545689821243286133 1.653545379638671875 1.9478108882904052734 2.8704500198364257812 2.6515953540802001953 3.3677153587341308594 3.9544823169708251953 4.8671197891235351562 5.4894471168518066406 5.9644656181335449219 6.2076778411865234375 6.4663934707641601562 6.3110346794128417969 5.3223872184753417969 4.6357884407043457031 4.0654778480529785156 4.7334485054016113281 5.9600305557250976562
2.3290832042694091797 2.7921285629272460938 2.2306244373321533203 3.1024484634399414062 3.9715948104858398438 4.3295111656188964844 3.8248064517974853516 3.857975006103515625 3.8936684131622314453 3.6157410144805908203 3.8056542873382568359 3.9764447212219238281 2.9247758388519287109 2.01270294189453125 1.306065678596496582 0.43719753623008728027 1.1472980976104736328 1.6948277950286865234 1.3769593238830566406 1.3131846189498901367 0.84606915712356567383 1.3910225629806518555 2.4738168716430664062 2.5927665233612060547 2.9868199825286865234 3.4158167839050292969 4.5129857063293457031 4.4421887397766113281 4.6162304878234863281 5.2836260795593261719 5.8565912246704101562 6.1335840225219726562 6.4252691268920898438 6.436672210693359375 6.3588466644287109375 6.2420840263366699219 5.2411684989929199219 5.4026255607604980469 6.0767979621887207031 6.4824228286743164062
3.7069559097290039062 3.6115429401397705078 4.3654732704162597656 4.3136668205261230469 3.6373169422149658203 3.5548207759857177734 3.7800793647766113281 3.1879289150238037109 2.4679026603698730469 2.4760396480560302734 2.2075030803680419922 1.9585477113723754883 1.5430451631546020508 1.0095403194427490234 0.79395705461502075195 1.3366094827651977539 1.6690369844436645508 1.7967298030853271484 2.5174660682678222656 1.8232263326644897461 2.1158554553985595703 2.7670035362243652344 3.6868710517883300781 4.1669645309448242188 4.0961575508117675781 4.2615132331848144531 5.3988289833068847656 5.5620055198669433594 5.1599555015563964844 5.6334991455078125 5.8028903007507324219 6.0100803375244140625 6.4322938919067382812 6.4968829154968261719 6.5107684135437011719 6.3424081802368164062 6.2929849624633789062 6.0464344024658203125 6.116058349609375 6.2509341239929199219
4.6368880271911621094 4.6646637916564941406 4.64580535888671875 4.4160718917846679688 3.918468475341796875 4.1602144241333007812 3.9945702552795410156 2.7286553382873535156 1.6193532943725585938 1.3074070215225219727 1.3521518707275390625 0.70710813999176025391 0.72394269704818725586 0.040376782417297363281 0.55178666114807128906 1.8999259471893310547 2.2185671329498291016 2.4077444076538085938 2.6077444553375244141 2.7689721584320068359 2.9582839012145996094 4.1292471885681152344 4.66031646728515625 5.3780951499938964844 5.0971360206604003906 5.2406620979309082031 5.61457061767578125 5.8282408714294433594 5.6394014358520507812 5.6867313385009765625 5.8946452140808105469 6.2252488136291503906 6.3560051918029785156 6.5989732742309570312 6.6668157577514648438 6.5233907699584960938 6.3761339187622070312 6.0000848770141601562 5.5175037384033203125 5.5734510421752929688
5.1078615188598632812 4.8285250663757324219 4.73096466064453125 4.4843044281005859375 4.6112961769104003906 4.1426110267639160156 3.3422112464904785156 3.2945568561553955078 1.9723308086395263672 0.6031589508056640625 -0.093480177223682403564 0.37219789624214172363 0.53374189138412475586 1.0173875093460083008 1.2533657550811767578 1.7491178512573242188 3.5024244785308837891 3.5492587089538574219 3.0751168727874755859 3.0532908439636230469 4.4111161231994628906 4.8827047348022460938 5.5638298988342285156 5.6172080039978027344 5.6188902854919433594 5.6034536361694335938 5.6066427230834960938 5.7680735588073730469 5.9075465202331542969 5.6787953376770019531 6.093017578125 6.1541361808776855469 6.5032172203063964844 6.696178436279296875 6.7401823997497558594 6.4115014076232910156 5.9829869270324707031 5.3945527076721191406 4.8918437957763671875 4.7339043617248535156
5.0499644279479980469 5.2506570816040039062 5.0993609428405761719 4.6478090286254882812 4.4525022506713867188 3.8397147655487060547 3.88474273681640625 2.7043609619140625 1.5312398672103881836 0.20346486568450927734 0.45164754986763000488 0.76198601722717285156 0.89981812238693237305 1.7554661035537719727 2.9226701259613037109 3.4240407943725585938 3.7253663539886474609 4.2950139045715332031 3.9924638271331787109 4.5244240760803222656 5.0701928138732910156 5.4702363014221191406 5.6529064178466796875 5.6572403907775878906 5.5965991020202636719 5.6564226150512695312 5.6984467506408691406 5.7051234245300292969 5.7925095558166503906 5.92275238037109375 5.7903485298156738281 6.0576496124267578125 6.4297661781311035156 6.6878113746643066406 6.5761179924011230469 6.4705414772033691406 5.6807436943054199219 5.0449342727661132812 4.4408240318298339844 3.7574529647827148438
5.5845050811767578125 5.3111386299133300781 4.8735451698303222656 4.7973470687866210938 4.0642786026000976562 3.8066451549530029297 2.556415557861328125 1.6762365102767944336 0.55172741413116455078 0.62745964527130126953 0.77442365884780883789 1.9689092636108398438 2.2686033248901367188 2.8326134681701660156 3.6301786899566650391 4.4679255485534667969 4.7927532196044921875 4.7178211212158203125 5.4328074455261230469 5.0685734748840332031 5.5086736679077148438 5.6234374046325683594 5.6015152931213378906 5.6578426361083984375 5.6037168502807617188 5.6220674514770507812 5.6710267066955566406 5.7151780128479003906 5.7850542068481445312 5.6862835884094238281 5.4780511856079101562 5.5394983291625976562 6.2038903236389160156 6.2598094940185546875 6.3728361129760742188 6.1031451225280761719 5.0261721611022949219 4.41243743896484375 3.5510604381561279297 3.5354158878326416016
5.5515341758728027344 5.1213216781616210938 4.4203953742980957031 4.4341435432434082031 4.2353758811950683594 3.3719375133514404297 2.1678178310394287109 0.84989631175994873047 1.0156856775283813477 1.3038501739501953125 2.1094267368316650391 2.5051982402801513672 3.7414834499359130859 4.1462335586547851562 3.8144176006317138672 4.7854123115539550781 4.9097361564636230469 5.4401302337646484375 5.4826307296752929688 5.6071062088012695312 5.5654382705688476562 5.5466146469116210938 5.6021218299865722656 5.5842022895812988281 5.5849833488464355469 5.5721378326416015625 5.6692404747009277344 5.7612690925598144531 5.563854217529296875 5.3292555809020996094 5.2324204444885253906 5.2720532417297363281 5.2059879302978515625 5.86818695068359375 5.98381805419921875 5.2475543022155761719 4.4834728240966796875 3.6917088031768798828 3.3779742717742919922 3.0202090740203857422
5.2466454505920410156 4.4836201667785644531 4.3709368705749511719 4.5741133689880371094 4.2091612815856933594 3.5373880863189697266 2.6732032299041748047 2.4077062606811523438 2.1279280185699462891 2.8069357872009277344 3.4435312747955322266 3.7776465415954589844 3.9359235763549804688 4.246337890625 4.5705122947692871094 4.5826964378356933594 5.0984697341918945312 5.1383223533630371094 5.5446133613586425781 5.6709370613098144531 5.5823569297790527344 5.5933895111083984375 5.5594582557678222656 5.5181970596313476562 5.5061693191528320312 5.55805206298828125 5.6326084136962890625 5.6505055427551269531 5.5302271842956542969 5.1513705253601074219 5.187114715576171875 4.86067962646484375 4.6883883476257324219 5.0934095382690429688 5.3894600868225097656 4.8686451911926269531 4.1708774566650390625 3.4124250411987304688 2.7679741382598876953 2.9150130748748779297
