ForecastVariables/NDVI2018_500m/NDVI_Focal_Random3.asc
ncols        529
nrows        344
xllcorner    2700.000000000000
yllcorner    15900.000000000000
cellsize     100.000000000000
[rows 144 to 161 of 344, columns 120 to 159 of 529]
1.5674370527267456055 1.6928745508193969727 1.8568513393402099609 2.3137617111206054688 2.2651364803314208984 2.5342302322387695312 2.6645588874816894531 3.1100881099700927734 2.9765315055847167969 2.5108284950256347656 1.9379711151123046875 1.7161422967910766602 1.3049414157867431641 0.87606590986251831055 -0.15404179692268371582 0.25001609325408935547 0.48136207461357116699 2.4883160591125488281 3.0384838581085205078 4.390529632568359375 4.4307827949523925781 3.9699199199676513672 3.1958968639373779297 3.0020458698272705078 2.5532042980194091797 2.4657750129699707031 2.2671096324920654297 2.5139780044555664062 2.5592069625854492188 2.3792929649353027344 2.3706564903259277344 2.2735390663146972656 2.5009572505950927734 3.0646264553070068359 3.4876971244812011719 3.4431104660034179688 2.8238978385925292969 2.3721909523010253906 1.9949954748153686523 1.7428135871887207031
1.5512834787368774414 1.5565779209136962891 1.9523988962173461914 2.0042467117309570312 2.3714334964752197266 2.4360103607177734375 2.8008983135223388672 2.7750954627990722656 2.8545856475830078125 2.9220399856567382812 2.6828968524932861328 2.328830718994140625 2.6126551628112792969 1.5994174480438232422 1.2850513458251953125 1.2827712297439575195 2.2838304042816162109 2.7010321617126464844 4.1350202560424804688 3.8898768424987792969 4.003719329833984375 2.9211180210113525391 3.4835619926452636719 3.1142606735229492188 2.8991439342498779297 2.5286722183227539062 2.6871206760406494141 2.5110981464385986328 2.5319170951843261719 2.6198871135711669922 2.6572849750518798828 2.4784784317016601562 2.4834802150726318359 2.7295255661010742188 3.6521759033203125 3.3005366325378417969 2.7420163154602050781 2.3488900661468505859 2.4269931316375732422 2.0109350681304931641
1.4788136482238769531 1.8570377826690673828 2.1667437553405761719 2.0861494541168212891 2.3392593860626220703 2.6303536891937255859 2.7622487545013427734 2.7505295276641845703 2.7282297611236572266 2.8650264739990234375 2.7112741470336914062 2.6058886051177978516 2.5249102115631103516 2.8309311866760253906 1.9669824838638305664 2.4015259742736816406 2.2471442222595214844 3.8550019264221191406 3.4448819160461425781 3.4902286529541015625 2.6416840553283691406 3.16468048095703125 2.5234944820404052734 2.8211696147918701172 2.7991569042205810547 2.764011383056640625 2.5600960254669189453 2.6375780105590820312 2.7454698085784912109 2.8634705543518066406 2.7041747570037841797 2.4803614616394042969 2.4543230533599853516 2.8074810504913330078 3.1428890228271484375 3.1902232170104980469 2.9541335105895996094 2.8256781101226806641 2.6991455554962158203 2.3263247013092041016
1.8613866567611694336 1.6649018526077270508 1.8965791463851928711 2.1061797142028808594 2.2727503776550292969 2.7244627475738525391 2.7793493270874023438 2.6449410915374755859 2.7041544914245605469 2.5192439556121826172 2.5479867458343505859 2.7285027503967285156 2.8779442310333251953 2.6265192031860351562 3.1076681613922119141 2.1545643806457519531 2.4878802299499511719 2.9917197227478027344 3.9364593029022216797 2.8133685588836669922 2.4256711006164550781 1.4960860013961791992 2.0356914997100830078 2.0528545379638671875 2.4528737068176269531 2.4105660915374755859 2.6475780010223388672 2.6323447227478027344 2.9598727226257324219 3.1377787590026855469 2.6369106769561767578 2.4197525978088378906 2.5519719123840332031 2.6288464069366455078 2.6585898399353027344 2.8835325241088867188 3.0348517894744873047 3.1471383571624755859 2.6546487808227539062 2.4181027412414550781
1.856577754020690918 1.7629696130752563477 1.4201124906539916992 1.6104842424392700195 2.1767899990081787109 2.3433887958526611328 2.6016113758087158203 2.056255340576171875 2.5846009254455566406 2.8624467849731445312 2.4221279621124267578 2.8005433082580566406 2.7227847576141357422 3.0884823799133300781 2.4822583198547363281 2.4425168037414550781 2.8889183998107910156 3.2709567546844482422 2.8165619373321533203 3.1138565540313720703 2.2052693367004394531 1.7410778999328613281 0.69501936435699462891 1.4299585819244384766 1.494480133056640625 2.2918670177459716797 2.8399019241333007812 3.2200400829315185547 3.4682886600494384766 3.316997528076171875 2.6237165927886962891 2.5054039955139160156 2.7916204929351806641 2.4983615875244140625 2.5747964382171630859 2.3633410930633544922 2.3802573680877685547 2.6701714992523193359 2.7682299613952636719 2.32459259033203125
1.5022786855697631836 1.506192326545715332 1.3213540315628051758 1.4503018856048583984 1.789376378059387207 2.2352445125579833984 2.0993759632110595703 2.8010637760162353516 2.8974511623382568359 3.3178946971893310547 2.8481259346008300781 2.4315254688262939453 3.0148842334747314453 3.1723623275756835938 2.8962528705596923828 2.343662261962890625 3.2185814380645751953 2.9713535308837890625 3.3383691310882568359 2.7561957836151123047 3.0176978111267089844 1.6933442354202270508 1.1923671960830688477 0.49942171573638916016 1.2106642723083496094 1.9552390575408935547 3.0440070629119873047 4.1826272010803222656 3.948246002197265625 3.138706207275390625 2.8613731861114501953 2.8131222724914550781 2.4952661991119384766 2.6163458824157714844 2.3111722469329833984 2.2375028133392333984 1.7658483982086181641 1.9669661521911621094 2.3458042144775390625 2.0657751560211181641
1.39717864990234375 1.2620217800140380859 1.3670221567153930664 1.4616136550903320312 2.2417285442352294922 2.1659576892852783203 3.1027631759643554688 3.4095401763916015625 3.6461346149444580078 3.2998950481414794922 3.3998277187347412109 3.01983642578125 2.7641491889953613281 3.2370791435241699219 3.0287563800811767578 3.09820556640625 2.2324163913726806641 2.5173182487487792969 2.5670061111450195312 3.3156743049621582031 2.5949637889862060547 2.1695363521575927734 0.99454301595687866211 0.70522767305374145508 1.0386109352111816406 1.9453459978103637695 3.0059733390808105469 4.3597393035888671875 4.4091715812683105469 3.5437951087951660156 3.0868394374847412109 2.2394678592681884766 2.7495532035827636719 3.0558741092681884766 2.7179753780364990234 1.6996003389358520508 1.56401824951171875 1.7375600337982177734 2.1003577709197998047 2.3148548603057861328
1.7080991268157958984 1.3217172622680664062 1.443636775016784668 2.0754160881042480469 2.4166092872619628906 3.2981374263763427734 3.2788310050964355469 3.6898560523986816406 3.8374450206756591797 3.7340633869171142578 3.5001137256622314453 2.8998432159423828125 3.0221924781799316406 2.8177242279052734375 3.0310192108154296875 2.3818058967590332031 1.3083144426345825195 1.3790718317031860352 1.6212744712829589844 1.7306848764419555664 2.0104813575744628906 1.1567037105560302734 1.11986541748046875 0.27414685487747192383 0.40630257129669189453 1.3698873519897460938 2.8579823970794677734 3.8241634368896484375 4.0329422950744628906 3.9622733592987060547 2.3016023635864257812 2.4975101947784423828 2.9032518863677978516 3.1111860275268554688 2.2640781402587890625 2.0763027667999267578 1.9307636022567749023 1.821585536003112793 2.0962693691253662109 2.3835062980651855469
1.6543562412261962891 1.5669068098068237305 1.8905596733093261719 2.1041524410247802734 2.5159435272216796875 3.0085675716400146484 3.2600018978118896484 3.0565779209136962891 3.6276347637176513672 3.3585650920867919922 2.7829356193542480469 2.5255939960479736328 2.6085546016693115234 2.763309478759765625 2.3757269382476806641 1.9650070667266845703 0.90207457542419433594 0.37030389904975891113 -0.022534206509590148926 0.36560866236686706543 0.86707490682601928711 1.11986541748046875 0.23035168647766113281 -0.20310211181640625 -0.15930694341659545898 0.81812131404876708984 2.1206772327423095703 2.8734700679779052734 3.9793274402618408203 3.6425981521606445312 2.6278138160705566406 2.1791691780090332031 2.8876397609710693359 2.4339053630828857422 2.4485323429107666016 2.1390182971954345703 2.10570526123046875 2.2116425037384033203 2.0325491428375244141 2.6044137477874755859
1.7146641016006469727 1.6938838958740234375 1.7163842916488647461 1.9139610528945922852 2.4913153648376464844 2.3764984607696533203 2.3826665878295898438 2.5565786361694335938 2.6848464012145996094 2.5285258293151855469 2.5342509746551513672 2.3382749557495117188 2.5177326202392578125 2.2771124839782714844 2.1337978839874267578 1.1066155433654785156 0.90359133481979370117 0.00035473704338073730469 -0.29949593544006347656 -0.18131598830223083496 0.40694940090179443359 0.23035168647766113281 -0.20310211181640625 -0.15930694341659545898 0 0.24011206626892089844 0.99721390008926391602 2.3686995506286621094 2.8223736286163330078 2.8480660915374755859 2.4681801795959472656 2.7126834392547607422 1.5990195274353027344 2.0231122970581054688 2.0133497714996337891 2.2423269748687744141 2.1447505950927734375 2.2716197967529296875 2.5682699680328369141 2.0751581192016601562
1.6287735700607299805 1.7450175285339355469 1.7931444644927978516 1.9078959226608276367 2.1334888935089111328 1.8294770717620849609 1.8714224100112915039 2.1531839370727539062 2.0832037925720214844 2.3767337799072265625 2.4301455020904541016 2.5831804275512695312 2.0521712303161621094 2.4508371353149414062 1.8264180421829223633 1.2105365991592407227 0.36718782782554626465 0.039650008082389831543 0 0 0 -0.043795168399810791016 -0.15930694341659545898 0 0 0 0.24011206626892089844 1.1089216470718383789 1.9109930992126464844 1.8270483016967773438 2.1258509159088134766 1.2970136404037475586 1.5288355350494384766 1.6220160722732543945 1.8971596956253051758 2.4331884384155273438 2.2717137336730957031 2.4807035923004150391 2.2441496849060058594 2.0306270122528076172
1.8370598554611206055 1.8574457168579101562 1.9659115076065063477 2.1877384185791015625 2.10002899169921875 1.8168036937713623047 1.9378126859664916992 1.8538900613784790039 2.2066044807434082031 2.2899026870727539062 2.6634230613708496094 2.6568820476531982422 2.8424715995788574219 2.166568756103515625 2.032299041748046875 1.5696570873260498047 0.59268981218338012695 -0.12431678920984268188 -0.029771463945508003235 0.094284459948539733887 0 0 0 0 0 0 0 0.24011206626892089844 0.34355187416076660156 1.4729781150817871094 1.0326755046844482422 0.82195621728897094727 1.0927475690841674805 1.6745963096618652344 2.0990626811981201172 2.6437036991119384766 3.1704092025756835938 2.7604398727416992188 2.3156781196594238281 2.0583379268646240234
1.7585561275482177734 2.0686168670654296875 2.3201012611389160156 2.903377532958984375 2.5730233192443847656 1.9602675437927246094 1.9544916152954101562 2.0090816020965576172 2.1827471256256103516 2.5656385421752929688 2.9766545295715332031 3.0074920654296875 3.2407283782958984375 2.9868414402008056641 2.4201157093048095703 2.0824906826019287109 0.84665596485137939453 0.15369355678558349609 0.052999712526798248291 0.34470167756080627441 0.18698415160179138184 0.096634268760681152344 0 0 0 0 0 0 0 0.25317502021789550781 0.50504487752914428711 0.63402795791625976562 0.90135562419891357422 1.5764367580413818359 2.2071523666381835938 2.7013227939605712891 3.4796240329742431641 3.5577185153961181641 2.2484226226806640625 2.3410785198211669922
2.2446222305297851562 2.5651164054870605469 3.0935790538787841797 2.9531309604644775391 3.0926561355590820312 2.6362597942352294922 2.3365588188171386719 2.2405207157135009766 2.3782203197479248047 2.6447985172271728516 3.1744825839996337891 3.5199003219604492188 3.9489798545837402344 3.4628145694732666016 3.0647952556610107422 1.9149399995803833008 1.4577038288116455078 1.0440590381622314453 0.7759507298469543457 0.70146036148071289062 0.85971313714981079102 0.4240849912166595459 0.20519480109214782715 0.43125295639038085938 0.38981473445892333984 0.18004846572875976562 0.33506309986114501953 0 0 0 0.0016231499612331390381 0.22259628772735595703 0.55615592002868652344 1.4687727689743041992 2.3190639019012451172 2.7184216976165771484 3.0010340213775634766 3.3434183597564697266 3.2536818981170654297 2.3011260032653808594
2.4623577594757080078 2.8608729839324951172 3.1607449054718017578 3.4907824993133544922 3.4286038875579833984 2.8440914154052734375 2.3660678863525390625 2.1350164413452148438 2.688877105712890625 2.2611157894134521484 3.1740875244140625 3.9651939868927001953 3.7565286159515380859 3.7279732227325439453 3.0040812492370605469 2.4578814506530761719 1.859577178955078125 1.67266082763671875 1.8347197771072387695 1.9693938493728637695 1.7053819894790649414 1.3057917356491088867 1.1683404445648193359 1.1881768703460693359 1.2698345184326171875 1.1481717824935913086 0.71648573875427246094 0.4496053159236907959 0.12500815093517303467 0 0 0.30250537395477294922 0.66064250469207763672 0.9844296574592590332 1.5305107831954956055 2.7613463401794433594 3.4584724903106689453 3.5128290653228759766 3.3264462947845458984 3.0153470039367675781
2.8825557231903076172 2.7111566066741943359 3.35089111328125 3.9849195480346679688 3.2114343643188476562 2.5613195896148681641 2.0379927158355712891 2.2116084098815917969 1.9984592199325561523 2.5042500495910644531 2.7771418094635009766 3.2615146636962890625 3.6552343368530273438 3.2295668125152587891 3.1562106609344482422 2.5905845165252685547 2.2387394905090332031 2.1131737232208251953 2.5259883403778076172 2.8146944046020507812 2.6615099906921386719 2.547306060791015625 2.3394191265106201172 2.0129697322845458984 2.4045641422271728516 2.342681884765625 1.718569636344909668 1.3699004650115966797 0.83449113368988037109 0.18787795305252075195 0 0 0.30250537395477294922 0.81963503360748291016 1.0757460594177246094 2.2311382293701171875 3.4718909263610839844 3.6817843914031982422 3.3509564399719238281 3.0831317901611328125
3.2958953380584716797 2.9870243072509765625 3.1022922992706298828 3.8242244720458984375 3.2794327735900878906 2.4774954319000244141 2.4923596382141113281 1.9507666826248168945 1.7569814920425415039 1.8973140716552734375 2.4729521274566650391 2.8335182666778564453 3.079021453857421875 3.2456190586090087891 2.5561473369598388672 2.3570196628570556641 2.3587777614593505859 2.5232660770416259766 2.5778505802154541016 2.8209407329559326172 2.7906663417816162109 2.7641966342926025391 2.4027044773101806641 2.7488055229187011719 2.7954907417297363281 2.9396300315856933594 2.7725341320037841797 2.2652585506439208984 1.5826283693313598633 0.97909432649612426758 0.33133912086486816406 0.13550327718257904053 0 0.30250537395477294922 1.0369139909744262695 1.994448542594909668 2.9753987789154052734 3.6291689872741699219 3.670383453369140625 2.8561139106750488281
2.7193131446838378906 3.0496613979339599609 2.7963995933532714844 2.6211442947387695312 2.7751209735870361328 2.5955765247344970703 2.1727781295776367188 2.3495230674743652344 1.8092589378356933594 1.8669096231460571289 2.3641436100006103516 2.3064262866973876953 2.9569883346557617188 2.6515822410583496094 3.1068825721740722656 2.6676466464996337891 2.2259817123413085938 2.2598001956939697266 2.2655272483825683594 2.6043365001678466797 2.8242461681365966797 2.2368388175964355469 2.4211657047271728516 2.5140640735626220703 2.4491150379180908203 2.95865631103515625 3.3736917972564697266 3.0357015132904052734 2.6736319065093994141 2.0972356796264648438 1.4715048074722290039 0.61049294471740722656 0.3402341008186340332 0.42475026845932006836 1.088572382926940918 1.8905874490737915039 2.8680279254913330078 3.4689977169036865234 3.0721809864044189453 2.843425750732421875
