ForecastVariables/NDVI2018_500m/NDVI_Focal_Random5.asc
ncols        529
nrows        344
xllcorner    2700.000000000000
yllcorner    15900.000000000000
cellsize     100.000000000000
[rows 198 to 215 of 344, columns 320 to 359 of 529]
-1.5013387203216552734 -1.30626678466796875 -1.2336874008178710938 -1.0830981731414794922 -1.0254844427108764648 -0.9836838841438293457 -0.97485196590423583984 -0.98262745141983032227 -0.9876359105110168457 -0.99781835079193115234 -1.0064802169799804688 -1.0090315341949462891 -1.0171182155609130859 -1.0221269130706787109 -1.0241457223892211914 -1.0307174921035766602 -1.0209474563598632812 -1.0072137117385864258 -0.99655419588088989258 -0.98597180843353271484 -0.97726690769195556641 -0.97429841756820678711 -0.96914029121398925781 -0.97296351194381713867 -0.9798195958137512207 -0.98656553030014038086 -0.98834323883056640625 -0.98851239681243896484 -0.99058771133422851562 -0.97488480806350708008 -0.9008973240852355957 -0.90171396732330322266 -0.89339178800582885742 -0.89245766401290893555 -0.87308526039123535156 -0.95165258646011352539 -0.95163542032241821289 -0.83008426427841186523 -0.83158981800079345703 -0.82855659723281860352
-1.250844120979309082 -1.1383593082427978516 -1.0450485944747924805 -1.0083483457565307617 -0.97896856069564819336 -0.9749857783317565918 -0.98030167818069458008 -0.99590474367141723633 -1.0110851526260375977 -1.0122437477111816406 -1.0033432245254516602 -1.0133254528045654297 -1.0091609954833984375 -1.0085933208465576172 -1.0088061094284057617 -1.0014619827270507812 -0.9941794276237487793 -0.98460465669631958008 -0.97414344549179077148 -0.95612746477127075195 -0.94988834857940673828 -0.94309312105178833008 -0.94211828708648681641 -0.94001042842864990234 -0.94978976249694824219 -0.95716047286987304688 -0.96309429407119750977 -0.9632784724235534668 -0.9616788029670715332 -0.96263331174850463867 -0.96612799167633056641 -0.8991253972053527832 -0.89423936605453491211 -0.88626563549041748047 -0.96881371736526489258 -0.95402914285659790039 -0.8418146967887878418 -0.83692628145217895508 -0.83057188987731933594 -0.83881592750549316406
-1.1042171716690063477 -1.0388792753219604492 -1.0047513246536254883 -1.0061887502670288086 -1.0132204294204711914 -1.0224896669387817383 -1.0225327014923095703 -1.0285898447036743164 -1.027087092399597168 -1.0169388055801391602 -1.008940577507019043 -1.0008312463760375977 -0.99499672651290893555 -0.98527598381042480469 -0.97742766141891479492 -0.96730208396911621094 -0.95410835742950439453 -0.94763517379760742188 -0.93596500158309936523 -0.93335437774658203125 -0.9270604252815246582 -0.91644740104675292969 -0.91044604778289794922 -0.92070639133453369141 -0.92321491241455078125 -0.92865991592407226562 -0.93742918968200683594 -0.94347274303436279297 -0.94642376899719238281 -0.94685149192810058594 -0.95033335685729980469 -0.9541956782341003418 -0.89661210775375366211 -0.95961010456085205078 -0.94783639907836914062 -0.94682163000106811523 -0.94594502449035644531 -0.84275633096694946289 -0.84685909748077392578 -0.84294772148132324219
-1.0396671295166015625 -1.0189013481140136719 -1.0507577657699584961 -1.0558047294616699219 -1.0574604272842407227 -1.0608723163604736328 -1.0645425319671630859 -1.0535540580749511719 -1.037728428840637207 -1.0321460962295532227 -1.0173135995864868164 -1.0040239095687866211 -0.99064028263092041016 -0.97719436883926391602 -0.9549763798713684082 -0.93251621723175048828 -0.92239576578140258789 -0.91606289148330688477 -0.91111850738525390625 -0.90854936838150024414 -0.90499979257583618164 -0.89896637201309204102 -0.89997869729995727539 -0.9074039459228515625 -0.90803295373916625977 -0.91728645563125610352 -0.92662584781646728516 -0.92710763216018676758 -0.93715459108352661133 -0.94770455360412597656 -0.93045574426651000977 -0.94321221113204956055 -0.95211863517761230469 -0.94369035959243774414 -0.94800150394439697266 -0.94167548418045043945 -0.95005005598068237305 -0.96521323919296264648 -0.85416889190673828125 -0.97328317165374755859
-1.0538238286972045898 -1.0310131311416625977 -1.0718846321105957031 -1.0942882299423217773 -1.0972080230712890625 -1.0922342538833618164 -1.0728601217269897461 -1.0685830116271972656 -1.0641145706176757812 -1.0523344278335571289 -1.0364470481872558594 -1.0139907598495483398 -1.0050781965255737305 -0.98477447032928466797 -0.9579436182975769043 -0.93568670749664306641 -0.91708135604858398438 -0.90094214677810668945 -0.89471459388732910156 -0.89288687705993652344 -0.88910138607025146484 -0.89224320650100708008 -0.90013444423675537109 -0.90273320674896240234 -0.90913051366806030273 -0.91656029224395751953 -0.91597563028335571289 -0.91966801881790161133 -0.93013292551040649414 -0.86089968681335449219 -0.90628027915954589844 -0.93023967742919921875 -0.93654084205627441406 -0.93931335210800170898 -0.94758212566375732422 -0.95783001184463500977 -0.96140915155410766602 -0.96719539165496826172 -0.97728395462036132812 -0.9788678288459777832
-0.98730748891830444336 -1.0676571130752563477 -1.0657616853713989258 -1.098715662956237793 -1.1154282093048095703 -1.1027697324752807617 -1.0967574119567871094 -1.0849058628082275391 -1.0784288644790649414 -1.0644457340240478516 -1.0473151206970214844 -1.0352860689163208008 -1.0205444097518920898 -1.006811976432800293 -0.98563307523727416992 -0.95647054910659790039 -0.92835611104965209961 -0.90786182880401611328 -0.89492559432983398438 -0.88587266206741333008 -0.8804779052734375 -0.88692188262939453125 -0.89442145824432373047 -0.90278422832489013672 -0.90953898429870605469 -0.91445440053939819336 -0.90869957208633422852 -0.91079008579254150391 -0.81816720962524414062 -0.82528799772262573242 -0.83566725254058837891 -0.90368062257766723633 -0.92437320947647094727 -0.94211721420288085938 -0.95102822780609130859 -0.96043163537979125977 -0.96953523159027099609 -0.96843320131301879883 -0.97942787408828735352 -0.98026704788208007812
-1.0784065723419189453 -1.074053645133972168 -1.0765062570571899414 -1.0967932939529418945 -1.1181735992431640625 -1.1087889671325683594 -1.1055053472518920898 -1.0928531885147094727 -1.082436680793762207 -1.0730843544006347656 -1.0547314882278442383 -1.0459891557693481445 -1.0369243621826171875 -1.0305558443069458008 -1.0108206272125244141 -0.98399579524993896484 -0.95505487918853759766 -0.93197131156921386719 -0.90957051515579223633 -0.89061737060546875 -0.88538336753845214844 -0.88289153575897216797 -0.88800102472305297852 -0.89722043275833129883 -0.90649724006652832031 -0.90319311618804931641 -0.90467792749404907227 -0.81463128328323364258 -0.79128283262252807617 -0.79688203334808349609 -0.82632464170455932617 -0.82585883140563964844 -0.90110230445861816406 -0.93722397089004516602 -0.94671064615249633789 -0.95446747541427612305 -0.95572650432586669922 -0.95619386434555053711 -0.95714741945266723633 -0.96036332845687866211
-1.0699739456176757812 -1.0638437271118164062 -1.073113560676574707 -1.1011511087417602539 -1.0987555980682373047 -1.0940389633178710938 -1.091540217399597168 -1.0737204551696777344 -1.070963740348815918 -1.0751502513885498047 -1.0645368099212646484 -1.0535882711410522461 -1.0407830476760864258 -1.0373886823654174805 -1.0274751186370849609 -1.0010074377059936523 -0.98254185914993286133 -0.96162241697311401367 -0.93185538053512573242 -0.90941965579986572266 -0.89087253808975219727 -0.8855902552604675293 -0.88296854496002197266 -0.89496493339538574219 -0.8976154327392578125 -0.90369576215744018555 -0.87527203559875488281 -0.87249845266342163086 -0.80850547552108764648 -0.79415941238403320312 -0.79744583368301391602 -0.89405095577239990234 -0.92275023460388183594 -0.92133641242980957031 -0.9345219731330871582 -0.94044262170791625977 -0.94027686119079589844 -0.94173717498779296875 -0.93771386146545410156 -0.94060415029525756836
-1.0643874406814575195 -1.0220018625259399414 -1.0495488643646240234 -1.0502549409866333008 -1.0558142662048339844 -1.0654923915863037109 -1.0535048246383666992 -1.0667737722396850586 -1.0742218494415283203 -1.069377899169921875 -1.0684685707092285156 -1.0579195022583007812 -1.0451142787933349609 -1.0329326391220092773 -1.0283677577972412109 -1.0189801454544067383 -1.0023093223571777344 -0.9765472412109375 -0.954898834228515625 -0.9275881648063659668 -0.90952122211456298828 -0.89965212345123291016 -0.89813506603240966797 -0.8953329920768737793 -0.89764422178268432617 -0.89769792556762695312 -0.89982843399047851562 -0.87012344598770141602 -0.86707085371017456055 -0.81203275918960571289 -0.88666099309921264648 -0.91513264179229736328 -0.90835106372833251953 -0.913387298583984375 -0.92040717601776123047 -0.9308147430419921875 -0.92915004491806030273 -0.9293505549430847168 -0.92867553234100341797 -0.93329471349716186523
-1.010926365852355957 -1.0050235986709594727 -1.0125533342361450195 -1.0171985626220703125 -1.0237188339233398438 -1.0271629095077514648 -1.0535879135131835938 -1.0803245306015014648 -1.0919975042343139648 -1.0869781970977783203 -1.0750703811645507812 -1.0465816259384155273 -1.0422710180282592773 -1.0377939939498901367 -1.0331206321716308594 -1.0245517492294311523 -1.0044283866882324219 -0.98792225122451782227 -0.96500939130783081055 -0.94761008024215698242 -0.92564004659652709961 -0.91811901330947875977 -0.91059243679046630859 -0.91019523143768310547 -0.90122711658477783203 -0.90278673171997070312 -0.89976799488067626953 -0.89253216981887817383 -0.87196296453475952148 -0.89933717250823974609 -0.90616071224212646484 -0.90403330326080322266 -0.90107989311218261719 -0.90235084295272827148 -0.91359484195709228516 -0.9178517460823059082 -0.92291724681854248047 -0.92143487930297851562 -0.92778468132019042969 -0.92991709709167480469
-0.99366724491119384766 -0.99153769016265869141 -0.99388468265533447266 -1.0018594264984130859 -1.0149655342102050781 -1.0513451099395751953 -1.0731332302093505859 -1.0790827274322509766 -1.0814855098724365234 -1.1010710000991821289 -1.0840615034103393555 -1.0572708845138549805 -1.022022247314453125 -1.0218760967254638672 -1.024046778678894043 -1.0223996639251708984 -1.0087581872940063477 -0.98713934421539306641 -0.97329407930374145508 -0.94801765680313110352 -0.94032961130142211914 -0.92899632453918457031 -0.92387831211090087891 -0.91832429170608520508 -0.90928179025650024414 -0.90524238348007202148 -0.89870232343673706055 -0.90009021759033203125 -0.89914649724960327148 -0.8977527618408203125 -0.89653933048248291016 -0.902088165283203125 -0.89576488733291625977 -0.89577877521514892578 -0.89985799789428710938 -0.90893077850341796875 -0.91482520103454589844 -0.92329144477844238281 -0.92902731895446777344 -0.93294447660446166992
-0.99968409538269042969 -0.99777251482009887695 -1.0032737255096435547 -1.0122685432434082031 -1.0273830890655517578 -1.0430860519409179688 -1.0680246353149414062 -1.0776171684265136719 -1.0976169109344482422 -1.0782048702239990234 -1.0634503364562988281 -1.0411816835403442383 -1.0238120555877685547 -0.99989259243011474609 -1.0187177658081054688 -1.0147225856781005859 -0.99505561590194702148 -0.98131549358367919922 -0.95761257410049438477 -0.95286095142364501953 -0.94089084863662719727 -0.93724727630615234375 -0.92525506019592285156 -0.92157411575317382812 -0.91433882713317871094 -0.90433269739151000977 -0.8985449671745300293 -0.93491160869598388672 -0.89807808399200439453 -0.8939762115478515625 -0.89554399251937866211 -0.88874292373657226562 -0.88726025819778442383 -0.88515746593475341797 -0.89408355951309204102 -0.90571767091751098633 -0.91593497991561889648 -0.92025154829025268555 -0.93728840351104736328 -0.94930797815322875977
-1.0132247209548950195 -1.0146012306213378906 -0.89108496904373168945 -1.0262726545333862305 -1.0344830751419067383 -1.0451434850692749023 -1.058283686637878418 -1.0712535381317138672 -1.0607266426086425781 -1.0685259103775024414 -1.0464038848876953125 -1.0419886112213134766 -1.0170818567276000977 -1.0156639814376831055 -1.0016889572143554688 -1.0048694610595703125 -0.9861208796501159668 -0.96498179435729980469 -0.95876115560531616211 -0.94597810506820678711 -0.94181257486343383789 -0.93257433176040649414 -0.9347756505012512207 -0.92172378301620483398 -0.90994817018508911133 -0.90210181474685668945 -0.9348151087760925293 -0.93332242965698242188 -0.93033623695373535156 -0.89418351650238037109 -0.88349545001983642578 -0.87987118959426879883 -0.87851202487945556641 -0.89030927419662475586 -0.89003717899322509766 -0.90540045499801635742 -0.91805016994476318359 -0.93369424343109130859 -0.93785953521728515625 -0.95022219419479370117
-1.016387939453125 -0.90048766136169433594 -0.89398133754730224609 -0.90667158365249633789 -1.0506474971771240234 -1.0582422018051147461 -1.0652894973754882812 -1.0510362386703491211 -1.0479694604873657227 -1.0434112548828125 -1.0615062713623046875 -1.0368161201477050781 -1.0383548736572265625 -1.0202208757400512695 -0.9876988530158996582 -0.99678695201873779297 -0.98468250036239624023 -0.96776181459426879883 -0.95449960231781005859 -0.94981116056442260742 -0.93620210886001586914 -0.93806135654449462891 -0.92858219146728515625 -0.92057305574417114258 -0.90478044748306274414 -0.93743383884429931641 -0.93755954504013061523 -0.9348602294921875 -0.9286149144172668457 -0.92100661993026733398 -0.88158857822418212891 -0.87733697891235351562 -0.87899488210678100586 -0.88321864604949951172 -0.89313971996307373047 -0.89977705478668212891 -0.91965627670288085938 -0.93421125411987304688 -0.94934689998626708984 -0.95301276445388793945
-0.89115595817565917969 -0.88650721311569213867 -0.90090042352676391602 -0.91880154609680175781 -0.93436479568481445312 -1.0717300176620483398 -1.0607335567474365234 -1.0531160831451416016 -1.0458507537841796875 -1.0452257394790649414 -1.038100123405456543 -1.0517179965972900391 -1.0268446207046508789 -1.0020580291748046875 -0.98737770318984985352 -0.97909212112426757812 -0.98179221153259277344 -0.96154284477233886719 -0.95301097631454467773 -0.94121658802032470703 -0.93793165683746337891 -0.92748391628265380859 -0.92196416854858398438 -0.91780608892440795898 -0.91436910629272460938 -0.898681640625 -0.93343031406402587891 -0.9392064213752746582 -0.93736547231674194336 -0.89259415864944458008 -0.88567137718200683594 -0.88243222236633300781 -0.87987625598907470703 -0.87302428483963012695 -0.88429558277130126953 -0.90320736169815063477 -0.91345179080963134766 -0.93634080886840820312 -0.94807922840118408203 -0.94438338279724121094
-1.0020742416381835938 -0.88244128227233886719 -0.9123770594596862793 -0.92510390281677246094 -1.0585348606109619141 -1.0727090835571289062 -1.0665584802627563477 -1.0525205135345458984 -1.0436705350875854492 -1.0273804664611816406 -1.0274851322174072266 -1.0219722986221313477 -0.99686700105667114258 -0.98219627141952514648 -0.98355370759963989258 -0.96544361114501953125 -0.94492942094802856445 -0.95171886682510375977 -0.93327361345291137695 -0.93182700872421264648 -0.92863494157791137695 -0.92582672834396362305 -0.91609543561935424805 -0.91503739356994628906 -0.9071413874626159668 -0.90812021493911743164 -0.90650355815887451172 -0.94751584529876708984 -0.91396087408065795898 -0.90357202291488647461 -0.89650648832321166992 -0.88806349039077758789 -0.88562405109405517578 -0.88616847991943359375 -0.88210332393646240234 -0.891887664794921875 -0.90865534543991088867 -0.9302933812141418457 -0.79456293582916259766 -0.89265239238739013672
-0.96252715587615966797 -1.0133415460586547852 -0.90208232402801513672 -1.0525605678558349609 -1.0652610063552856445 -1.0623178482055664062 -1.0525380373001098633 -1.0415623188018798828 -1.019812464714050293 -1.0130153894424438477 -1.0044388771057128906 -0.99739003181457519531 -0.99394059181213378906 -0.95820528268814086914 -0.9537321925163269043 -0.94632136821746826172 -0.95424598455429077148 -0.94438636302947998047 -0.92975556850433349609 -0.92051345109939575195 -0.92203080654144287109 -0.91729408502578735352 -0.91936141252517700195 -0.91514033079147338867 -0.91157650947570800781 -0.9130039215087890625 -0.91995477676391601562 -0.91961956024169921875 -0.91376012563705444336 -0.91491532325744628906 -0.91408395767211914062 -0.90650999546051025391 -0.89540958404541015625 -0.89398300647735595703 -0.89239704608917236328 -0.89116990566253662109 -0.9084873199462890625 -0.76831912994384765625 -0.73416405916213989258 -0.74173742532730102539
-0.98988234996795654297 -1.0103151798248291016 -1.0355679988861083984 -1.0571116209030151367 -1.0667302608489990234 -1.0483610630035400391 -1.0371367931365966797 -1.0175989866256713867 -1.0015450716018676758 -0.9914875030517578125 -0.98298037052154541016 -0.97615373134613037109 -0.96535450220108032227 -0.91555374860763549805 -0.92271441221237182617 -0.95279002189636230469 -0.94841724634170532227 -0.93384265899658203125 -0.92837601900100708008 -0.92323780059814453125 -0.92011314630508422852 -0.92191582918167114258 -0.9167830348014831543 -0.91739994287490844727 -0.91978126764297485352 -0.91840147972106933594 -0.92014610767364501953 -0.91799342632293701172 -0.9223772883415222168 -0.921783447265625 -0.91983431577682495117 -0.91786217689514160156 -0.91324484348297119141 -0.90831142663955688477 -0.89682471752166748047 -0.90702939033508300781 -0.76900428533554077148 -0.73880165815353393555 -0.72877991199493408203 -0.71759700775146484375
