ForecastVariables/NDVI2018_500m/NDVI_Focal_Random5.asc
ncols        529
nrows        344
xllcorner    2700.000000000000
yllcorner    15900.000000000000
cellsize     100.000000000000
[rows 216 to 233 of 344, columns 160 to 199 of 529]
-0.91081768274307250977 -0.91830301284790039062 -0.92387682199478149414 -0.93485301733016967773 -0.94155955314636230469 -0.85702997446060180664 -0.75781399011611938477 -0.62204325199127197266 -0.40536493062973022461 -0.19292026758193969727 -0.018600337207317352295 0.16402068734169006348 0.27538454532623291016 0.45946520566940307617 0.55709028244018554688 0.54252445697784423828 0.51380753517150878906 0.51020568609237670898 0.52633392810821533203 0.58902925252914428711 0.63052034378051757812 0.6552632451057434082 0.6913096308708190918 0.72985464334487915039 0.66075479984283447266 0.65976959466934204102 0.53508454561233520508 0.23315103352069854736 -0.44355791807174682617 -0.96992605924606323242 -1.4382288455963134766 -1.3760004043579101562 -1.1392352581024169922 -0.8770834803581237793 -0.58500498533248901367 -0.30485835671424865723 -0.1228863149881362915 0.15897208452224731445 0.46440166234970092773 0.59704005718231201172
-0.89192312955856323242 -0.9203211665153503418 -0.92978525161743164062 -0.9259446263313293457 -0.93088060617446899414 -0.94374573230743408203 -0.94201451539993286133 -0.8835010528564453125 -0.77718377113342285156 -0.58546632528305053711 -0.36916172504425048828 -0.26301109790802001953 -0.082276076078414916992 0.15089738368988037109 0.38160103559494018555 0.52687215805053710938 0.5529187321662902832 0.56328797340393066406 0.52371984720230102539 0.55468845367431640625 0.5950329899787902832 0.62490200996398925781 0.71209734678268432617 0.67124718427658081055 0.68643051385879516602 0.66625744104385375977 0.5327294468879699707 -0.090284161269664764404 -0.59636270999908447266 -1.2197786569595336914 -1.4154233932495117188 -1.3713103532791137695 -1.3082975149154663086 -1.2110195159912109375 -0.99569380283355712891 -0.8187103271484375 -0.57947957515716552734 -0.28631862998008728027 -0.033126473426818847656 0.2675056159496307373
-0.89423602819442749023 -0.914524078369140625 -0.93510806560516357422 -0.93212085962295532227 -0.92602753639221191406 -0.93542951345443725586 -0.95317339897155761719 -0.95624506473541259766 -0.93566912412643432617 -0.82580780982971191406 -0.79237854480743408203 -0.61591482162475585938 -0.38285014033317565918 -0.17441855370998382568 0.059560276567935943604 0.30199170112609863281 0.46146553754806518555 0.53161126375198364258 0.57080131769180297852 0.53312593698501586914 0.53203970193862915039 0.6180604100227355957 0.67738521099090576172 0.68556183576583862305 0.63510954380035400391 0.67835295200347900391 0.24225795269012451172 -0.25276404619216918945 -0.86138719320297241211 -1.1887918710708618164 -1.3405044078826904297 -1.303385615348815918 -1.2690815925598144531 -1.2577812671661376953 -1.2127302885055541992 -1.1552984714508056641 -0.95913857221603393555 -0.77436923980712890625 -0.56214141845703125 -0.18550769984722137451
-0.91656339168548583984 -0.93988639116287231445 -0.94103413820266723633 -0.94227701425552368164 -0.9391791224479675293 -0.93532383441925048828 -0.94462001323699951172 -0.96284997463226318359 -0.96236872673034667969 -0.94379055500030517578 -0.91861081123352050781 -0.89175647497177124023 -0.73087489604949951172 -0.48510193824768066406 -0.26278591156005859375 -0.083460703492164611816 0.12943249940872192383 0.37007284164428710938 0.56656694412231445312 0.51706832647323608398 0.53688758611679077148 0.6232967376708984375 0.66261714696884155273 0.67454326152801513672 0.63598924875259399414 0.21440778672695159912 -0.090792700648307800293 -0.51869016885757446289 -0.9875666499137878418 -1.304758906364440918 -1.2886582612991333008 -1.2777261734008789062 -1.2713195085525512695 -1.2684224843978881836 -1.274097442626953125 -1.2474714517593383789 -1.3148344755172729492 -1.2586323022842407227 -0.96192753314971923828 -0.35183647274971008301
-0.96788460016250610352 -0.97431921958923339844 -0.97066122293472290039 -0.94901257753372192383 -0.93618535995483398438 -0.93723303079605102539 -0.93672537803649902344 -0.95445138216018676758 -0.95927315950393676758 -0.93255907297134399414 -0.93100786209106445312 -0.91356068849563598633 -0.90072792768478393555 -0.80796438455581665039 -0.63843774795532226562 -0.43515911698341369629 -0.190120697021484375 0.079248845577239990234 0.27815973758697509766 0.4866924583911895752 0.5365034937858581543 0.61849367618560791016 0.63867288827896118164 0.64275193214416503906 0.31258797645568847656 -0.12639629840850830078 -0.54866892099380493164 -0.82611888647079467773 -1.2819142341613769531 -1.2994292974472045898 -1.2767851352691650391 -1.2784584760665893555 -1.2986139059066772461 -1.34859466552734375 -1.3510872125625610352 -1.3033950328826904297 -1.3102954626083374023 -1.4234375953674316406 -1.0248181819915771484 -0.44996723532676696777
-1.0211123228073120117 -1.023264765739440918 -1.0065865516662597656 -0.97520452737808227539 -0.94105637073516845703 -0.92640215158462524414 -0.93820923566818237305 -0.94043201208114624023 -0.93090802431106567383 -0.92468500137329101562 -0.92544597387313842773 -0.92194551229476928711 -0.91051900386810302734 -0.89643692970275878906 -0.89716315269470214844 -0.76380139589309692383 -0.52694439888000488281 -0.29965475201606750488 -0.034183420240879058838 0.19377565383911132812 0.3638527989387512207 0.42826643586158752441 0.57944035530090332031 0.44909721612930297852 -0.039537820965051651001 -0.49605360627174377441 -0.86736834049224853516 -1.2572585344314575195 -1.3135148286819458008 -1.3133074045181274414 -1.2951412200927734375 -1.3212660551071166992 -1.3734753131866455078 -1.3808957338333129883 -1.3622307777404785156 -1.3119659423828125 -1.3234355449676513672 -1.1918418407440185547 -0.9028485417366027832 -0.31091949343681335449
-1.0455133914947509766 -1.031529545783996582 -1.0148981809616088867 -0.98556506633758544922 -0.95203357934951782227 -0.93182802200317382812 -0.91986805200576782227 -0.90732693672180175781 -0.91292876005172729492 -0.92218065261840820312 -0.91724866628646850586 -0.91311353445053100586 -0.91784751415252685547 -0.91174292564392089844 -0.9140472412109375 -0.93131947517395019531 -0.87653434276580810547 -0.6114838719367980957 -0.4112568199634552002 -0.23382076621055603027 -0.078615330159664154053 0.15113662183284759521 0.29714792966842651367 0.082574665546417236328 -0.35711193084716796875 -0.78437745571136474609 -1.1684983968734741211 -1.3240629434585571289 -1.3069274425506591797 -1.30066680908203125 -1.3134371042251586914 -1.3462572097778320312 -1.4080648422241210938 -1.4081405401229858398 -1.3337271213531494141 -1.292649388313293457 -1.2527804374694824219 -0.94844579696655273438 -0.47959950566291809082 -0.0092818578705191612244
-1.0232641696929931641 -1.0041027069091796875 -0.98399698734283447266 -0.95769780874252319336 -0.94452536106109619141 -0.92149293422698974609 -0.90930467844009399414 -0.90715837478637695312 -0.89293938875198364258 -0.89891481399536132812 -0.9068622589111328125 -0.93507683277130126953 -0.93007564544677734375 -0.92190068960189819336 -0.92980945110321044922 -0.93716061115264892578 -0.95761656761169433594 -0.92749154567718505859 -0.75155854225158691406 -0.67105960845947265625 -0.44969335198402404785 -0.26936599612236022949 -0.27022522687911987305 -0.36645033955574035645 -0.61499917507171630859 -1.0229600667953491211 -1.3061004877090454102 -1.3029960393905639648 -1.2808881998062133789 -1.2621784210205078125 -1.2795462608337402344 -1.3069627285003662109 -1.3360134363174438477 -1.3658974170684814453 -1.3002344369888305664 -1.2036322355270385742 -0.9110991358757019043 -0.6066138148307800293 -0.16416478157043457031 0.36146634817123413086
-0.96225446462631225586 -0.93787348270416259766 -0.92719531059265136719 -0.91288244724273681641 -0.89894545078277587891 -0.8914235234260559082 -0.88398438692092895508 -0.88680154085159301758 -0.88009572029113769531 -0.86666482686996459961 -0.9073498845100402832 -0.92490470409393310547 -0.93396985530853271484 -0.9360300898551940918 -0.94199997186660766602 -0.95256263017654418945 -0.96433609724044799805 -0.97457957267761230469 -0.9552154541015625 -0.87968528270721435547 -0.8402869105339050293 -0.72179502248764038086 -0.62713485956192016602 -0.68671828508377075195 -0.90022820234298706055 -1.2022908926010131836 -1.2720235586166381836 -1.260552525520324707 -1.2328776121139526367 -1.224240422248840332 -1.2039035558700561523 -1.2210223674774169922 -1.2584886550903320312 -1.2571456432342529297 -1.217158198356628418 -0.99998801946640014648 -0.59787768125534057617 -0.27969214320182800293 0.1535345911979675293 0.64009022712707519531
-0.89602363109588623047 -0.87818360328674316406 -0.86078250408172607422 -0.86285400390625 -0.85798048973083496094 -0.86487358808517456055 -0.86097657680511474609 -0.85662853717803955078 -0.85717642307281494141 -0.86830335855484008789 -0.88805723190307617188 -0.90074437856674194336 -0.92002749443054199219 -0.93499767780303955078 -0.95866113901138305664 -0.96726059913635253906 -0.97650223970413208008 -0.97376304864883422852 -0.97155749797821044922 -0.96180474758148193359 -0.9563732147216796875 -0.93922507762908935547 -0.86636292934417724609 -0.88414782285690307617 -1.0537722110748291016 -1.1337015628814697266 -1.1881204843521118164 -1.2185214757919311523 -1.2082542181015014648 -1.178357243537902832 -1.1497701406478881836 -1.1572228670120239258 -1.1673491001129150391 -1.1557247638702392578 -1.112807154655456543 -0.82900840044021606445 -0.32518672943115234375 0.096444770693778991699 0.41453269124031066895 0.65665823221206665039
-0.85761702060699462891 -0.83741617202758789062 -0.83621728420257568359 -0.83577197790145874023 -0.84956747293472290039 -0.85326308012008666992 -0.85809439420700073242 -0.85599958896636962891 -0.85437208414077758789 -0.85408306121826171875 -0.87338089942932128906 -0.89684385061264038086 -0.91346853971481323242 -0.9206708073616027832 -0.93960911035537719727 -0.97462630271911621094 -0.98272716999053955078 -0.98587262630462646484 -0.97763872146606445312 -0.96345907449722290039 -0.96606630086898803711 -0.97211766242980957031 -0.98002237081527709961 -0.96856421232223510742 -1.0125219821929931641 -1.0589021444320678711 -1.1184225082397460938 -1.1560876369476318359 -1.1830861568450927734 -1.1578450202941894531 -1.1261168718338012695 -1.1131315231323242188 -1.0965979099273681641 -1.0919982194900512695 -0.92065548896789550781 -0.53815668821334838867 -0.17744062840938568115 0.38795149326324462891 0.63573551177978515625 0.60758733749389648438
-0.83477962017059326172 -0.83538800477981567383 -0.83680874109268188477 -0.85447990894317626953 -0.86374908685684204102 -0.87245839834213256836 -0.87401628494262695312 -0.872821807861328125 -0.87360399961471557617 -0.85684740543365478516 -0.87985521554946899414 -0.88264161348342895508 -0.90403831005096435547 -0.91595900058746337891 -0.93625020980834960938 -0.94623231887817382812 -0.969573974609375 -0.98571240901947021484 -0.98028367757797241211 -0.98416113853454589844 -0.97428470849990844727 -0.98529386520385742188 -0.98733353614807128906 -0.98484480381011962891 -0.97298681735992431641 -1.0119843482971191406 -1.0544980764389038086 -1.0999377965927124023 -1.1141452789306640625 -1.1364574432373046875 -1.1117930412292480469 -1.0729646682739257812 -1.0616080760955810547 -1.0459998846054077148 -0.77960699796676635742 -0.26233783364295959473 0.12900219857692718506 0.50387114286422729492 0.64699202775955200195 0.63240349292755126953
-0.85656982660293579102 -0.84936565160751342773 -0.87453579902648925781 -0.88875985145568847656 -0.9006512761116027832 -0.90802276134490966797 -0.91130602359771728516 -0.90564799308776855469 -0.8795884251594543457 -0.87941658496856689453 -0.87969517707824707031 -0.89977812767028808594 -0.89601141214370727539 -0.90692102909088134766 -0.91707700490951538086 -0.9338023066520690918 -0.94573897123336791992 -0.95970445871353149414 -0.98777157068252563477 -0.98870635032653808594 -0.98953324556350708008 -0.98663496971130371094 -0.98128277063369750977 -0.99392753839492797852 -0.96953505277633666992 -0.96199941635131835938 -1.0077009201049804688 -1.0325523614883422852 -1.0535063743591308594 -1.0673764944076538086 -1.0764728784561157227 -1.0585973262786865234 -1.0425262451171875 -0.87627679109573364258 -0.53595483303070068359 -0.090610735118389129639 0.41997501254081726074 0.60719656944274902344 0.68650859594345092773 0.61946892738342285156
-0.8763300776481628418 -0.91681742668151855469 -0.97167384624481201172 -1.0469377040863037109 -0.9597727656364440918 -0.95202016830444335938 -0.94592970609664916992 -0.91964519023895263672 -0.91351109743118286133 -0.89955008029937744141 -0.89847791194915771484 -0.89668816328048706055 -0.91130357980728149414 -0.90015017986297607422 -0.90993851423263549805 -0.91297602653503417969 -0.92662864923477172852 -0.95377314090728759766 -0.96690666675567626953 -0.98888230323791503906 -0.98645859956741333008 -0.98513180017471313477 -0.98557704687118530273 -0.97090691328048706055 -0.97164070606231689453 -0.96319377422332763672 -0.955394744873046875 -0.97812211513519287109 -0.99655437469482421875 -1.0116012096405029297 -1.0285899639129638672 -1.0531139373779296875 -0.99703764915466308594 -0.64187896251678466797 -0.24152229726314544678 0.15878672897815704346 0.58778262138366699219 0.69051271677017211914 0.65353524684906005859 0.59672260284423828125
-0.97052866220474243164 -1.0666211843490600586 -1.2125190496444702148 -1.3244311809539794922 -1.2595711946487426758 -1.0244684219360351562 -0.98816663026809692383 -0.97139841318130493164 -0.94569557905197143555 -0.94195675849914550781 -0.9282429814338684082 -0.9322986602783203125 -0.92238581180572509766 -0.92453682422637939453 -0.91579604148864746094 -0.90778130292892456055 -0.91520261764526367188 -0.92378276586532592773 -0.95223838090896606445 -0.96327036619186401367 -0.97092020511627197266 -0.96500450372695922852 -0.97581970691680908203 -0.96829324960708618164 -0.95325756072998046875 -0.94803327322006225586 -0.93835866451263427734 -0.93045318126678466797 -0.9535515904426574707 -0.96612650156021118164 -0.99838328361511230469 -0.99539446830749511719 -0.65886914730072021484 -0.34819024801254272461 0.047184180468320846558 0.42081242799758911133 0.68421024084091186523 0.8111330866813659668 0.66899102926254272461 0.61701035499572753906
-1.1551005840301513672 -1.3540043830871582031 -1.5356929302215576172 -1.7231974601745605469 -1.6483002901077270508 -1.3773064613342285156 -1.126273036003112793 -1.0043537616729736328 -0.99471229314804077148 -0.96947062015533447266 -0.97733098268508911133 -0.96057021617889404297 -0.94897097349166870117 -0.9306405186653137207 -0.92536574602127075195 -0.91516333818435668945 -0.90453332662582397461 -0.91583466529846191406 -0.91936886310577392578 -0.9465993046760559082 -0.95097303390502929688 -0.95970588922500610352 -0.96959668397903442383 -0.97454822063446044922 -0.96359753608703613281 -0.93634933233261108398 -0.92875510454177856445 -0.92439198493957519531 -0.89894878864288330078 -0.93210059404373168945 -0.9446938633918762207 -0.75764685869216918945 -0.38060092926025390625 0.0049268864095211029053 0.34304249286651611328 0.69944745302200317383 0.78493970632553100586 0.75219953060150146484 0.72299045324325561523 0.58599567413330078125
-1.2305589914321899414 -1.5937911272048950195 -1.9859794378280639648 -2.0590879917144775391 -1.9923343658447265625 -1.8084886074066162109 -1.4670631885528564453 -1.1822263002395629883 -1.0500829219818115234 -1.0067762136459350586 -1.0088160037994384766 -0.98423671722412109375 -0.96670204401016235352 -0.94279801845550537109 -0.92943310737609863281 -0.92088222503662109375 -0.90974569320678710938 -0.89892631769180297852 -0.90975713729858398438 -0.9135640263557434082 -0.94327121973037719727 -0.97059410810470581055 -0.97153395414352416992 -0.98566108942031860352 -0.9810644984245300293 -0.95161360502243041992 -0.93110984563827514648 -0.90658462047576904297 -0.89134556055068969727 -0.88543117046356201172 -0.82214963436126708984 -0.59674996137619018555 -0.12840534746646881104 0.30216044187545776367 0.66888660192489624023 0.82493406534194946289 0.79237353801727294922 0.77271288633346557617 0.66365629434585571289 0.57284170389175415039
-1.2663631439208984375 -1.5977190732955932617 -2.01842498779296875 -2.3050808906555175781 -2.3579342365264892578 -2.1792924404144287109 -1.7865799665451049805 -1.4892983436584472656 -1.2745928764343261719 -1.0733251571655273438 -1.016592860221862793 -1.0080060958862304688 -0.97937780618667602539 -0.9573758244514465332 -0.93466788530349731445 -0.92507439851760864258 -0.91618460416793823242 -0.90258520841598510742 -0.8963196873664855957 -0.90826302766799926758 -0.92272877693176269531 -0.97095835208892822266 -0.96775507926940917969 -1.0069773197174072266 -0.99525117874145507812 -0.98092150688171386719 -0.94201040267944335938 -0.91167902946472167969 -0.87873619794845581055 -0.88008368015289306641 -0.77446448802947998047 -0.46647611260414123535 -0.06273765861988067627 0.59852433204650878906 0.73388183116912841797 0.78255331516265869141 0.82156985998153686523 0.8060067296028137207 0.72460985183715820312 0.56714856624603271484
