ForecastVariables/NDVI2018_500m/NDVI_Focal_Random3.asc
ncols        529
nrows        344
xllcorner    2700.000000000000
yllcorner    15900.000000000000
cellsize     100.000000000000
[rows 234 to 251 of 344, columns 280 to 319 of 529]
-0.85991388559341430664 -0.88036179542541503906 -0.95583736896514892578 -0.95496499538421630859 -0.9486268162727355957 -0.93666720390319824219 -0.93421864509582519531 -0.92123407125473022461 -0.91394585371017456055 -0.90621185302734375 -0.84803998470306396484 -0.84305369853973388672 -0.86074900627136230469 -0.9265454411506652832 -0.92870134115219116211 -0.9248688817024230957 -0.92753112316131591797 -0.95513135194778442383 -0.99858856201171875 -0.9583275914192199707 -1.0878827571868896484 -1.1156505346298217773 -0.98770630359649658203 -0.89323401451110839844 -0.85644990205764770508 -0.93534946441650390625 -0.9922631382942199707 -0.94964009523391723633 -0.93231302499771118164 -0.83557671308517456055 -0.83636659383773803711 -0.83105885982513427734 -0.93084752559661865234 -0.92674350738525390625 -0.92175823450088500977 -0.89897239208221435547 -0.92119747400283813477 -0.91170018911361694336 -0.89097744226455688477 -0.88156712055206298828
-0.88295251131057739258 -0.95283293724060058594 -0.94878822565078735352 -0.94383138418197631836 -0.93200635910034179688 -0.92949151992797851562 -0.92012512683868408203 -0.912109375 -0.90248286724090576172 -0.9002704620361328125 -0.89830172061920166016 -0.84882837533950805664 -0.91511625051498413086 -0.92263454198837280273 -0.92972975969314575195 -0.93497014045715332031 -0.94803851842880249023 -0.97343969345092773438 -0.93057841062545776367 -0.97471052408218383789 -0.98501622676849365234 -1.0498930215835571289 -1.0411031246185302734 -0.88935738801956176758 -0.89856994152069091797 -0.95022797584533691406 -0.92789477109909057617 -0.91480612754821777344 -0.91050893068313598633 -0.91568380594253540039 -0.82187771797180175781 -0.92702913284301757812 -0.92337906360626220703 -0.92478567361831665039 -0.89943128824234008789 -0.83899414539337158203 -0.87920194864273071289 -0.8844559788703918457 -0.86931389570236206055 -0.85891306400299072266
-0.97812765836715698242 -0.96584832668304443359 -0.95023119449615478516 -0.93810218572616577148 -0.9356327056884765625 -0.92744392156600952148 -0.91673046350479125977 -0.90542840957641601562 -0.90653842687606811523 -0.90726989507675170898 -0.9137827754020690918 -0.91631472110748291016 -0.92149174213409423828 -0.93144702911376953125 -0.93212223052978515625 -0.94241273403167724609 -0.97031545639038085938 -0.92562878131866455078 -0.94659638404846191406 -0.96494477987289428711 -0.94496822357177734375 -0.92292940616607666016 -0.97646695375442504883 -0.92940491437911987305 -0.91598993539810180664 -0.90199291706085205078 -0.89880585670471191406 -0.90115708112716674805 -0.89928019046783447266 -0.89245790243148803711 -0.89935463666915893555 -0.92029994726181030273 -0.92159420251846313477 -0.88746166229248046875 -0.83179771900177001953 -0.81537729501724243164 -0.79749763011932373047 -0.83503234386444091797 -0.85331010818481445312 -0.83961540460586547852
-0.9908294677734375 -0.97965335845947265625 -0.96237921714782714844 -0.9529857635498046875 -0.94498562812805175781 -0.93192940950393676758 -0.91951858997344970703 -0.92094892263412475586 -0.92361867427825927734 -0.92248457670211791992 -0.92209607362747192383 -0.92722272872924804688 -0.92772114276885986328 -0.93253433704376220703 -0.93311256170272827148 -0.94342625141143798828 -0.96502566337585449219 -1.0006592273712158203 -0.9512049555778503418 -0.93667191267013549805 -0.91060006618499755859 -0.95326972007751464844 -0.92546939849853515625 -0.89054304361343383789 -0.87873399257659912109 -0.8806018829345703125 -0.89045542478561401367 -0.88812172412872314453 -0.88170188665390014648 -0.82322394847869873047 -0.88454854488372802734 -0.89305281639099121094 -0.90248644351959228516 -0.8444773554801940918 -0.79413759708404541016 -0.7824643254280090332 -0.77635526657104492188 -0.78540939092636108398 -0.82797741889953613281 -0.82550340890884399414
-0.98796361684799194336 -0.98203772306442260742 -0.9737898707389831543 -0.9599507451057434082 -0.95143795013427734375 -0.94238972663879394531 -0.93261420726776123047 -0.9274056553840637207 -0.9290053248405456543 -0.93068653345108032227 -0.93164753913879394531 -0.92815351486206054688 -0.92716860771179199219 -0.91503328084945678711 -0.91619956493377685547 -0.92678147554397583008 -0.94405025243759155273 -0.96826803684234619141 -0.98423004150390625 -0.90128141641616821289 -0.94141620397567749023 -0.91934186220169067383 -0.88687664270401000977 -0.87610101699829101562 -0.85642594099044799805 -0.87100327014923095703 -0.87794405221939086914 -0.88064461946487426758 -0.82126802206039428711 -0.8160037994384765625 -0.81259685754776000977 -0.87014067173004150391 -0.87004142999649047852 -0.87180924415588378906 -0.7985184788703918457 -0.76131939888000488281 -0.77862054109573364258 -0.81843334436416625977 -0.81107181310653686523 -0.81536197662353515625
-0.98207652568817138672 -0.97701942920684814453 -0.97235190868377685547 -0.96733462810516357422 -0.95437014102935791016 -0.940303802490234375 -0.92936825752258300781 -0.92546731233596801758 -0.92820715904235839844 -0.92950242757797241211 -0.91635686159133911133 -0.91072410345077514648 -0.9072214961051940918 -0.90513068437576293945 -0.90001702308654785156 -0.90449965000152587891 -0.91794914007186889648 -0.92829394340515136719 -0.93633228540420532227 -0.92810219526290893555 -0.91932702064514160156 -0.89267969131469726562 -0.8897838592529296875 -0.86621677875518798828 -0.85996961593627929688 -0.86080861091613769531 -0.87909096479415893555 -0.83176755905151367188 -0.83071684837341308594 -0.806365966796875 -0.80241858959197998047 -0.8076343536376953125 -0.86890268325805664062 -0.84931766986846923828 -0.8411909937858581543 -0.78075057268142700195 -0.82996797561645507812 -0.81849116086959838867 -0.80591672658920288086 -0.81151378154754638672
-0.98177051544189453125 -0.98441898822784423828 -0.97397112846374511719 -0.96822011470794677734 -0.9500033259391784668 -0.93249905109405517578 -0.92389881610870361328 -0.92039269208908081055 -0.91528439521789550781 -0.90445142984390258789 -0.893665313720703125 -0.88469529151916503906 -0.88470298051834106445 -0.8883730769157409668 -0.88885712623596191406 -0.88507109880447387695 -0.8900820612907409668 -0.90436565876007080078 -0.90425688028335571289 -0.90310102701187133789 -0.89552527666091918945 -0.90687000751495361328 -0.88905411958694458008 -0.87954735755920410156 -0.86717581748962402344 -0.86817324161529541016 -0.87198728322982788086 -0.88123118877410888672 -0.81589919328689575195 -0.81972002983093261719 -0.8032792210578918457 -0.86331617832183837891 -0.85068726539611816406 -0.84152472019195556641 -0.84226334095001220703 -0.84129416942596435547 -0.83119726181030273438 -0.82202947139739990234 -0.81571686267852783203 -0.81567221879959106445
-0.97725260257720947266 -0.98367422819137573242 -0.97883772850036621094 -0.96059030294418334961 -0.94656050205230712891 -0.9297428131103515625 -0.91189771890640258789 -0.90550726652145385742 -0.89865636825561523438 -0.87219732999801635742 -0.86866921186447143555 -0.8618285059928894043 -0.8646984100341796875 -0.87173789739608764648 -0.8724384307861328125 -0.87612622976303100586 -0.87588596343994140625 -0.88239687681198120117 -0.89062124490737915039 -0.88754761219024658203 -0.90475046634674072266 -0.9072278141975402832 -0.91137623786926269531 -0.88714814186096191406 -0.87883591651916503906 -0.8617833256721496582 -0.86754089593887329102 -0.86339592933654785156 -0.86494851112365722656 -0.80449426174163818359 -0.86304551362991333008 -0.85925924777984619141 -0.84277302026748657227 -0.83485764265060424805 -0.83859109878540039062 -0.84509307146072387695 -0.83460980653762817383 -0.82539004087448120117 -0.82237797975540161133 -0.81580775976181030273
-0.97145211696624755859 -0.97939115762710571289 -0.96838265657424926758 -0.95532441139221191406 -0.93719506263732910156 -0.92191213369369506836 -0.90317422151565551758 -0.89192140102386474609 -0.87192738056182861328 -0.85769939422607421875 -0.83913904428482055664 -0.84551566839218139648 -0.85445177555084228516 -0.85644131898880004883 -0.86251741647720336914 -0.86554062366485595703 -0.86857002973556518555 -0.87348371744155883789 -0.88084334135055541992 -0.85646659135818481445 -0.90357661247253417969 -0.90398007631301879883 -0.90506356954574584961 -0.90182518959045410156 -0.86776119470596313477 -0.86287486553192138672 -0.84631651639938354492 -0.85207778215408325195 -0.84754955768585205078 -0.84791636466979980469 -0.84906268119812011719 -0.84799414873123168945 -0.8388468623161315918 -0.82780653238296508789 -0.8307965397834777832 -0.83776992559432983398 -0.83686631917953491211 -0.82090234756469726562 -0.81179982423782348633 -0.81262803077697753906
-0.96725600957870483398 -0.96554028987884521484 -0.95974630117416381836 -0.94000077247619628906 -0.92137932777404785156 -0.91036200523376464844 -0.89823460578918457031 -0.87246221303939819336 -0.85808789730072021484 -0.84354883432388305664 -0.83431899547576904297 -0.83180457353591918945 -0.84949553012847900391 -0.8614253997802734375 -0.86017322540283203125 -0.85908627510070800781 -0.86354005336761474609 -0.87941473722457885742 -0.85400694608688354492 -0.81045097112655639648 -0.86220449209213256836 -0.90168309211730957031 -0.89924907684326171875 -0.88654756546020507812 -0.86933475732803344727 -0.85727369785308837891 -0.84823119640350341797 -0.83089172840118408203 -0.83332771062850952148 -0.83728355169296264648 -0.83792245388031005859 -0.83700358867645263672 -0.83350604772567749023 -0.83124482631683349609 -0.82782083749771118164 -0.82779264450073242188 -0.82595896720886230469 -0.81433516740798950195 -0.81088531017303466797 -0.80806356668472290039
-0.9535662531852722168 -0.95088165998458862305 -0.93319451808929443359 -0.92058807611465454102 -0.91729509830474853516 -0.91041976213455200195 -0.89663243293762207031 -0.88192826509475708008 -0.85915899276733398438 -0.85215592384338378906 -0.79620653390884399414 -0.85572296380996704102 -0.85799032449722290039 -0.87301218509674072266 -0.88095825910568237305 -0.87084221839904785156 -0.86916178464889526367 -0.84206086397171020508 -0.80351775884628295898 -0.80873328447341918945 -0.80885362625122070312 -0.85724151134490966797 -0.88465058803558349609 -0.86894929409027099609 -0.86216390132904052734 -0.85436111688613891602 -0.83388638496398925781 -0.82650929689407348633 -0.82143771648406982422 -0.82633423805236816406 -0.83368539810180664062 -0.8358631134033203125 -0.83220517635345458984 -0.82653832435607910156 -0.83012259006500244141 -0.82662117481231689453 -0.81999820470809936523 -0.82126462459564208984 -0.80885094404220581055 -0.81334316730499267578
-0.93509519100189208984 -0.93597173690795898438 -0.91940397024154663086 -0.91230285167694091797 -0.91731846332550048828 -0.91460663080215454102 -0.9018465876579284668 -0.89243346452713012695 -0.88476729393005371094 -0.82173013687133789062 -0.82910448312759399414 -0.82720875740051269531 -0.8822956085205078125 -0.89052098989486694336 -0.88743889331817626953 -0.88406121730804443359 -0.87553030252456665039 -0.82423180341720581055 -0.79544693231582641602 -0.79863899946212768555 -0.7915751338005065918 -0.82411283254623413086 -0.86406505107879638672 -0.8625125885009765625 -0.85018312931060791016 -0.83566594123840332031 -0.83277434110641479492 -0.82537686824798583984 -0.82400584220886230469 -0.82019162178039550781 -0.82752078771591186523 -0.83983904123306274414 -0.83495962619781494141 -0.83669108152389526367 -0.83410811424255371094 -0.83323961496353149414 -0.83522897958755493164 -0.8233807682991027832 -0.82286113500595092773 -0.81209844350814819336
-0.93071484565734863281 -0.9260540008544921875 -0.92114198207855224609 -0.91925609111785888672 -0.9206638336181640625 -0.91898655891418457031 -0.92114430665969848633 -0.90925878286361694336 -0.8547694087028503418 -0.85838556289672851562 -0.85551100969314575195 -0.85098320245742797852 -0.86003875732421875 -0.90716886520385742188 -0.90007811784744262695 -0.87974679470062255859 -0.87789422273635864258 -0.87468886375427246094 -0.81657248735427856445 -0.78197246789932250977 -0.82042735815048217773 -0.8584658503532409668 -0.85814940929412841797 -0.84921020269393920898 -0.84356069564819335938 -0.83454805612564086914 -0.82325655221939086914 -0.82532417774200439453 -0.82567310333251953125 -0.82837402820587158203 -0.82887357473373413086 -0.83631503582000732422 -0.84467738866806030273 -0.84373700618743896484 -0.84106433391571044922 -0.84839892387390136719 -0.84299075603485107422 -0.83936971426010131836 -0.82989591360092163086 -0.82699197530746459961
-0.91672414541244506836 -0.92078900337219238281 -0.91515564918518066406 -0.91999328136444091797 -0.9242464900016784668 -0.92832678556442260742 -0.91809827089309692383 -0.91011476516723632812 -0.91401314735412597656 -0.87248653173446655273 -0.87479931116104125977 -0.87045967578887939453 -0.91499054431915283203 -0.91676551103591918945 -0.90483325719833374023 -0.88501363992691040039 -0.87206304073333740234 -0.87257564067840576172 -0.87832891941070556641 -0.80849999189376831055 -0.86261290311813354492 -0.86105889081954956055 -0.85641598701477050781 -0.84633743762969970703 -0.83463579416275024414 -0.83494585752487182617 -0.82310748100280761719 -0.8249371647834777832 -0.83453798294067382812 -0.83404213190078735352 -0.83052736520767211914 -0.83743882179260253906 -0.84213107824325561523 -0.84252786636352539062 -0.853542327880859375 -0.85916018486022949219 -0.85673171281814575195 -0.85041075944900512695 -0.84806746244430541992 -0.7091096043586730957
-0.91363251209259033203 -0.91378521919250488281 -0.91843909025192260742 -0.91659015417098999023 -0.92217409610748291016 -0.92318779230117797852 -0.91422468423843383789 -0.90666222572326660156 -0.91525471210479736328 -0.91816145181655883789 -0.87524908781051635742 -0.9291534423828125 -0.92521947622299194336 -0.90950161218643188477 -0.90732729434967041016 -0.89577162265777587891 -0.87793087959289550781 -0.88406759500503540039 -0.88025939464569091797 -0.87434464693069458008 -0.85719960927963256836 -0.85590976476669311523 -0.85399091243743896484 -0.84918671846389770508 -0.83894574642181396484 -0.82971495389938354492 -0.82764685153961181641 -0.8383623957633972168 -0.84004223346710205078 -0.84001290798187255859 -0.84034639596939086914 -0.8372198939323425293 -0.83782953023910522461 -0.8362522125244140625 -0.86660706996917724609 -0.8676280975341796875 -0.86572355031967163086 -0.86133635044097900391 -0.78978693485260009766 -0.7620480656623840332
-0.90955805778503417969 -0.91991400718688964844 -0.91764396429061889648 -0.9185886383056640625 -0.91381317377090454102 -0.91339462995529174805 -0.90153479576110839844 -0.89393091201782226562 -0.89430099725723266602 -0.908924102783203125 -0.90683734416961669922 -0.91378736495971679688 -0.91787564754486083984 -0.92305427789688110352 -0.90368330478668212891 -0.8935216069221496582 -0.90238922834396362305 -0.90140229463577270508 -0.89846140146255493164 -0.87676674127578735352 -0.86603546142578125 -0.85377979278564453125 -0.84681200981140136719 -0.84970581531524658203 -0.84622293710708618164 -0.83219897747039794922 -0.83922654390335083008 -0.85043096542358398438 -0.8480402827262878418 -0.8549149632453918457 -0.85073238611221313477 -0.84380108118057250977 -0.83693754673004150391 -0.72989761829376220703 -0.85543876886367797852 -0.87018620967864990234 -0.87149769067764282227 -0.86793428659439086914 -0.83519202470779418945 -0.76282525062561035156
-0.9226474761962890625 -0.91509461402893066406 -0.92041599750518798828 -0.91211396455764770508 -0.90902465581893920898 -0.89907884597778320312 -0.88847482204437255859 -0.87499010562896728516 -0.87843263149261474609 -0.87866503000259399414 -0.892452239990234375 -0.89362704753875732422 -0.90518033504486083984 -0.90771400928497314453 -0.90390074253082275391 -0.90186530351638793945 -0.91385769844055175781 -0.92255556583404541016 -0.90623939037322998047 -0.89340221881866455078 -0.86704385280609130859 -0.85478371381759643555 -0.85714125633239746094 -0.85852450132369995117 -0.85585629940032958984 -0.85458940267562866211 -0.85272771120071411133 -0.8588231205940246582 -0.86468309164047241211 -0.86683660745620727539 -0.86633789539337158203 -0.84883654117584228516 -0.60872846841812133789 -0.72955554723739624023 -0.73695975542068481445 -0.86300569772720336914 -0.87037664651870727539 -0.85785579681396484375 -0.84885907173156738281 -0.82717078924179077148
-0.92313671112060546875 -0.92313039302825927734 -0.90692651271820068359 -0.90755802392959594727 -0.90066027641296386719 -0.88950806856155395508 -0.87422287464141845703 -0.87365645170211791992 -0.86378467082977294922 -0.86462914943695068359 -0.87088859081268310547 -0.88529300689697265625 -0.89270931482315063477 -0.89657509326934814453 -0.90606778860092163086 -0.92040640115737915039 -0.91988801956176757812 -0.92026942968368530273 -0.92396658658981323242 -0.90197551250457763672 -0.88404905796051025391 -0.86516791582107543945 -0.87139630317687988281 -0.87344390153884887695 -0.87056887149810791016 -0.87788230180740356445 -0.87604826688766479492 -0.86582100391387939453 -0.86917388439178466797 -0.86370682716369628906 -0.87113916873931884766 -0.63006228208541870117 -0.50849837064743041992 -0.60975861549377441406 -0.73878234624862670898 -0.74863380193710327148 -0.85549163818359375 -0.8514086604118347168 -0.8527317047119140625 -0.84457707405090332031
