ForecastVariables/NDVI2018_500m/NDVI_Focal_Random5.asc
ncols        529
nrows        344
xllcorner    2700.000000000000
yllcorner    15900.000000000000
cellsize     100.000000000000
[rows 306 to 323 of 344, columns 0 to 39 of 529]
-0.67706841230392456055 -0.90207582712173461914 -0.97773075103759765625 -0.98367863893508911133 -0.98776960372924804688 -0.97797209024429321289 -0.96973687410354614258 -0.95895934104919433594 -0.95257753133773803711 -0.96089321374893188477 -0.96581566333770751953 -0.96655267477035522461 -0.96554338932037353516 -0.96243917942047119141 -0.96610528230667114258 -0.96748012304306030273 -0.96904909610748291016 -0.96107792854309082031 -0.96397697925567626953 -0.9601681828498840332 -0.95429241657257080078 -0.95206272602081298828 -0.95150429010391235352 -0.94714444875717163086 -0.94523102045059204102 -0.94619923830032348633 -0.94425570964813232422 -0.93326133489608764648 -0.94020408391952514648 -0.93846023082733154297 -0.93843549489974975586 -0.9361966252326965332 -0.92936861515045166016 -0.92490845918655395508 -0.92318004369735717773 -0.92415720224380493164 -0.91873824596405029297 -0.91628408432006835938 -0.92014366388320922852 -0.91786396503448486328
-0.67416924238204956055 -0.89785158634185791016 -0.97332495450973510742 -0.98523122072219848633 -0.98267740011215209961 -0.98178195953369140625 -0.97415906190872192383 -0.96353238821029663086 -0.95828670263290405273 -0.96025586128234863281 -0.96492141485214233398 -0.96847826242446899414 -0.96712917089462280273 -0.96814095973968505859 -0.96880519390106201172 -0.97178304195404052734 -0.96812784671783447266 -0.9697322845458984375 -0.96595454216003417969 -0.963359832763671875 -0.9626820683479309082 -0.9630368351936340332 -0.95979613065719604492 -0.95898669958114624023 -0.9601586461067199707 -0.95846056938171386719 -0.95259916782379150391 -0.95016777515411376953 -0.94754081964492797852 -0.94869393110275268555 -0.9460589289665222168 -0.94125974178314208984 -0.93211609125137329102 -0.92371600866317749023 -0.92520380020141601562 -0.91895574331283569336 -0.91810613870620727539 -0.91694861650466918945 -0.92046570777893066406 -0.92433792352676391602
-0.67227625846862792969 -0.89641714096069335938 -0.97037297487258911133 -0.97590774297714233398 -0.98107624053955078125 -0.98103719949722290039 -0.97300851345062255859 -0.96731144189834594727 -0.96208977699279785156 -0.96267604827880859375 -0.96733236312866210938 -0.97061365842819213867 -0.9661687016487121582 -0.96931803226470947266 -0.97139656543731689453 -0.97054517269134521484 -0.97248983383178710938 -0.97033900022506713867 -0.96301072835922241211 -0.96495199203491210938 -0.96797955036163330078 -0.97415053844451904297 -0.97066664695739746094 -0.97373890876770019531 -0.97402882575988769531 -0.96848821640014648438 -0.96684223413467407227 -0.96245247125625610352 -0.957118988037109375 -0.95826053619384765625 -0.9563439488410949707 -0.94706207513809204102 -0.93498182296752929688 -0.92762726545333862305 -0.91729706525802612305 -0.91712868213653564453 -0.91578030586242675781 -0.91972118616104125977 -0.9221737980842590332 -0.92892509698867797852
-0.67367017269134521484 -0.89794456958770751953 -0.9758084416389465332 -0.97310429811477661133 -0.97953164577484130859 -0.97895675897598266602 -0.97772401571273803711 -0.96740585565567016602 -0.96421831846237182617 -0.9663664698600769043 -0.96662008762359619141 -0.96692621707916259766 -0.96994757652282714844 -0.96703094244003295898 -0.96656119823455810547 -0.96778434514999389648 -0.96834790706634521484 -0.96446257829666137695 -0.96657860279083251953 -0.96763658523559570312 -0.97427546977996826172 -0.97302150726318359375 -0.9779370427131652832 -0.97422081232070922852 -0.97830092906951904297 -0.97873955965042114258 -0.97486037015914916992 -0.96800094842910766602 -0.96447479724884033203 -0.96757018566131591797 -0.96353709697723388672 -0.94807595014572143555 -0.93795573711395263672 -0.93205368518829345703 -0.92422944307327270508 -0.91732221841812133789 -0.92053896188735961914 -0.92113244533538818359 -0.92636448144912719727 -0.92703431844711303711
-0.6763871312141418457 -0.90291678905487060547 -0.97742581367492675781 -0.97860664129257202148 -0.9777577519416809082 -0.9797642827033996582 -0.98044192790985107422 -0.97486472129821777344 -0.96743386983871459961 -0.96676504611968994141 -0.96800947189331054688 -0.96851396560668945312 -0.96769404411315917969 -0.96488589048385620117 -0.96488058567047119141 -0.96651315689086914062 -0.96173852682113647461 -0.96846610307693481445 -0.96887356042861938477 -0.97177672386169433594 -0.97118663787841796875 -0.97565358877182006836 -0.97444307804107666016 -0.97928190231323242188 -0.97494781017303466797 -0.97913897037506103516 -0.97135663032531738281 -0.96850550174713134766 -0.97060370445251464844 -0.96503818035125732422 -0.96546387672424316406 -0.95627492666244506836 -0.94622415304183959961 -0.93925452232360839844 -0.93199849128723144531 -0.92897087335586547852 -0.92389255762100219727 -0.93016529083251953125 -0.92783206701278686523 -0.92514526844024658203
-0.67923057079315185547 -0.90521872043609619141 -0.97978997230529785156 -0.97867631912231445312 -0.98174369335174560547 -0.9829775691032409668 -0.98284137248992919922 -0.97909533977508544922 -0.97616988420486450195 -0.97185754776000976562 -0.97487741708755493164 -0.97485148906707763672 -0.97079539299011230469 -0.96592670679092407227 -0.96721941232681274414 -0.96393001079559326172 -0.96652996540069580078 -0.9689972996711730957 -0.9730555415153503418 -0.97369420528411865234 -0.97382867336273193359 -0.96864962577819824219 -0.96742159128189086914 -0.96757042407989501953 -0.97388893365859985352 -0.96913301944732666016 -0.96902477741241455078 -0.96106570959091186523 -0.95960831642150878906 -0.96364796161651611328 -0.95713019371032714844 -0.95734834671020507812 -0.95198309421539306641 -0.94587117433547973633 -0.9470386505126953125 -0.94140911102294921875 -0.93563371896743774414 -0.93045574426651000977 -0.93299716711044311523 -0.9329230189323425293
-0.67527663707733154297 -0.90551972389221191406 -0.98219817876815795898 -0.97901594638824462891 -0.978870391845703125 -0.98738920688629150391 -0.98517239093780517578 -0.9838683009147644043 -0.98198747634887695312 -0.98047709465026855469 -0.98244613409042358398 -0.98143857717514038086 -0.97745347023010253906 -0.972995758056640625 -0.96709215641021728516 -0.96643453836441040039 -0.96883463859558105469 -0.97303187847137451172 -0.97414433956146240234 -0.97497534751892089844 -0.96768468618392944336 -0.96314579248428344727 -0.95673757791519165039 -0.95811891555786132812 -0.96168279647827148438 -0.96138012409210205078 -0.95997786521911621094 -0.95398390293121337891 -0.95443397760391235352 -0.95319914817810058594 -0.95648860931396484375 -0.95277923345565795898 -0.95904707908630371094 -0.95699232816696166992 -0.95515352487564086914 -0.95492118597030639648 -0.94439750909805297852 -0.94090867042541503906 -0.93841660022735595703 -0.94176346063613891602
-0.67564958333969116211 -0.90467762947082519531 -0.97742873430252075195 -0.97954374551773071289 -0.98440140485763549805 -0.98410409688949584961 -0.98554790019989013672 -0.98583251237869262695 -0.98529607057571411133 -0.98845881223678588867 -0.98849689960479736328 -0.99016731977462768555 -0.98301839828491210938 -0.97708857059478759766 -0.97154253721237182617 -0.97329813241958618164 -0.97803330421447753906 -0.97605544328689575195 -0.9781729578971862793 -0.97232353687286376953 -0.96390491724014282227 -0.95719963312149047852 -0.95399558544158935547 -0.95012533664703369141 -0.9535083770751953125 -0.9530913233757019043 -0.94942516088485717773 -0.95066571235656738281 -0.94680726528167724609 -0.95510715246200561523 -0.95344525575637817383 -0.95906019210815429688 -0.95660316944122314453 -0.96823400259017944336 -0.96615368127822875977 -0.95466274023056030273 -0.95648491382598876953 -0.94948220252990722656 -0.94744926691055297852 -0.94379311800003051758
-0.67591804265975952148 -0.89777481555938720703 -0.97759091854095458984 -0.97672927379608154297 -0.97882246971130371094 -0.97859215736389160156 -0.97953379154205322266 -0.98286616802215576172 -0.98523604869842529297 -0.98673361539840698242 -0.98949962854385375977 -0.98785048723220825195 -0.98493373394012451172 -0.9793701171875 -0.97960948944091796875 -0.98097699880599975586 -0.98436069488525390625 -0.98943245410919189453 -0.98360139131546020508 -0.97680479288101196289 -0.96820980310440063477 -0.95889103412628173828 -0.95751267671585083008 -0.95462590456008911133 -0.95043534040451049805 -0.94899237155914306641 -0.94658499956130981445 -0.94526076316833496094 -0.95347952842712402344 -0.95202982425689697266 -0.96027237176895141602 -0.95327734947204589844 -0.96198540925979614258 -0.96842515468597412109 -0.96724295616149902344 -0.96502470970153808594 -0.95196425914764404297 -0.95353436470031738281 -0.94724756479263305664 -0.94682115316390991211
-0.67059367895126342773 -0.90026831626892089844 -0.97260075807571411133 -0.97289383411407470703 -0.97074431180953979492 -0.97597324848175048828 -0.98003649711608886719 -0.97903347015380859375 -0.98364305496215820312 -0.98594886064529418945 -0.98644435405731201172 -0.98591780662536621094 -0.98435050249099731445 -0.98124474287033081055 -0.97894132137298583984 -0.98435395956039428711 -0.98956525325775146484 -0.99347889423370361328 -0.99105733633041381836 -0.98280757665634155273 -0.97605454921722412109 -0.9669507145881652832 -0.95952397584915161133 -0.95957571268081665039 -0.95476567745208740234 -0.94728630781173706055 -0.9442431330680847168 -0.95218753814697265625 -0.95314258337020874023 -0.95612347126007080078 -0.95255500078201293945 -0.95790821313858032227 -0.95963078737258911133 -0.96179991960525512695 -0.96638143062591552734 -0.95938873291015625 -0.95747953653335571289 -0.94670259952545166016 -0.950344085693359375 -0.94530606269836425781
-0.67220026254653930664 -0.89632010459899902344 -0.97153013944625854492 -0.96912395954132080078 -0.97371327877044677734 -0.97567665576934814453 -0.97870653867721557617 -0.98273366689682006836 -0.98800730705261230469 -0.99134016036987304688 -0.98748707771301269531 -0.98204517364501953125 -0.98236489295959472656 -0.97665572166442871094 -0.98166716098785400391 -0.98704481124877929688 -0.99424135684967041016 -0.99500322341918945312 -0.99305766820907592773 -0.98658984899520874023 -0.97886687517166137695 -0.97463840246200561523 -0.96796274185180664062 -0.96331894397735595703 -0.95822936296463012695 -0.94971621036529541016 -0.95041996240615844727 -0.95191168785095214844 -0.95727378129959106445 -0.9568526148796081543 -0.9596951603889465332 -0.95337128639221191406 -0.95390111207962036133 -0.95906084775924682617 -0.95957952737808227539 -0.95992374420166015625 -0.95245701074600219727 -0.95640587806701660156 -0.95112836360931396484 -0.9516862034797668457
-0.66844332218170166016 -0.89761120080947875977 -0.96991163492202758789 -0.97529828548431396484 -0.97753882408142089844 -0.98332327604293823242 -0.98643064498901367188 -0.99097716808319091797 -0.99568146467208862305 -0.99241441488265991211 -0.98863846063613891602 -0.98367577791213989258 -0.97976851463317871094 -0.98082268238067626953 -0.98292005062103271484 -0.98759567737579345703 -0.99536108970642089844 -0.99563032388687133789 -0.99462962150573730469 -0.98707604408264160156 -0.98123896121978759766 -0.97566694021224975586 -0.97085458040237426758 -0.96441131830215454102 -0.96092951297760009766 -0.95585525035858154297 -0.95597606897354125977 -0.954113006591796875 -0.95627599954605102539 -0.96632462739944458008 -0.95703238248825073242 -0.9509372711181640625 -0.95252442359924316406 -0.95325380563735961914 -0.95679718255996704102 -0.95534586906433105469 -0.95974117517471313477 -0.95852994918823242188 -0.9591878056526184082 -0.95744681358337402344
-0.67228716611862182617 -0.89499652385711669922 -0.97960925102233886719 -0.98125863075256347656 -0.98471188545227050781 -0.99235898256301879883 -0.99742370843887329102 -1.0010359287261962891 -0.99830240011215209961 -0.99291700124740600586 -0.98930698633193969727 -0.98780840635299682617 -0.98451483249664306641 -0.98486948013305664062 -0.99042147397994995117 -0.99169719219207763672 -0.99490046501159667969 -0.99912333488464355469 -0.99862295389175415039 -0.99361377954483032227 -0.98009645938873291016 -0.97436875104904174805 -0.9716841578483581543 -0.96741431951522827148 -0.95857071876525878906 -0.95870763063430786133 -0.95539259910583496094 -0.95896768569946289062 -0.96306031942367553711 -0.96050500869750976562 -0.9546101689338684082 -0.95122855901718139648 -0.95007145404815673828 -0.94791799783706665039 -0.952281951904296875 -0.96033930778503417969 -0.95991230010986328125 -0.9592635035514831543 -0.96506643295288085938 -0.96571016311645507812
-0.67524647712707519531 -0.90492701530456542969 -0.97979086637496948242 -0.98842233419418334961 -0.998287200927734375 -1.0023913383483886719 -1.0071287155151367188 -1.0023518800735473633 -1.0029035806655883789 -0.99870502948760986328 -0.99189174175262451172 -0.98786979913711547852 -0.98993098735809326172 -0.99406260251998901367 -0.99740129709243774414 -1.0036894083023071289 -1.0050299167633056641 -1.0039112567901611328 -1.0007038116455078125 -0.98892253637313842773 -0.98545616865158081055 -0.9755929112434387207 -0.97019022703170776367 -0.96204811334609985352 -0.96281933784484863281 -0.9584668278694152832 -0.95622396469116210938 -0.95927602052688598633 -0.96602207422256469727 -0.95891785621643066406 -0.95935726165771484375 -0.95567119121551513672 -0.94487595558166503906 -0.95049279928207397461 -0.95470708608627319336 -0.95850956439971923828 -0.96423399448394775391 -0.96782392263412475586 -0.96483069658279418945 -0.97077143192291259766
-0.6790879368782043457 -0.91076642274856567383 -0.99164986610412597656 -0.99704289436340332031 -1.0072412490844726562 -1.0142215490341186523 -1.0104005336761474609 -1.0113483667373657227 -1.0073820352554321289 -0.99969899654388427734 -0.99598252773284912109 -0.99300968647003173828 -0.99872338771820068359 -1.0022871494293212891 -1.0114399194717407227 -1.0152311325073242188 -1.0165667533874511719 -1.0139153003692626953 -1.0017584562301635742 -0.99425292015075683594 -0.98718678951263427734 -0.97703385353088378906 -0.96476101875305175781 -0.96635824441909790039 -0.9577700495719909668 -0.95747464895248413086 -0.96034580469131469727 -0.96191769838333129883 -0.96392035484313964844 -0.96334952116012573242 -0.96303355693817138672 -0.95233702659606933594 -0.95315968990325927734 -0.95295953750610351562 -0.95706373453140258789 -0.95753192901611328125 -0.96583473682403564453 -0.96581494808197021484 -0.96715307235717773438 -0.96695804595947265625
-0.68404537439346313477 -0.91717702150344848633 -1.0039137601852416992 -1.0093166828155517578 -1.0104539394378662109 -1.0160417556762695312 -1.0196553468704223633 -1.0203180313110351562 -1.0129802227020263672 -1.0066311359405517578 -0.99942004680633544922 -1.002231597900390625 -1.0042982101440429688 -1.0135949850082397461 -1.0191758871078491211 -1.0222884416580200195 -1.0242257118225097656 -1.0181986093521118164 -1.0136598348617553711 -0.99860298633575439453 -0.98359715938568115234 -0.97398209571838378906 -0.97181761264801025391 -0.95988523960113525391 -0.95742893218994140625 -0.95802992582321166992 -0.96613204479217529297 -0.9652850031852722168 -0.96104675531387329102 -0.96811205148696899414 -0.96174424886703491211 -0.95757770538330078125 -0.95724278688430786133 -0.95783442258834838867 -0.95644038915634155273 -0.9654166102409362793 -0.95898872613906860352 -0.96567332744598388672 -0.96358335018157958984 -0.97071516513824462891
-0.69520527124404907227 -0.92657226324081420898 -1.0044027566909790039 -1.0119006633758544922 -1.0143690109252929688 -1.0194336175918579102 -1.0259941816329956055 -1.021083831787109375 -1.0205329656600952148 -1.0142687559127807617 -1.010691523551940918 -1.0016362667083740234 -1.0142991542816162109 -1.0184805393218994141 -1.0243750810623168945 -1.0281407833099365234 -1.0318789482116699219 -1.026511073112487793 -1.0158276557922363281 -0.99897313117980957031 -0.98489701747894287109 -0.98148888349533081055 -0.97184622287750244141 -0.96526724100112915039 -0.96263873577117919922 -0.96273362636566162109 -0.96302658319473266602 -0.96494275331497192383 -0.96647554636001586914 -0.96533280611038208008 -0.96469438076019287109 -0.95928788185119628906 -0.96005338430404663086 -0.95518034696578979492 -0.9570178985595703125 -0.95575964450836181641 -0.96135467290878295898 -0.95650851726531982422 -0.96323084831237792969 -0.96120947599411010742
-0.69631910324096679688 -0.93230652809143066406 -1.0080143213272094727 -1.013928532600402832 -1.0174119472503662109 -1.0174152851104736328 -1.0184270143508911133 -1.0239953994750976562 -1.0220389366149902344 -1.0210170745849609375 -1.0133736133575439453 -1.0138754844665527344 -1.0138361454010009766 -1.0236001014709472656 -1.0294097661972045898 -1.0306112766265869141 -1.0335495471954345703 -1.0276861190795898438 -1.0154156684875488281 -1.0024700164794921875 -0.9929135441780090332 -0.98501533269882202148 -0.97622627019882202148 -0.97227334976196289062 -0.97048437595367431641 -0.96486902236938476562 -0.9659748077392578125 -0.96569734811782836914 -0.96610504388809204102 -0.96412289142608642578 -0.96381008625030517578 -0.96862441301345825195 -0.96015161275863647461 -0.95946675539016723633 -0.95511186122894287109 -0.95489597320556640625 -0.95282596349716186523 -0.95094692707061767578 -0.95378911495208740234 -0.96491396427154541016
