ForecastVariables/NDVI2018_500m/NDVI_Focal_Random3.asc
ncols        529
nrows        344
xllcorner    2700.000000000000
yllcorner    15900.000000000000
cellsize     100.000000000000
[rows 288 to 305 of 344, columns 200 to 239 of 529]
-0.87608242034912109375 -0.89353680610656738281 -0.91002428531646728516 -0.908779144287109375 -0.91385465860366821289 -0.77913075685501098633 -0.48391458392143249512 -0.14949722588062286377 0.015734266489744186401 0.062631174921989440918 -0.35352760553359985352 -0.81083017587661743164 -0.77727091312408447266 -0.87594610452651977539 -0.88041311502456665039 -0.88158833980560302734 -0.8737519383430480957 -0.85996919870376586914 -0.85798555612564086914 -0.8676344752311706543 -0.88906574249267578125 -0.91845661401748657227 -0.94175159931182861328 -0.9363142848014831543 -0.91778743267059326172 -0.90575289726257324219 -0.90359681844711303711 -0.89757466316223144531 -0.88414472341537475586 -0.86663299798965454102 -0.86144101619720458984 -0.85004693269729614258 -0.8410345911979675293 -0.84133064746856689453 -0.84072822332382202148 -0.83791458606719970703 -0.83804613351821899414 -0.82837784290313720703 -0.80708497762680053711 -0.80647063255310058594
-0.88541185855865478516 -0.90993380546569824219 -0.92430710792541503906 -0.92313104867935180664 -0.90254616737365722656 -0.75580137968063354492 -0.27869910001754760742 0.14231944084167480469 0.50550425052642822266 0.5198319554328918457 0.084883809089660644531 -0.27702975273132324219 -0.78201162815093994141 -0.79568266868591308594 -0.87124437093734741211 -0.87013643980026245117 -0.87033838033676147461 -0.86508327722549438477 -0.8653233647346496582 -0.86617892980575561523 -0.88168174028396606445 -0.91128426790237426758 -0.93214148283004760742 -0.92937648296356201172 -0.91461890935897827148 -0.90219402313232421875 -0.89981210231781005859 -0.90596860647201538086 -0.89436942338943481445 -0.8861433863639831543 -0.87606960535049438477 -0.86335158348083496094 -0.85469353199005126953 -0.85263735055923461914 -0.85165476799011230469 -0.85418057441711425781 -0.8463662266731262207 -0.84523230791091918945 -0.8369401097297668457 -0.81124758720397949219
-0.89166468381881713867 -0.92007309198379516602 -0.93922948837280273438 -0.92514860630035400391 -0.88896119594573974609 -0.72193104028701782227 -0.41715216636657714844 0.35869276523590087891 0.90807116031646728516 0.85862547159194946289 0.59338086843490600586 0.14198024570941925049 -0.23141232132911682129 -0.79732584953308105469 -0.78978598117828369141 -0.86035424470901489258 -0.8638591766357421875 -0.86473900079727172852 -0.85837996006011962891 -0.87023788690567016602 -0.87829518318176269531 -0.89933282136917114258 -0.91429114341735839844 -0.91361540555953979492 -0.90736538171768188477 -0.89978486299514770508 -0.90237635374069213867 -0.89860582351684570312 -0.89739876985549926758 -0.89135849475860595703 -0.87568050622940063477 -0.86535865068435668945 -0.86547738313674926758 -0.86042761802673339844 -0.86479341983795166016 -0.86289334297180175781 -0.85983955860137939453 -0.85359597206115722656 -0.85249781608581542969 -0.84135127067565917969
-0.89774698019027709961 -0.92834681272506713867 -0.93811887502670288086 -0.92036062479019165039 -0.82761168479919433594 -0.72037053108215332031 -0.43417242169380187988 0.12746636569499969482 0.93529611825942993164 1.2338173389434814453 1.0365868806838989258 0.69748520851135253906 0.093343019485473632812 -0.31754717230796813965 -0.84903848171234130859 -0.72139859199523925781 -0.85349285602569580078 -0.85436761379241943359 -0.86433207988739013672 -0.86525714397430419922 -0.8744487762451171875 -0.87521541118621826172 -0.89160418510437011719 -0.90330582857131958008 -0.90054106712341308594 -0.89925086498260498047 -0.89561200141906738281 -0.89249682426452636719 -0.88929498195648193359 -0.87846803665161132812 -0.86513519287109375 -0.85808432102203369141 -0.85365772247314453125 -0.8576285243034362793 -0.85856342315673828125 -0.86334848403930664062 -0.85349726676940917969 -0.85184770822525024414 -0.8482964634895324707 -0.85367619991302490234
-0.90247654914855957031 -0.92511713504791259766 -0.92646259069442749023 -0.90401446819305419922 -0.87695550918579101562 -0.76730769872665405273 -0.55032676458358764648 0.044399283826351165771 0.53800594806671142578 1.1805094480514526367 1.4474515914916992188 0.96912676095962524414 0.51657390594482421875 -0.11740912497043609619 -0.36901888251304626465 -0.71039688587188720703 -0.71302407979965209961 -0.85630530118942260742 -0.86701035499572753906 -0.86589604616165161133 -0.85928267240524291992 -0.86715406179428100586 -0.87707567214965820312 -0.89497339725494384766 -0.89573562145233154297 -0.8993384242057800293 -0.89012610912322998047 -0.88805842399597167969 -0.88183069229125976562 -0.87053084373474121094 -0.85639935731887817383 -0.84886789321899414062 -0.84234076738357543945 -0.84355241060256958008 -0.84326040744781494141 -0.83897757530212402344 -0.84622031450271606445 -0.84396594762802124023 -0.84574270248413085938 -0.84506940841674804688
-0.90768325328826904297 -0.92179906368255615234 -0.91417616605758666992 -0.8903865814208984375 -0.8685665130615234375 -0.85709726810455322266 -0.66168409585952758789 -0.34103113412857055664 0.28814956545829772949 0.83340275287628173828 1.1443594694137573242 1.0973256826400756836 0.64074623584747314453 0.40734010934829711914 -0.15993234515190124512 -0.58351165056228637695 -0.7056242823600769043 -0.73552882671356201172 -0.87298375368118286133 -0.87259232997894287109 -0.86957716941833496094 -0.86025410890579223633 -0.87681996822357177734 -0.88600200414657592773 -0.898345947265625 -0.90603387355804443359 -0.90399056673049926758 -0.88858002424240112305 -0.87833356857299804688 -0.86403053998947143555 -0.85540491342544555664 -0.84045708179473876953 -0.83321839570999145508 -0.83512938022613525391 -0.82863974571228027344 -0.83067721128463745117 -0.82406634092330932617 -0.82892936468124389648 -0.83143830299377441406 -0.83959543704986572266
-0.9092356562614440918 -0.92314541339874267578 -0.90773332118988037109 -0.87936305999755859375 -0.86577230691909790039 -0.85138863325119018555 -0.81623470783233642578 -0.56585842370986938477 -0.18651819229125976562 0.28520226478576660156 0.63011884689331054688 0.93535625934600830078 0.83753186464309692383 0.33541122078895568848 0.1189467012882232666 -0.2649167180061340332 -0.54654735326766967773 -0.77516216039657592773 -0.87887215614318847656 -0.89447706937789916992 -0.88066804409027099609 -0.86847800016403198242 -0.87326389551162719727 -0.89703088998794555664 -0.90966510772705078125 -0.91326117515563964844 -0.87103253602981567383 -0.90318882465362548828 -0.88327813148498535156 -0.86780256032943725586 -0.8455905914306640625 -0.83586496114730834961 -0.82879585027694702148 -0.82624793052673339844 -0.82593566179275512695 -0.81929719448089599609 -0.81789302825927734375 -0.81867146492004394531 -0.82015329599380493164 -0.82101225852966308594
-0.91496986150741577148 -0.91686296463012695312 -0.90521252155303955078 -0.87411057949066162109 -0.86360889673233032227 -0.86588770151138305664 -0.85831886529922485352 -0.77069616317749023438 -0.54488921165466308594 -0.30035826563835144043 0.024243960157036781311 0.42570343613624572754 0.64906793832778930664 0.5387299656867980957 0.22668780386447906494 0.1081274375319480896 -0.30219402909278869629 -0.68653666973114013672 -0.79846203327178955078 -0.89920204877853393555 -0.89554774761199951172 -0.88856834173202514648 -0.88507318496704101562 -0.90086209774017333984 -0.92017364501953125 -0.88345497846603393555 -0.87998044490814208984 -0.86869311332702636719 -0.89283090829849243164 -0.87003827095031738281 -0.84499686956405639648 -0.83023077249526977539 -0.82864248752593994141 -0.82208293676376342773 -0.81751370429992675781 -0.81179118156433105469 -0.81272375583648681641 -0.81525981426239013672 -0.81364399194717407227 -0.81198424100875854492
-0.91421371698379516602 -0.91418153047561645508 -0.89130032062530517578 -0.87176793813705444336 -0.86682617664337158203 -0.86915427446365356445 -0.8762505650520324707 -0.95258581638336181641 -0.89735066890716552734 -0.61488568782806396484 -0.47141486406326293945 -0.33709433674812316895 0.10291241854429244995 0.53418457508087158203 0.45538049936294555664 0.3026739954948425293 -0.055119674652814865112 -0.38337424397468566895 -0.71480482816696166992 -0.81621795892715454102 -0.90405768156051635742 -0.90431678295135498047 -0.89957350492477416992 -0.90515613555908203125 -0.88203442096710205078 -0.89180535078048706055 -0.88052952289581298828 -0.86947321891784667969 -0.85088431835174560547 -0.87096846103668212891 -0.84928661584854125977 -0.8352000117301940918 -0.81871336698532104492 -0.81869745254516601562 -0.80954772233963012695 -0.80986350774765014648 -0.80106371641159057617 -0.80401730537414550781 -0.80756753683090209961 -0.80344504117965698242
-0.91875052452087402344 -0.90364348888397216797 -0.8894932866096496582 -0.87591707706451416016 -0.86688965559005737305 -0.87090885639190673828 -0.8790340423583984375 -0.89214468002319335938 -1.0292227268218994141 -1.0198309421539306641 -0.87157714366912841797 -0.58858245611190795898 -0.31153133511543273926 -0.033142827451229095459 0.24668259918689727783 0.19777511060237884521 0.12857611477375030518 -0.19695034623146057129 -0.58483117818832397461 -0.89695250988006591797 -0.89224648475646972656 -0.89905703067779541016 -0.89763623476028442383 -0.89752316474914550781 -0.9010187983512878418 -0.87493997812271118164 -0.87751710414886474609 -0.85687083005905151367 -0.88593345880508422852 -0.86598831415176391602 -0.86242836713790893555 -0.84814435243606567383 -0.82601749897003173828 -0.81357985734939575195 -0.81512820720672607422 -0.80843746662139892578 -0.79224038124084472656 -0.79192054271697998047 -0.8017819523811340332 -0.80537736415863037109
-0.91383194923400878906 -0.90631681680679321289 -0.88055098056793212891 -0.87859594821929931641 -0.86926466226577758789 -0.87138545513153076172 -0.8775303959846496582 -0.87314915657043457031 -0.83469730615615844727 -0.96846508979797363281 -0.94381117820739746094 -0.79991096258163452148 -0.64598047733306884766 -0.37180697917938232422 -0.062734089791774749756 -0.020742680877447128296 -0.18370290100574493408 -0.34698116779327392578 -0.64683127403259277344 -0.78178989887237548828 -0.87687504291534423828 -0.87545168399810791016 -0.87675088644027709961 -0.87519812583923339844 -0.87636053562164306641 -0.88466107845306396484 -0.84821790456771850586 -0.88916099071502685547 -0.88264977931976318359 -0.88510024547576904297 -0.87681996822357177734 -0.85817927122116088867 -0.85163086652755737305 -0.83673721551895141602 -0.82634675502777099609 -0.81664484739303588867 -0.79747802019119262695 -0.8015925288200378418 -0.81176167726516723633 -0.82117670774459838867
-0.91282033920288085938 -0.89705842733383178711 -0.88703227043151855469 -0.87656682729721069336 -0.87125092744827270508 -0.86911284923553466797 -0.85664653778076171875 -0.80654412508010864258 -0.7662079930305480957 -0.69978326559066772461 -0.73101526498794555664 -0.77037256956100463867 -0.69795817136764526367 -0.55857896804809570312 -0.46089133620262145996 -0.41734942793846130371 -0.39850568771362304688 -0.64084953069686889648 -0.75705939531326293945 -0.85378760099411010742 -0.85807716846466064453 -0.84758287668228149414 -0.84395778179168701172 -0.84527707099914550781 -0.87063121795654296875 -0.87717258930206298828 -0.8813431859016418457 -0.88772976398468017578 -0.90185761451721191406 -0.90713584423065185547 -0.89177227020263671875 -0.89864909648895263672 -0.89800608158111572266 -0.89095103740692138672 -0.86240279674530029297 -0.83945500850677490234 -0.83264422416687011719 -0.83426845073699951172 -0.84556883573532104492 -0.85107046365737915039
-0.90936297178268432617 -0.88815021514892578125 -0.87571746110916137695 -0.87147158384323120117 -0.86876624822616577148 -0.85954701900482177734 -0.84888041019439697266 -0.83761358261108398438 -0.77091801166534423828 -0.70419991016387939453 -0.65708762407302856445 -0.67186146974563598633 -0.67494159936904907227 -0.65261638164520263672 -0.73142218589782714844 -0.67889314889907836914 -0.68814146518707275391 -0.75128269195556640625 -0.83780443668365478516 -0.83880203962326049805 -0.84118604660034179688 -0.8380413055419921875 -0.82623600959777832031 -0.84641301631927490234 -0.87726366519927978516 -0.91173940896987915039 -0.90981060266494750977 -0.91857028007507324219 -0.91436219215393066406 -0.91887444257736206055 -0.92439413070678710938 -0.9267285466194152832 -0.93451541662216186523 -0.92567116022109985352 -0.92499136924743652344 -0.89353835582733154297 -0.86382764577865600586 -0.85322290658950805664 -0.88256293535232543945 -0.89791339635848999023
-0.89600765705108642578 -0.87845480442047119141 -0.86207997798919677734 -0.85735756158828735352 -0.85535097122192382812 -0.84479510784149169922 -0.83672833442687988281 -0.82907432317733764648 -0.81121075153350830078 -0.75535315275192260742 -0.73870718479156494141 -0.73252123594284057617 -0.73579454421997070312 -0.73360544443130493164 -0.75161713361740112305 -0.80488401651382446289 -0.83466327190399169922 -0.82998335361480712891 -0.83272725343704223633 -0.83276081085205078125 -0.82972002029418945312 -0.8310248255729675293 -0.84560406208038330078 -0.86950391530990600586 -0.89509040117263793945 -0.91476136445999145508 -0.95418870449066162109 -0.94122165441513061523 -0.92348068952560424805 -0.91049164533615112305 -0.90605771541595458984 -0.92834764719009399414 -0.92559850215911865234 -0.94820809364318847656 -0.94035488367080688477 -0.91231960058212280273 -0.88193279504776000977 -0.87749129533767700195 -0.88790690898895263672 -0.91368460655212402344
-0.87572389841079711914 -0.86274313926696777344 -0.85519433021545410156 -0.84872579574584960938 -0.839984893798828125 -0.83510243892669677734 -0.82524901628494262695 -0.8138281702995300293 -0.80727547407150268555 -0.80045241117477416992 -0.7895094752311706543 -0.78508293628692626953 -0.80648618936538696289 -0.77219665050506591797 -0.7866344451904296875 -0.81401336193084716797 -0.8203258514404296875 -0.82155287265777587891 -0.82461535930633544922 -0.83485627174377441406 -0.8307221531867980957 -0.83550465106964111328 -0.83849412202835083008 -0.86384636163711547852 -0.88744914531707763672 -0.92620837688446044922 -0.92580699920654296875 -0.91707885265350341797 -0.90696072578430175781 -0.87992018461227416992 -0.87660074234008789062 -0.87374466657638549805 -0.91344583034515380859 -0.91934978961944580078 -0.91585057973861694336 -0.89324140548706054688 -0.88310635089874267578 -0.87831032276153564453 -0.88055121898651123047 -0.89666980504989624023
-0.85843539237976074219 -0.84803420305252075195 -0.84122610092163085938 -0.83944857120513916016 -0.83591735363006591797 -0.82427495718002319336 -0.81112700700759887695 -0.80767464637756347656 -0.79935383796691894531 -0.79394775629043579102 -0.78483545780181884766 -0.78897774219512939453 -0.78352791070938110352 -0.79124224185943603516 -0.79617685079574584961 -0.80515313148498535156 -0.81376677751541137695 -0.81961619853973388672 -0.8183072209358215332 -0.82619941234588623047 -0.83388561010360717773 -0.82677006721496582031 -0.82933175563812255859 -0.82345110177993774414 -0.85311740636825561523 -0.86569350957870483398 -0.86925387382507324219 -0.86939853429794311523 -0.86169683933258056641 -0.84166681766510009766 -0.82802474498748779297 -0.84750252962112426758 -0.86021524667739868164 -0.87476825714111328125 -0.86882621049880981445 -0.86643338203430175781 -0.85124528408050537109 -0.85310608148574829102 -0.86237728595733642578 -0.8581759333610534668
-0.85359370708465576172 -0.83714759349822998047 -0.83275604248046875 -0.828350067138671875 -0.82227253913879394531 -0.81328743696212768555 -0.80645036697387695312 -0.79788136482238769531 -0.79451751708984375 -0.77977102994918823242 -0.77809906005859375 -0.76965087652206420898 -0.7746524810791015625 -0.77790391445159912109 -0.78805196285247802734 -0.79876780509948730469 -0.80792832374572753906 -0.81153541803359985352 -0.81376868486404418945 -0.81538343429565429688 -0.81743890047073364258 -0.8201510310173034668 -0.80789792537689208984 -0.80703938007354736328 -0.80611324310302734375 -0.81372535228729248047 -0.81975740194320678711 -0.83074271678924560547 -0.82617777585983276367 -0.82372456789016723633 -0.82377821207046508789 -0.82015144824981689453 -0.82916700839996337891 -0.8315181732177734375 -0.83516341447830200195 -0.82737725973129272461 -0.81441974639892578125 -0.82220250368118286133 -0.83830219507217407227 -0.8168239593505859375
-0.83937406539916992188 -0.82982915639877319336 -0.81869703531265258789 -0.81705683469772338867 -0.8021062016487121582 -0.80013853311538696289 -0.79583710432052612305 -0.78890728950500488281 -0.77776443958282470703 -0.77787768840789794922 -0.76249963045120239258 -0.76301181316375732422 -0.76772791147232055664 -0.77706587314605712891 -0.78580993413925170898 -0.79456305503845214844 -0.79751390218734741211 -0.80006468296051025391 -0.80343073606491088867 -0.80167031288146972656 -0.80451714992523193359 -0.80557370185852050781 -0.80071943998336791992 -0.78808915615081787109 -0.79042351245880126953 -0.79425346851348876953 -0.80154252052307128906 -0.80639946460723876953 -0.80755478143692016602 -0.81805324554443359375 -0.81054091453552246094 -0.81534498929977416992 -0.81573069095611572266 -0.80970489978790283203 -0.80232399702072143555 -0.80323541164398193359 -0.81261527538299560547 -0.81588155031204223633 -0.80641835927963256836 -0.81306445598602294922
