ForecastVariables/NDVI2018_500m/NDVI_Focal_Random3.asc
ncols        529
nrows        344
xllcorner    2700.000000000000
yllcorner    15900.000000000000
cellsize     100.000000000000
[rows 288 to 305 of 344, columns 0 to 39 of 529]
-0.68227845430374145508 -0.90906029939651489258 -1.0036106109619140625 -1.0097192525863647461 -1.0162625312805175781 -1.0079417228698730469 -0.99276077747344970703 -0.97329807281494140625 -0.95438063144683837891 -0.94526654481887817383 -0.93556463718414306641 -0.92853581905364990234 -0.92459762096405029297 -0.91247618198394775391 -0.90449911355972290039 -0.90541255474090576172 -0.90839159488677978516 -0.91033077239990234375 -0.91163194179534912109 -0.90906542539596557617 -0.89814895391464233398 -0.89528304338455200195 -0.89543640613555908203 -0.90243226289749145508 -0.90145170688629150391 -0.89809346199035644531 -0.89724409580230712891 -0.89906954765319824219 -0.89887219667434692383 -0.89142084121704101562 -0.87962383031845092773 -0.825237274169921875 -0.70479536056518554688 -0.63603043556213378906 -0.53753882646560668945 -0.19898584485054016113 0.18086777627468109131 0.54740869998931884766 0.6812610626220703125 0.72340667247772216797
-0.66250663995742797852 -0.8945185542106628418 -0.97091400623321533203 -0.98775964975357055664 -0.99010765552520751953 -0.97610867023468017578 -0.96670264005661010742 -0.96009296178817749023 -0.95197510719299316406 -0.9439442753791809082 -0.93821060657501220703 -0.92814534902572631836 -0.9178187251091003418 -0.90899676084518432617 -0.89964437484741210938 -0.90106087923049926758 -0.90178179740905761719 -0.90462756156921386719 -0.90977418422698974609 -0.9050655364990234375 -0.89834034442901611328 -0.89547753334045410156 -0.89690577983856201172 -0.90207123756408691406 -0.90568864345550537109 -0.90326738357543945312 -0.90083390474319458008 -0.90579867362976074219 -0.90663862228393554688 -0.90191102027893066406 -0.89558470249176025391 -0.88573825359344482422 -0.87332570552825927734 -0.86500132083892822266 -0.85872405767440795898 -0.70251232385635375977 -0.50934123992919921875 -0.44746884703636169434 -0.26937645673751831055 0.0056080613285303115845
-0.65834885835647583008 -0.87872046232223510742 -0.95672905445098876953 -0.96174299716949462891 -0.96399670839309692383 -0.95724380016326904297 -0.94972348213195800781 -0.94905632734298706055 -0.94653648138046264648 -0.94017088413238525391 -0.93487203121185302734 -0.92497777938842773438 -0.91728419065475463867 -0.90671306848526000977 -0.89830642938613891602 -0.89238631725311279297 -0.89649444818496704102 -0.90564012527465820312 -0.90522503852844238281 -0.9036534428596496582 -0.90054070949554443359 -0.89505696296691894531 -0.8933785557746887207 -0.894672393798828125 -0.90175527334213256836 -0.90289598703384399414 -0.89803028106689453125 -0.90570563077926635742 -0.90595203638076782227 -0.90586113929748535156 -0.90137273073196411133 -0.89451372623443603516 -0.88729321956634521484 -0.87664663791656494141 -0.87005895376205444336 -0.8649317622184753418 -0.85497385263442993164 -0.86549961566925048828 -0.77860850095748901367 -0.57069730758666992188
-0.65390253067016601562 -0.8735745549201965332 -0.95236456394195556641 -0.95464348793029785156 -0.95114916563034057617 -0.9529164433479309082 -0.94524288177490234375 -0.94192111492156982422 -0.94363445043563842773 -0.93903571367263793945 -0.92835474014282226562 -0.92184865474700927734 -0.90740376710891723633 -0.90174400806427001953 -0.89467102289199829102 -0.88970184326171875 -0.89587318897247314453 -0.90251338481903076172 -0.90484023094177246094 -0.90156245231628417969 -0.89594179391860961914 -0.89452129602432250977 -0.88973504304885864258 -0.89102083444595336914 -0.89349651336669921875 -0.89753639698028564453 -0.90384644269943237305 -0.90097910165786743164 -0.89953589439392089844 -0.90221929550170898438 -0.90043634176254272461 -0.89629220962524414062 -0.89002460241317749023 -0.87992316484451293945 -0.87861686944961547852 -0.87004840373992919922 -0.86817479133605957031 -0.86585974693298339844 -0.87053656578063964844 -0.87625873088836669922
-0.65201991796493530273 -0.87045592069625854492 -0.94812083244323730469 -0.95024210214614868164 -0.95375704765319824219 -0.94795083999633789062 -0.95041763782501220703 -0.94308704137802124023 -0.93747460842132568359 -0.93015885353088378906 -0.92284905910491943359 -0.91443133354187011719 -0.90379393100738525391 -0.89326202869415283203 -0.88841873407363891602 -0.89128744602203369141 -0.89441716670989990234 -0.89887821674346923828 -0.90177631378173828125 -0.89634269475936889648 -0.89111673831939697266 -0.88511335849761962891 -0.88879859447479248047 -0.89356452226638793945 -0.89754968881607055664 -0.90273237228393554688 -0.90245068073272705078 -0.90219402313232421875 -0.89993494749069213867 -0.9001674652099609375 -0.89651793241500854492 -0.88763284683227539062 -0.88695234060287475586 -0.87365120649337768555 -0.87262743711471557617 -0.87213039398193359375 -0.86921268701553344727 -0.8705971837043762207 -0.8679421544075012207 -0.87498259544372558594
-0.65076148509979248047 -0.86573636531829833984 -0.93718945980072021484 -0.94619661569595336914 -0.95223337411880493164 -0.94710963964462280273 -0.94522672891616821289 -0.94744032621383666992 -0.935466766357421875 -0.92667055130004882812 -0.91601967811584472656 -0.90946227312088012695 -0.90371930599212646484 -0.89473098516464233398 -0.88796466588973999023 -0.89212912321090698242 -0.8974907994270324707 -0.89730978012084960938 -0.89606177806854248047 -0.89528560638427734375 -0.88653540611267089844 -0.88856017589569091797 -0.89137428998947143555 -0.90393173694610595703 -0.90891247987747192383 -0.90729165077209472656 -0.91089206933975219727 -0.9036356806755065918 -0.90479201078414916992 -0.89749729633331298828 -0.89232021570205688477 -0.88917064666748046875 -0.87281090021133422852 -0.87018591165542602539 -0.86666262149810791016 -0.87345182895660400391 -0.87541425228118896484 -0.87313926219940185547 -0.87134474515914916992 -0.86831611394882202148
-0.64506256580352783203 -0.86040031909942626953 -0.93583947420120239258 -0.94039845466613769531 -0.94442296028137207031 -0.9422213435173034668 -0.94367206096649169922 -0.93781542778015136719 -0.93407225608825683594 -0.9243806004524230957 -0.91573548316955566406 -0.9096686244010925293 -0.90452861785888671875 -0.89895218610763549805 -0.89396315813064575195 -0.89641135931015014648 -0.90189480781555175781 -0.90157204866409301758 -0.8997084498405456543 -0.89233678579330444336 -0.89421641826629638672 -0.89356809854507446289 -0.90283131599426269531 -0.91094452142715454102 -0.91902482509613037109 -0.91720908880233764648 -0.91378366947174072266 -0.91221201419830322266 -0.89931404590606689453 -0.90033423900604248047 -0.89832663536071777344 -0.88364493846893310547 -0.87736368179321289062 -0.87800347805023193359 -0.8778527379035949707 -0.87499463558197021484 -0.88109421730041503906 -0.8807913661003112793 -0.87543481588363647461 -0.87232416868209838867
-0.64053654670715332031 -0.85887014865875244141 -0.93611204624176025391 -0.93766504526138305664 -0.93465977907180786133 -0.93737840652465820312 -0.93365359306335449219 -0.93109720945358276367 -0.92600154876708984375 -0.91961872577667236328 -0.91503411531448364258 -0.91061097383499145508 -0.90612608194351196289 -0.90168774127960205078 -0.90381187200546264648 -0.90499460697174072266 -0.9058577418327331543 -0.91324436664581298828 -0.90865933895111083984 -0.90909528732299804688 -0.90343087911605834961 -0.90609520673751831055 -0.91032820940017700195 -0.9187297821044921875 -0.92206513881683349609 -0.92029350996017456055 -0.91664475202560424805 -0.91064929962158203125 -0.90576934814453125 -0.90570151805877685547 -0.90127164125442504883 -0.89899194240570068359 -0.89176738262176513672 -0.89151668548583984375 -0.89234811067581176758 -0.89870637655258178711 -0.89397370815277099609 -0.88813555240631103516 -0.88445574045181274414 -0.88541436195373535156
-0.63753211498260498047 -0.85446161031723022461 -0.93404418230056762695 -0.93882322311401367188 -0.93057978153228759766 -0.92178022861480712891 -0.91980767250061035156 -0.92093104124069213867 -0.92032670974731445312 -0.91492867469787597656 -0.90911304950714111328 -0.90960997343063354492 -0.90979605913162231445 -0.9100272059440612793 -0.90919542312622070312 -0.91227579116821289062 -0.91892874240875244141 -0.91968423128128051758 -0.92480438947677612305 -0.92064559459686279297 -0.91716593503952026367 -0.91430670022964477539 -0.91854089498519897461 -0.9216365814208984375 -0.91873377561569213867 -0.92030084133148193359 -0.91170531511306762695 -0.91246187686920166016 -0.91115820407867431641 -0.90840673446655273438 -0.91019952297210693359 -0.90308594703674316406 -0.91065359115600585938 -0.89503902196884155273 -0.90410536527633666992 -0.90884220600128173828 -0.90186536312103271484 -0.89532876014709472656 -0.89068192243576049805 -0.88393354415893554688
-0.63453847169876098633 -0.85130864381790161133 -0.92537891864776611328 -0.92677873373031616211 -0.92420470714569091797 -0.91588729619979858398 -0.91203850507736206055 -0.90872704982757568359 -0.90875715017318725586 -0.90984159708023071289 -0.90684038400650024414 -0.90686768293380737305 -0.91378486156463623047 -0.91632753610610961914 -0.91665029525756835938 -0.91850274801254272461 -0.92159807682037353516 -0.92596888542175292969 -0.92787772417068481445 -0.93122780323028564453 -0.92599290609359741211 -0.91984462738037109375 -0.91980570554733276367 -0.9165922999382019043 -0.91635620594024658203 -0.91540992259979248047 -0.91814255714416503906 -0.9122397303581237793 -0.91227245330810546875 -0.91162818670272827148 -0.9096317291259765625 -0.91160321235656738281 -0.90786987543106079102 -0.90740680694580078125 -0.90758192539215087891 -0.90520292520523071289 -0.90341210365295410156 -0.89541333913803100586 -0.88472253084182739258 -0.88617277145385742188
-0.63117420673370361328 -0.84462022781372070312 -0.9164524078369140625 -0.91787314414978027344 -0.91428619623184204102 -0.91173279285430908203 -0.91041862964630126953 -0.90842676162719726562 -0.90241026878356933594 -0.90306085348129272461 -0.90882474184036254883 -0.91298544406890869141 -0.91763663291931152344 -0.91992169618606567383 -0.92166274785995483398 -0.92041772603988647461 -0.92211115360260009766 -0.92451184988021850586 -0.92996716499328613281 -0.9310118556022644043 -0.92529165744781494141 -0.92291283607482910156 -0.91379147768020629883 -0.91507071256637573242 -0.91643857955932617188 -0.91426688432693481445 -0.91671252250671386719 -0.91385489702224731445 -0.91211879253387451172 -0.91413080692291259766 -0.91517555713653564453 -0.9076385498046875 -0.91002637147903442383 -0.91343539953231811523 -0.90573018789291381836 -0.90345907211303710938 -0.90519171953201293945 -0.89847230911254882812 -0.88600569963455200195 -0.88306564092636108398
-0.62958854436874389648 -0.83717936277389526367 -0.9098389744758605957 -0.90936559438705444336 -0.90985548496246337891 -0.91078257560729980469 -0.9113178253173828125 -0.90887433290481567383 -0.90566545724868774414 -0.90566772222518920898 -0.9093170166015625 -0.91792839765548706055 -0.92280465364456176758 -0.92573308944702148438 -0.92132753133773803711 -0.9228712916374206543 -0.92021203041076660156 -0.92325925827026367188 -0.9272072911262512207 -0.92869383096694946289 -0.92423295974731445312 -0.91669726371765136719 -0.91852140426635742188 -0.91478180885314941406 -0.91669106483459472656 -0.91272497177124023438 -0.91553568840026855469 -0.91606503725051879883 -0.91334283351898193359 -0.91631263494491577148 -0.91458922624588012695 -0.91446006298065185547 -0.90959364175796508789 -0.90757328271865844727 -0.91001296043395996094 -0.91313964128494262695 -0.90795934200286865234 -0.89953225851058959961 -0.8929462432861328125 -0.89342153072357177734
-0.44420397281646728516 -0.66843485832214355469 -0.85677725076675415039 -0.90202641487121582031 -0.90120673179626464844 -0.90798652172088623047 -0.91168701648712158203 -0.90798115730285644531 -0.90944665670394897461 -0.91141998767852783203 -0.91227966547012329102 -0.92013406753540039062 -0.92967927455902099609 -0.92859858274459838867 -0.92583024501800537109 -0.9197063446044921875 -0.92303502559661865234 -0.9232756495475769043 -0.92864513397216796875 -0.92803156375885009766 -0.92117148637771606445 -0.920017242431640625 -0.91723573207855224609 -0.91783720254898071289 -0.91129392385482788086 -0.91945350170135498047 -0.91411268711090087891 -0.91477161645889282227 -0.91755974292755126953 -0.91509419679641723633 -0.91589182615280151367 -0.91557127237319946289 -0.91776371002197265625 -0.91105705499649047852 -0.9128538966178894043 -0.92029553651809692383 -0.91602873802185058594 -0.90641438961029052734 -0.90441781282424926758 -0.89502060413360595703
-0.27767249941825866699 -0.43317705392837524414 -0.69056606292724609375 -0.84270191192626953125 -0.89704871177673339844 -0.90626829862594604492 -0.91342657804489135742 -0.9158146977424621582 -0.91196542978286743164 -0.91401886940002441406 -0.92067378759384155273 -0.9272988438606262207 -0.93205219507217407227 -0.93209600448608398438 -0.92830920219421386719 -0.92474377155303955078 -0.92246091365814208984 -0.92835021018981933594 -0.93010997772216796875 -0.9293143153190612793 -0.9258664250373840332 -0.92109650373458862305 -0.92360645532608032227 -0.91704404354095458984 -0.918148040771484375 -0.91453409194946289062 -0.91646420955657958984 -0.91434508562088012695 -0.91693830490112304688 -0.91718506813049316406 -0.91689991950988769531 -0.91878455877304077148 -0.92176496982574462891 -0.91900438070297241211 -0.91851603984832763672 -0.91658705472946166992 -0.91866040229797363281 -0.91787034273147583008 -0.90647357702255249023 -0.90160757303237915039
-0.23442836105823516846 -0.4433873295783996582 -0.49688905477523803711 -0.68658185005187988281 -0.8569488525390625 -0.91400194168090820312 -0.92091548442840576172 -0.92359066009521484375 -0.91947889328002929688 -0.92640006542205810547 -0.93140184879302978516 -0.93550634384155273438 -0.93645757436752319336 -0.93706113100051879883 -0.9339504241943359375 -0.92743694782257080078 -0.92735660076141357422 -0.92750275135040283203 -0.93406087160110473633 -0.93242967128753662109 -0.93121802806854248047 -0.9312731623649597168 -0.92713940143585205078 -0.92696768045425415039 -0.91893166303634643555 -0.91754013299942016602 -0.92020070552825927734 -0.91815608739852905273 -0.91662675142288208008 -0.92027121782302856445 -0.92471432685852050781 -0.9242007136344909668 -0.92363059520721435547 -0.92167603969573974609 -0.92028164863586425781 -0.92033553123474121094 -0.92059284448623657227 -0.91500163078308105469 -0.91336613893508911133 -0.90575921535491943359
-0.29577693343162536621 -0.45325431227684020996 -0.70228594541549682617 -0.87713986635208129883 -0.92379474639892578125 -0.92374438047409057617 -0.93306535482406616211 -0.93505460023880004883 -0.93892210721969604492 -0.94116163253784179688 -0.94449651241302490234 -0.94596374034881591797 -0.94994324445724487305 -0.94603592157363891602 -0.93843901157379150391 -0.93793123960494995117 -0.93043804168701171875 -0.93690377473831176758 -0.9337984919548034668 -0.93964999914169311523 -0.93683898448944091797 -0.93628072738647460938 -0.93348145484924316406 -0.93047338724136352539 -0.92937546968460083008 -0.92370897531509399414 -0.92279386520385742188 -0.92141455411911010742 -0.92300188541412353516 -0.92549890279769897461 -0.92482984066009521484 -0.92885565757751464844 -0.92791187763214111328 -0.92375099658966064453 -0.9212061762809753418 -0.92484486103057861328 -0.9203135371208190918 -0.9187641143798828125 -0.91583484411239624023 -0.91594612598419189453
-0.47116720676422119141 -0.70927459001541137695 -0.90177321434020996094 -0.94514393806457519531 -0.94639599323272705078 -0.95096766948699951172 -0.95217669010162353516 -0.94384920597076416016 -0.9429219365119934082 -0.94912964105606079102 -0.95332509279251098633 -0.96265351772308349609 -0.95912516117095947266 -0.95379400253295898438 -0.95430839061737060547 -0.94564253091812133789 -0.94470840692520141602 -0.94120872020721435547 -0.94427621364593505859 -0.94343835115432739258 -0.9446811676025390625 -0.9412415623664855957 -0.93721330165863037109 -0.93494129180908203125 -0.93290126323699951172 -0.93051409721374511719 -0.92871874570846557617 -0.92654329538345336914 -0.92714166641235351562 -0.92854410409927368164 -0.93166434764862060547 -0.92780339717864990234 -0.92785668373107910156 -0.92491352558135986328 -0.92301553487777709961 -0.92095392942428588867 -0.92166805267333984375 -0.92139840126037597656 -0.92057919502258300781 -0.91758698225021362305
-0.67265456914901733398 -0.89199405908584594727 -0.97288662195205688477 -0.96576410531997680664 -0.97661721706390380859 -0.97425055503845214844 -0.95342820882797241211 -0.95062857866287231445 -0.95301604270935058594 -0.95600545406341552734 -0.96268975734710693359 -0.96051108837127685547 -0.96338611841201782227 -0.96455788612365722656 -0.95965987443923950195 -0.95718264579772949219 -0.95527821779251098633 -0.95722532272338867188 -0.95037114620208740234 -0.95273447036743164062 -0.94776922464370727539 -0.94662839174270629883 -0.94225001335144042969 -0.93516802787780761719 -0.93524366617202758789 -0.93846666812896728516 -0.9330304265022277832 -0.93199336528778076172 -0.9278824925422668457 -0.93372362852096557617 -0.93430113792419433594 -0.93030595779418945312 -0.92897152900695800781 -0.92694514989852905273 -0.92361950874328613281 -0.92487096786499023438 -0.92224550247192382812 -0.91975349187850952148 -0.92059731483459472656 -0.92144787311553955078
