ForecastVariables/BuildingFootprint_Mean_500m/BuildingFootprintMean_Focal_Random1.asc
ncols        529
nrows        344
xllcorner    2700.000000000000
yllcorner    15900.000000000000
cellsize     100.000000000000
NODATA_value  nan
[rows 23 to 45 of 344, columns 156 to 207 of 529]
nan nan nan nan nan nan nan nan nan nan nan nan nan nan nan nan nan nan nan nan nan nan nan nan nan 323.750457763671875 323.750457763671875 462.76953125 561.8226318359375 1278.9149169921875 1293.3944091796875 877.1920166015625 nan nan nan 526.2645263671875 1952.568359375 5647.6787109375 6911.49755859375 12186.033203125 13561.419921875 12936.8427734375 12837.2099609375 12048.54296875 12744.1611328125 11174.2275390625 11636.5634765625 14704.26171875 17609.00390625 21687.337890625 18380.3984375 12212.052734375
nan nan nan nan nan nan nan nan nan nan nan nan nan nan nan nan nan nan nan nan nan nan nan nan 502.920379638671875 1851.220703125 2095.704345703125 885.5731201171875 2082.43310546875 2469.000244140625 3641.453125 2145.75732421875 877.1920166015625 nan nan 458.602935791015625 3589.8408203125 5935.20849609375 8433.201171875 9733.1083984375 12575.24609375 14518.2646484375 12317.5771484375 10981.361328125 10435.044921875 12355.57421875 13338.9814453125 15860.8916015625 17664.388671875 19113.439453125 17120.595703125 16130.7666015625
nan nan nan nan nan nan nan nan nan nan nan nan nan nan nan nan nan nan nan nan nan nan nan 2960.580322265625 9335.373046875 9752.541015625 8882.259765625 5241.82080078125 4246.576171875 5255.76416015625 4417.2939453125 4287.99951171875 3103.529296875 975.35540771484375 nan 2767.2197265625 3040.409912109375 5207.87548828125 9695.478515625 10424.765625 10234.73046875 9945.56640625 11185.166015625 9206.716796875 9608.453125 9631.2587890625 10901.267578125 14766.453125 17413.447265625 15694.1845703125 17400.921875 12688.0380859375
nan nan nan nan nan nan nan nan nan nan nan nan nan nan nan nan nan nan nan nan nan nan 2960.580322265625 18415.94921875 26243.8828125 25771.91015625 19011.740234375 14096.6923828125 8409.5869140625 6776.77392578125 7444.232421875 6073.4541015625 4929.1689453125 3533.504638671875 1877.78271484375 2128.03466796875 4331.50537109375 6068.24462890625 8790.4365234375 9325.5244140625 7835.138671875 9113.2021484375 7341.86865234375 7554.8876953125 6770.47705078125 9936.533203125 7719.2138671875 8130.884765625 14029.326171875 17842.060546875 13047.23046875 7386.12353515625
nan nan nan nan nan nan nan nan nan nan nan nan nan nan nan nan nan nan nan nan nan 2781.410400390625 16709.310546875 29873.212890625 40789.06640625 41340.88671875 34354.90625 24662.951171875 13728.94921875 11005.6484375 9893.466796875 8418.419921875 8405.017578125 7333.2587890625 6696.2958984375 5227.3896484375 13236.921875 6912.876953125 5895.63134765625 7968.50439453125 9342.3994140625 9063.48828125 7927.384765625 6865.5947265625 7555.43994140625 9615.8515625 8031.83935546875 8812.0732421875 7841.0947265625 13593.9677734375 10539.416015625 9459.36328125
nan nan nan nan nan nan nan nan nan nan nan nan nan nan nan nan nan nan nan nan nan 6299.1669921875 15976.095703125 28166.162109375 39575.55078125 47385.7421875 37447.3203125 23614.484375 15401.17578125 9876.650390625 9394.45703125 11745.880859375 10808.1875 10139.91796875 9869.244140625 16348.6376953125 14608.8134765625 14770.5712890625 5489.458984375 6239.74267578125 7679.859375 9716.87890625 10879.453125 10607.865234375 11331.376953125 12633.4482421875 11090.1796875 9471.6240234375 9176.783203125 10756.052734375 9322.5283203125 9390.5126953125
nan nan nan nan nan nan nan nan nan nan nan nan nan nan nan nan nan nan nan nan nan 490.569854736328125 7954.3046875 20632.974609375 32286.478515625 30133.029296875 25459.12890625 18578.29296875 14857.037109375 11172.068359375 9098.1953125 9875.3115234375 12224.455078125 12215.6982421875 19389.896484375 17426.390625 16643.20703125 14211.3720703125 13598.0595703125 5392.10302734375 7470.29736328125 8508.0302734375 11193.3564453125 17416.375 16573.560546875 16816.68359375 14532.7705078125 8929.7919921875 11074.0634765625 11212.4697265625 10081.537109375 8185.99609375
nan nan nan nan nan nan nan nan nan nan nan nan nan nan nan nan nan nan nan nan nan nan 1142.5572509765625 9857.77734375 13541.8759765625 13849.9814453125 15006.83984375 12511.66015625 10948.767578125 8650.404296875 8586.3193359375 9790.5009765625 10524.9990234375 12166.47265625 9953.6162109375 19898.923828125 19398.265625 14817.2939453125 6599.57470703125 6503.80126953125 6853.845703125 10057.3701171875 14350.7548828125 17768.482421875 19614.275390625 16025.4970703125 14812.900390625 13852.810546875 11912.4931640625 10864.71484375 10679.369140625 8908.814453125
nan nan nan nan nan nan nan nan nan nan nan nan nan nan nan nan nan nan nan nan nan nan nan 1142.5572509765625 3068.040283203125 6876.4052734375 6081.0498046875 8316.8447265625 6444.60791015625 7300.7099609375 7157.619140625 7823.1259765625 11358.15234375 9595.31640625 11024.412109375 10784.5078125 16715.626953125 12169.0107421875 10190.7265625 7911.0498046875 7905.9951171875 12746.1982421875 14485.7490234375 11806.4462890625 15745.080078125 18451.24609375 13416.8701171875 13501.060546875 11202.7509765625 10582.54296875 11046.65625 9858.705078125
nan nan nan nan nan nan nan nan nan nan nan nan nan nan nan nan nan nan nan nan nan nan nan 0.0058904928155243396759 2046.602783203125 3623.231689453125 3142.177001953125 7388.58935546875 5608.89306640625 7221.83251953125 6776.01953125 10215.478515625 9633.2880859375 10422.810546875 8690.6435546875 7898.0810546875 11697.349609375 12371.76953125 10876.5439453125 10946.353515625 10973.63671875 11841.5615234375 12138.8203125 11894.0009765625 11372.978515625 12422.9697265625 12230.484375 12476.6650390625 12731.2783203125 11394.0302734375 9638.251953125 12701.220703125
nan nan nan nan nan nan nan nan nan nan nan nan nan nan nan nan nan nan nan nan nan nan 58.44980621337890625 7220.68359375 5495.17333984375 2547.460693359375 6739.919921875 8349.283203125 9918.919921875 7778.14990234375 9932.63671875 10214.1630859375 12163.927734375 10346.1845703125 8297.3720703125 8537.2392578125 9482.7490234375 10363.1826171875 12275.3720703125 12472.3310546875 14486.7431640625 11270.330078125 12465.84375 9908.427734375 8337.1865234375 11358.8447265625 11994.845703125 11456.48046875 11891.1513671875 11326.263671875 8395.7587890625 8744.6943359375
nan nan nan nan nan nan nan 758.08544921875 2283.55419921875 nan nan nan nan nan nan nan nan nan nan nan nan 154.7959136962890625 11873.2421875 19985.05078125 15389.2509765625 9407.515625 8625.3623046875 9008.5517578125 12601.5009765625 14562.560546875 12147.90625 12661.0283203125 13269.1484375 14115.66015625 8572.3408203125 7323.31982421875 9297.19140625 8913.783203125 10969.5400390625 12161.8115234375 10478.5400390625 15034.3662109375 10504.0029296875 11349.572265625 7855.13134765625 8391.6005859375 12644.751953125 11254.294921875 10253.5849609375 7947.826171875 8583.3251953125 7900.5595703125
nan nan nan nan nan 355.29205322265625 846.85546875 3381.13525390625 4301.45166015625 2585.00439453125 65.7715911865234375 98.0513458251953125 nan nan nan nan nan nan nan nan 232.8481597900390625 16808.43359375 32671.341796875 35801.8125 25522.537109375 17094.7734375 10982.0322265625 10404.80078125 13169.9755859375 13230.416015625 13020.2880859375 12946.345703125 16007.9267578125 16458.296875 10875.0673828125 7135.5595703125 7553.189453125 8731.4619140625 8382.416015625 8649.09765625 13463.10546875 10817.017578125 15068.87109375 9110.9384765625 11302.267578125 10158.2802734375 10062.2880859375 10440.078125 7459.6962890625 8007.5673828125 8491.28515625 8435.568359375
2039.29248046875 493.281982421875 nan nan 355.29205322265625 7879.84033203125 3975.969482421875 5541.7939453125 6382.64208984375 5239.09814453125 3743.308349609375 1929.944580078125 804.88653564453125 216.202484130859375 nan nan nan nan nan 935.1339111328125 11305.513671875 30893.8984375 45379.4453125 45484.609375 39855.25 22455.392578125 8071.22802734375 10812.98828125 11470.615234375 11762.9326171875 11778.19140625 15173.53515625 17620.69140625 16298.07421875 13954.3916015625 9521.6845703125 7190.708984375 8745.931640625 6731.509765625 9181.966796875 10665.2265625 16042.103515625 11922.6376953125 12982.8173828125 13840.9814453125 11659.5263671875 9258.10546875 7849.064453125 9316.345703125 8439.755859375 7884.6171875 8427.6259765625
4285.11083984375 5043.150390625 1867.5904541015625 374.41046142578125 7122.0947265625 8874.568359375 10909.1533203125 7789.552734375 9140.17578125 8322.8525390625 5881.49365234375 4877.34375 3872.53564453125 1458.096435546875 1072.0108642578125 11.17577362060546875 nan nan 5044.17431640625 6064.08203125 15985.2119140625 31496.740234375 45044.453125 57197.3828125 38595.87109375 17064.025390625 5689.1416015625 7192.31103515625 8059.3232421875 10328.9736328125 10005.501953125 13666.185546875 14395.8515625 15384.6494140625 14589.1513671875 10582.634765625 8445.6884765625 8740.142578125 9232.15234375 9081.25390625 13989.8642578125 12721.333984375 17098.9609375 16047.4296875 15118.5810546875 14950.810546875 9249.8828125 8822.5771484375 8144.7275390625 8206.203125 8702.8251953125 8783.4111328125
9752.29296875 8506.4443359375 6769.4853515625 9623.642578125 12250.0927734375 10336.8896484375 11632.833984375 13785.0205078125 13365.90234375 11609.25390625 10198.380859375 8043.4541015625 7155.12939453125 5491.37255859375 4113.20556640625 2330.788330078125 11.17577362060546875 5189.146484375 6117.26171875 8003.94140625 12461.380859375 26530.990234375 48747.6875 54616.53125 28718.365234375 9018.4580078125 7618.70166015625 5121.4228515625 8459.2236328125 8148.01806640625 9538.3251953125 7724.55224609375 12260.17578125 13412.33203125 10064.296875 9135.7255859375 8754.88671875 9701.8203125 8871.87890625 9811.6826171875 9234.1591796875 13983.484375 18321.822265625 18749.841796875 15028.6201171875 13024.703125 13603.9228515625 9101.734375 8707.013671875 10204.7841796875 9131.142578125 8797.19140625
15198.650390625 12924.654296875 9221.7001953125 11616.380859375 17647.642578125 14723.32421875 11745.5927734375 9871.80078125 12597.4091796875 14283.0556640625 13234.5888671875 12521.1240234375 10001.3818359375 12484.986328125 6941.54248046875 4565.908203125 6543.0029296875 6393.8349609375 6860.6162109375 10584.35546875 18590.326171875 32347.4140625 41204.81640625 40474.609375 31572.3515625 19240.56640625 7868.4072265625 6774.26708984375 7103.64501953125 10242.7880859375 8676.337890625 8499.560546875 8014.078125 10495.212890625 7554.38623046875 7967.97265625 13444.537109375 10556.8349609375 8031.40869140625 6613.69091796875 10525.724609375 10839.45703125 12366.51171875 15624.25 17260.978515625 13865.7314453125 10020.650390625 10995.1962890625 11585.3994140625 10256.7802734375 10083.359375 8471.1962890625
18380.787109375 15552.603515625 17000.50390625 13521.091796875 12537.8193359375 19923.83984375 11511.9228515625 8790.41015625 11457.8955078125 14674.4658203125 16819.67578125 14665.0009765625 16120.80078125 14615.8681640625 12200.986328125 6227.42724609375 5367.4501953125 8503.986328125 8545.0927734375 10024.712890625 14930.6943359375 27745.40234375 36203.39453125 34377.65234375 34752.4921875 17815.416015625 8282.810546875 6049.15185546875 9000.134765625 9083.544921875 11370.228515625 9976.783203125 8382.01953125 7560.08447265625 7622.3447265625 11534.0634765625 14459.513671875 14507.9169921875 9074.7216796875 5513.41015625 5455.02001953125 8866.5517578125 10228.29296875 11076.9931640625 14473.5048828125 10291.1533203125 10704.025390625 12470.30078125 12090.564453125 11862.6005859375 9143.375 9154.1689453125
12758.173828125 15059.185546875 14526.26171875 15092.869140625 14833.29296875 13492.5927734375 9259.8642578125 15236.142578125 10776.11328125 15456.23046875 14972.4521484375 17044.994140625 13953.689453125 12461.603515625 12985.03515625 12207.244140625 4803.7177734375 4217.859375 9590.6884765625 15291.0361328125 12989.78515625 19278.818359375 29486.4609375 45249.890625 26350.171875 16441.4921875 8153.890625 9447.3759765625 7106.19287109375 10217.2880859375 12292.59765625 15035.591796875 8549.744140625 8198.3046875 10439.61328125 12809.1953125 15153.5537109375 13972.505859375 12124.0810546875 6913.19580078125 3833.107177734375 4794.06689453125 9502.78515625 9249.986328125 8002.70654296875 9520.55859375 8811.8984375 9225.6826171875 11986.248046875 9617.005859375 10391.0859375 9176.1826171875
9887.896484375 12398.6748046875 10346.5693359375 12269.3310546875 14668.4970703125 10198.76171875 18631.90625 24060.705078125 19287.8125 11509.6396484375 12195.634765625 9651.9130859375 11988.5654296875 10698.2109375 11188.3779296875 6073.09765625 4603.34619140625 8550.943359375 13245.4423828125 14330.4296875 17619.81640625 17522.98828125 36288.7109375 37274.6953125 27360.306640625 16514.685546875 15808.9228515625 7209.296875 8525.056640625 10041.255859375 15202.017578125 18986.23046875 14577.3681640625 8594.4287109375 8082.568359375 11532.56640625 13507.1171875 13962.998046875 7499.3896484375 5181.12255859375 5528.4150390625 6498.39990234375 5798.87158203125 7191.76318359375 6844.94384765625 6058.7158203125 6679.91015625 8824.1650390625 8845.2119140625 10099.7958984375 8486.259765625 9371.8388671875
6965.64697265625 11107.2275390625 11062.4326171875 8914.4736328125 11081.8701171875 20465.123046875 33943.3515625 28149.4453125 26457.73828125 19085.591796875 11231.7646484375 6982.90966796875 4141.98193359375 8313.197265625 5804.2021484375 5172.5966796875 8381.7763671875 13639.609375 14598.826171875 14850.7978515625 15907.9580078125 31880.0078125 33470.515625 32402.18359375 26670.19921875 23394.380859375 9282.96875 9576.103515625 8344.662109375 13517.2626953125 18813.982421875 20177.759765625 19767.59765625 12983.2255859375 8588.1025390625 9319.271484375 10635.5947265625 9360.4345703125 6701.97998046875 5523.34130859375 6034.015625 5671.3330078125 6532.57861328125 6349.32373046875 5004.640625 4724.70947265625 5738.37939453125 7204.619140625 8883.7255859375 8139.11572265625 8376.001953125 9180.0283203125
6247.4375 8858.904296875 10203.1220703125 9899.4638671875 11508.8544921875 28482.6171875 35659.69140625 34631.640625 30381.810546875 21415.197265625 11948.091796875 6250.49658203125 1958.8775634765625 2922.182373046875 4608.95947265625 8328.3095703125 7852.78173828125 8140.330078125 18303.095703125 24881.181640625 27317.8671875 21807.65625 27155.88671875 30210.201171875 29027.25390625 9540.4248046875 7763.5107421875 7855.00390625 9011.5546875 13212.435546875 19607.296875 20177.896484375 17732.830078125 14215.6630859375 9623.525390625 8132.08056640625 7822.6875 6925.69140625 5978.0927734375 6364.70458984375 5038.4482421875 6024.97314453125 6966.3134765625 8321.9541015625 6057.6865234375 5075.6708984375 6307.7880859375 7604.95068359375 8558.4052734375 8023.93505859375 8783.4560546875 15630.0849609375
5106.90185546875 9470.0712890625 10456.7314453125 8187.10009765625 13779.255859375 18579.09375 28934.0234375 36778.59765625 25760.05078125 12584.6806640625 9560.1376953125 6400.00146484375 2627.16748046875 1428.348876953125 3029.06298828125 3084.9775390625 4933.05224609375 10773.568359375 22091.263671875 36483.98046875 28931.6875 22592.7578125 19232.154296875 27543.4609375 14212.931640625 5246.66162109375 4377.21923828125 6816.74658203125 6680.5615234375 8088.85009765625 14581.908203125 18313.9453125 13776.4033203125 9222.8515625 7055.9912109375 6352.3271484375 6985.82421875 5782.29931640625 5799.99853515625 5495.47265625 7008.3232421875 7015.93896484375 10696.265625 8695.1796875 8917.333984375 6552.53955078125 6055.095703125 7707.82958984375 7722.66796875 10963.9267578125 8716.892578125 9661.845703125
