ForecastVariables/BuildingFootprint_Mean_500m/BuildingFootprintMean_Focal_Random4.asc
ncols        529
nrows        344
xllcorner    2700.000000000000
yllcorner    15900.000000000000
cellsize     100.000000000000
NODATA_value  nan
[rows 23 to 45 of 344, columns 156 to 207 of 529]
nan nan nan nan nan nan nan nan nan nan nan nan nan nan nan nan nan nan nan nan nan nan nan nan nan 323.750457763671875 323.750457763671875 462.76953125 561.8226318359375 1278.9149169921875 1293.3944091796875 877.1920166015625 nan nan nan 844.78564453125 2371.635498046875 4515.8115234375 4948.5556640625 6121.29150390625 7616.5966796875 6398.5361328125 9236.5146484375 10247.8701171875 14437.0087890625 16515.650390625 16169.77734375 15463.5322265625 14779.8876953125 14867.20703125 13298.427734375 9767.1162109375
nan nan nan nan nan nan nan nan nan nan nan nan nan nan nan nan nan nan nan nan nan nan nan nan 502.920379638671875 1851.220703125 2095.704345703125 885.5731201171875 2082.43310546875 2469.000244140625 3641.453125 2145.75732421875 877.1920166015625 nan nan 452.634552001953125 1931.476806640625 3699.55810546875 5732.2744140625 8252.142578125 6769.884765625 7379.95849609375 7740.30029296875 9672.3837890625 16022.4052734375 13078.5595703125 15514.6669921875 13177.939453125 14054.7451171875 13087.0283203125 12203.7080078125 8848.9814453125
nan nan nan nan nan nan nan nan nan nan nan nan nan nan nan nan nan nan nan nan nan nan nan 2960.580322265625 9335.373046875 9752.541015625 8882.259765625 5241.82080078125 3090.31982421875 5976.02392578125 4417.2939453125 4287.99951171875 3103.529296875 975.35540771484375 nan 1152.3006591796875 1547.667236328125 3867.95703125 6056.31884765625 6042.63818359375 7933.06396484375 9198.44140625 9659.56640625 9547.841796875 10673.7998046875 14602.2431640625 13986.791015625 13268.4423828125 11511.541015625 16071.7353515625 11090.7119140625 11113.794921875
nan nan nan nan nan nan nan nan nan nan nan nan nan nan nan nan nan nan nan nan nan nan 2960.580322265625 18415.94921875 26243.8828125 25771.91015625 19011.740234375 12940.435546875 7973.59033203125 8404.1611328125 8164.4921875 6073.4541015625 4929.1689453125 3533.504638671875 1877.78271484375 2199.867431640625 2940.9140625 2751.420166015625 4672.2001953125 7357.990234375 7152.23876953125 8521.630859375 8504.26953125 9527.083984375 10839.3154296875 11450.5048828125 12878.6201171875 10142.2763671875 13598.7109375 16814.0078125 16397.3203125 10540.009765625
nan nan nan nan nan nan nan nan nan nan nan nan nan nan nan nan nan nan nan nan nan 2781.410400390625 16709.310546875 29873.212890625 40789.06640625 41340.88671875 33198.65234375 24226.955078125 15356.3369140625 12633.0361328125 11520.8544921875 9138.6796875 8405.017578125 7333.2587890625 6696.2958984375 5227.3896484375 11930.7548828125 4711.5205078125 4128.74951171875 5054.861328125 7868.36572265625 8519.927734375 8357.48046875 9524.3994140625 9642.955078125 12107.7822265625 7604.08935546875 13880.392578125 13722.1474609375 16922.9921875 16842.244140625 14204.587890625
nan nan nan nan nan nan nan nan nan nan nan nan nan nan nan nan nan nan nan nan nan 6299.1669921875 15976.095703125 28166.162109375 39575.55078125 47385.7421875 37447.3203125 24521.611328125 17028.5625 11504.0380859375 12178.1005859375 13809.2646484375 10808.1875 10139.91796875 9869.244140625 16348.6376953125 14608.8134765625 13047.177734375 4413.9619140625 4192.220703125 6552.4921875 10007.322265625 10879.453125 9048.482421875 11592.7587890625 13731.4892578125 12564.623046875 9563.2978515625 14198.66015625 13963.240234375 14712.8662109375 13153.876953125
nan nan nan nan nan nan nan nan nan nan nan nan nan nan nan nan nan nan nan nan nan 490.569854736328125 7954.3046875 20632.974609375 32286.478515625 30133.029296875 25459.12890625 18578.29296875 15764.1640625 13955.712890625 11161.5791015625 9875.3115234375 12224.455078125 12215.6982421875 19389.896484375 17426.390625 16643.20703125 14211.3720703125 11802.8330078125 5542.10986328125 6832.11767578125 8508.0302734375 11193.3564453125 17416.375 15051.3935546875 16610.57421875 15860.6005859375 10824.9892578125 11747.8955078125 14481.7275390625 10607.8056640625 10697.15625
nan nan nan nan nan nan nan nan nan nan nan nan nan nan nan nan nan nan nan nan nan nan 1142.5572509765625 9857.77734375 13541.8759765625 13849.9814453125 15006.83984375 12511.66015625 10948.767578125 10713.7890625 8586.3193359375 9790.5009765625 10524.9990234375 12166.47265625 9953.6162109375 19898.923828125 19398.265625 14817.2939453125 6599.57470703125 6086.57373046875 6853.845703125 10057.3701171875 14350.7548828125 17768.482421875 20433.744140625 15842.060546875 16429.646484375 15783.333984375 12289.201171875 12256.5234375 10378.451171875 8908.814453125
nan nan nan nan nan nan nan nan nan nan nan nan nan nan nan nan nan nan nan nan nan nan nan 1142.5572509765625 3068.040283203125 6876.4052734375 6081.0498046875 8316.8447265625 6135.50634765625 6617.53515625 7111.34716796875 7823.1259765625 11358.15234375 9595.31640625 11024.412109375 10784.5078125 16715.626953125 12169.0107421875 10190.7265625 7911.0498046875 7905.9951171875 12746.1982421875 14485.7490234375 12465.306640625 15727.0751953125 19270.712890625 14792.8154296875 14955.236328125 11296.99609375 10582.54296875 11046.65625 9858.705078125
nan nan nan nan nan nan nan nan nan nan nan nan nan nan nan nan nan nan nan nan nan nan nan 0.0058904928155243396759 2046.602783203125 2955.21826171875 3266.19140625 3823.281005859375 4391.8017578125 6102.90771484375 5874.2412109375 10169.20703125 9633.2880859375 10422.810546875 8690.6435546875 7898.0810546875 11697.349609375 12371.76953125 10876.5439453125 10946.353515625 10973.63671875 11841.5615234375 12962.9052734375 12386.376953125 12540.703125 11609.5029296875 13049.951171875 12995.927734375 12731.2783203125 11394.0302734375 9638.251953125 12701.220703125
nan nan nan nan nan nan nan nan nan nan nan nan nan nan nan nan nan nan nan nan nan nan 58.44980621337890625 7220.68359375 4827.15966796875 2640.818359375 3991.007080078125 4545.8564453125 4737.80078125 5616.78173828125 8642.3017578125 9312.3857421875 12117.65625 10346.1845703125 8297.3720703125 8537.2392578125 9482.7490234375 10363.1826171875 12275.3720703125 12472.3310546875 14486.7431640625 12679.599609375 11126.2783203125 11401.81640625 8245.236328125 11326.9580078125 10761.48046875 11702.822265625 11891.1513671875 11326.263671875 8395.7587890625 8744.6943359375
nan nan nan nan nan nan nan 1708.026611328125 1097.3895263671875 nan nan nan nan nan nan nan nan nan nan nan nan 154.7959136962890625 11873.2421875 19317.037109375 15482.6083984375 7605.060546875 6543.5205078125 6552.6630859375 7064.23779296875 8085.37548828125 9420.2646484375 12362.96875 13096.81640625 14115.66015625 8572.3408203125 7323.31982421875 9297.19140625 8913.783203125 10969.5400390625 12161.8115234375 11228.94921875 13672.41015625 10876.5087890625 11223.25390625 6892.53515625 6847.68310546875 11349.0673828125 11068.5537109375 10499.92578125 7947.826171875 8583.3251953125 7900.5595703125
nan nan nan nan nan 1352.5975341796875 2677.1826171875 3572.115478515625 3137.292236328125 1398.83984375 65.7715911865234375 98.0513458251953125 nan nan nan nan nan nan nan nan 232.8481597900390625 16808.43359375 32671.341796875 36439.16796875 26852.2734375 18493.953125 9177.3642578125 8143.3759765625 9857.6728515625 11316.6298828125 10410.0693359375 11253.341796875 16008.84765625 16458.296875 10875.0673828125 7135.5595703125 7553.189453125 8731.4619140625 8382.416015625 9234.283203125 15266.103515625 10615.50390625 13761.708984375 8976.8232421875 9085.8857421875 8484.4228515625 8246.09765625 12312.25390625 8069.416015625 8253.908203125 8491.28515625 8435.568359375
2039.29248046875 493.281982421875 nan nan 1352.5975341796875 5836.8447265625 7107.50146484375 10660.869140625 5196.58837890625 4074.938720703125 2557.143798828125 1929.944580078125 804.88653564453125 216.202484130859375 nan nan nan nan nan 573.49163818359375 11305.513671875 30893.8984375 45379.4453125 45484.609375 39892.17578125 23070.7890625 10551.0859375 8268.064453125 11381.37890625 10946.427734375 11137.1376953125 14088.7646484375 16744.396484375 16298.07421875 13954.3916015625 9521.6845703125 7190.708984375 7652.03564453125 6788.08544921875 12396.9462890625 15022.9169921875 16987.515625 11065.4091796875 10926.2099609375 15030.9072265625 11375.7939453125 11278.0166015625 13718.166015625 12012.5703125 9223.033203125 7884.6171875 8427.6259765625
4285.11083984375 5043.150390625 1867.5904541015625 1371.7159423828125 5290.60986328125 7051.013671875 15270.53125 14519.6962890625 13810.15234375 6186.857421875 4953.5576171875 4877.34375 3872.53564453125 1458.096435546875 1072.0108642578125 11.17577362060546875 nan nan 4422.8515625 6597.9970703125 15622.404296875 28277.361328125 45044.453125 57197.3828125 37848.4296875 17242.66015625 6765.09130859375 9330.9921875 10214.458984375 10397.1552734375 10096.0556640625 14575.857421875 14665.81640625 15384.6494140625 14589.1513671875 10582.634765625 6437.5634765625 8144.201171875 12534.53515625 12603.9580078125 14439.98828125 14526.1455078125 19201.01171875 18187.4296875 17264.28515625 19833.330078125 17882.025390625 16417.310546875 14605.830078125 10322.193359375 8702.8251953125 8783.4111328125
9752.29296875 8506.4443359375 6769.4853515625 5914.4658203125 8001.59130859375 18440.208984375 15202.427734375 16699.994140625 17268.412109375 15207.865234375 9749.283203125 8043.4541015625 7155.12939453125 7113.1845703125 3041.592041015625 2304.361572265625 11.17577362060546875 4567.8232421875 9054.765625 11714.1162109375 13396.3369140625 21426.8203125 47812.5703125 51976.6171875 28860.072265625 9445.126953125 8048.46044921875 6456.1123046875 10788.271484375 10085.236328125 11007.841796875 7654.94287109375 12239.26171875 13412.33203125 10064.296875 7127.6015625 7244.716796875 7755.720703125 9288.4228515625 11619.400390625 12238.880859375 16042.4169921875 17104.1171875 21556.77734375 23119.740234375 25920.216796875 25066.220703125 17353.234375 15675.296875 14258.740234375 9131.142578125 8797.19140625
15198.650390625 12924.654296875 10383.15234375 10178.341796875 15555.9560546875 14691.8017578125 18851.60546875 16434.330078125 17062.62109375 13833.9580078125 13234.5888671875 12521.1240234375 11623.193359375 8766.337890625 7246.69775390625 5482.4775390625 6256.89501953125 9249.25 13754.517578125 17926.412109375 24063.65625 34010.41015625 36509.3671875 37899.1953125 29963.6171875 18317.3515625 11272.8427734375 10079.87890625 9011.80078125 11525.361328125 8590.373046875 8478.646484375 8014.078125 10495.212890625 6640.158203125 7495.1240234375 11441.86328125 8610.736328125 6085.3095703125 8124.130859375 12828.8154296875 11504.076171875 13327.1025390625 22414.013671875 25014.16015625 22500.65625 21679.0703125 22635.984375 16193.8623046875 10043.9013671875 10083.359375 8471.1962890625
18380.787109375 15552.603515625 14721.693359375 15754.11328125 14450.16015625 17832.15234375 14192.271484375 17983.03515625 11008.796875 14674.4658203125 16819.67578125 16286.8125 12402.1533203125 10652.177734375 10764.517578125 8547.1923828125 8503.55859375 14197.2001953125 19105.359375 22279.36328125 27506.576171875 32623.318359375 32688.6953125 31312.0546875 34744.5 18616.66796875 12084.353515625 10505.921875 11292.337890625 9545.189453125 10895.0458984375 9577.4814453125 8382.01953125 7560.08447265625 7622.3447265625 9025.9013671875 12392.73046875 12505.2421875 9136.7470703125 4576.56640625 6566.111328125 8643.9365234375 11957.626953125 14255.708984375 20779.693359375 17589.40234375 16174.8681640625 17869.244140625 12668.1669921875 11862.6005859375 9143.375 9154.1689453125
12758.173828125 15059.185546875 14526.26171875 12814.0595703125 17066.314453125 14243.4814453125 13476.84375 15236.142578125 10776.11328125 15456.23046875 14972.4521484375 12776.1484375 11088.0390625 11051.5615234375 11548.56640625 8705.2333984375 6452.23095703125 10903.689453125 19957.83984375 25416.595703125 23783.85546875 23457.783203125 27436.845703125 41168.03515625 23820.609375 17676.662109375 14192.8427734375 13211.10546875 12010.6806640625 10745.38671875 11166.13671875 14254.6728515625 8549.744140625 8198.3046875 10439.61328125 12809.1953125 12645.3916015625 12819.9501953125 11187.2373046875 8704.9384765625 6965.10791015625 7070.76708984375 12219.005859375 10148.158203125 10403.7744140625 13425.6787109375 10369.7646484375 9803.2841796875 11986.248046875 9617.005859375 10391.0859375 9176.1826171875
9887.896484375 12398.6748046875 10346.5693359375 12269.3310546875 12389.6884765625 13549.140625 18631.90625 24060.705078125 19533.369140625 11978.03125 12554.0751953125 9651.9130859375 8232.33203125 8345.173828125 8156.52490234375 8157.49755859375 8051.65478515625 10054.732421875 15713.994140625 19715.501953125 22148.435546875 18098.81640625 37094.84375 31901.560546875 23435.884765625 19746.375 20525.04296875 13951.1787109375 10324.619140625 11212.6591796875 15615.5546875 13842.8291015625 13767.21875 8594.4287109375 8082.568359375 11532.56640625 13507.1171875 12410.0966796875 8934.908203125 8282.01171875 9383.548828125 10819.4326171875 11081.677734375 9551.7607421875 6844.94384765625 6058.7158203125 7470.39111328125 8824.1650390625 8845.2119140625 10099.7958984375 8486.259765625 9371.8388671875
6965.64697265625 11107.2275390625 11062.4326171875 8914.4736328125 11081.8701171875 20465.123046875 29307.0625 28801.755859375 28490.669921875 20156.939453125 12215.890625 7341.349609375 4141.98193359375 4556.96435546875 6098.19921875 9703.1201171875 10437.7353515625 9606.419921875 11285.0341796875 16784.837890625 18734.2109375 29228.9609375 31906.29296875 29529.5 26766.9609375 23583.505859375 13500.2646484375 12591.095703125 11909.373046875 13096.302734375 13581.5732421875 14337.14453125 13926.98046875 12173.076171875 8588.1025390625 9319.271484375 10635.5947265625 9854.533203125 8674.1240234375 8624.9072265625 10303.189453125 11841.099609375 10311.2158203125 8755.60546875 6594.3310546875 4724.70947265625 5738.37939453125 7204.619140625 8883.7255859375 8139.11572265625 8376.001953125 9180.0283203125
6247.4375 8858.904296875 10203.1220703125 9899.4638671875 11508.8544921875 23846.330078125 31362.318359375 32239.748046875 33197.27734375 24075.626953125 13232.171875 7234.6220703125 2317.31787109375 2922.182373046875 5121.572265625 6751.681640625 7431.1611328125 8464.67578125 15131.3447265625 20236.654296875 24935.3203125 23105.349609375 27039.623046875 28618.22265625 28282.900390625 10680.4560546875 8859.4228515625 10058.5625 9484.4501953125 7980.0263671875 13766.6806640625 14337.279296875 11892.212890625 8375.046875 8813.3759765625 8132.08056640625 7822.6875 7298.65380859375 6824.40625 7665.66015625 8745.138671875 10243.1943359375 9033.541015625 7651.279296875 6624.4951171875 5075.6708984375 6307.7880859375 9254.3369140625 7528.18310546875 8120.73974609375 9284.96875 15630.0849609375
6563.3544921875 6897.97900390625 10456.7314453125 8187.10009765625 9142.9677734375 14036.1630859375 24268.03515625 35241.953125 22961.890625 16195.5087890625 14018.16015625 8686.86328125 2784.46142578125 1428.348876953125 3029.06298828125 3084.9775390625 3356.425048828125 10351.9482421875 20610.087890625 31499.1953125 29429.626953125 24108.349609375 18494.517578125 27543.4609375 14212.931640625 4502.30908203125 6335.79443359375 6071.25732421875 6591.55419921875 8088.85009765625 9551.4423828125 12473.328125 7935.78662109375 8412.7021484375 7055.9912109375 6352.3271484375 6985.82421875 5782.29931640625 7007.61279296875 7219.7314453125 8505.4345703125 7454.6201171875 8787.4443359375 8814.189453125 6432.94091796875 6244.88037109375 7704.482421875 8354.15234375 8905.591796875 7594.83447265625 10326.6513671875 10163.3583984375
