ForecastVariables/BuildingFootprint_Mean_500m/BuildingFootprintMean_Focal_Random2.asc
ncols        529
nrows        344
xllcorner    2700.000000000000
yllcorner    15900.000000000000
cellsize     100.000000000000
NODATA_value  nan
[rows 0 to 22 of 344, columns 208 to 259 of 529]
nan nan nan nan nan nan nan nan nan nan 547.889404296875 751.73876953125 1080.4625244140625 458.711334228515625 99.6569976806640625 968.80078125 1973.949462890625 2356.825439453125 2224.34619140625 6113.7626953125 6274.3505859375 5625.60693359375 6721.52978515625 6379.54052734375 5927.75439453125 5910.6318359375 6110.63671875 4854.00048828125 4335.234375 2249.64794921875 1146.379150390625 486.883209228515625 nan nan nan nan nan nan nan nan nan nan nan nan nan nan nan nan nan nan nan nan
nan nan nan nan nan nan nan nan nan 673.177490234375 1495.9078369140625 2717.77685546875 4345.57568359375 2137.540283203125 2494.123291015625 3176.703125 5092.33740234375 5792.11279296875 9891.13671875 11451.4365234375 12036.5380859375 11618.509765625 10256.2412109375 10234.2626953125 8255.0380859375 8857.37109375 7437.5869140625 6944.9248046875 5693.34228515625 4449.84765625 2205.183837890625 1392.80029296875 486.883209228515625 nan nan nan nan nan nan nan nan nan nan nan nan nan nan nan nan nan nan nan
nan nan nan nan nan nan nan 84.9735565185546875 1896.47509765625 1765.857177734375 3475.79931640625 6300.119140625 6812.9443359375 6800.177734375 6893.81689453125 7324.31005859375 7721.9833984375 13181.685546875 12991.9404296875 13665.0966796875 16693.900390625 15940.4443359375 12088.890625 8423.267578125 8761.560546875 7960.14306640625 8085.365234375 6775.388671875 5923.009765625 4458.3291015625 3185.6435546875 1099.8013916015625 624.6871337890625 246.421142578125 nan nan nan nan 548.6466064453125 441.612548828125 120.1442108154296875 nan nan nan nan nan nan nan nan nan nan nan
nan nan nan nan nan nan 98.07651519775390625 3010.6142578125 3394.483642578125 3450.552001953125 6089.67822265625 8426.388671875 9549.9482421875 12492.8388671875 10995.369140625 10948.3447265625 12558.892578125 12442.1416015625 15502.1806640625 16133.0205078125 16530.587890625 13633.431640625 11410.373046875 9557.8779296875 6588.70751953125 7304.1328125 6787.2841796875 6912.26416015625 4057.407958984375 3405.0703125 1912.1800537109375 1087.69970703125 246.421142578125 nan nan nan nan 2332.39306640625 3942.923828125 1654.7215576171875 1205.3115234375 231.325286865234375 nan 234.216644287109375 nan nan nan nan nan nan nan nan
nan nan nan nan nan 1405.7642822265625 3645.173828125 6885.9775390625 6295.52880859375 7128.64111328125 7158.8798828125 10289.359375 14174.9921875 15220.2890625 14184.9375 14375.572265625 14360.439453125 14490.974609375 13959.6953125 16264.3603515625 13242.359375 13614.642578125 12627.314453125 11903.16015625 9119.224609375 7247.19287109375 7448.03271484375 4990.29736328125 3975.220458984375 1520.3009033203125 926.18524169921875 267.354736328125 628.90838623046875 761.78485107421875 nan nan 2332.39306640625 6792.96044921875 10670.8310546875 14613.802734375 3539.329345703125 4347.54052734375 882.248779296875 901.4041748046875 786.9332275390625 nan nan nan nan nan nan nan
nan nan nan 1633.3529052734375 1361.6319580078125 7815.2177734375 10403.4345703125 10935.8896484375 11140.375 9748.5029296875 11186.2412109375 12711.1171875 16297.263671875 15815.71875 16820.84375 16398.111328125 15547.5849609375 15139.755859375 15189.80078125 12641.806640625 22586.46484375 15147.8046875 19027.892578125 14359.2041015625 13600.9111328125 9737.4462890625 7935.15380859375 6317.15234375 2227.510498046875 966.7108154296875 513.61273193359375 1296.32666015625 2422.44921875 1613.497802734375 761.78485107421875 1783.746337890625 7081.42578125 14384.59375 23090.39453125 24914.947265625 18744.470703125 6592.31298828125 5928.337890625 2822.40576171875 3104.52734375 1513.8951416015625 0.078643120825290679932 541.10894775390625 nan nan nan nan
nan 1788.6727294921875 2731.31689453125 4049.015869140625 7899.25390625 12862.021484375 16203.7978515625 16287.8681640625 15100.2841796875 14419.38671875 12041.056640625 12963.2802734375 15540.08203125 17356.623046875 18744.90625 16024.5556640625 14691.6953125 14502.8271484375 13262.93359375 29170.009765625 22831.611328125 28572.517578125 21229.974609375 24928.6484375 16835.521484375 13260.7841796875 9067.1845703125 6265.28076171875 4255.1845703125 1186.53857421875 2854.2529296875 4679.587890625 3676.63037109375 2645.25390625 1613.497802734375 3106.800048828125 11936.25390625 27045.52734375 29367.326171875 28322.78125 23404.515625 16994.779296875 9371.5107421875 9793.2587890625 5565.369140625 4366.1455078125 2873.24267578125 7778.734375 839.6453857421875 327.280548095703125 nan nan
2192.009033203125 4955.7861328125 14549.8857421875 9771.0048828125 15280.2705078125 16159.0703125 18782.5703125 17885.681640625 17480.59375 17647.015625 14971.109375 12469.6845703125 14927.31640625 19047.873046875 15902.205078125 14402.28515625 12401.810546875 13851.4033203125 26442.5546875 25994.259765625 33490.62890625 34960.95703125 43211.046875 28302.466796875 24723.314453125 21022.619140625 8753.6025390625 6519.84033203125 5811.57861328125 6496.5439453125 7872.41015625 5977.80419921875 5784.27880859375 3703.845458984375 3274.136474609375 5029.32275390625 8985.1201171875 19466.677734375 34792.53515625 25914.908203125 20263.3515625 11699.0185546875 12080.798828125 13200.1015625 13855.2744140625 6609.61669921875 12137.6357421875 10757.3896484375 8404.5517578125 1166.926025390625 327.367156982421875 894.525146484375
4007.944580078125 14461.1572265625 19474.80078125 21016.056640625 17148.015625 18477.0390625 16987.98828125 16561.322265625 16704.1171875 18629.640625 15350.2890625 23224.595703125 18309.05078125 18986.126953125 16809.501953125 13496.599609375 12662.755859375 17059.1640625 17904.888671875 29358.427734375 39642.76953125 64449.296875 42722.07421875 37188.6328125 30208.103515625 24049.556640625 19418.1484375 8358.27734375 7970.28564453125 11932.828125 11195.9033203125 9890.70703125 6692.38427734375 4043.421875 977.93450927734375 3533.135498046875 7873.2958984375 16507.130859375 23741.798828125 28345.46484375 13753.71875 8884.52734375 13941.3505859375 20775.80078125 18991.443359375 19420.814453125 12163.3212890625 11286.8642578125 10357.62890625 7888.89794921875 2030.8670654296875 2530.0234375
13544.11328125 18321.955078125 22236.84375 25161.302734375 23128.109375 20197.6953125 23583.248046875 15666.078125 18498.87109375 19999.759765625 28176.966796875 27302.099609375 25430.6015625 19512.40625 22003.228515625 16011.11328125 10972.3818359375 10347.728515625 20266.3359375 29480.494140625 54239.546875 43427.1328125 52270.1640625 46413.96875 35379.75 21739.498046875 17520.15234375 18702.359375 12192.8779296875 11350.9970703125 12532.60546875 12753.599609375 8778.3916015625 2952.838623046875 1198.408447265625 3297.823974609375 11028.794921875 14998.4541015625 17452.8046875 22708.595703125 19636.015625 17099.11328125 20944.099609375 24451.296875 18074.67578125 18512.6796875 15891.3134765625 10190.7109375 8950.0400390625 3269.016357421875 3481.905029296875 4022.195068359375
9098.3125 18466.34765625 21867.033203125 24850.720703125 18179.599609375 27144.8671875 23279.419921875 23521.361328125 17707.984375 26643.986328125 29256.93359375 25391.279296875 28301.126953125 27943.51953125 22923.875 16627.927734375 9874.12890625 9613.982421875 9837.369140625 26004.291015625 29564.134765625 39177.3515625 38671.92578125 33795.73828125 21625.548828125 17445.123046875 15802.482421875 8299.02734375 11285.55859375 11996.9052734375 13022.4599609375 12961.1640625 6414.65576171875 7767.24609375 3627.003662109375 2076.518310546875 3853.080322265625 14119.5439453125 20002.091796875 18899.9140625 15625.7734375 17787.142578125 22010.9296875 23390.931640625 25496.5625 18434.484375 7098.36181640625 8324.1357421875 2047.1240234375 3070.17236328125 5045.03955078125 4917.40625
11495.2763671875 12684.91015625 25913.15625 16130.4208984375 25908.5859375 25145.95703125 24759.208984375 23911.93359375 28473.6015625 21194.919921875 29365.419921875 25769.673828125 29773.32421875 25452.509765625 19403.083984375 18300.521484375 11745.7021484375 7815.46142578125 6578.98095703125 6718.03759765625 20023.744140625 24762.03125 26530.0078125 11573.59375 9513.9970703125 16075.8154296875 9157.072265625 7550.41455078125 7540.8193359375 9203.7607421875 12293.673828125 10420.375 12798.232421875 10062.96484375 7530.78125 3932.8525390625 3743.022705078125 4272.74853515625 14325.04296875 13567.8291015625 12213.6728515625 14150.1513671875 12695.6396484375 21081.4609375 24588.234375 14958.318359375 9124.5595703125 5494.92431640625 1077.643310546875 2499.6103515625 4526.59521484375 8808.9482421875
17014.76953125 18325.56640625 18457.255859375 17558.7265625 16391.85546875 24842.615234375 24366.953125 25176.22265625 20082.541015625 33508.16015625 24492.431640625 30894.9140625 22344.5078125 24180.1953125 21165.0546875 17591.767578125 13604.216796875 8477.01171875 5490.2119140625 7082.37646484375 5986.39892578125 18336.955078125 11268.9228515625 11428.2431640625 10561.54296875 10532.005859375 10876.1708984375 9349.255859375 7035.40478515625 9264.4990234375 11049.9033203125 13207.1796875 13423.3349609375 10622.0009765625 9844.5771484375 9053.822265625 4755.60302734375 6229.11181640625 5553.0302734375 9363.69140625 9505.3681640625 3542.640625 11365.5205078125 14802.021484375 16068.4140625 12116.7470703125 11103.5205078125 5278.984375 1228.75390625 2413.45751953125 4407.73095703125 6353.7177734375
20732.99609375 22913.05859375 19820.291015625 15584.6796875 16619.021484375 12923.435546875 26187.359375 19190.916015625 32476.673828125 33090.63671875 31194.62109375 23952.548828125 22350.28125 21622.212890625 22029.158203125 16153.998046875 12638.4296875 10547.2119140625 6232.03076171875 7624.8828125 8776.228515625 10100.06640625 12046.2802734375 11438.98828125 14450.55859375 13695.435546875 11974.064453125 12525.166015625 10380.4404296875 9046.24609375 9280.056640625 12172.2919921875 12580.3525390625 9934.970703125 9492.6474609375 6028.51220703125 7637.34765625 8698.8017578125 7644.40478515625 8727.3486328125 7986.5322265625 4275.9775390625 3574.035888671875 7802.14697265625 8913.8671875 12244.9716796875 6407.8994140625 1428.5394287109375 2816.561767578125 3118.01416015625 4375.57177734375 6935.54638671875
19612.056640625 23441.7421875 20880.990234375 16813.2421875 9524.142578125 14283.1162109375 15233.373046875 31051.783203125 26908.513671875 32346.931640625 28460.3984375 26426.8671875 18028.328125 16022.76953125 17842.1484375 16727.4921875 13762.2861328125 12676.8857421875 11498.568359375 7593.810546875 8582.734375 9523.59375 9939.8154296875 12320.30859375 12104.5859375 12861.8505859375 14232.470703125 13818.09765625 12918.2880859375 10802.033203125 12039.58984375 12745.8701171875 8976.0556640625 9799.1181640625 6678.982421875 8119.93798828125 7655.009765625 8798.1044921875 11177.0634765625 10818.12109375 7932.25146484375 7714.39453125 4165.98828125 3239.233154296875 4395.7529296875 7537.5712890625 3054.766357421875 3970.52783203125 3423.007080078125 4899.28466796875 6616.50732421875 7577.49462890625
28543.611328125 26217.244140625 16153.064453125 9677.6279296875 12393.8642578125 15263.5693359375 19221.888671875 19808.09375 33429.5546875 27560.50390625 26341.841796875 13592.201171875 16334.107421875 14219.43359375 16905.025390625 18851.314453125 15865.46875 13776.6416015625 11883.8095703125 11244.033203125 10187.029296875 10846.5009765625 8509.880859375 8404.41015625 9010.0380859375 11884.1796875 13466.5654296875 10867.9638671875 11466.1005859375 14185.7255859375 13551.1142578125 10865.26953125 8741.501953125 8481.865234375 7208.111328125 7728.74072265625 10067.9365234375 8323.7060546875 10049.81640625 10573.494140625 10858.37890625 9722.765625 6568.15234375 2884.12353515625 3343.741943359375 3696.791015625 6404.16357421875 6609.697265625 4848.41064453125 6159.3203125 8101.81103515625 9184.8193359375
36090.69921875 21864.287109375 15839.6708984375 10424.1669921875 9171.259765625 16959.9765625 20002.15234375 22784.138671875 24630.591796875 26065.44140625 16715.658203125 16055.859375 14639.400390625 16757.830078125 15410.1640625 16390.73828125 15218.7958984375 13200.205078125 12859.7265625 10077.0478515625 12735.1845703125 12035.4658203125 9374.72265625 7748.77880859375 8085.150390625 8470.4267578125 9218.8408203125 9848.0634765625 12611.7783203125 12060.0673828125 11207.53515625 9972.01953125 9229.6748046875 7948.9638671875 6139.205078125 8113.755859375 8277.4892578125 8034.66796875 8134.44384765625 11445.0498046875 11911.4150390625 9789.322265625 6892.45263671875 5914.03173828125 3521.6865234375 5894.46044921875 8214.7353515625 8366.794921875 7721.27001953125 7314.89501953125 6460.1220703125 6628.19677734375
39903.53515625 28197.326171875 20425.08203125 13646.375 13110.4189453125 12057.228515625 17436.203125 20963.0625 20979.30859375 18959.18359375 17627.6328125 15278.8095703125 14704.654296875 16371.77734375 15947.73046875 12095.767578125 13548.0078125 13291.1796875 10823.1484375 14632.1728515625 13092.736328125 17846.326171875 12057.5712890625 12685.8876953125 9011.2109375 8141.69970703125 6667.9072265625 8352.35546875 10973.015625 11909.1767578125 10213.0361328125 8113.48046875 7001.935546875 5083.302734375 8367.2783203125 6900.19384765625 7184.20947265625 8156.794921875 8113.0068359375 8152.15869140625 13136.8427734375 11020.5283203125 9689.2373046875 4056.800537109375 5574.76904296875 8269.1142578125 9292.232421875 9282.318359375 9722.42578125 6317.77978515625 5113.17138671875 5414.23193359375
45391.4609375 37183.671875 26636.126953125 11327.65234375 9425.9765625 13199.345703125 13247.46875 15428.5498046875 15035.115234375 15644.1875 16516.02734375 14394.7607421875 15120.2802734375 13676.0654296875 13069.216796875 12224.3388671875 10853.5166015625 11284.626953125 10877.5361328125 12986.2099609375 19256.05078125 21872.142578125 17754.130859375 12835.8544921875 11164.0869140625 8805.3662109375 8192.1005859375 10234.8564453125 10043.736328125 11052.7216796875 10295.67578125 9286.349609375 5861.26318359375 5950.353515625 6733.49658203125 8534.45703125 7224.9736328125 7253.17578125 7473.953125 9985.5 11032.251953125 12233.0126953125 6886.0966796875 8738.81640625 5523.48193359375 7991.05224609375 8391.638671875 10274.84765625 7938.62109375 4434.71044921875 3234.184326171875 2818.6064453125
48888.50390625 48603.4765625 17077.923828125 7662.72998046875 8743.8232421875 8990.9140625 10252.6337890625 10174.70703125 10600.8447265625 18164.990234375 11044.9658203125 15020.8916015625 14253.9873046875 13217.35546875 13678.54296875 12976.216796875 11208.59765625 13089.419921875 11317.7431640625 15891.298828125 21507.953125 27504.017578125 21501.146484375 16223.3291015625 12119.111328125 11450.6728515625 8511.2041015625 8988.318359375 11419.255859375 10707.314453125 9898.041015625 7599.4267578125 7238.9873046875 6723.5107421875 6907.64013671875 7135.77734375 9926.998046875 7822.17529296875 7950.365234375 8722.171875 12180.23046875 9307.1171875 9888.009765625 6213.5712890625 7278.13671875 6328.12646484375 8550.388671875 6786.33740234375 3852.83154296875 3085.0732421875 1952.679443359375 320.64794921875
39689.44140625 25728.24609375 16168.69140625 9800.5634765625 6918.9990234375 7753.02880859375 7038.95849609375 7715.57470703125 13541.490234375 14845.0224609375 19146.5625 11986.775390625 15812.203125 15132.9599609375 13686.34765625 14470.8388671875 14745.5322265625 12054.1396484375 12010.2763671875 16555.37109375 25240.525390625 25203.333984375 23187.748046875 16268.25 12531.60546875 11248.373046875 9012.7490234375 8401.486328125 10406.7421875 10617.16015625 8452.0927734375 7557.0849609375 7348.0849609375 8415.640625 7268.15771484375 8394.185546875 9387.5322265625 10638.5771484375 8738.783203125 9568.869140625 8403.935546875 10944.818359375 8107.83935546875 8542.1796875 6627.03955078125 6262.6396484375 5029.1845703125 4008.661376953125 2186.20654296875 2159.75341796875 197.0536651611328125 nan
22377.140625 17740.93359375 18714.73828125 13036.6396484375 8105.994140625 7182.83154296875 7048.783203125 11501.9912109375 13491.369140625 17024.041015625 18824.30078125 19651.55078125 14587.716796875 16187.228515625 16791.92578125 15478.7265625 13418.220703125 13555.5009765625 13450.48046875 17559.59765625 22881.765625 24215.947265625 18655.765625 16089.0537109375 11056.5859375 10027.0654296875 9633.041015625 8329.427734375 9230.5107421875 8564.427734375 8402.2001953125 7462.66845703125 7589.47314453125 7179.27783203125 10226.3935546875 11088.271484375 11371.41796875 9764.2724609375 10843.869140625 10451.4375 9046.7177734375 8541.765625 8259.689453125 6272.8935546875 6601.3701171875 4165.87646484375 3618.9716796875 1502.588134765625 1461.800537109375 nan nan nan
18293.06640625 18786.09765625 23947.63671875 9720.1923828125 7110.119140625 10304.4443359375 11697.2998046875 8950.0419921875 15287.0185546875 15767.5615234375 18915.91015625 17922.60546875 17726.431640625 16499.103515625 16774.763671875 15351.4052734375 15017.3662109375 15047.90625 20158.005859375 15181.4130859375 18065.5859375 22573.11328125 16541.46875 11915.0556640625 10021.078125 9706.576171875 9428.5966796875 10184.830078125 7842.58544921875 8983.30859375 7695.97802734375 9272.556640625 7786.1337890625 8182.67724609375 8311.2099609375 9969.5537109375 10587.3955078125 12522.478515625 10579.775390625 11202.6474609375 9382.4716796875 7586.66357421875 6848.1162109375 8094.34326171875 5754.3115234375 4166.08251953125 841.79522705078125 717.04461669921875 nan nan nan nan
