ForecastVariables/BuildingFootprint_Mean_500m/BuildingFootprintMean_Focal_Random1.asc
ncols        529
nrows        344
xllcorner    2700.000000000000
yllcorner    15900.000000000000
cellsize     100.000000000000
NODATA_value  nan
[rows 184 to 206 of 344, columns 312 to 363 of 529]
4297.04150390625 4614.98388671875 4681.8955078125 5629.34814453125 7621.810546875 8361.728515625 7225.44140625 3762.156005859375 3430.88427734375 4137.990234375 5036.4541015625 5515.87548828125 7381.98193359375 7143.51318359375 7114.044921875 7289.1875 6557.1025390625 7931.56787109375 7606.52490234375 9646.154296875 8891.69921875 9379.125 5825.20263671875 5789.958984375 5769.22900390625 8038.45654296875 11468.0703125 11497.0654296875 11188.1796875 8187.80615234375 7231.53173828125 6617.30712890625 7079.201171875 7734.23681640625 8542.1025390625 7104.69970703125 7442.9130859375 5140.96142578125 4535.4990234375 2623.1845703125 2424.75390625 1172.8258056640625 836.530517578125 1020.14166259765625 326.01116943359375 nan 111.8482818603515625 1104.6998291015625 1774.2357177734375 1835.316650390625 841.54376220703125 172.00787353515625
2765.0400390625 3179.409912109375 3017.084228515625 4157.0908203125 3791.038330078125 5930.71728515625 3583.767822265625 3164.466064453125 3277.0595703125 3528.763671875 4293.33984375 5219.31201171875 7196.22119140625 7414.73681640625 6703.306640625 7253.5703125 7472.3642578125 6960.40087890625 8948.5087890625 7801.8623046875 16491.505859375 8569.5986328125 8113.07568359375 6430.4658203125 6376.17236328125 7382.33837890625 7639.5224609375 9903.3857421875 7295.4599609375 7886.35986328125 5560.3798828125 6069.93603515625 5154.25927734375 4923.1171875 4923.732421875 3719.232421875 1311.8526611328125 3465.95166015625 689.292724609375 1188.883056640625 915.5494384765625 967.9793701171875 566.73016357421875 244.7994232177734375 nan nan nan 111.8482818603515625 992.8515625 669.535888671875 172.00787353515625 nan
3527.784423828125 2870.20654296875 3156.7705078125 3346.5869140625 3243.7451171875 2781.489990234375 2868.279541015625 3048.658203125 3184.89794921875 3210.413818359375 4210.78173828125 5184.42626953125 5082.5810546875 7308.921875 6833.21142578125 6665.6474609375 6404.68798828125 6818.63427734375 5290.35302734375 15334.6376953125 15839.287109375 21891.685546875 8644.2431640625 7530.77880859375 7164.640625 6121.61328125 5925.8427734375 5710.09326171875 6181.4365234375 5766.578125 5815.0791015625 3429.921630859375 3609.983154296875 2755.35888671875 2848.4326171875 1212.2330322265625 332.33441162109375 594.84210205078125 401.24920654296875 401.24920654296875 401.24920654296875 321.930755615234375 244.7994232177734375 nan nan nan nan nan nan nan nan nan
3122.395751953125 3597.7294921875 3476.43701171875 3362.72509765625 3267.496337890625 2904.513671875 2634.01123046875 2942.821044921875 3081.372802734375 3369.814208984375 3536.359130859375 4592.220703125 6593.86669921875 5327.80322265625 5958.3623046875 5466.7041015625 6194.1240234375 5820.96728515625 13914.203125 13699.609375 21077.841796875 20491.173828125 21215.67578125 9932.0791015625 5359.861328125 4580.65625 3481.53515625 4583.71142578125 3788.644287109375 4749.24169921875 3356.184814453125 2675.027099609375 1330.4317626953125 2154.394775390625 974.359375 306.798583984375 306.798583984375 nan nan 401.24920654296875 nan nan nan nan nan nan nan nan nan nan nan nan
3833.506103515625 3584.2314453125 3908.984130859375 3602.008056640625 3123.898193359375 2900.12109375 2841.1181640625 2858.370361328125 3341.05078125 3370.406494140625 2997.328369140625 4957.72998046875 7228.89013671875 5960.255859375 4531.19140625 5987.53759765625 4742.37939453125 6788.2744140625 7212.8203125 18405.5234375 17864.896484375 20479.6796875 17611.775390625 12283.666015625 5292.09765625 1941.90625 1651.6143798828125 466.519287109375 2995.156494140625 2395.606689453125 2571.735595703125 932.92431640625 499.029815673828125 606.62957763671875 nan 306.798583984375 nan nan nan nan nan nan nan nan nan nan nan nan nan nan nan nan
3582.00927734375 3644.282470703125 4131.0888671875 3968.487548828125 3319.705078125 2884.497802734375 2789.8779296875 3245.650634765625 3470.47900390625 3500.526611328125 4629.08203125 5777.83984375 7236.123046875 6281.29296875 6281.78955078125 5349.1298828125 7173.625 5255.44775390625 5374.18603515625 4964.8701171875 18558.904296875 16209.3076171875 13950.771484375 7082.38330078125 3640.523193359375 2923.466552734375 14.154108047485351562 nan 452.36517333984375 2049.145263671875 452.36517333984375 432.6123046875 47.946842193603515625 nan nan nan nan nan nan nan nan nan nan nan nan nan nan nan nan nan nan nan
3572.085693359375 4484.876953125 4463.49267578125 4470.5244140625 3374.179443359375 2821.20947265625 3043.377685546875 4085.2109375 4242.25390625 3929.6796875 4748.177734375 6622.81640625 6326.98681640625 7606.3466796875 4682.98388671875 3640.74169921875 4351.90576171875 5807.5498046875 3865.6240234375 3945.98828125 5111.1669921875 10118.5390625 7052.5478515625 6761.81884765625 4969.0244140625 nan nan nan nan 452.36517333984375 nan nan nan nan nan nan nan nan nan nan nan nan nan nan nan nan nan nan nan nan nan nan
3564.099365234375 4136.27978515625 5931.43798828125 4519.49853515625 4308.822265625 3489.023193359375 4054.517822265625 4738.9873046875 4600.64794921875 4095.80029296875 4273.42724609375 4757.6181640625 5506.73828125 3905.243896484375 3813.737060546875 2611.438720703125 2439.834716796875 2036.6707763671875 2584.121826171875 1025.8448486328125 1471.951416015625 3553.898193359375 4249.4951171875 5067.52734375 nan nan nan nan nan nan nan nan nan nan nan nan nan nan nan nan nan nan nan nan nan nan nan nan nan nan nan nan
2365.8369140625 4360.4853515625 5037.7216796875 5602.18603515625 4157.0947265625 4538.30908203125 4564.69287109375 4465.2744140625 4205.439453125 3503.95703125 2323.887451171875 2483.24267578125 3260.720458984375 1878.9893798828125 533.47137451171875 1598.245361328125 296.135284423828125 747.05291748046875 599.85791015625 505.655731201171875 98.503173828125 966.295654296875 2686.105712890625 nan nan nan nan nan nan nan nan nan nan nan nan nan nan nan nan nan nan nan nan nan nan nan nan nan nan nan nan nan
2157.0439453125 2723.6064453125 4312.28662109375 4393.19189453125 4516.62255859375 3427.553466796875 3647.210205078125 3523.446533203125 3219.20654296875 2209.4248046875 1008.5517578125 492.7626953125 1243.35107421875 255.4825286865234375 nan nan 241.397186279296875 nan 505.655731201171875 nan nan 98.503173828125 nan nan nan nan nan nan nan nan nan nan nan nan nan nan nan nan nan nan nan nan nan nan nan nan nan nan nan nan nan nan
nan 1610.1116943359375 1936.5087890625 2567.2509765625 1831.5899658203125 2069.327392578125 1936.882080078125 1925.32568359375 1104.5181884765625 497.416015625 228.1815185546875 130.196197509765625 nan nan nan nan nan nan nan nan nan nan nan nan nan nan nan nan nan nan nan nan nan nan nan nan nan nan nan nan nan nan nan nan nan nan nan nan nan nan nan nan
nan nan 1138.36669921875 259.01800537109375 605.62762451171875 625.20233154296875 664.2169189453125 640.542236328125 112.3407745361328125 nan nan nan nan nan nan nan nan nan nan nan nan nan nan nan nan nan nan nan nan nan nan nan nan nan nan nan nan nan nan nan nan nan nan nan nan nan nan nan nan nan nan nan
nan nan nan nan nan nan nan 80.675537109375 nan nan nan nan nan nan nan nan nan nan nan nan nan nan nan nan nan nan nan nan nan nan nan nan nan nan nan nan nan nan nan nan nan nan nan nan nan nan nan nan nan nan nan nan
nan nan nan nan nan nan nan nan nan nan nan nan nan nan nan nan nan nan nan nan nan nan nan nan nan nan nan nan nan nan nan nan nan nan nan nan nan nan nan nan nan nan nan nan nan nan nan nan nan nan nan nan
nan nan nan nan nan nan nan nan nan nan nan nan nan nan nan nan nan nan nan nan nan nan nan nan nan nan nan nan nan nan nan nan nan nan nan nan nan nan nan nan nan nan nan nan nan nan nan nan nan nan nan nan
nan nan nan nan nan nan nan nan nan nan nan nan nan nan nan nan nan nan nan nan nan nan nan nan nan nan nan nan nan nan nan nan nan nan nan nan nan nan nan nan nan nan nan nan nan nan nan nan nan nan nan nan
nan nan nan nan nan nan nan nan nan nan nan nan nan nan nan nan nan nan nan nan nan nan nan nan nan nan nan nan nan nan nan nan nan nan nan nan nan nan nan nan nan nan nan nan nan nan nan nan nan nan nan nan
nan nan nan nan nan nan nan nan nan nan nan nan nan nan nan nan nan nan nan nan nan nan nan nan nan nan nan nan nan nan nan nan nan nan nan nan nan nan nan nan nan nan nan nan nan nan nan nan nan nan nan nan
nan nan nan nan nan nan nan nan nan nan nan nan nan nan nan nan nan nan nan nan nan nan nan nan nan nan nan nan nan nan nan nan nan nan nan nan nan nan nan nan nan nan nan nan nan nan nan nan nan nan nan nan
nan nan nan nan nan nan nan nan nan nan nan nan nan nan nan nan nan nan nan nan nan nan nan nan nan nan nan nan nan nan nan nan nan nan nan nan nan nan nan nan nan nan nan nan nan nan nan nan nan nan nan nan
nan nan nan nan nan nan nan nan nan nan nan nan nan nan nan nan nan nan nan nan nan nan nan nan nan nan nan nan nan nan nan nan nan nan nan nan nan nan nan nan nan nan nan nan nan nan nan nan nan nan nan nan
nan nan nan nan nan nan nan nan nan nan nan nan nan nan nan nan nan nan nan nan nan nan nan nan nan nan nan nan nan nan nan nan nan nan nan nan nan nan nan nan nan nan nan nan nan nan nan nan nan nan nan nan
nan nan nan nan nan nan nan nan nan nan nan nan nan nan nan nan nan nan nan nan nan nan nan nan nan nan nan nan nan nan nan nan nan nan nan nan nan nan nan nan nan nan nan nan nan nan nan nan nan nan nan nan
