ForecastVariables/BuildingFootprint_Mean_500m/BuildingFootprintMean_Focal_Random4.asc
ncols        529
nrows        344
xllcorner    2700.000000000000
yllcorner    15900.000000000000
cellsize     100.000000000000
NODATA_value  nan
[rows 46 to 68 of 344, columns 260 to 311 of 529]
7108.40869140625 7605.69384765625 12394.431640625 14076.5263671875 9127.4072265625 8776.4306640625 10798.416015625 9366.767578125 11825.4189453125 9146.412109375 9115.2373046875 9833.701171875 10126.033203125 8378.361328125 7164.41455078125 3118.282470703125 1992.513916015625 320.6087646484375 nan nan nan nan nan nan nan nan nan nan nan nan nan nan nan nan nan nan nan nan nan nan nan nan nan nan nan 587.18353271484375 2525.283203125 2485.085693359375 4862.07958984375 4681.77099609375 4670.9365234375 858.627197265625
6126.0146484375 10836.197265625 16878.84375 19189.6484375 16029.8369140625 13390.6806640625 11774.0517578125 11224.8828125 11116.189453125 12357.6591796875 10717.1328125 10586.115234375 11037.9267578125 10112.25390625 8007.8955078125 6577.68798828125 3176.2900390625 1172.8310546875 320.6087646484375 nan nan nan nan nan nan nan nan nan nan nan nan nan nan nan nan nan nan nan nan nan nan nan nan nan 289.2271728515625 2138.92822265625 6240.1552734375 8357.173828125 6120.04833984375 7768.224609375 8045.51171875 7103.673828125
9349.728515625 14809.765625 16266.2216796875 19222.201171875 21170.3125 16016.734375 13127.228515625 13131.056640625 12162.751953125 10071.7470703125 8728.9580078125 9072.8515625 10148.9560546875 9662.33984375 9013.0390625 5808.3642578125 4674.07373046875 2315.799560546875 714.04473876953125 nan nan nan nan nan nan nan nan nan nan nan nan nan nan nan nan nan nan nan nan nan nan nan nan nan 1622.6025390625 4212.0947265625 6664.60107421875 9134.7568359375 11375.8193359375 10545.9794921875 11433.359375 7677.14306640625
6339.318359375 7228.666015625 14432.1279296875 15602.5986328125 13793.044921875 10601.0458984375 10488.3046875 12478.57421875 11630.0712890625 8687.09765625 8457.416015625 10288.4833984375 14511.6494140625 8957.12109375 7392.15185546875 7356.51611328125 5192.40478515625 3269.36572265625 987.09967041015625 nan nan nan nan nan nan nan nan nan nan nan 35.400043487548828125 302.1082763671875 152.561248779296875 nan nan nan nan nan nan nan nan nan nan nan 2220.865478515625 5631.7890625 6677.21630859375 10116.97265625 9842.9716796875 13914.4931640625 13525.2587890625 10763.4912109375
5491.73681640625 3199.338623046875 6826.38037109375 9219.517578125 5817.42333984375 10181.408203125 10010.3505859375 12143.8876953125 11585.5029296875 10249.2509765625 9835.154296875 21866.4140625 21860.150390625 15954.2158203125 8700.703125 6874.9482421875 7051.47509765625 3592.985107421875 1340.0322265625 nan nan nan nan nan nan nan nan nan nan 35.400043487548828125 2133.786376953125 518.81109619140625 454.669525146484375 152.561248779296875 nan nan nan nan nan nan nan nan nan nan 284.456298828125 2776.65673828125 8625.01171875 11013.427734375 10320.5869140625 11273.833984375 13810.0751953125 11994.1953125
14095.994140625 6860.6728515625 2239.38330078125 2630.30859375 5146.03125 7865.8505859375 11638.8359375 12585.4091796875 11444.025390625 12983.9697265625 22800.453125 24597.595703125 25445.107421875 23182.53515625 16753.423828125 9066.525390625 5435.11279296875 2881.68115234375 224.2603759765625 nan nan nan nan nan nan nan nan nan 35.400043487548828125 3617.422607421875 4030.868408203125 2315.089111328125 518.81109619140625 454.669525146484375 152.561248779296875 nan nan nan nan nan nan nan nan nan 97.37311553955078125 4342.26025390625 8595.7607421875 8245.072265625 12007.2392578125 13873.2763671875 13565.1484375 13478.3232421875
14465.9111328125 5367.341796875 4012.054931640625 3269.561279296875 4837.212890625 7473.38623046875 9711.9638671875 11666.1484375 11142.7158203125 13162.6630859375 17086.63671875 24993.017578125 27752.359375 23052.005859375 13649.896484375 7027.1767578125 5479.79931640625 2114.452880859375 1366.998779296875 143.0979156494140625 nan nan nan nan nan nan nan 478.8441162109375 4028.14892578125 9347.4873046875 5374.99853515625 4030.868408203125 2279.689208984375 181.302764892578125 nan nan nan nan nan nan nan nan nan nan 2896.425537109375 6590.779296875 7466.48388671875 10595.8505859375 13548.466796875 16024.5166015625 13898.74609375 11310.44921875
9395.2265625 7670.521484375 5871.25732421875 4311.71875 5000.40234375 9164.2216796875 9741.3271484375 10889.236328125 10799.6787109375 7815.455078125 11091.1318359375 20549.234375 23210.21484375 13055.259765625 7238.64990234375 6768.25341796875 3100.049560546875 1546.7838134765625 314.6612548828125 171.563323974609375 nan nan nan nan nan nan 480.629302978515625 3430.453369140625 12166.00390625 10413.3291015625 9360.5419921875 5339.59814453125 1897.0819091796875 nan nan nan nan nan nan nan nan nan nan 2780.83447265625 6212.75830078125 6420.6220703125 9610.0283203125 13906.08203125 15666.75390625 14040.802734375 16876.23828125 8407.439453125
10076.4619140625 11000.892578125 7397.1455078125 6272.6748046875 8014.95556640625 10220.8818359375 11448.8212890625 10418.8916015625 10619.6435546875 8842.162109375 11239.4150390625 13833.0400390625 14107.7998046875 8791.359375 8179.7197265625 4495.3955078125 3542.57373046875 712.48046875 171.563323974609375 nan nan nan nan nan nan 480.629302978515625 2464.588623046875 10568.9638671875 12174.892578125 12547.751953125 10413.3291015625 6045.2275390625 13.055117607116699219 nan nan nan nan 234.747955322265625 1291.732666015625 720.92681884765625 nan nan 1436.3751220703125 9409.99609375 8970.4765625 8661.607421875 10641.990234375 14655.9296875 12989.0068359375 17910.091796875 14387.19921875 9344.0439453125
10158.0322265625 10737.9677734375 10176.7705078125 8709.1220703125 9232.2412109375 11351.8046875 10835.5986328125 11637.8701171875 9945.4150390625 11153.544921875 10509.7822265625 11305.6650390625 12259.052734375 10312.693359375 5333.970703125 3641.896484375 2002.04248046875 866.90380859375 nan nan nan nan nan nan 1.7851876020431518555 1238.0848388671875 6049.06396484375 8792.0546875 11560.8388671875 11696.048828125 9837.037109375 381.74884033203125 nan nan nan nan 488.37615966796875 1798.1573486328125 3184.889892578125 2777.40478515625 983.632568359375 nan 5519.50390625 10507.634765625 15960.91015625 11670.916015625 12058.79296875 10112.8193359375 17231.701171875 15090.25 10333.521484375 6141.91748046875
9812.228515625 12170.6806640625 8853.1455078125 7151.51171875 9504.7041015625 11741.9794921875 10991.3876953125 8931.3564453125 7950.39404296875 8359.4873046875 10351.7373046875 11766.5634765625 10199.79296875 8057.75439453125 5123.07373046875 2806.51318359375 884.287109375 nan nan nan nan nan nan nan 516.5611572265625 2645.230224609375 5279.11376953125 9648.07421875 8311.42578125 9612.236328125 1004.92987060546875 nan nan nan nan 488.37615966796875 3796.884765625 7839.26123046875 4382.8857421875 7463.38671875 3267.091552734375 9921.587890625 8456.9765625 12110.001953125 16590.1484375 20643.2578125 13891.3525390625 13030.66796875 12065.4609375 13204.583984375 8052.88671875 4579.8359375
10745.3232421875 10262.1484375 11959.962890625 8511.3515625 8732.263671875 10572.1845703125 9496.814453125 7111.94921875 6463.9267578125 6445.37841796875 9392.4501953125 9973.15625 10502.6513671875 6131.18701171875 5121.5048828125 1035.3828125 nan nan nan nan nan nan nan 0.5748494267463684082 1246.6065673828125 5485.32373046875 9766.7265625 9835.7353515625 7931.72021484375 1994.756103515625 nan nan nan nan 253.628204345703125 9685.21484375 9187.763671875 10312.9541015625 13382.7421875 7978.26513671875 11156.91796875 6238.24609375 11880.1591796875 13497.638671875 18204.75390625 15267.2412109375 13414.28515625 15835.4033203125 12004.0849609375 6967.8076171875 6313.63037109375 983.395263671875
9590.9814453125 12284.5166015625 12979.447265625 13276.029296875 9333.7890625 7899.18017578125 7314.63720703125 5854.408203125 4730.564453125 6357.2080078125 8002.06298828125 11692.0595703125 8650.3173828125 6408.8759765625 2223.31982421875 1768.19921875 nan nan nan nan nan nan 616.9207763671875 2215.699462890625 3966.455810546875 9380.08203125 14763.767578125 11833.8388671875 7718.583984375 1972.947998046875 nan nan nan nan 9873.41796875 15556.0341796875 17897.119140625 15917.1943359375 14757.70703125 16796.837890625 12463.4853515625 9974.08984375 7609.2607421875 14606.2548828125 10804.291015625 11739.767578125 12918.3193359375 12890.388671875 10219.5283203125 5016.18994140625 2098.839599609375 nan
12541.0361328125 13519.34765625 12689.6806640625 10433.7626953125 10579.5625 8367.466796875 5210.17919921875 3734.13037109375 6157.03125 6193.31298828125 8907.6025390625 7211.4150390625 9104.34375 4983.673828125 3474.923095703125 nan nan nan nan nan nan 616.9207763671875 1701.3316650390625 3106.89794921875 6842.1123046875 12178.3115234375 15237.544921875 13001.1748046875 7169.95947265625 2585.458984375 nan nan nan 8128.31884765625 12359.8408203125 14402.8330078125 22787.716796875 21597.685546875 15179.8505859375 14212.9580078125 12797.0498046875 8023.4150390625 6233.35791015625 3570.051513671875 5455.85693359375 7246.53466796875 8466.3388671875 6611.6005859375 5647.00634765625 4658.265625 318.876708984375 nan
8537.4794921875 13040.22265625 11971.001953125 9714.2451171875 7526.9326171875 6395.51220703125 3713.777099609375 3579.989990234375 3905.0361328125 5825.72802734375 5266.71923828125 6530.6884765625 3824.056640625 3642.148193359375 nan nan nan nan nan nan 616.9207763671875 1701.3316650390625 2194.23583984375 2947.889404296875 6121.74267578125 10316.25390625 15789.0009765625 11715.125 4693.94384765625 nan nan nan 713.50830078125 3328.9677734375 15299.287109375 18572.50390625 20411.7421875 14686.7841796875 13157.2392578125 16887.466796875 8408.9814453125 7863.51171875 2714.007568359375 281.1824951171875 2117.283203125 871.517822265625 3801.41064453125 3384.3310546875 3674.8701171875 318.876708984375 nan nan
15615.916015625 9552.6875 10400.3486328125 8755.8994140625 6822.5400390625 5578.64453125 4557.89111328125 2983.338623046875 2399.718017578125 2928.05615234375 4196.1630859375 2162.4921875 1873.948974609375 nan nan nan nan nan nan nan 114.7431793212890625 1224.5679931640625 2277.0927734375 2354.32666015625 3696.624755859375 11256.123046875 12770.84765625 10071.9345703125 1607.5548095703125 nan nan nan 2710.802490234375 6305.5869140625 9416.560546875 21431.734375 12789.337890625 13716.384765625 15100.423828125 11437.966796875 10491.1201171875 6493.033203125 nan nan nan nan nan 2240.549072265625 318.876708984375 nan nan nan
8589.669921875 9413.404296875 10443.4248046875 8865.265625 7545.8603515625 5096.9287109375 3245.314453125 2198.893798828125 1680.131103515625 1384.19873046875 752.6904296875 167.22509765625 nan nan nan nan nan nan nan nan 158.3293609619140625 355.9296875 1307.4251708984375 1784.5001220703125 6209.86962890625 9873.0126953125 11179.3427734375 7144.451171875 4136.662109375 443.4605712890625 nan 575.90533447265625 4997.8720703125 7536.40771484375 14761.5947265625 15031.7197265625 13982.775390625 15161.0625 11715.2646484375 9102.755859375 10042.068359375 3541.11376953125 nan nan nan nan nan nan nan nan nan nan
9483.2705078125 10313.3916015625 11373.552734375 10114.2578125 7184.02685546875 5419.837890625 4150.353515625 822.6932373046875 1260.158447265625 160.2375335693359375 nan nan nan nan nan nan nan nan nan nan nan 158.3293609619140625 355.9296875 2315.106201171875 3665.896728515625 7463.3037109375 8993.6240234375 7705.2021484375 2162.8271484375 nan 575.90533447265625 2825.7939453125 5261.83935546875 14338.931640625 17511.046875 17462.04296875 16359.583984375 10847.666015625 9240.3251953125 9444.4814453125 4115.248046875 nan nan nan nan nan nan nan nan nan nan nan
11798.0263671875 10400.8984375 9554.044921875 10203.96875 10103.056640625 11804.9130859375 4247.32958984375 2459.112060546875 248.6627349853515625 nan nan nan nan nan nan nan nan nan nan nan nan nan 158.3293609619140625 82.8571319580078125 1849.1734619140625 3692.867919921875 7261.74169921875 2272.655517578125 109.82842254638671875 83.19512939453125 1732.605712890625 8122.8330078125 13649.2490234375 15566.95703125 23113.6640625 19037.095703125 18111.1171875 10474.3115234375 6986.11083984375 7491.19384765625 222.686065673828125 nan nan nan nan nan nan nan nan nan nan nan
9365.6640625 9757.8154296875 9288.013671875 9548.1904296875 14694.0537109375 12278.7529296875 9642.9931640625 3150.62646484375 1687.90771484375 nan nan nan nan nan nan nan nan nan nan nan nan nan nan nan nan 1849.1734619140625 1829.19482421875 109.82842254638671875 nan 307.452301025390625 5971.3544921875 12534.6044921875 13865.607421875 17955.2734375 20459.17578125 21113.033203125 12038.4306640625 7391.61279296875 5038.51123046875 306.66558837890625 nan nan nan nan nan nan nan nan nan nan nan nan
5591.78662109375 6453.65478515625 7325.05859375 12061.173828125 11700.9697265625 11539.435546875 9258.20703125 7487.03564453125 838.62823486328125 nan nan nan nan nan nan nan nan nan nan nan nan nan nan 920.75146484375 nan nan 109.82842254638671875 nan nan 4254.1015625 8034.9208984375 10896.568359375 17571.6484375 17928.029296875 17253.541015625 12585.658203125 9643.7138671875 6565.013671875 1130.544677734375 83.979522705078125 83.979522705078125 nan nan nan nan nan nan nan nan nan nan nan
3262.746826171875 1983.7191162109375 2764.1552734375 4132.947265625 8557.9755859375 7912.6240234375 7877.201171875 838.62823486328125 nan nan nan nan nan 44.244503021240234375 nan nan nan nan nan nan nan 880.76226806640625 2666.119384765625 3276.612548828125 920.75146484375 nan nan nan 616.4818115234375 1746.49951171875 6594.748046875 9218.8857421875 11398.7880859375 11689.8369140625 8433.658203125 8038.1875 4655.39306640625 1350.205810546875 83.979522705078125 83.979522705078125 nan nan nan nan nan nan nan nan nan nan nan nan
862.5389404296875 429.62713623046875 588.8797607421875 1441.069091796875 1738.0687255859375 5350.6650390625 838.62823486328125 nan nan nan nan nan 44.244503021240234375 44.244503021240234375 44.244503021240234375 nan nan nan nan nan 1231.68017578125 3755.635498046875 9611.7958984375 7876.0205078125 3276.612548828125 920.75146484375 nan 452.10528564453125 1737.3770751953125 2132.595458984375 2608.57568359375 7014.69580078125 4987.06787109375 3156.0927734375 6106.76025390625 4132.78662109375 1993.1904296875 143.6900482177734375 83.979522705078125 nan nan nan nan nan nan nan nan nan nan nan nan nan
