ForecastVariables/BuildingFootprint_Mean_500m/BuildingFootprintMean_Focal_Random1.asc
ncols        529
nrows        344
xllcorner    2700.000000000000
yllcorner    15900.000000000000
cellsize     100.000000000000
NODATA_value  nan
[rows 184 to 206 of 344, columns 104 to 155 of 529]
8101.07421875 7150.0322265625 9883.607421875 14206.5458984375 22200.953125 19395.7265625 17232.736328125 12795.8525390625 7420.416015625 3679.357666015625 nan nan nan nan nan nan nan nan nan 2372.91845703125 521.04827880859375 1855.4688720703125 6120.88916015625 11390.1494140625 29635.90625 36769.35546875 28040.3984375 22210.25 23180.3984375 9755.2421875 16886.228515625 10738.939453125 6490.48193359375 9932.87109375 23694.607421875 15789.19140625 15928.2705078125 12190.927734375 6062.43212890625 7413.56884765625 20257.5390625 21851.97265625 21446.068359375 25198.52734375 15050.67578125 12706.3193359375 5118.5234375 2927.392333984375 2685.276123046875 1855.5460205078125 1098.2835693359375 929.5670166015625
3451.861083984375 6129.71875 6680.23046875 9780.3505859375 11721.646484375 15626.78515625 17389.576171875 12049.685546875 6994.57421875 1220.9136962890625 nan nan nan nan nan nan nan nan 2372.91845703125 8609.953125 3138.1669921875 784.42474365234375 2353.037841796875 11479.1171875 14014.0859375 26816.072265625 25137.23828125 29093.673828125 22482.7421875 25139.7265625 17682.904296875 12762.0380859375 6838.46728515625 13813.064453125 14205.123046875 17247.9453125 14048.146484375 11064.3291015625 7617.64013671875 13646.291015625 22913.84375 25486.0078125 27246.6875 24984.12109375 22652.9609375 12763.55078125 9210.5791015625 5699.53857421875 3739.986328125 2695.09619140625 2867.678466796875 5652.95458984375
4005.902587890625 2095.72119140625 4649.2998046875 3631.68603515625 6338.94970703125 9995.056640625 10419.291015625 8106.8310546875 1220.9136962890625 nan nan nan nan nan nan nan nan 2372.91845703125 8609.953125 12175.6201171875 9914.953125 3919.773681640625 2066.65625 2605.73583984375 10747.4716796875 14489.5947265625 27624.263671875 17158.5859375 25557.44921875 31394.162109375 21547.337890625 10532.8701171875 15136.76953125 10118.931640625 11505.15234375 13658.1123046875 14833.1904296875 7192.7724609375 13829.5185546875 16182.49609375 17648.765625 28568.869140625 28127.990234375 25496.6015625 18959.91015625 18081.48046875 11285.0224609375 7036.25439453125 4491.47265625 4336.8876953125 6535.3310546875 7251.6328125
2893.710693359375 627.41632080078125 24.9340057373046875 1108.3194580078125 3020.397705078125 4583.9296875 3206.56005859375 1220.9136962890625 nan nan nan nan nan nan nan nan nan 5715.986328125 11654.5712890625 13236.4189453125 15305.228515625 10323.5927734375 5149.259765625 2147.37841796875 750.266845703125 8053.017578125 9931.7333984375 18168.126953125 17147.4296875 22248.162109375 17005.970703125 12658.1416015625 4323.45166015625 8682.5341796875 7586.6923828125 10440.16796875 7417.189453125 6126.236328125 7813.580078125 14106.5947265625 15706.37890625 17636.205078125 20715.140625 22652.072265625 26004.880859375 12611.701171875 10572.6328125 6257.25439453125 3784.94384765625 3338.174560546875 3503.060791015625 7874.75634765625
627.41632080078125 nan nan 24.9340057373046875 936.70587158203125 1112.2569580078125 nan nan nan nan nan nan nan nan nan nan nan 3321.466552734375 9834.8759765625 14520.8037109375 15195.6376953125 11799.8251953125 7032.65185546875 4990.755859375 1884.0018310546875 252.697906494140625 2876.62255859375 5615.13623046875 12373.5732421875 9415.650390625 12553.87890625 3358.42333984375 977.42022705078125 1648.5743408203125 6954.8193359375 1654.5062255859375 1231.6529541015625 5184.13232421875 3832.01025390625 5434.1572265625 11970.5576171875 9934.810546875 14345.333984375 25326.158203125 22288.560546875 18667.53515625 7492.166015625 5624.5419921875 3316.34326171875 2342.072021484375 3096.36181640625 6315.18310546875
nan nan nan nan nan nan nan nan nan nan nan nan nan nan nan nan nan nan 4872.044921875 12366.5517578125 10001.5185546875 8330.533203125 7522.43115234375 5453.6220703125 3190.2939453125 349.072509765625 nan 20.846357345581054688 2695.929443359375 4001.812255859375 3358.42333984375 857.78472900390625 nan 119.635498046875 1509.283935546875 nan 145.2223358154296875 1068.1888427734375 1746.4449462890625 1032.68115234375 3956.2548828125 8520.3271484375 16053.607421875 17236.48046875 18536.11328125 17303.169921875 10585.794921875 3673.898193359375 2098.6484375 1276.3145751953125 2924.212890625 5598.32275390625
nan nan nan nan nan nan nan nan nan nan nan nan nan nan nan nan nan nan nan 4872.044921875 3329.098388671875 5638.42919921875 5200.92431640625 3190.2939453125 349.072509765625 nan nan nan nan 15.373045921325683594 857.78472900390625 nan nan nan nan nan nan nan 72.86244964599609375 nan 781.14337158203125 1122.0142822265625 6301.49755859375 15361.5966796875 12537.416015625 8424.7392578125 3174.4501953125 2236.446533203125 732.9906005859375 1290.6865234375 2207.07373046875 3697.106689453125
nan nan nan nan nan nan nan nan nan nan nan nan nan nan nan nan nan nan nan nan 1550.57861328125 981.0968017578125 2588.5234375 349.072509765625 nan nan nan nan nan nan nan nan nan nan nan nan nan nan nan nan nan 56.624301910400390625 402.541290283203125 5615.0009765625 5953.396484375 944.51806640625 1611.3231201171875 253.973541259765625 630.0390625 1199.4351806640625 1829.942626953125 3775.006103515625
nan nan nan nan nan nan nan nan nan nan nan nan nan nan nan nan nan nan nan nan nan nan nan nan nan nan nan nan nan nan nan nan nan nan nan nan nan nan nan nan nan nan nan nan nan 518.6983642578125 138.9022064208984375 nan 115.07134246826171875 630.0390625 1043.109375 1307.9615478515625
nan nan nan nan nan nan nan nan nan nan nan nan nan nan nan nan nan nan nan nan nan nan nan nan nan nan nan nan nan nan nan nan nan nan nan nan nan nan nan nan nan nan nan nan nan nan nan nan nan 115.07134246826171875 387.3687744140625 312.099761962890625
nan nan nan nan nan nan nan nan nan nan nan nan nan nan nan nan nan nan nan nan nan nan nan nan nan nan nan nan nan nan nan nan nan nan nan nan nan nan nan nan nan nan nan nan nan nan nan nan nan nan nan nan
nan nan nan nan nan nan nan 12.901362419128417969 nan 266.8131103515625 nan nan nan nan nan nan nan nan nan nan nan nan nan nan nan nan nan nan nan nan nan nan nan nan nan nan nan nan nan nan nan nan nan nan nan nan nan nan nan nan nan nan
nan nan nan nan nan nan 12.901362419128417969 1140.296630859375 279.7144775390625 369.53009033203125 266.8131103515625 nan nan 311.451934814453125 nan nan nan nan nan nan nan nan nan nan nan nan nan nan nan nan nan nan nan nan nan nan nan nan nan nan nan nan nan nan nan nan nan nan nan nan nan nan
nan nan nan nan nan 12.901362419128417969 1508.1693115234375 1407.1097412109375 1509.82666015625 382.43145751953125 566.41009521484375 389.216400146484375 311.451934814453125 786.53326416015625 311.451934814453125 nan nan nan nan nan nan nan nan nan nan nan nan nan nan nan nan nan nan nan nan nan nan nan nan nan nan nan nan nan nan nan nan nan nan nan nan nan
nan nan nan nan 261.95953369140625 1654.33642578125 2106.36767578125 1610.8863525390625 1509.82666015625 1693.805419921875 936.6474609375 763.1123046875 908.9365234375 786.53326416015625 1323.8690185546875 311.451934814453125 1140.72412109375 581.6326904296875 151.8917236328125 nan nan nan nan nan nan nan nan nan nan nan nan nan nan nan nan nan nan nan nan nan nan nan nan nan nan nan nan nan nan nan nan nan
nan nan nan 261.95953369140625 788.9007568359375 1387.09912109375 2252.534912109375 2106.36767578125 1794.864990234375 936.6474609375 699.4945068359375 1071.85888671875 1136.077880859375 1687.652587890625 1323.8690185546875 2153.14111328125 1792.6522216796875 2253.409912109375 1471.447265625 151.8917236328125 nan 291.4451904296875 nan nan nan nan nan nan nan nan nan nan nan nan nan nan nan nan nan nan nan nan nan nan nan nan nan nan nan nan nan nan
nan nan 261.95953369140625 421.028045654296875 1019.2264404296875 1387.09912109375 1678.4056396484375 2591.120849609375 1781.257080078125 713.45465087890625 596.7774658203125 597.37872314453125 1654.296142578125 1607.9154052734375 2394.521484375 2329.988037109375 2861.041015625 3061.628173828125 2991.332763671875 1471.447265625 443.3369140625 291.4451904296875 291.4451904296875 nan nan nan nan nan nan nan nan nan nan nan nan nan nan nan nan nan nan nan nan nan nan nan nan nan nan nan nan nan
nan nan nan 261.95953369140625 421.028045654296875 1310.532958984375 1755.0322265625 2240.633544921875 1964.909423828125 1762.270263671875 2631.755615234375 641.8790283203125 284.046356201171875 1266.8033447265625 862.0174560546875 2368.89697265625 2909.736328125 3061.628173828125 1920.904052734375 1560.421142578125 1029.3681640625 291.4451904296875 291.4451904296875 291.4451904296875 230.9636993408203125 nan nan nan nan nan nan nan nan nan nan nan nan nan nan nan nan nan nan nan nan nan nan nan nan nan nan nan
nan nan nan nan 553.26605224609375 788.96112060546875 2240.633544921875 2333.533935546875 2776.382080078125 5208.00244140625 3782.68701171875 2368.681640625 254.386260986328125 254.386260986328125 791.1207275390625 82.70014190673828125 1590.1807861328125 1881.3306884765625 1268.9759521484375 737.92291259765625 291.4451904296875 291.4451904296875 291.4451904296875 230.9636993408203125 567.67645263671875 235.0288238525390625 nan nan nan nan nan nan nan nan nan nan nan nan nan nan nan nan nan nan nan nan nan nan nan nan nan nan
nan nan nan nan nan 368.62451171875 1261.94580078125 2640.0185546875 5285.3203125 4946.734375 4103.42724609375 2632.500244140625 2202.658203125 253.785003662109375 12.404719352722167969 nan 182.6137542724609375 491.4796142578125 850.2412109375 nan nan 291.4451904296875 230.9636993408203125 817.4661865234375 1757.3460693359375 6864.60888671875 235.4190826416015625 nan nan nan nan nan nan nan nan nan nan nan nan nan nan nan nan nan nan nan nan nan nan nan nan nan
nan nan nan nan nan nan 368.62451171875 1750.4676513671875 3108.46923828125 4103.42724609375 3412.32861328125 2969.48046875 169.235504150390625 181.640228271484375 nan 112.318328857421875 112.318328857421875 112.318328857421875 112.318328857421875 112.318328857421875 nan nan 586.50250244140625 3228.16357421875 14798.205078125 9852.0244140625 7286.240234375 541.83062744140625 1786.6939697265625 703.30206298828125 nan nan nan nan nan nan nan nan nan nan nan nan nan nan nan nan nan nan nan nan nan nan
331.036041259765625 1965.2362060546875 1958.495849609375 nan nan nan nan 395.83294677734375 1777.9189453125 1691.8306884765625 2969.48046875 169.235504150390625 169.235504150390625 nan nan nan 112.318328857421875 112.318328857421875 112.318328857421875 nan nan 249.789764404296875 2656.421875 15897.123046875 18143.955078125 17569.63671875 10499.8271484375 9765.0732421875 3635.44970703125 2489.99609375 703.30206298828125 nan nan nan nan nan nan nan nan nan nan nan nan nan nan nan nan nan nan nan nan nan
2296.272216796875 4254.76806640625 4305.294921875 1958.495849609375 nan nan 318.51495361328125 443.355377197265625 593.99468994140625 1373.822998046875 1184.696044921875 716.4427490234375 nan 725.10009765625 nan nan nan 112.318328857421875 nan nan nan 1221.0277099609375 8089.84375 11501.478515625 19591.6875 19090.34765625 18638.974609375 6610.5166015625 5213.25634765625 4322.13134765625 2713.0224609375 749.63360595703125 nan nan nan nan nan nan nan nan nan nan nan nan nan nan nan nan nan nan nan nan
