ForecastVariables/BuildingFootprint_Mean_500m/BuildingFootprintMean_Focal_Random2.asc
ncols        529
nrows        344
xllcorner    2700.000000000000
yllcorner    15900.000000000000
cellsize     100.000000000000
NODATA_value  nan
[rows 207 to 229 of 344, columns 52 to 103 of 529]
nan nan nan nan nan nan nan nan nan nan nan nan nan nan nan nan nan nan nan nan 1898.5196533203125 1227.494140625 5684.58984375 2979.365478515625 3141.776611328125 2376.59521484375 2266.5576171875 515.516357421875 3665.282470703125 1682.244873046875 431.438690185546875 nan nan nan nan nan nan nan nan nan nan nan nan nan nan nan nan nan nan nan 331.036041259765625 2296.272216796875
nan nan nan nan nan nan nan nan nan nan nan nan nan nan nan nan nan nan nan 2436.69970703125 3230.4189453125 8096.32861328125 7257.1513671875 7248.4677734375 5727.6484375 6762.72119140625 6908.771484375 7391.16357421875 5415.69580078125 5392.2880859375 1686.353271484375 431.438690185546875 nan nan nan nan nan nan nan nan nan nan nan nan nan nan nan nan 494.18316650390625 473.030029296875 nan 331.036041259765625
nan nan nan nan nan nan nan nan nan nan nan nan nan nan nan nan nan 441.451995849609375 2691.641357421875 3143.625 9585.712890625 12208.6640625 11856.2255859375 9287.998046875 11870.2451171875 11911.4970703125 14393.2138671875 15979.1796875 9316.2451171875 5903.40625 5376.66845703125 1243.4033203125 4.1083927154541015625 nan nan nan nan nan nan nan nan nan nan nan nan nan nan 494.18316650390625 981.6221923828125 1373.271728515625 473.030029296875 nan
nan nan nan nan nan nan nan nan nan nan nan nan nan nan nan nan 1293.0113525390625 2151.93310546875 3589.99951171875 7672.7490234375 10986.1943359375 16187.767578125 15601.638671875 16387.044921875 11156.0283203125 14005.6982421875 20097.572265625 18185.87890625 15353.50390625 8201.029296875 2238.123779296875 487.71051025390625 nan nan nan nan nan nan nan nan nan nan nan nan nan nan 494.18316650390625 981.6221923828125 1387.6807861328125 1387.6807861328125 1373.271728515625 473.030029296875
nan nan nan nan nan nan nan nan nan nan nan nan nan nan 496.633880615234375 2943.084228515625 2606.5673828125 4007.34521484375 5752.6982421875 10526.037109375 17617.388671875 13124.287109375 16461.423828125 13983.41796875 11986.9541015625 17341.08984375 19921.63671875 15483.2880859375 11276.37890625 7838.02880859375 487.71051025390625 1616.9537353515625 2892.13916015625 nan nan nan nan nan nan nan nan nan nan nan nan nan 14.409022331237792969 914.6507568359375 1387.6807861328125 1387.6807861328125 893.49761962890625 406.05859375
nan nan nan nan nan nan 449.36346435546875 nan nan nan nan nan nan 496.633880615234375 3686.988037109375 4495.93310546875 5721.00244140625 7081.8779296875 7266.806640625 14182.853515625 15144.0224609375 18579.853515625 15936.9580078125 11664.81640625 14853.6845703125 12685.275390625 18289.33984375 13252.962890625 10626.8486328125 5964.76416015625 3775.76025390625 5648.4326171875 8107.05615234375 2979.997314453125 nan nan nan nan nan nan nan nan nan nan nan nan nan 14.409022331237792969 914.6507568359375 893.49761962890625 406.05859375 nan
nan nan nan nan nan 2233.594970703125 4646.640625 634.71051025390625 nan nan nan nan 496.633880615234375 2835.4287109375 4031.41064453125 6652.697265625 8862.6650390625 10473.7529296875 13543.865234375 16048.82421875 17993.134765625 16292.55859375 18431.75390625 14293.767578125 13068.625 17753.720703125 15027.115234375 15140.970703125 7921.037109375 7635.94873046875 10705.919921875 11174.087890625 11774.330078125 8473.896484375 2979.997314453125 nan nan nan nan nan nan nan nan nan nan nan nan nan 14.409022331237792969 406.05859375 nan nan
nan nan nan 2197.2783203125 2379.0283203125 6930.9228515625 9518.6796875 9995.9423828125 1101.05419921875 nan nan nan 688.721923828125 2489.004150390625 5090.54833984375 7438.27001953125 12033.1982421875 12981.6357421875 16306.7490234375 18497.359375 19126.22265625 20083.21875 16120.763671875 15818.6923828125 20670.546875 17612.552734375 18073.228515625 12523.41796875 9011.384765625 6314.7841796875 11277.208984375 14651.6337890625 12053.3125 10436.359375 3964.803955078125 87.85808563232421875 nan nan nan nan nan nan nan nan nan nan nan nan nan nan nan 453.983245849609375
nan nan 2508.355712890625 6983.8642578125 9125.4111328125 12022.7734375 15284.0888671875 16755.69921875 10387.4755859375 1716.628662109375 nan nan 248.92138671875 1015.482421875 3812.4853515625 9593.9775390625 11014.669921875 12482.001953125 18221.197265625 16045.17578125 21512.798828125 14547.751953125 14292.8984375 20352.763671875 18998.154296875 17673.64453125 12366.4423828125 10199.5849609375 6946.38525390625 4922.95263671875 6456.7197265625 9073.3154296875 10436.359375 6404.8798828125 2806.916748046875 278.982635498046875 nan nan nan nan nan nan nan nan 4.0997676849365234375 463.81365966796875 273.83197021484375 nan nan nan 334.324462890625 334.324462890625
nan 2668.52734375 5871.15869140625 12302.9404296875 12705.6025390625 20664.96875 22478.9453125 19118.611328125 12869.6142578125 8634.869140625 2929.80224609375 248.92138671875 380.37554931640625 1140.370849609375 7977.88818359375 10297.703125 17080.609375 16574.224609375 15880.9453125 23985.2421875 15632.5361328125 14790.6064453125 16970.24609375 19733.44140625 12972.12109375 12531.7998046875 18210.130859375 7089.01123046875 217.9862060546875 2877.3037109375 nan 3579.416015625 6317.021484375 2806.916748046875 278.982635498046875 nan nan nan nan nan nan nan nan 4.0997676849365234375 467.913421630859375 934.89013671875 829.36334228515625 273.83197021484375 nan nan nan 334.324462890625
471.249053955078125 3719.0419921875 13047.421875 16166.1435546875 18868.681640625 18727.583984375 27813.21484375 23012.203125 15347.875 8513.326171875 10901.8974609375 3815.605712890625 3174.995361328125 6418.7080078125 11932.52734375 19464.056640625 19881.8671875 21785.025390625 23769.595703125 23568.017578125 22461.974609375 14613.83203125 22631.037109375 17178.646484375 14931.6865234375 12714.3505859375 10507.5205078125 7161.5732421875 3390.37890625 100.02892303466796875 nan nan 2440.075927734375 278.982635498046875 nan nan nan nan nan nan nan nan 4.0997676849365234375 3616.05224609375 4030.60205078125 1929.68408203125 1026.6077880859375 829.36334228515625 273.83197021484375 nan nan nan
551.04345703125 10311.759765625 14754.0556640625 20326.439453125 27742.80859375 31564.494140625 23086.771484375 23757.509765625 19357.22265625 17302.396484375 14607.2607421875 13261.7294921875 11210.6943359375 10843.64453125 15102.990234375 21102.8828125 23245.06640625 26405.51171875 26107.126953125 23885.259765625 20421.521484375 31550.376953125 19311.3984375 15505.203125 15822.9267578125 12141.123046875 7161.5732421875 7161.5732421875 6254.7763671875 2383.55322265625 nan nan 52.904888153076171875 nan nan nan nan nan nan nan nan nan 3148.138916015625 8499.982421875 8176.55908203125 5540.73193359375 1925.5843505859375 558.69439697265625 682.7166748046875 nan nan nan
3649.1943359375 11743.2490234375 19462.6875 24454.51171875 31146.166015625 30601.84375 27525.56640625 21997.482421875 24279.638671875 20429.8125 16819.138671875 16458.828125 13610.427734375 12648.3203125 16335.705078125 21559.068359375 20380.712890625 18583.26171875 22401.623046875 21051.91015625 28116.404296875 16378.4716796875 20116.029296875 14449.0263671875 10151.263671875 3771.1943359375 7061.54443359375 6254.7763671875 2736.238037109375 352.684906005859375 98.55728912353515625 511.4036865234375 279.06671142578125 190.971282958984375 nan nan nan nan nan nan nan 3148.138916015625 8302.73828125 9482.669921875 10195.2509765625 8687.7958984375 5072.81884765625 1585.79296875 1124.214599609375 590.99896240234375 nan nan
8368.5654296875 12206.3212890625 18830.1328125 30972.37890625 23822.966796875 25723.435546875 27069.435546875 23727.408203125 14075.7119140625 21722.970703125 20581.712890625 18109.54296875 10880.208984375 13141.396484375 20220.4921875 16514.412109375 22231.373046875 17782.7890625 16964.84375 21527.923828125 16538.39453125 16325.419921875 12163.962890625 13334.4765625 nan nan 3771.1943359375 2736.238037109375 352.684906005859375 98.55728912353515625 1187.208251953125 1278.6058349609375 1063.18896484375 629.2425537109375 190.971282958984375 nan nan nan nan nan nan 2058.886962890625 5483.88232421875 9094.9296875 9998.005859375 7043.01220703125 2377.985107421875 1639.550537109375 1124.214599609375 1124.214599609375 590.99896240234375 nan
8427.3759765625 12027.1943359375 13459.3779296875 16342.8525390625 20337.53125 17876.8125 20279.712890625 12732.1484375 14930.9697265625 15149.109375 21041.771484375 13724.8203125 12263.359375 15655.908203125 17872.74609375 21975.5078125 19263.421875 15734.20703125 15261.5830078125 13668.8779296875 11863.8623046875 7773.28271484375 9468.34375 422.2142333984375 nan nan nan 352.684906005859375 98.55728912353515625 1134.303466796875 1937.037109375 2306.14892578125 1816.338623046875 1275.29833984375 576.33770751953125 138.0663909912109375 nan nan nan nan nan nan 2058.886962890625 5483.88232421875 5946.791015625 1695.2685546875 1048.551513671875 1124.214599609375 1124.214599609375 1124.214599609375 533.215576171875 nan
5834.013671875 13022.0947265625 10505.7236328125 8077.650390625 10435.31640625 15309.0712890625 8741.310546875 15084.66015625 13377.9404296875 15662.212890625 15584.1728515625 16341.8759765625 16015.5263671875 14237.4697265625 19805.6953125 24347.76953125 20570.93359375 13859.72265625 11359.9560546875 9954.3681640625 6145.6142578125 6190.927734375 1005.89947509765625 179.950775146484375 nan nan nan nan 577.247314453125 1252.37646484375 2023.104736328125 2461.3759765625 2419.701171875 1206.377685546875 537.73291015625 212.1094818115234375 nan nan nan nan nan nan 1103.640869140625 2996.394287109375 276.856231689453125 515.33599853515625 nan 533.215576171875 1124.214599609375 533.215576171875 nan nan
4752.529296875 15007.1103515625 10512.513671875 15361.451171875 13372.5732421875 10313.490234375 9976.548828125 12037.0380859375 16420.490234375 14135.833984375 16123.572265625 14583.404296875 16604.04296875 17333.703125 18156.384765625 20099.537109375 15581.8828125 12424.3330078125 8192.822265625 4973.00341796875 3753.913330078125 1879.0313720703125 720.9993896484375 nan nan nan nan nan 134.088897705078125 1210.9140625 1379.52880859375 1947.0064697265625 1919.5526123046875 662.4053955078125 212.1094818115234375 nan nan nan nan nan nan 1103.640869140625 5207.0322265625 5418.95654296875 937.50732421875 nan nan nan 533.215576171875 nan nan nan
9872.166015625 16214.5517578125 23258.703125 21535.548828125 18808.306640625 14703.9375 16982.130859375 14071.2373046875 10717.3037109375 14694.3525390625 16454.755859375 14357.2548828125 17101.453125 17517.33984375 15600.359375 12807.5888671875 14353.73046875 10995.4111328125 5400.056640625 2843.28515625 2268.4462890625 1557.3287353515625 230.8314666748046875 205.0974273681640625 nan nan nan nan 566.3017578125 768.65850830078125 1455.952392578125 1318.6632080078125 1008.25518798828125 957.7926025390625 nan nan nan nan nan nan 1103.640869140625 5207.0322265625 8584.83984375 8584.83984375 5418.95654296875 937.50732421875 nan nan nan nan nan nan
12173.41015625 21584.22265625 30295.369140625 29503.189453125 20674.84375 25544.712890625 18108.7890625 14959.9560546875 11696.173828125 15776.943359375 20654.892578125 19583.439453125 12962.7109375 12754.02734375 13098.4404296875 12074.6015625 10768.689453125 7003.38818359375 7020.09033203125 4122.23779296875 1904.38671875 276.0679931640625 435.92889404296875 435.92889404296875 1588.759033203125 nan 4.7180013656616210938 2096.367431640625 1523.20166015625 1291.5384521484375 1603.697021484375 1418.1827392578125 851.70867919921875 849.2288818359375 745.68316650390625 nan nan nan nan nan 3165.8837890625 7647.3330078125 8584.83984375 8584.83984375 7481.19921875 3377.808349609375 nan nan nan nan nan nan
9166.6962890625 17887.54296875 30186 28948.107421875 28268.228515625 16051.9912109375 15775.51171875 14346.298828125 23534.001953125 18911.74609375 17955.591796875 19303.7421875 14785.8212890625 9425.013671875 9022.6796875 8520.830078125 6822.9716796875 7562.255859375 6249.7177734375 4360.2265625 1493.2413330078125 617.96246337890625 435.92889404296875 1819.590576171875 2630.23876953125 1907.899169921875 4399.47119140625 6766.6201171875 6035.4609375 1966.315185546875 1372.6251220703125 1328.9925537109375 1069.328369140625 826.76983642578125 234.28985595703125 153.2031707763671875 nan nan nan nan nan 3165.8837890625 7647.3330078125 7481.19921875 3377.808349609375 nan nan nan nan nan nan nan
6743.9638671875 18753.291015625 19883.5703125 25425.392578125 22035.06640625 20438.662109375 13047.572265625 21081.740234375 16154.228515625 21100.123046875 16987.314453125 15807.9384765625 10983.0205078125 8193.265625 3713.395263671875 3308.7099609375 6084.71484375 6026.22265625 4072.32861328125 2127.9140625 1259.4271240234375 836.78704833984375 1819.590576171875 2718.41357421875 3306.787109375 10622.4521484375 12712.537109375 13215.5234375 9539.1884765625 6035.4609375 1400.013427734375 546.65911865234375 826.76983642578125 234.28985595703125 153.2031707763671875 nan nan nan nan nan nan nan 3165.8837890625 3377.808349609375 nan nan nan nan nan nan nan nan
1217.7801513671875 12581.3779296875 14871.875 19837.125 20275.619140625 13470.3125 19480.625 13996.98046875 11966.958984375 13201.26953125 16786.943359375 7705.01318359375 5389.78466796875 3379.767333984375 2460.455810546875 2273.3662109375 2998.568115234375 4271.95751953125 1913.716064453125 1259.4271240234375 605.95556640625 nan 1200.2921142578125 3559.204345703125 13209.8818359375 18814.404296875 20741.76953125 18410.365234375 13393.357421875 7818.9580078125 3041.25634765625 580.39501953125 81.08667755126953125 153.2031707763671875 nan nan nan nan nan nan nan nan nan nan nan nan nan nan nan nan nan nan
2942.716796875 4290.3037109375 12698.4580078125 18614.6484375 14632.9736328125 19085.677734375 15304.23828125 15000.7080078125 10256.9541015625 8662.232421875 6440.58447265625 2923.096435546875 1706.078369140625 2409.3212890625 2316.459228515625 2150.31396484375 2303.978271484375 2018.1995849609375 1993.463623046875 605.95556640625 3.6906261444091796875 1535.4969482421875 2718.508056640625 9282.681640625 17086.576171875 19767.142578125 26144.611328125 26554.81640625 14382.853515625 4378.5595703125 1398.154052734375 1029.630615234375 638.6812744140625 nan nan nan nan nan nan nan nan nan nan nan nan nan nan nan nan nan nan nan
