ForecastVariables/BuildingFootprint_Mean_500m/BuildingFootprintMean_Focal_Random5.asc
ncols        529
nrows        344
xllcorner    2700.000000000000
yllcorner    15900.000000000000
cellsize     100.000000000000
NODATA_value  nan
[rows 46 to 68 of 344, columns 260 to 311 of 529]
5831.6728515625 6328.95849609375 11119.541015625 13901.982421875 9127.4072265625 9667.8193359375 10132.166015625 10683.5947265625 11659.6025390625 9608.271484375 11560.349609375 12808.44921875 12211.3193359375 9743.78515625 7754.23974609375 4618.43896484375 1993.5338134765625 209.3353118896484375 nan nan nan nan nan nan nan nan nan nan nan nan nan nan nan nan nan nan nan nan nan nan nan nan nan nan nan 732.45269775390625 2514.6357421875 2803.244384765625 2234.497802734375 2322.785400390625 1942.5902099609375 1386.505615234375
5603.92431640625 9561.306640625 16704.30078125 19189.6484375 16029.8369140625 10513.423828125 11296.146484375 12011.978515625 9905.388671875 10868.4580078125 10004.62890625 10499.4755859375 12408.580078125 10451.369140625 8829.6220703125 5592.06591796875 3410.440673828125 1924.9576416015625 209.3353118896484375 nan nan nan nan nan nan nan nan nan nan nan nan nan nan nan nan nan nan nan nan nan nan nan nan nan 719.57647705078125 1233.4459228515625 2073.00634765625 5652.51318359375 4598.04296875 6297.1513671875 2768.52880859375 2875.5078125
9004.02734375 14635.2216796875 16266.2216796875 19222.201171875 21170.3125 16016.734375 10249.97265625 11112.5146484375 10266.3388671875 10056.4892578125 9331.998046875 8247.2529296875 9374.994140625 9461.5205078125 8744.3076171875 7106.28173828125 5066.92529296875 1169.7755126953125 598.3900146484375 nan nan nan nan nan nan nan nan nan nan nan nan nan nan nan nan nan nan nan nan nan nan nan nan nan 164.7469940185546875 1435.87646484375 7860.59619140625 7781.36279296875 9742.5869140625 7357.14453125 8774.9892578125 4812.18359375
6339.318359375 7228.666015625 14432.1279296875 15602.5986328125 13793.044921875 10601.0458984375 9534.03515625 8091.56494140625 9169.5986328125 8321.630859375 7529.3271484375 11532.9951171875 16141.2265625 9782.6162109375 7132.7783203125 7677.02099609375 7106.1708984375 3098.6826171875 346.775390625 nan nan nan nan nan nan nan nan nan nan nan 35.400043487548828125 302.1082763671875 152.561248779296875 nan nan nan nan nan nan nan nan nan nan nan 373.3284912109375 6458.93994140625 12336.970703125 15397.5673828125 10346.6259765625 10934.51953125 11001.587890625 10303.9111328125
5491.73681640625 3199.338623046875 6826.38037109375 9219.517578125 5817.42333984375 9227.138671875 8500.59765625 8147.08837890625 7899.8955078125 6709.77734375 12066.8251953125 21984.771484375 22974.28125 16611.63671875 9086.0458984375 8346.3818359375 6961.7021484375 4273.86328125 1490.9710693359375 nan nan nan nan nan nan nan nan nan nan 35.400043487548828125 2133.786376953125 518.81109619140625 454.669525146484375 152.561248779296875 nan nan nan nan nan nan nan nan nan nan 3565.396728515625 8045.35400390625 13487.25390625 14096.9228515625 17252.521484375 10814.7236328125 10224.5390625 6942.8466796875
14095.994140625 6860.6728515625 2239.38330078125 2630.30859375 5146.03125 7865.8505859375 8995.4130859375 9164.328125 7370.30419921875 12194.3828125 22567.23046875 28182.64453125 26619.662109375 22174.94140625 16752.923828125 8322.982421875 6071.54052734375 4750.83642578125 2094.241455078125 nan nan nan nan nan nan nan nan nan 35.400043487548828125 3617.422607421875 4030.868408203125 2315.089111328125 518.81109619140625 454.669525146484375 152.561248779296875 nan nan nan nan nan nan nan nan nan 2172.775390625 8846.4609375 11564.1416015625 14178.6396484375 9399.0751953125 11237.6337890625 6576.61181640625 9329.7236328125
14465.9111328125 5367.341796875 4012.054931640625 3269.561279296875 4837.212890625 7473.38623046875 9711.9638671875 9361.1513671875 10810.826171875 12395.1923828125 19339.580078125 27219.091796875 27886.544921875 23366.203125 10507.62890625 6302.91162109375 5507.955078125 3401.234619140625 1107.735595703125 143.0979156494140625 nan nan nan nan nan nan nan 478.8441162109375 4028.14892578125 9347.4873046875 5374.99853515625 4030.868408203125 2279.689208984375 181.302764892578125 nan nan nan nan nan nan nan nan nan nan 948.09918212890625 5757.75048828125 13346.9951171875 10673.4296875 10681.361328125 5791.87548828125 8697.634765625 7127.69775390625
9008.7041015625 7670.521484375 5871.25732421875 4311.71875 5000.40234375 9164.2216796875 9741.3271484375 10889.236328125 9448.951171875 9728.2021484375 13001.8759765625 20030.56640625 23042.3046875 11688.796875 6729.0830078125 3643.844482421875 4191.42236328125 1239.013671875 314.6612548828125 171.563323974609375 nan nan nan nan nan nan 480.629302978515625 3430.453369140625 12166.00390625 10413.3291015625 9360.5419921875 5339.59814453125 1897.0819091796875 nan nan nan nan nan nan nan nan nan nan 290.634033203125 3970.6962890625 7036.20703125 11998.4453125 13113.8427734375 10196.9091796875 10307.9755859375 7734.5625 5742.029296875
9916.4833984375 11000.892578125 7397.1455078125 6272.6748046875 8014.95556640625 10220.8818359375 11448.8212890625 10418.8916015625 10619.6435546875 9141.943359375 9737.05859375 12558.0869140625 12173.5517578125 8305.8486328125 6358.3359375 4103.42578125 2296.714111328125 716.64312744140625 171.563323974609375 nan nan nan nan nan nan 480.629302978515625 2464.588623046875 10568.9638671875 12174.892578125 12547.751953125 10413.3291015625 6045.2275390625 13.055117607116699219 nan nan nan nan 85.1517333984375 1027.54931640625 549.94622802734375 nan nan 29.194086074829101562 3937.2265625 6634.98486328125 10369.0185546875 18346.572265625 15676.41796875 12903.0029296875 11900.6083984375 10201.5966796875 4561.45068359375
10158.0322265625 10737.9677734375 10176.7705078125 8709.1220703125 9232.2412109375 11351.8046875 10835.5986328125 11637.8701171875 9906.771484375 10147.3388671875 8051.34765625 8270.626953125 9872.7890625 8028.86572265625 6321.91455078125 3378.229736328125 865.04229736328125 188.14898681640625 nan nan nan nan nan nan 1.7851876020431518555 1238.0848388671875 6049.06396484375 8792.0546875 11560.8388671875 11696.048828125 9837.037109375 381.74884033203125 nan nan nan nan 878.774169921875 3770.26708984375 2697.331298828125 2119.3369140625 589.02197265625 nan 1802.566162109375 2268.00048828125 11413.50390625 15200.818359375 20962.845703125 17989.57421875 14497.546875 10395.220703125 6047.2822265625 3385.346923828125
9812.228515625 12170.6806640625 8853.1455078125 8233.2431640625 9504.7041015625 11741.9794921875 10991.3876953125 9393.2763671875 8759.3408203125 7895.6220703125 9327.1875 9440.4404296875 9950.15234375 8384.916015625 4454.1240234375 2819.363037109375 1171.0560302734375 nan nan nan nan nan nan nan 516.5611572265625 2645.230224609375 5279.11376953125 9648.07421875 8311.42578125 9612.236328125 1004.92987060546875 nan nan nan nan 878.774169921875 5336.14501953125 6948.6787109375 6231.86669921875 6490.03662109375 13550.3095703125 2896.1767578125 958.5455322265625 8359.0087890625 17056.564453125 21653.23046875 16848.3828125 17470.86328125 16286.7265625 8089.0419921875 3869.1162109375 2981.22607421875
10745.3232421875 10262.1484375 9814.2392578125 9160.4306640625 9813.994140625 10572.1845703125 9496.814453125 7515.03564453125 6228.24365234375 7567.48388671875 8532.4853515625 10247.1044921875 8764.115234375 7576.9619140625 4475.81201171875 1433.4415283203125 nan nan nan nan nan nan nan 0.5748494267463684082 1246.6065673828125 5485.32373046875 9766.7265625 9835.7353515625 7931.72021484375 1994.756103515625 nan nan nan nan 793.6224365234375 4385.09130859375 7034.6982421875 9031.17578125 11186.0126953125 21978.212890625 18669.455078125 15200.5791015625 8089.67724609375 10305.45703125 15763.8818359375 19219.888671875 19485.4296875 16687.076171875 11035.75 5460.169921875 3965.0029296875 161.4688262939453125
9590.9814453125 10138.7939453125 10401.0732421875 10697.654296875 9982.869140625 8980.9111328125 7314.63720703125 5769.10888671875 5639.203125 5210.22802734375 8580.0810546875 10580.099609375 8314.287109375 5641.728515625 3495.000732421875 631.57366943359375 nan nan nan nan nan nan 616.9207763671875 2215.699462890625 3966.455810546875 9380.08203125 14763.767578125 11833.8388671875 7718.583984375 1972.947998046875 nan nan nan nan 5652.76220703125 8021.3134765625 9265.39453125 12053.4169921875 25078.966796875 21247.9453125 20773.345703125 18520.07421875 18211.3046875 11238.9384765625 9946.2734375 14362.935546875 17061.5625 9908.482421875 6410.17431640625 4803.748046875 2205.0791015625 nan
9313.58203125 9859.2421875 10111.306640625 7855.388671875 8001.1884765625 7934.8154296875 5210.17919921875 3734.13037109375 4391.55224609375 5510.259765625 6898.7861328125 8457.77734375 7350.78466796875 4108.80615234375 1210.4342041015625 nan nan nan nan nan nan 616.9207763671875 1701.3316650390625 3106.89794921875 6842.1123046875 12178.3115234375 15237.544921875 13001.1748046875 7169.95947265625 2585.458984375 nan nan nan 4880.5068359375 12398.9326171875 15433.0712890625 12959.1318359375 13289.373046875 15602.6962890625 22697.921875 20150.841796875 16645.51171875 3877.3134765625 5229.2919921875 8710.6142578125 5728.5419921875 5867.220703125 4544.88818359375 5227.9228515625 3848.934814453125 97.80291748046875 nan
8537.4794921875 9812.7685546875 8310.896484375 7828.0419921875 7218.5126953125 6395.51220703125 3713.777099609375 3579.989990234375 4046.68505859375 5244.44287109375 5308.42333984375 5031.7099609375 5158.71923828125 2420.2041015625 nan nan nan nan nan nan 616.9207763671875 1701.3316650390625 2194.23583984375 2947.889404296875 6121.74267578125 10316.25390625 15789.0009765625 11715.125 4693.94384765625 nan nan nan 4718.859375 11346.025390625 17839.5859375 18398.037109375 23037.68359375 20054.033203125 16951.546875 14674.6806640625 17516.4453125 4209.841796875 2164.654541015625 560.6102294921875 3031.0322265625 157.304656982421875 1746.602783203125 2086.431884765625 3687.4658203125 97.80291748046875 nan nan
15303.1796875 9271.60546875 8458.2958984375 8895.611328125 6787.29638671875 6124.5966796875 4557.89111328125 2983.338623046875 2399.718017578125 3069.705078125 3700.177490234375 3293.52490234375 1788.630615234375 nan nan nan nan nan nan nan 114.7431793212890625 1224.5679931640625 2277.0927734375 2354.32666015625 3696.624755859375 11256.123046875 12770.84765625 10071.9345703125 1607.5548095703125 nan nan nan 2517.506591796875 13512.7861328125 19868.4609375 25690.580078125 23909.396484375 26918.90234375 15941.732421875 14350.8955078125 8760.9296875 3456.09716796875 nan nan nan nan nan 1546.052734375 97.80291748046875 nan nan nan
8499.5986328125 9016.935546875 9991.103515625 9557.69140625 7510.48681640625 5307.302734375 3791.2666015625 2198.893798828125 1680.131103515625 1384.19873046875 894.3394775390625 1209.77001953125 nan nan nan nan nan nan nan nan 158.3293609619140625 355.9296875 1307.4251708984375 1784.5001220703125 6209.86962890625 9873.0126953125 11179.3427734375 7144.451171875 4136.662109375 443.4605712890625 nan 575.90533447265625 7170.8759765625 11012.830078125 20527.05078125 19447.462890625 25383.1953125 24548.998046875 23053.091796875 10717.390625 4687.490234375 1076.817138671875 nan nan nan nan nan nan nan nan nan nan
8451.6640625 8668.8779296875 8573.19921875 8697.177734375 7320.68017578125 4516.1904296875 3544.32568359375 1244.414306640625 1260.158447265625 160.2375335693359375 nan nan nan nan nan nan nan nan nan nan nan 158.3293609619140625 355.9296875 2315.106201171875 3665.896728515625 7463.3037109375 8993.6240234375 7705.2021484375 2162.8271484375 nan 575.90533447265625 4533.07177734375 8141.560546875 13583.14453125 13689.5029296875 23914.5625 20573.8359375 19143.095703125 17470.630859375 11885.857421875 2172.74462890625 nan nan nan nan nan nan nan nan nan nan nan
8790.375 8696.169921875 7847.68798828125 5833.0615234375 6881.97412109375 10775.97265625 4315.13671875 2283.009033203125 248.6627349853515625 nan nan nan nan nan nan nan nan nan nan nan nan nan 158.3293609619140625 82.8571319580078125 1849.1734619140625 3692.867919921875 7261.74169921875 2272.655517578125 109.82842254638671875 83.19512939453125 1732.605712890625 8335.1787109375 12217.8388671875 11986.302734375 20477.5703125 12393.9541015625 17696.484375 13316.6650390625 13095.607421875 3485.19091796875 222.686065673828125 nan nan nan nan nan nan nan nan nan nan nan
6513.61279296875 7131.296875 6902.81494140625 7039.03271484375 11706.6708984375 10987.4814453125 8843.3115234375 3150.62646484375 1687.90771484375 nan nan nan nan nan nan nan nan nan nan nan nan nan nan nan nan 1849.1734619140625 1829.19482421875 109.82842254638671875 nan 307.452301025390625 5971.3544921875 12534.6044921875 13878.6064453125 16773.80859375 15613.111328125 15007.3515625 7883.09130859375 12700.4775390625 3489.381103515625 306.66558837890625 nan nan nan nan nan nan nan nan nan nan nan nan
5530.28369140625 4067.30126953125 5097.6162109375 10903.2734375 10222.798828125 10288.3759765625 9258.20703125 7487.03564453125 838.62823486328125 nan nan nan nan nan nan nan nan nan nan nan nan nan nan 102.6544342041015625 nan nan 109.82842254638671875 nan nan 4254.1015625 8034.9208984375 10896.568359375 17571.6484375 17941.02734375 14035.7353515625 9801.46875 10748.6064453125 4377.37353515625 1013.82769775390625 83.979522705078125 83.979522705078125 nan nan nan nan nan nan nan nan nan nan nan
1734.318115234375 2629.831787109375 2586.85595703125 3456.166748046875 7483.01904296875 7912.6240234375 7877.201171875 838.62823486328125 nan nan nan nan nan 44.244503021240234375 nan nan nan nan nan nan nan 5915.09716796875 115.240447998046875 412.93634033203125 102.6544342041015625 nan nan nan 616.4818115234375 1746.49951171875 6594.748046875 9218.8857421875 11398.7880859375 11689.8369140625 8234.3115234375 8370.7626953125 4531.251953125 1233.48876953125 83.979522705078125 83.979522705078125 nan nan nan nan nan nan nan nan nan nan nan nan
363.477447509765625 543.4521484375 1098.9766845703125 989.691650390625 1738.0687255859375 5350.6650390625 838.62823486328125 nan nan nan nan nan 44.244503021240234375 44.244503021240234375 44.244503021240234375 nan nan nan nan nan 6107.8134765625 7515.81591796875 6603.28515625 1684.312744140625 412.93634033203125 102.6544342041015625 nan 452.10528564453125 1737.3770751953125 2132.595458984375 2608.57568359375 7014.69580078125 4987.06787109375 3156.0927734375 6106.76025390625 4132.78662109375 1876.473388671875 143.6900482177734375 83.979522705078125 nan nan nan nan nan nan nan nan nan nan nan nan nan
