ForecastVariables/BuildingFootprint_Mean_500m/BuildingFootprintMean_Focal_Random2.asc
ncols        529
nrows        344
xllcorner    2700.000000000000
yllcorner    15900.000000000000
cellsize     100.000000000000
NODATA_value  nan
[rows 115 to 137 of 344, columns 104 to 155 of 529]
nan nan 1127.02099609375 3843.51708984375 315.479949951171875 315.479949951171875 nan nan nan nan nan 715.51312255859375 4885.61328125 9891.34765625 11263.666015625 10846.41015625 10656.2705078125 13162.9345703125 15166.23828125 11486.5166015625 20122.33203125 20756.5703125 22177.580078125 15849.833984375 16007.6396484375 12933.7333984375 13016.4677734375 15834.2900390625 10073.994140625 14251.046875 8027.09228515625 11622.9287109375 11904.240234375 20611.23828125 23977.4453125 23388.556640625 19901.349609375 19275.4375 17659.47265625 8828.8095703125 4873.53466796875 5851.89453125 6552.8876953125 5348.171875 5773.5322265625 10724.5751953125 11096.7724609375 10098.19921875 9545.2109375 7639.10986328125 7450.935546875 8443.1650390625
nan 1868.9111328125 7798.3125 5105.17578125 3988.973876953125 nan nan nan nan nan 737.76947021484375 2602.630859375 5408.9736328125 9769.650390625 12098.58203125 14958.2666015625 17017.794921875 26287.162109375 16224.373046875 21030.23046875 19935.505859375 22269.76953125 22319.642578125 26264.21875 11659.58984375 13645.8642578125 14337.59375 13016.1875 13300.2158203125 10791.759765625 7966.619140625 6957.43994140625 18192.419921875 18372.64453125 20292.876953125 21051.91015625 22700.447265625 16939.384765625 12651.93359375 11056.1943359375 9923.2421875 7845.51611328125 7731.00732421875 7475.2861328125 8863.2861328125 10530.8662109375 10847.0634765625 9145.0068359375 9067.1162109375 7672.4111328125 9920.3779296875 8597.958984375
2140.0126953125 9928.71484375 9523.9970703125 9708.666015625 5476.48388671875 3673.493896484375 nan nan nan 41.83629608154296875 672.141845703125 4027.82666015625 9187.98828125 8817.2275390625 13272.5068359375 15589.1015625 28063.4296875 26633.990234375 29412.583984375 19664.740234375 24061.73828125 20452.009765625 29026.763671875 24181.615234375 19309.728515625 15434.873046875 13337.1875 15597.197265625 16642.880859375 14318.7451171875 8580.265625 8510.873046875 8745.4365234375 16095.3935546875 14358.2041015625 16303.701171875 12676.2294921875 11907.8935546875 10508.93359375 7583.17822265625 9389.8564453125 10658.6201171875 7996.53857421875 10790.37890625 8927.2626953125 9797.046875 7882.76513671875 9089.642578125 7543.20166015625 9898.958984375 11624.1337890625 9880.1591796875
5771.64892578125 8837.24609375 12721.5087890625 11302.3779296875 10731.291015625 821.42559814453125 603.38372802734375 46.30265045166015625 80.77147674560546875 738.85662841796875 4284.9501953125 9420.8271484375 14228.99609375 12122.5810546875 12519.8486328125 25068.5 26893.005859375 32409.79296875 28171.623046875 27991.939453125 17922.767578125 32541.16015625 21461.119140625 21909.80078125 24769.189453125 22899.48046875 18162.564453125 19261.470703125 17800.31640625 15069.0322265625 13971.8974609375 9131.8134765625 8449.453125 7397.78564453125 12591.41015625 8938.3076171875 6345.8798828125 10476.5048828125 7491.0869140625 8466.71875 9007.794921875 9117.6279296875 12036.205078125 8576.0625 11472.45703125 8465.5888671875 9515.90625 6291.00390625 8355.6279296875 10766.0869140625 11160.6650390625 11467.3017578125
7429.8544921875 9511.369140625 14762.73828125 16049.783203125 4999.16162109375 4159.3017578125 1235.727294921875 1491.759765625 1267.802978515625 7283.97705078125 9080.7197265625 14697.65625 15565.1357421875 18920.560546875 20759.392578125 16047.615234375 31887.228515625 30305.19140625 33812.9375 16262.201171875 20350.759765625 22579.298828125 23941.09375 21829.8828125 21303.3828125 16858.73046875 18782.79296875 20452.57421875 19183.796875 15688.8603515625 11034.7177734375 9438.1337890625 6187.06494140625 6880.3662109375 7818.6318359375 8355.3662109375 7736.2138671875 6586.47509765625 8914.4501953125 9628.1416015625 8306.4990234375 9723.6181640625 10203.0390625 12058.0400390625 9951.025390625 9613.1708984375 10024.4248046875 7350.599609375 8944.7646484375 11216.4375 10498.3212890625 9809.0595703125
7332.96337890625 12205.8896484375 18382.62890625 13731.193359375 8300.7314453125 3749.724853515625 4660.1435546875 5790.1884765625 8721.8955078125 5760.8349609375 12931.599609375 16047.6259765625 18832.833984375 17627.267578125 15988.958984375 20369.70703125 20937.015625 31762.82421875 19475.6640625 24217.71484375 20012.38671875 17885.4140625 20797.185546875 20885.55078125 14885.1796875 15379.0361328125 19251.384765625 16812.232421875 17309.0859375 13488.9931640625 10408.7216796875 6838.09326171875 6973.05419921875 7735.23828125 8519.2890625 7590.50390625 8102.92431640625 8023.4560546875 8447.162109375 9729.2607421875 8675.8349609375 7881.84716796875 10124.9697265625 10615.0263671875 10887.251953125 11003.87890625 9701.4755859375 8350.537109375 7946.037109375 10385.5068359375 10561.015625 9184.0283203125
16069.9169921875 15102.2890625 16057.9345703125 13664.6943359375 11167.16796875 8885.0791015625 7900.341796875 14503.9150390625 13076.80859375 13328.7255859375 8895.751953125 16685.7578125 17939.95703125 15091.3173828125 12552.1318359375 16769.287109375 19458.1484375 17633.23046875 19901.71484375 17841.51953125 23889.013671875 17668.462890625 14919.8369140625 15331.4580078125 13612.421875 17347.666015625 15269.1455078125 13522.2890625 11904.0244140625 12021.251953125 11144.484375 9224.123046875 7820.0439453125 10049.5390625 8393.9599609375 7682.50634765625 7584.5400390625 8079.330078125 8560.5078125 10910.962890625 10028.1904296875 8330.27734375 8487.3876953125 9733.62109375 11911.1796875 10358.5185546875 7677.45849609375 8018.37744140625 9966.96484375 7096.49755859375 10640.5615234375 5559.4580078125
15529.39453125 16816.560546875 15917.7978515625 11905.5634765625 10488.1005859375 8409.685546875 14741.8837890625 17128.822265625 19023.52734375 17169.705078125 17910.513671875 12856.9296875 16697.59765625 13989.404296875 17158.033203125 17032.91796875 13973.6240234375 12486.7294921875 13205.0087890625 16633.4453125 16508.529296875 16803.30859375 15267.576171875 14255.083984375 18067.2109375 14618.205078125 11102.1728515625 12956.0029296875 13333.4052734375 12339.78125 13138.015625 13592.8603515625 11760.03515625 9443.578125 9646.453125 8621.7763671875 7136.044921875 8725.126953125 10449.14453125 10967.583984375 11336.0576171875 9640.8046875 7947.07763671875 9802.9873046875 9657.3681640625 9172.1640625 6999.259765625 8996.5224609375 5104.53271484375 7795.560546875 8254.4130859375 7229.9443359375
20075.671875 20704.861328125 16061.658203125 14847.73828125 9721.1015625 13088.3466796875 20679.763671875 23131.037109375 20026.134765625 20579.421875 16468.1796875 21995.771484375 21170.759765625 22448.90234375 18962.810546875 16370.57421875 14596.6005859375 10594.576171875 11698.64453125 12056.169921875 13132.4833984375 17113.51953125 15530.9375 16889.974609375 16372.0703125 19029.81640625 13858.6591796875 10653.224609375 13331.572265625 15036.7021484375 13446.8330078125 12561.9453125 11703.2021484375 9855.5458984375 8777.1572265625 8263.041015625 7161.79541015625 9898.95703125 13094.611328125 12125.51171875 11451.623046875 10410.0234375 9486.7744140625 10357.7890625 9414.5712890625 6948.779296875 9766.244140625 6215.19140625 10202.85546875 7379.21728515625 8430.0400390625 6957.810546875
22605.892578125 19032.24609375 21366.791015625 15434.9375 16165.8193359375 18440.99609375 22281.30859375 22980.974609375 24866.109375 17739.109375 19999.880859375 21076.896484375 28131.34765625 24924.87109375 22754.193359375 15609.05859375 14377.732421875 12374.52734375 8023.5537109375 10862.8076171875 13707.5048828125 11425.1953125 12794.9560546875 17054.462890625 20821.052734375 15622.0419921875 14385.416015625 12086.4013671875 13234.201171875 14512.1484375 15771.5517578125 10960.609375 10178.658203125 7584.9775390625 7477.345703125 7803.61767578125 9231.421875 11789.0634765625 13545 14215.419921875 10732.447265625 7719.12841796875 8848.1025390625 9190.591796875 7951.92724609375 9340.4296875 7565.54638671875 9750.435546875 9940.212890625 12913.5517578125 7532.9580078125 7791.703125
20344.17578125 22375.83984375 24175.10546875 26657.275390625 19945.9921875 21469.267578125 20838.11328125 24525.380859375 23726.041015625 18176.095703125 15888.345703125 24145.97265625 21426.59375 20284.32421875 16820.326171875 14725.5419921875 16523.95703125 10228.3466796875 9691.2275390625 7977.69384765625 11077.8447265625 9041.8134765625 10248.9111328125 15919.0458984375 15125.1982421875 13917.626953125 12927.5712890625 14305.5048828125 13310.1708984375 12638.8251953125 14197.6318359375 11458.49609375 8710.8310546875 8966.2939453125 7735.1162109375 8341.3369140625 12240.5986328125 13307.2509765625 14136.6884765625 14961.4248046875 12176.037109375 8106.70751953125 6217.791015625 6212.93115234375 7722.47412109375 7450.17431640625 10653.88671875 11298.20703125 11367.736328125 10102.7158203125 11580.189453125 6111.72021484375
22113.8515625 20101.935546875 25612.60546875 22362.388671875 25210.830078125 20285.1640625 20071.390625 22931.52734375 27349 21652.552734375 28047.82421875 16294.623046875 16771.32421875 14823.150390625 12391.6259765625 21056.50390625 17477.041015625 15275.3544921875 11647.20703125 9473.13671875 4925.04443359375 5783.8291015625 6855.60986328125 6346.21044921875 10118.0185546875 10827.0888671875 10881.58984375 7107.931640625 9121.1533203125 11935.4375 12452.990234375 9001.31640625 6925.50390625 7999.32177734375 8513.111328125 8229.1923828125 8629.189453125 13299.81640625 13722.7587890625 12312.4462890625 9757.8955078125 8251.6845703125 6327.66357421875 4878.47216796875 6612.45947265625 6750.84619140625 8158.3193359375 12768.431640625 11736.5986328125 11771.8330078125 7544.982421875 8447.8603515625
12697.798828125 20491.962890625 22507.591796875 24858.306640625 21099.62890625 18330.904296875 20751.33203125 29428.4375 30810.791015625 43356.29296875 27571.3984375 24942.486328125 14253.6748046875 13673.763671875 17380.267578125 17993.5 25136.57421875 21351.765625 20285.345703125 6269.04638671875 4265.4326171875 3982.345458984375 2555.179443359375 4468.53369140625 7267.5361328125 7835.06103515625 4928.78466796875 4516.4306640625 6701.255859375 7581.99365234375 4834.8505859375 7531.478515625 8354.791015625 6767.19580078125 5714.5966796875 5405.58251953125 8298.8662109375 8835.7978515625 12650.53125 10878.080078125 8722.0283203125 9357.6455078125 5563.71484375 5221.62158203125 5378.32177734375 6809.85009765625 9988.4287109375 8460.080078125 13690.826171875 9080.9375 9896.5087890625 7464.7880859375
9458.3349609375 12850 19135.7421875 19780.314453125 19701.287109375 17013.431640625 23020.99609375 27079.794921875 42405.47265625 39473.4609375 42600.36328125 35631.0234375 21836.3828125 11491.8701171875 15485.46484375 24863.69921875 25402.947265625 29116.66796875 14036.2822265625 10899.3203125 7257.10009765625 3831.88134765625 4136.515625 5409.09423828125 8273 6180.45361328125 4874.75732421875 5712.0419921875 5426.78955078125 3943.109375 3930.11962890625 4635.79296875 6067.12060546875 5529.861328125 5165.63818359375 4805.9384765625 5607.880859375 8278.5595703125 8153.845703125 10265.5830078125 10639.2236328125 7564.89208984375 7363.87353515625 5692.1630859375 6006.853515625 7223.2470703125 9046.4423828125 12082.76171875 12328.806640625 11949.34765625 9322.880859375 7496.18115234375
7463.751953125 8881.029296875 11431.70703125 15462.1474609375 14137.0595703125 12648.0029296875 13564.4423828125 26548.142578125 31737.181640625 41764.421875 41887.77734375 38357.51953125 22238.431640625 12594.2607421875 15499.0283203125 19032.048828125 26625.92578125 19134.33984375 15086.5498046875 10507.0751953125 8575.0595703125 6339.978515625 6507.92041015625 7980.49462890625 11659.6396484375 8275.5517578125 8391.701171875 7623.49755859375 5569.44287109375 3971.571533203125 7129.69580078125 3929.24951171875 5091.0732421875 6980.01025390625 6284.23681640625 4778.01806640625 5063.8720703125 6965.3037109375 8589.326171875 9069.5966796875 9019.1201171875 8939.6103515625 7519.60107421875 9714.4794921875 9426.7490234375 8780.3984375 9943.732421875 13972.216796875 13827.5712890625 12468.6494140625 12214.31640625 8167.20458984375
6168.5205078125 5993.1953125 7813.939453125 9715.779296875 10271.8740234375 10619.0849609375 14088.6962890625 18809.05078125 31021.853515625 32399.685546875 40937.00390625 31333.564453125 28229.705078125 20536.986328125 11471.734375 15871.0927734375 14679.49609375 14188.681640625 12846.9365234375 9033.33984375 7166.24609375 8027.20068359375 8352.482421875 12308.0126953125 13143.599609375 13816.5205078125 9324.5966796875 7559.28466796875 7232.98828125 8669.39453125 7232.265625 7961.19287109375 9579.953125 8229.6533203125 6387.10693359375 4923.1005859375 7453.6650390625 6465.72314453125 7194.06640625 7999.7841796875 8297.138671875 8721.322265625 10474.212890625 11002.296875 12444.8857421875 13716.560546875 11161.693359375 13830.2333984375 14140.9560546875 13330.470703125 11483.08984375 10180.109375
5013.0244140625 5201.6767578125 6596.2412109375 7513.69091796875 10603.3330078125 12888.234375 15696.4912109375 18266.541015625 18673.623046875 25441.08984375 32895.53515625 35626.1015625 26841.2421875 13054.513671875 10703.857421875 10203.4423828125 10883.568359375 9376.27734375 8718.3076171875 7455.86279296875 7934.47509765625 8538.2978515625 12373.3740234375 12941.2685546875 14611.3916015625 13898.41796875 12746.0791015625 8495.9423828125 9987.22265625 9209.353515625 9135.3408203125 10634.71484375 13666.208984375 10286.205078125 8473.869140625 8938.9658203125 7080.51953125 6829.94091796875 7613.98828125 6928.78662109375 7839.94873046875 10163.3212890625 10521.123046875 11217.8671875 14348.6513671875 14548.7275390625 17135.482421875 11016.0556640625 13726.8095703125 13074.658203125 9416.3359375 10218.029296875
5427.1630859375 5792.904296875 6595.3515625 7924.734375 8386.7802734375 11655.078125 16174.3388671875 19209.869140625 17522.9296875 17330.841796875 23862.46875 31056.31640625 18552.73828125 14503.1025390625 9397.6083984375 7425.11767578125 8906.7607421875 6256.1533203125 6276.96533203125 7359.125 8657.58203125 10093.3623046875 9492.05859375 13914.1748046875 13795.4658203125 13989.3388671875 10340.7177734375 9741.5634765625 8935.9775390625 8708.056640625 9392.166015625 12686.16796875 13162.7216796875 12223.912109375 11561.3974609375 7957.3291015625 7528.23291015625 9046.3046875 8386.0546875 9395.576171875 8306.5107421875 8181.34033203125 10410.974609375 13049.830078125 12062.8603515625 14780.7529296875 15468.15234375 15926.0927734375 10685.412109375 9778.4443359375 9153.736328125 8076.8994140625
5794.70068359375 6401.5537109375 8321.5869140625 9395.8408203125 8050.09375 9434.2314453125 13353.0859375 15003.0947265625 13744.7744140625 14991.9091796875 18560.890625 19082.052734375 15702.4140625 10720.05859375 7998.857421875 8651.49609375 6717.359375 6399.3056640625 7568.595703125 8446.9033203125 10414.7822265625 10180.4189453125 10968.8984375 9814.787109375 14178.8515625 10734.212890625 10569.16015625 10883.646484375 9420.8095703125 8652.517578125 10661.71484375 11092.8232421875 11450.8310546875 12336.923828125 8826.060546875 8081.64111328125 9237.0546875 9088.783203125 8511.6015625 8047.98095703125 11094.951171875 7862.06005859375 8384.7568359375 7464.2578125 13665.5712890625 13771.6865234375 15514.0908203125 13540.935546875 13508.7294921875 10204.83203125 8438.2587890625 7261.36181640625
7288.16455078125 9060.4384765625 9051.9267578125 10424.2578125 8593.5859375 9502.908203125 11167.5712890625 10997.048828125 12978.6298828125 12792.61328125 13116.3525390625 14001.751953125 11403.880859375 8735.900390625 7140.154296875 7940.24267578125 7070.974609375 7500.02294921875 7746.79248046875 9491.990234375 10370.8515625 11512.6259765625 10965.5556640625 10702.6357421875 10593.9775390625 11414.919921875 11010.4580078125 11752.2294921875 10546.275390625 8335.888671875 10226.390625 9659.4404296875 10177.203125 10040.0107421875 7774.70703125 6325.951171875 8379.361328125 8360.142578125 8212.3779296875 9372.6845703125 8901.9453125 12299.5185546875 6939.9580078125 5777.87451171875 6500.76025390625 15949.8076171875 14341.7451171875 15728.0478515625 12110.8154296875 11940.0234375 9168.171875 6580.32470703125
10317.1328125 11064.86328125 10662.8857421875 9912.8857421875 10182.73046875 9309.791015625 10386.650390625 13754.4921875 10666.646484375 9267.359375 9988.4560546875 11017.1435546875 9798.068359375 7305.79248046875 9479.0458984375 7616.640625 8650.232421875 7442.74609375 7487.78076171875 8021.39599609375 10855.2392578125 13943.7529296875 10779.23828125 9305.9736328125 9950.498046875 11327.0517578125 11047.4365234375 11180.69140625 9467.150390625 9643.3583984375 11131.7138671875 8768.9873046875 10203.9140625 10486.0849609375 6334.8134765625 7279.9658203125 6649.10986328125 5862.75537109375 8508.9990234375 9880.04296875 10223.6259765625 10063.361328125 7827.39794921875 5512.50341796875 7134.0380859375 8286.5625 16378.6328125 14206.39453125 14344.2099609375 11021.525390625 10052.900390625 8668.7333984375
8888.6845703125 10183.501953125 12204.1982421875 10383.8896484375 10461.7626953125 8536.244140625 7934.62353515625 9603.482421875 10811.8759765625 9063.755859375 9019.80859375 7990.36083984375 6901.42919921875 9856.2158203125 10403.939453125 10680.2451171875 9036.775390625 9148.5400390625 7079.619140625 8330.4423828125 11203.1708984375 11864.5126953125 11873.2666015625 10437.5185546875 9038.7685546875 10280.05859375 11318.2578125 8796.4375 9595.513671875 11077.5556640625 13398.9443359375 12392.154296875 11942.4853515625 10013.4580078125 9738.169921875 6715.5263671875 7888.41796875 7121.66015625 6588.89599609375 9752.0185546875 10172.9873046875 7995.78076171875 6969.12939453125 5764.02294921875 6607.8642578125 8801.435546875 10330.9072265625 12230.0693359375 10904.6376953125 10513.921875 10044.96875 8972.767578125
8204.8671875 9096.5849609375 10565.8134765625 10498.611328125 8602.947265625 9481.5263671875 8157.58203125 7892.7294921875 8995.9970703125 9194.1123046875 7419.794921875 6286.39111328125 9790.662109375 10564.3037109375 12424.0947265625 11730.9775390625 10805.3427734375 9016.716796875 9268.25390625 11454.11328125 10145.287109375 10179.98828125 10348.119140625 12049.654296875 9829.8564453125 9494.6015625 9595.7763671875 8010.40087890625 8788.0517578125 12576.1708984375 18060.80859375 21386.505859375 14590.9423828125 9886.908203125 10509.1845703125 10842.15234375 6498.91357421875 8544.234375 6807.568359375 6589.55859375 9296.3017578125 9152.5078125 6484.103515625 4902.53857421875 5220.033203125 7808.05078125 7859.25732421875 6919.6279296875 8382.0224609375 8924.8984375 8519.1513671875 6894.783203125
