ForecastVariables/BuildingFootprint_Mean_500m/BuildingFootprintMean_Focal_Random2.asc
ncols        529
nrows        344
xllcorner    2700.000000000000
yllcorner    15900.000000000000
cellsize     100.000000000000
NODATA_value  nan
[rows 138 to 160 of 344, columns 156 to 207 of 529]
7228.0029296875 8527.2353515625 7647.50048828125 7938.568359375 6972.4814453125 7767.94775390625 7193.5771484375 9042.1640625 9217.765625 7592.2109375 7686.38916015625 6897.81396484375 6594.62548828125 7134.05712890625 7218.76611328125 7226.93408203125 5284.8740234375 3297.373779296875 2244.7646484375 3226.6259765625 4972.96337890625 6412.6044921875 6699.60791015625 7233.8310546875 7969.9091796875 11021.3251953125 10669.5361328125 8652.8544921875 7500.11328125 6663.61865234375 3806.94140625 4867.18310546875 5069.41552734375 6459.91455078125 5518.13525390625 5570.04296875 4970.1171875 8238.572265625 5134.00927734375 3442.09423828125 1030.091552734375 nan nan 1286.0838623046875 889.9144287109375 3473.544921875 7099.68115234375 6207.5302734375 6815.7900390625 7644.37353515625 8913.912109375 8750.1142578125
9546.861328125 8290.0810546875 8871.9951171875 7645.8408203125 7128.22265625 7510.0439453125 12338.0390625 11941.9345703125 11675.83984375 10470.0830078125 7555.4033203125 6238.939453125 6305.861328125 6723.7109375 7816.78466796875 7886.759765625 5728.62744140625 2710.580810546875 2308.857421875 2402.29638671875 3683.18505859375 3761.60888671875 5293.49072265625 7148.44384765625 7642.26953125 8359.5078125 9934.2431640625 8590.45703125 6966.74755859375 5386.98046875 4918.54931640625 4207.755859375 6391.16162109375 8320.6669921875 7713.76025390625 7651.7421875 8955.1474609375 6777.62060546875 7079.96533203125 2490.570068359375 225.7911376953125 454.42718505859375 2791.9248046875 2599.637939453125 3986.050048828125 2974.310791015625 5151.546875 8432.8837890625 7270.337890625 8423.1982421875 8427.9296875 8988.0576171875
9748.55078125 14534.2802734375 11271.40625 8422.9931640625 9876.373046875 11246.8349609375 15141.4375 16812.861328125 14221.421875 15804.2646484375 10480.8427734375 7850.8798828125 8878.5537109375 6683.47021484375 8142.7470703125 8521.865234375 6511.1083984375 3133.968994140625 729.29632568359375 1634.56396484375 1756.8165283203125 2865.09130859375 4535.15283203125 5288.8037109375 7248.3603515625 7084.12451171875 6567.16796875 7524.40234375 5003.0888671875 5256.4345703125 4933.5517578125 7307.92724609375 7994.42724609375 9327.8125 8316.421875 9618.1865234375 9221.3125 7152.2626953125 5038.0244140625 3290.076171875 1672.8291015625 5074.1181640625 5575.27978515625 7247.33935546875 5368.10400390625 5415.6025390625 6063.68408203125 7996.3193359375 8575.1748046875 5406.5205078125 8333.6708984375 9789.0537109375
14354.396484375 15530.4951171875 15153.603515625 14929.005859375 14544.5234375 14321.259765625 13824.6650390625 16768.884765625 19936.369140625 15646.3759765625 12648.5439453125 10122.7392578125 7768.1259765625 8829.609375 7439.671875 8567.3740234375 6901.42822265625 3178.410888671875 967.71771240234375 nan 1498.882080078125 4606.33349609375 5881.35498046875 6433.86669921875 6249.7548828125 6811.751953125 5799.47509765625 6204.6357421875 5438.1318359375 5056.32373046875 7629.73828125 8510.556640625 9335.2001953125 10005.599609375 12659.125 7744.9326171875 6964.3193359375 6631.27734375 4978.70947265625 3483.59619140625 7037.6640625 7179.3203125 9755.8828125 9170.947265625 9139.0126953125 7570.630859375 6500.50927734375 7399.26708984375 7367.06494140625 9681.4404296875 7258.3291015625 8868.3955078125
13616.2470703125 16235.9697265625 19238.5 18012.30859375 14810.9912109375 14121.6474609375 15435.9658203125 16797.298828125 15735.0205078125 13241.912109375 14303.947265625 12040.61328125 9685.4931640625 7841.4375 8447.82421875 6643.7626953125 5656.927734375 3280.205322265625 993.36370849609375 667.1427001953125 3631.710693359375 5849.03125 7334.94873046875 7905.3388671875 8090.99462890625 6507.0693359375 6765.0439453125 5794.59033203125 6252.2109375 7161.67138671875 7668.77392578125 8739.833984375 10271.134765625 13539.8720703125 13998.6630859375 9348.0341796875 4475.384765625 6127.53076171875 4196.80078125 5760.61865234375 7614.4033203125 10391.15234375 9705.068359375 11137.0146484375 8375.3896484375 6310.30029296875 6557.4931640625 7232.89501953125 9257.1533203125 8879.3388671875 8312.8369140625 6623.73291015625
10383.9794921875 14152.6416015625 16968.0703125 17153.021484375 14651.7919921875 20223.322265625 10102.833984375 8713.2734375 13517.716796875 12818.9677734375 11161.1806640625 11195.78515625 10037.712890625 9226.408203125 9976.607421875 5008.75537109375 4502.85693359375 2844.0439453125 813.9005126953125 676.33660888671875 2891.29296875 6541.669921875 8078.7373046875 8440.84765625 6345.3896484375 6616.29931640625 6035.61669921875 7415.54833984375 6357.05615234375 7189.794921875 8677.09375 8524.5693359375 12137.8291015625 12998.615234375 12475.99609375 11192.0234375 8465.6044921875 3012.968017578125 3851.076171875 5386.048828125 7405.58203125 8407.76953125 9851.3310546875 7042.138671875 7463.71435546875 5373.3564453125 4560.3896484375 7905.22119140625 7709.6220703125 9007.7294921875 8973.6025390625 8523.59375
6517.6806640625 12300.0537109375 14151.4384765625 16051.8974609375 22769.376953125 18012.046875 17150.896484375 9287.822265625 7831.72705078125 12522.5107421875 11781.3935546875 11671.2568359375 12642.50390625 10839.6572265625 15678.19921875 10498.0576171875 3596.649658203125 1525.864990234375 482.398101806640625 927.49615478515625 2688.073974609375 4894.14208984375 7173.61865234375 5415.32080078125 5780.08935546875 5234.2080078125 7046.3359375 7059.4775390625 7817.43017578125 9503.8076171875 8828.9873046875 8753.6748046875 9534.419921875 13040.63671875 14107.4443359375 12474.568359375 11628.3232421875 5484.38916015625 2800.7041015625 5357.50732421875 7942.38720703125 6481.31396484375 5275.5048828125 6225.3193359375 5287.43310546875 5324.64501953125 4649.95263671875 4105.603515625 6366.51611328125 8923.6767578125 8082.24755859375 8265.373046875
7645.1279296875 8896.0478515625 11497.7880859375 24666.666015625 24332.607421875 23977.0390625 18891.10546875 17529.36328125 9384.208984375 12237.158203125 10997.67578125 14689.1123046875 18990.04296875 19388.830078125 15494.8857421875 17489.765625 9113.4541015625 1241.37841796875 770.26397705078125 1285.231201171875 2826.01806640625 4228.849609375 4914.298828125 7023.15283203125 4555.95556640625 6513.9833984375 6082.876953125 7668.98974609375 9132.4296875 10593.16796875 9591.2626953125 9054.912109375 7994.4287109375 14485.4150390625 14673.8466796875 15130.859375 11292.16015625 10500.220703125 5718.00390625 5932.333984375 7488.33544921875 5911.4873046875 4141.99267578125 4835.2470703125 5456.3251953125 4698.77197265625 3941.1328125 4494.9169921875 5904.99365234375 6111.39599609375 6391.2919921875 6199.150390625
5555.88525390625 8518.333984375 11997.5927734375 17306.56640625 29375.41796875 26218.58203125 22587.5078125 13153.9296875 16693.359375 16838.28515625 16508.65234375 14367.62890625 20073.734375 24177.865234375 22335.8984375 19441.203125 11583.662109375 3025.6240234375 980.32025146484375 1747.414794921875 3297.6357421875 4552.91455078125 7340.48828125 6964.6259765625 6801.64892578125 4562.6279296875 6547.62646484375 6792.30908203125 8718.4189453125 8411.228515625 9281.380859375 8787.3486328125 11698.5712890625 12372.48828125 16596.576171875 12866.9521484375 15983.298828125 13241.63671875 12661.005859375 6582.3955078125 9424.1328125 6555.9736328125 5479.6318359375 4329.98486328125 5198.33154296875 4351.6650390625 3933.54296875 5038.69091796875 5426.2177734375 5879.841796875 4892.45703125 5751.33447265625
10239.490234375 7366.9228515625 16654.197265625 19137.71875 19856.29296875 26306.09765625 18908.25 20976.265625 17336.81640625 16905.578125 19810.94921875 17959.658203125 15242.6943359375 21265.392578125 24276.017578125 15349.4833984375 8365.2470703125 3875.8115234375 1031.9669189453125 2107.59912109375 3605.900390625 7204.07421875 6861.99365234375 7044.630859375 7450.06005859375 7555.8515625 4454.73828125 5951.87109375 5375.26708984375 6650.1494140625 7598.88525390625 9877.1162109375 8689.77734375 10419.7861328125 11133.9169921875 17399.681640625 15296.3388671875 13858.6767578125 8489.4873046875 12803.888671875 11132.703125 9201.349609375 5724.37109375 4315.68994140625 4489.2236328125 4687.75439453125 4859.76416015625 4681.19482421875 5601.60986328125 5337.43896484375 5917.0615234375 3388.14013671875
20251.99609375 19973.37890625 17830.455078125 20284.259765625 20899.47265625 16740.59375 16560.24609375 14208.2373046875 16910.45703125 17648.10546875 17127.736328125 16517.8671875 15349.03515625 12721.16796875 15441.2275390625 10530.240234375 6459.69140625 2086.683349609375 647.3792724609375 1487.2044677734375 2966.085693359375 5373.31298828125 7015.6259765625 6546.193359375 7008.5126953125 4537.53955078125 4532.29345703125 4008.531982421875 4247.6259765625 4932.904296875 4961.2080078125 4159.32763671875 9098.689453125 8213.7626953125 13595.650390625 8488.7568359375 12947.6923828125 10210.2021484375 14097.0302734375 11641.9794921875 11852.34765625 10754.8173828125 12223.0205078125 6379.91259765625 4496.1982421875 3893.46484375 4077.94775390625 4384.16748046875 4422.1416015625 5269.701171875 3599.727294921875 3896.717041015625
41575.328125 39620.4609375 28164.71484375 24231.150390625 21200.23046875 15900.84765625 8194.029296875 8773.89453125 12714.9951171875 15444.35546875 10268.052734375 9631.9794921875 13255.2919921875 8602.806640625 8543.181640625 6657.384765625 1774.91015625 140.0194091796875 nan 848.55865478515625 3426.010986328125 4348.04736328125 5495.54150390625 7105.76953125 3993.26171875 4299.287109375 4018.565185546875 4253.8173828125 4148.70654296875 4360.078125 3061.176025390625 4566.716796875 7096.7763671875 9993.263671875 5311.833984375 7341.61865234375 8045.4853515625 11093.8603515625 7898.01513671875 10420.005859375 11518.421875 16515.884765625 12846.701171875 12308.5859375 8473.9541015625 4916.7001953125 2981.357177734375 3698.712158203125 4224.53564453125 3650.347412109375 3718.359130859375 6525.96728515625
43892.76953125 49946.43359375 40543.328125 26513.865234375 17943.150390625 8529.185546875 5728.412109375 3772.677734375 5357.2939453125 6445.1650390625 5350.947265625 8200.5380859375 7736.0625 10883.00390625 6635.3388671875 3431.669677734375 251.06134033203125 nan nan 1356.279052734375 2756.95947265625 3863.45166015625 5317.19287109375 5953.7900390625 4776.27880859375 4250.2333984375 4088.3837890625 3834.533203125 4216.22412109375 4040.439453125 4865.75244140625 5950.83984375 8288.521484375 8505.3212890625 7016.736328125 5187.27685546875 7537.71826171875 5313.41455078125 6433.2421875 7770.154296875 17046.595703125 15390.361328125 15563.716796875 16276.8837890625 14775.2666015625 7479.20068359375 4467.7333984375 3325.798095703125 3576.1376953125 3446.9931640625 7571.1103515625 6908.35498046875
54357.9921875 39388.24609375 37612.296875 23824.8671875 15060.7109375 8302.166015625 2140.665771484375 1489.95263671875 706.2752685546875 988.30572509765625 4348.42919921875 4607.6171875 9182.32421875 11600.9296875 10175.8935546875 3201.555908203125 701.70599365234375 nan nan nan 2196.686767578125 5504.71728515625 4853.81298828125 4357.55126953125 4692.56591796875 3993.304443359375 3106.2197265625 3465.25439453125 4662.25 5232.296875 6703.18994140625 9022.8525390625 8988.8916015625 11047.4873046875 8296.826171875 6039.595703125 4107.50732421875 5673.48779296875 5985.57568359375 8101.3466796875 13091.7607421875 18420.24609375 20004.40234375 18106.185546875 12354.4267578125 10666.603515625 7677.880859375 5426.2607421875 4440.9375 6180.3681640625 6532.69921875 9342.29296875
41935.94140625 40184.4765625 23472.763671875 18614.10546875 20755.638671875 8244.521484375 2408.086181640625 nan nan nan 5062.1318359375 7614.06201171875 10496.2451171875 13298.8173828125 11107.2802734375 5944.4453125 1556.0174560546875 nan nan 268.389556884765625 2373.798095703125 5376.4912109375 5720.74951171875 4478.92138671875 3683.088623046875 2398.8173828125 2287.414306640625 3558.79638671875 4441.88623046875 5570.041015625 8590.484375 10441.751953125 13074.3291015625 10547.513671875 8044.27978515625 5894.46630859375 5377.06591796875 4417.57666015625 6627.0458984375 9442.109375 13914.7998046875 13853.36328125 18131.240234375 15068.0283203125 13434.52734375 10568.9033203125 7247.33837890625 5164.07470703125 6675.03857421875 6456.99560546875 7850.63134765625 8420.7431640625
44087.19921875 24078.916015625 20206.576171875 23739.103515625 27320.08984375 14807.8818359375 4065.964111328125 nan nan 5062.1318359375 11550.833984375 11227.078125 13419.5 13649.46875 12069.0556640625 8448.109375 1730.2288818359375 nan 268.389556884765625 2048.8603515625 3005.71142578125 5046.1953125 6849.833984375 7386.2822265625 3371.317138671875 2057.374755859375 1875.8267822265625 2279.2900390625 3513.41796875 6933.73779296875 8613.5029296875 11145.705078125 11778.5888671875 10729.6181640625 9186.1337890625 9019.1240234375 5442.6689453125 6625.97119140625 6082.94677734375 9647.953125 10429.2685546875 13304.013671875 13408.6884765625 12947.39453125 10022.5830078125 7777.7255859375 6396.19677734375 5859.1943359375 4890.4453125 5671.8681640625 5673.48291015625 8169.56396484375
33353.43359375 27460.6015625 22628.7109375 27187.2578125 29859.78515625 19537.015625 8604.6591796875 700.9466552734375 4809.6376953125 11715.9697265625 13735.060546875 16571.466796875 18206.46484375 15176.333984375 11549.931640625 7088.48583984375 3415.221923828125 42.587398529052734375 185.62066650390625 1409.4681396484375 4982.67529296875 6647.50439453125 8136.47216796875 7406.31787109375 5392.3583984375 3239.620361328125 1666.531982421875 1959.93505859375 2844.44873046875 4105.61767578125 6212.43603515625 8480.7607421875 10976.8896484375 11880.390625 12008.16015625 8985.6103515625 10845.2607421875 7429.45947265625 7099.34765625 5792.30517578125 9043.775390625 11162.998046875 10092.1875 9703.8837890625 9037.4833984375 6413.8408203125 6436.87255859375 4396.20947265625 4219.43798828125 3622.22216796875 4552.91064453125 3624.90673828125
26968.60546875 16662.970703125 27116.11328125 31270.3046875 29153.330078125 24125.404296875 9651.0791015625 2381.229248046875 5373.33203125 12203.8359375 16536.71875 19215.263671875 15020.287109375 13065.0126953125 11346.3134765625 5648.9326171875 3337.6572265625 3028.84912109375 777.41668701171875 1062.88134765625 3050.0234375 7344.49658203125 8777.5771484375 7686.24462890625 6115.95166015625 4020.168701171875 4011.978271484375 2525.295654296875 3303.65966796875 2344.956298828125 2999.00830078125 5915.1025390625 11498.4296875 16077.9150390625 15457.1787109375 13739.681640625 11841.8203125 11542.9609375 7285.9912109375 8074.88525390625 7402.345703125 8338.2392578125 10371.9560546875 10360.408203125 9724.55078125 7849.61767578125 5326.96044921875 6445.43505859375 3525.41845703125 3246.886962890625 2989.83349609375 2796.2412109375
20607.56640625 20749.349609375 27790.224609375 31242.34375 28036.53515625 17807.87890625 11182.9189453125 5472.6572265625 6208.33154296875 11336.884765625 16040.201171875 14365.6484375 10023.2236328125 12867.7353515625 10429.6640625 6137.025390625 6534.59130859375 6852.3623046875 7338.5498046875 6114.6064453125 2759.9921875 5995.0078125 7751.15234375 7941.6474609375 5802.0849609375 5860.05517578125 6204.3564453125 5657.95068359375 4260.64599609375 3617.9267578125 4257.5625 9609.0771484375 11247.701171875 14183.4521484375 17268.40234375 18001.40625 14489.466796875 9962.7509765625 10337.1806640625 7403.49267578125 6978.505859375 9311.5400390625 12168.212890625 11948.9208984375 9562.2529296875 7901.22412109375 8311.4052734375 6594.58154296875 9803.251953125 2825.7919921875 2919.582275390625 3217.00390625
28341.154296875 31086.083984375 24420.01171875 25707.23828125 27284.724609375 14169.515625 8956.4921875 11212.15625 10244.5537109375 9702.146484375 12713.0673828125 8627.78515625 11948.8154296875 11059.6142578125 9159.33203125 10074.634765625 12495.478515625 15319.3974609375 17059.720703125 17877.32421875 9194.4990234375 4853.19482421875 6026.79052734375 6656.26953125 6893.7490234375 6885.728515625 8522.484375 7991.29248046875 6979.9306640625 6983.6865234375 8210.7646484375 9554.4326171875 13977.93359375 14486.5126953125 15795.513671875 14288.2236328125 11374.560546875 11462.8046875 8952.52734375 8916.0205078125 9678.1015625 8591.3046875 10021.6767578125 11190.7587890625 9604.603515625 9218.2255859375 6550.990234375 9977.9189453125 8326.2373046875 8344.8388671875 2937.8642578125 3074.44580078125
26088.783203125 29006.45703125 26148.96484375 20788.98046875 19622.35546875 10927.0107421875 12001.0244140625 16494.86328125 15367.59375 8706.091796875 7357.78466796875 9611.025390625 10405.662109375 11197.7373046875 11595.6298828125 12255.1591796875 18336.173828125 24870.740234375 26147.71484375 20200.63671875 16680.5 9998.9892578125 5385.22265625 5427.7734375 5147.830078125 7199.9912109375 7558.39404296875 9766.025390625 10597.2158203125 10130.6884765625 9094.697265625 10355.197265625 12544.3466796875 16365.9560546875 11781.4345703125 10119.6611328125 8585.34765625 8923.9052734375 9799.4384765625 8369.279296875 8232.583984375 8468.1318359375 8765.62109375 10366.123046875 7599.0263671875 4792.29150390625 11442.8115234375 8293.1845703125 8994.1728515625 7957.4130859375 6595.04345703125 3505.767822265625
23462.365234375 20566.228515625 28339.53125 19807.603515625 15528.837890625 10740.0693359375 11522.3701171875 16105.58984375 17798.67578125 13153.8837890625 6763.3486328125 6468.53271484375 8738.2509765625 12473.087890625 18989.986328125 15593.6435546875 14194.9169921875 26105.662109375 28453.41796875 27000.966796875 15144.001953125 8238.8671875 4694.6982421875 3843.922607421875 5221.73681640625 6367.9833984375 6933.31884765625 8038.5126953125 8559.9287109375 9023.232421875 12068.015625 10493.470703125 10659.1005859375 9411.19140625 10702.44921875 9468.177734375 10289.939453125 8314.474609375 9651.033203125 8247.6337890625 7616.689453125 7427.63623046875 8978.6884765625 7909.8740234375 6829.80029296875 7021.2080078125 5835.73828125 11867.7626953125 8292.03125 8517.1337890625 4388.923828125 3790.970703125
18962.701171875 21791.423828125 16825.240234375 18363.716796875 10043.138671875 9082.580078125 12447.30859375 13447.3876953125 11950.5263671875 10225.0419921875 6158.0498046875 5199.14697265625 9984.9638671875 16466.3203125 17139.642578125 16607.3671875 19969.69921875 18207.412109375 27256.025390625 22589.7421875 15426.18359375 5340.51171875 3192.470703125 4458.0283203125 6116.92333984375 6339.65478515625 7582.42041015625 5378.01708984375 6184.76171875 7470.46044921875 8495.0048828125 8904.54296875 7783.92431640625 8797.650390625 7468.36181640625 10411.7685546875 10230.087890625 10545.0146484375 8324.080078125 8133.38916015625 6087.29052734375 5828.2802734375 6894.0107421875 7254.6064453125 8146.0537109375 6770.23486328125 9399.908203125 8596.7021484375 11423.8017578125 6390.6044921875 7492.3984375 5507.10546875
