ForecastVariables/BuildingFootprint_Mean_500m/BuildingFootprintMean_Focal_Random5.asc
ncols        529
nrows        344
xllcorner    2700.000000000000
yllcorner    15900.000000000000
cellsize     100.000000000000
NODATA_value  nan
[rows 253 to 275 of 344, columns 156 to 207 of 529]
nan nan nan nan nan nan nan nan nan nan nan nan nan nan nan nan nan nan nan nan nan nan nan nan nan nan nan nan nan nan nan nan nan nan nan nan nan nan nan nan nan nan nan nan nan nan nan nan nan nan nan nan
nan nan nan nan nan nan nan nan nan nan nan nan nan nan nan nan nan 27.83155059814453125 341.615020751953125 123.95635223388671875 917.259033203125 nan nan nan nan nan nan nan nan nan nan nan nan nan nan nan nan nan nan nan nan nan nan nan nan nan nan nan nan nan nan nan
nan nan nan nan nan nan nan nan nan nan nan nan nan nan nan nan 27.83155059814453125 369.446563720703125 707.1153564453125 1608.7432861328125 1306.42919921875 1274.6875 nan nan nan nan nan nan nan nan nan nan nan nan nan nan nan nan nan nan nan nan nan nan nan nan nan nan nan nan nan nan
nan nan nan nan nan nan nan nan nan nan nan nan nan nan nan 27.83155059814453125 861.189208984375 707.1153564453125 1850.287353515625 2192.348876953125 2552.806640625 2150.106201171875 1274.6875 nan nan nan nan nan nan nan nan nan nan nan nan nan nan nan nan nan nan nan nan nan nan nan nan nan nan nan nan nan
nan 820.71612548828125 nan nan nan nan nan nan nan nan nan nan nan nan nan 491.74261474609375 1500.2315673828125 1300.8145751953125 1275.08984375 2843.36669921875 2988.00048828125 2573.48388671875 1293.5118408203125 357.428436279296875 nan nan nan nan nan nan nan nan nan nan nan nan nan nan nan nan nan nan nan nan nan nan nan nan nan nan nan nan
820.71612548828125 988.52679443359375 820.71612548828125 nan nan nan nan nan nan nan nan 16.556613922119140625 167.8497161865234375 16.402790069580078125 491.74261474609375 1258.6875 1258.6875 1577.0792236328125 1671.251708984375 1713.3128662109375 2650.33154296875 1691.7806396484375 1476.3997802734375 973.0284423828125 0.0013638611417263746262 nan nan nan nan nan nan nan nan nan nan nan nan nan nan nan nan nan nan nan nan nan nan nan nan nan nan nan
988.52679443359375 988.52679443359375 988.52679443359375 820.71612548828125 nan nan nan nan nan nan 114.496856689453125 203.635528564453125 471.89642333984375 216.6522216796875 783.34771728515625 1258.6875 1258.6875 1258.6875 1057.505126953125 624.181640625 1334.3521728515625 1476.3997802734375 1099.7091064453125 613.46185302734375 486.781158447265625 21.448835372924804688 992.02496337890625 nan nan nan nan nan nan nan nan nan nan nan nan nan nan nan nan nan nan nan nan nan nan nan nan nan
988.52679443359375 988.52679443359375 988.52679443359375 167.8106842041015625 nan 82.44062042236328125 8.0168313980102539062 nan nan 114.496856689453125 508.64630126953125 628.76495361328125 918.471435546875 504.296142578125 216.6522216796875 783.34771728515625 1258.6875 766.9449462890625 745.8302001953125 76.8477020263671875 448.101715087890625 1099.7091064453125 613.46185302734375 613.46185302734375 898.5499267578125 1477.852294921875 1272.621826171875 992.02496337890625 nan nan nan nan nan nan nan nan nan nan nan nan nan nan nan nan nan nan nan nan nan nan nan nan
167.8106842041015625 1335.068359375 175.99267578125 nan 133.441192626953125 1177.4600830078125 1624.296875 8.0168313980102539062 97.94023895263671875 324.239959716796875 651.5830078125 1246.778564453125 1056.11083984375 901.91485595703125 319.88983154296875 32.399723052978515625 766.9449462890625 745.8302001953125 996.86407470703125 745.8302001953125 nan 126.680694580078125 613.46051025390625 898.5499267578125 1928.9097900390625 1884.96044921875 1434.8402099609375 1272.6204833984375 992.02496337890625 nan nan nan nan nan nan nan nan nan nan nan nan nan nan nan nan nan nan nan nan nan nan nan
680.6259765625 711.8922119140625 356.61712646484375 141.6231689453125 1415.138671875 2925.343017578125 3247.915771484375 1849.77099609375 215.0873565673828125 344.709869384765625 758.88519287109375 1071.4053955078125 1132.28173828125 754.5350341796875 427.3458251953125 nan 745.8302001953125 996.86407470703125 996.86407470703125 996.86407470703125 745.8302001953125 nan 574.9422607421875 915.43603515625 895.7314453125 1887.7550048828125 1884.9591064453125 1413.3927001953125 259.14801025390625 99.7582550048828125 nan nan nan nan nan nan nan nan nan nan nan nan nan nan nan nan nan nan nan nan nan nan
1272.9910888671875 1327.4332275390625 1025.62060546875 1681.29833984375 4789.67431640625 4553.42578125 3703.595947265625 3860.09716796875 1759.3134765625 403.49114990234375 369.586151123046875 989.230712890625 730.60882568359375 618.83441162109375 261.235595703125 nan 251.03387451171875 996.86407470703125 996.86407470703125 996.86407470703125 251.03387451171875 nan 2.7958991527557373047 452.91485595703125 615.13458251953125 895.73004150390625 1418.0458984375 261.00537109375 99.7582550048828125 416.20751953125 330.75335693359375 267.0096435546875 nan nan nan nan nan nan nan nan nan nan nan nan nan nan nan nan nan nan nan nan
2339.039794921875 2150.9033203125 1942.756103515625 2706.2880859375 4609.9931640625 7400.12939453125 5164.83984375 2944.282958984375 2580.8837890625 933.7044677734375 731.77691650390625 729.96624755859375 914.720458984375 477.6004638671875 452.72418212890625 261.235595703125 nan 251.03387451171875 996.86407470703125 251.03387451171875 nan nan nan 2.7958991527557373047 452.91485595703125 166.87298583984375 261.00537109375 99.7582550048828125 416.20751953125 647.20263671875 914.2122802734375 3554.89599609375 267.0096435546875 nan nan nan nan nan nan nan nan nan nan nan nan nan nan nan nan nan nan nan
2419.24951171875 2624.2958984375 3004.376708984375 3648.349365234375 4364.8837890625 6012.076171875 6496.22607421875 3535.905517578125 2547.36376953125 2609.136474609375 1373.621337890625 1499.2838134765625 1142.9913330078125 756.1336669921875 452.72418212890625 452.72418212890625 261.235595703125 nan 251.03387451171875 nan nan nan 583.75091552734375 1119.0714111328125 588.34381103515625 1.8573578596115112305 nan 316.44927978515625 647.20263671875 914.2122802734375 3871.34521484375 3836.603759765625 3455.1376953125 267.0096435546875 nan nan nan nan nan nan nan nan nan nan nan nan nan nan nan nan nan nan
1657.8577880859375 1316.81298828125 879.39495849609375 3043.21142578125 3740.103759765625 3732.63134765625 4051.08935546875 3320.609375 2339.797607421875 2198.560546875 2923.077392578125 1598.30810546875 1277.9869384765625 814.70556640625 452.72418212890625 261.235595703125 nan nan nan nan nan 583.75091552734375 1702.822265625 3167.1357421875 2378.93701171875 1022.47705078125 534.9793701171875 nan 316.44927978515625 3604.335693359375 3836.603759765625 3520.154296875 3289.159423828125 3274.080078125 354.15765380859375 nan nan nan nan nan nan nan nan nan nan nan nan nan nan nan nan nan
251.4363861083984375 447.3736572265625 428.644866943359375 1.4828010797500610352 2614.566650390625 1875.9376220703125 985.82916259765625 1656.4434814453125 1640.158447265625 2257.6865234375 1270.0223388671875 1086.498291015625 783.0888671875 612.5960693359375 261.235595703125 nan nan nan nan nan 583.75091552734375 1702.822265625 3167.1357421875 3841.45361328125 5335.4130859375 4008.982421875 2130.8427734375 534.9793701171875 nan 565.07427978515625 3385.416259765625 3289.159423828125 3578.33056640625 971.6751708984375 1089.0089111328125 354.15765380859375 nan nan nan nan nan nan nan nan nan nan nan nan nan nan nan nan
nan nan nan nan 1.4828010797500610352 935.595703125 34.07074737548828125 nan 1153.2249755859375 486.933502197265625 421.107452392578125 783.0888671875 421.107452392578125 nan nan nan nan nan nan nan nan 1462.5164794921875 3255.90576171875 5335.4130859375 5944.7783203125 5399.09326171875 2877.74951171875 1545.294921875 718.5877685546875 494.18804931640625 630.00689697265625 4016.539306640625 1702.6531982421875 2060.672607421875 2486.83251953125 1208.067626953125 354.15765380859375 nan nan nan nan nan nan nan nan nan nan nan nan nan nan nan
nan nan nan nan nan nan nan nan nan nan nan 421.107452392578125 nan nan nan nan nan nan nan nan nan nan 2519.546630859375 4387.32177734375 4864.11376953125 3934.77978515625 3260.4619140625 1950.1109619140625 1067.574462890625 756.7884521484375 1438.37841796875 2134.177978515625 2843.00634765625 5529.18798828125 3368.889892578125 3087.09130859375 1058.9144287109375 nan nan nan nan nan nan nan nan nan nan nan nan nan nan nan
nan nan nan nan nan nan nan nan nan nan nan nan nan nan nan nan nan nan nan nan nan nan nan 1935.795654296875 2389.48486328125 2725.482421875 1766.502685546875 751.6947021484375 624.51702880859375 1212.6343994140625 2071.230224609375 2739.065185546875 5994.08203125 5980.07080078125 5917.1015625 3543.095947265625 2734.349853515625 641.01025390625 nan nan nan nan nan nan nan nan nan nan nan nan nan nan
nan nan nan nan nan nan nan nan nan nan nan nan nan nan nan nan nan nan nan nan nan nan nan nan 1057.0301513671875 658.13677978515625 573.386474609375 13.489922523498535156 341.706939697265625 1141.27734375 1659.850830078125 4216.13134765625 4727.9970703125 6171.453125 5710.75341796875 4770.2802734375 1636.0137939453125 1453.0213623046875 521.9515380859375 nan nan nan nan nan nan nan nan nan nan nan nan nan
nan nan nan nan nan nan nan nan nan nan nan nan nan nan nan nan nan nan nan nan nan nan nan nan nan nan nan nan 148.6395111083984375 534.2908935546875 1397.4097900390625 1793.9024658203125 3644.3017578125 3309.470947265625 4836.50146484375 1977.1710205078125 1684.6063232421875 691.919189453125 132.9227447509765625 nan nan nan nan nan nan nan nan nan nan nan nan nan
nan nan nan nan nan nan nan nan nan nan nan nan nan nan nan nan nan nan nan nan nan nan nan nan nan nan nan nan nan 148.6395111083984375 342.492767333984375 984.900634765625 971.204833984375 2716.273193359375 405.090911865234375 1162.65478515625 886.4593505859375 364.507781982421875 37.04488372802734375 nan nan nan nan nan nan nan nan nan nan nan nan nan
nan nan nan nan nan nan nan nan nan nan nan nan nan nan nan nan nan nan nan nan nan nan nan nan nan nan nan nan nan nan 135.1495819091796875 57.434406280517578125 560.6146240234375 146.6170654296875 194.5401611328125 231.585052490234375 364.507781982421875 37.04488372802734375 nan nan nan nan nan nan nan nan nan nan nan nan nan nan
nan nan nan nan nan nan nan nan nan nan nan nan nan nan nan nan nan nan nan nan nan nan nan nan nan nan nan nan nan nan nan nan nan nan nan 194.5401611328125 37.04488372802734375 nan nan nan nan nan nan nan nan nan nan nan nan nan nan nan
