ForecastVariables/BuildingFootprint_Mean_500m/BuildingFootprintMean_Focal_Random3.asc
ncols        529
nrows        344
xllcorner    2700.000000000000
yllcorner    15900.000000000000
cellsize     100.000000000000
NODATA_value  nan
[rows 69 to 91 of 344, columns 156 to 207 of 529]
21542.94140625 19177.15234375 16797.890625 14639.82421875 12863.9111328125 12943.0205078125 19458.67578125 31420.173828125 25247.81640625 18047.8203125 14112.748046875 18430.57421875 21685.98828125 19561.33984375 16194.779296875 14937.658203125 14071.2724609375 14060.7548828125 6983.12646484375 2717.79931640625 nan nan nan nan nan 750.1241455078125 240.04345703125 2316.53076171875 nan nan nan nan nan nan nan nan nan nan nan nan nan nan nan nan nan nan nan 128.932708740234375 658.5460205078125 481.70367431640625 710.3525390625 152.14813232421875
19790.2578125 19412.107421875 18754.640625 17199.359375 14101.9716796875 14176.66796875 19000.939453125 23413.2890625 23481.974609375 12302.0361328125 16472.330078125 18783.845703125 16962.919921875 15318.03125 12061.0517578125 13298.2646484375 17843.453125 13478.79296875 10342.126953125 1194.9010009765625 nan nan nan nan nan nan nan nan nan nan nan nan nan nan nan nan nan nan nan nan nan nan nan nan nan nan 4834.3212890625 2169.556640625 803.415283203125 1586.0333251953125 1446.010498046875 710.3525390625
15944.607421875 15751.578125 15467.3603515625 14220.2236328125 12592.796875 14046.7958984375 14588.1943359375 19498.09375 16963.24609375 17925.544921875 13390.267578125 19326.517578125 14680.681640625 15465.86328125 13125.373046875 14980.7734375 13517.5068359375 13947.990234375 8946.36328125 5892.69873046875 nan nan nan nan nan nan nan nan nan nan nan nan nan nan nan nan nan nan nan nan nan nan 377.22216796875 nan nan 4705.388671875 9119.1123046875 8698.9892578125 3009.665283203125 3376.27978515625 2282.4140625 1493.6478271484375
8830.5888671875 10507.755859375 11051.0126953125 10183.48046875 9829.6279296875 8358.466796875 14557.8046875 14311.201171875 18790.15625 10574.8369140625 16271.71875 18620.384765625 20248.931640625 13944.419921875 12762.599609375 11024.693359375 14109.6181640625 12580.9423828125 6993.75732421875 2281.3486328125 2159.639404296875 nan nan nan nan nan nan nan nan nan nan nan nan nan nan nan nan nan nan nan nan 559.341552734375 530.21978759765625 611.2569580078125 4705.388671875 9173.48046875 11533.8408203125 13332.947265625 11489.966796875 6560.07421875 3643.607177734375 8439.5439453125
8838.40625 9388.779296875 7908.50830078125 8603.7294921875 7671.9326171875 12226.044921875 9850.7451171875 10919.04296875 7757.22509765625 15381.1630859375 17627.515625 20229.712890625 24467.833984375 14553.2333984375 16656.802734375 13286.1240234375 11169.767578125 9089.4462890625 3644.888916015625 2168.86572265625 nan nan nan nan nan nan nan nan nan nan nan nan nan nan nan nan nan nan nan nan 559.341552734375 928.49212646484375 1114.4248046875 764.254638671875 3568.33837890625 10269.37109375 13567.8935546875 15176.208984375 12569.72265625 7679.1875 12008.849609375 10442.5517578125
11390.8779296875 9432.6455078125 8475.5234375 7911.486328125 9061.302734375 7506.08447265625 10786.2099609375 7827.4208984375 8234.328125 6360.87255859375 17652.22265625 23326.189453125 28765.615234375 28406.09765625 15465.119140625 15218.3818359375 9165.2900390625 6519.7060546875 3099.98388671875 338.22406005859375 nan nan nan nan nan nan nan nan nan nan nan nan nan nan nan nan nan nan nan 182.119354248046875 551.26995849609375 1330.5777587890625 1419.8619384765625 1425.7349853515625 1353.39697265625 5633.6826171875 12560.740234375 11155.193359375 9024.7275390625 12404.7021484375 11899.890625 11967.15234375
10790.3857421875 10090.2392578125 9841.3056640625 10642.96875 8699.9619140625 8058.892578125 5582.185546875 9815.3271484375 4925.4482421875 9484.0244140625 20869.7578125 26784.9921875 29447.140625 28255.86328125 27538.208984375 13771.318359375 14501.44921875 5771.39111328125 2807.02587890625 nan nan nan nan nan nan nan nan nan nan nan nan nan nan nan nan nan nan nan nan 216.1529693603515625 566.3231201171875 808.60491943359375 1419.8619384765625 860.5203857421875 713.3958740234375 966.57550048828125 5685.66064453125 5660.1884765625 5978.546875 5733.56298828125 9973.5302734375 10035.0478515625
11223.072265625 10265.857421875 8799.6201171875 8156.14453125 9983.818359375 7851.54638671875 6866.658203125 4336.85107421875 6532.25634765625 9696.49609375 14007.5234375 25322.064453125 24056.33984375 27816.439453125 20907.56640625 21669.3984375 10669.6728515625 8983.5478515625 2222.235107421875 428.802032470703125 nan nan nan nan nan nan nan nan nan nan nan nan nan nan nan nan nan nan nan nan 305.4371337890625 655.6072998046875 626.48553466796875 491.369781494140625 89.28415679931640625 311.310272216796875 655.2652587890625 2741.31005859375 2533.6923828125 5075.478515625 4316.52880859375 8155.294921875
10019.5595703125 9201.3056640625 9306.05859375 8268.064453125 8330.888671875 8191.83935546875 5020.65576171875 6627.14697265625 6881.71142578125 9975.017578125 9105.2666015625 13237.7470703125 24381.44140625 18323.763671875 25331.783203125 17251.943359375 15833.5048828125 12097.9951171875 5246.94482421875 1418.02294921875 nan nan nan nan nan nan nan nan nan nan nan nan nan nan nan nan nan nan nan nan nan 305.4371337890625 257.3349609375 89.28415679931640625 nan nan 540.45477294921875 902.68975830078125 1600.3973388671875 3313.896728515625 4096.095703125 2513.3828125
9728.05078125 10582.03125 10203.1640625 9290.5966796875 7717.666015625 6839.943359375 6895.845703125 6371.00732421875 9995.03515625 9662.4794921875 15793.798828125 10066.7666015625 15067.07421875 19628.17578125 18156.431640625 21501.59765625 20182.99609375 16580.01171875 7908.291015625 871.78094482421875 nan nan nan nan nan nan nan nan nan nan nan nan nan nan nan nan nan nan nan nan nan nan 89.28415679931640625 nan nan nan 313.889678955078125 1014.8271484375 1288.1737060546875 1540.2950439453125 2170.48291015625 2387.623046875
11836.7392578125 11377.62109375 10095.533203125 9100.9697265625 7896.2841796875 7390.9326171875 7473.537109375 8233.5625 11038.6982421875 16603.05078125 23210.287109375 13629.3193359375 10756.984375 14855.9072265625 18542.931640625 21013.4609375 20279.50390625 12522.6005859375 7594.3173828125 4864.654296875 nan nan nan nan 413.99884033203125 30.813070297241210938 nan nan nan nan nan nan nan nan nan nan nan nan nan nan nan nan nan nan nan nan nan 313.889678955078125 1014.8271484375 747.718994140625 510.48614501953125 1285.564208984375
12886.603515625 10579.21484375 10793.69140625 9724.3232421875 7366.14599609375 7035.04052734375 7318.1357421875 9832.63671875 16035.1728515625 22940.892578125 25796.931640625 20395.33203125 14086.0361328125 14556.62109375 15141.9091796875 16993.837890625 15254.125 14548.46484375 9235.60546875 1728.887939453125 nan nan nan 413.99884033203125 444.811920166015625 444.811920166015625 30.813070297241210938 nan nan nan nan nan nan nan nan nan nan nan nan nan nan nan nan nan nan nan nan nan 313.889678955078125 160.4826812744140625 225.212249755859375 0.48732173442840576172
12029.546875 11951.458984375 10166.6689453125 9188.90625 8800.2880859375 8469.91015625 9334.236328125 9483.8408203125 17804.619140625 24775.84765625 24199.34375 25134.494140625 17347.279296875 14171.689453125 16942.03125 16013.06640625 13532.7021484375 14293.3779296875 7314.32763671875 2305.793212890625 nan nan 413.99884033203125 444.811920166015625 444.811920166015625 444.811920166015625 444.811920166015625 30.813070297241210938 nan nan nan nan nan nan nan nan nan nan nan nan nan nan nan nan nan nan nan nan nan nan nan nan
10565.4755859375 11220.2578125 10801.041015625 9248.19921875 11215.912109375 11008.318359375 9239.3134765625 9804.9501953125 11156.095703125 20942.51953125 23800.1796875 22150.99609375 18168.166015625 14765.130859375 17009.20703125 16055.5625 15792.0927734375 13626.822265625 6755.115234375 2155.64892578125 nan nan nan 413.99884033203125 444.811920166015625 444.811920166015625 305.06787109375 1.9377897977828979492 nan nan nan nan nan nan nan nan nan nan nan nan nan nan 160.637054443359375 59.16986846923828125 nan nan nan nan nan nan nan nan
8277.9775390625 10355.1376953125 7965.8623046875 10024.015625 10391.7822265625 9792.5029296875 9401.6865234375 7445.7783203125 8027.091796875 10544.8701171875 18047.83984375 13115.5849609375 12230.880859375 14023.8310546875 14825.625 13919.140625 11420.45703125 9356.05078125 5129.3447265625 2986.44482421875 821.501220703125 nan nan nan 413.99884033203125 305.06787109375 276.19256591796875 276.19256591796875 1.9377897977828979492 nan nan nan nan nan nan nan nan nan nan nan nan 160.637054443359375 325.962249755859375 401.3189697265625 59.16986846923828125 nan nan nan nan nan nan nan
10656.7119140625 7617.63232421875 8606.904296875 8236.7548828125 9107.0244140625 8798.0224609375 6965.08544921875 5074.46533203125 2666.7783203125 3797.1845703125 8047.47900390625 7715.25244140625 7029.15283203125 9302.5380859375 7638.71630859375 5847.1376953125 4894.60888671875 5236.474609375 2986.44482421875 821.501220703125 nan nan nan nan 274.254791259765625 276.19256591796875 276.19256591796875 276.19256591796875 276.19256591796875 1.9377897977828979492 nan nan nan nan nan nan nan nan nan nan 160.637054443359375 325.962249755859375 507.47430419921875 507.47430419921875 401.3189697265625 59.16986846923828125 nan nan nan nan nan nan
8734.3359375 8126.14990234375 8633.708984375 9377.9658203125 7807.52880859375 7401.34130859375 5404.82421875 2845.824462890625 1822.528564453125 402.392669677734375 4654.7734375 6974.3046875 6410.7109375 6614.705078125 2844.611572265625 2130.20703125 915.8822021484375 2272.073486328125 928.6312255859375 nan nan nan nan nan nan 274.254791259765625 276.19256591796875 276.19256591796875 1.9377897977828979492 nan nan nan nan nan nan nan nan nan nan nan 106.15533447265625 448.304443359375 507.47430419921875 507.47430419921875 346.837249755859375 181.5120391845703125 nan nan nan nan nan nan
9204.84765625 9254.970703125 14672.54296875 6258.345703125 7931.26513671875 7410.3427734375 5003.75244140625 2647.49267578125 1712.371826171875 2828.09228515625 6319.56005859375 8336.1435546875 9254.1357421875 8042.81982421875 3423.58056640625 2915.60888671875 445.153289794921875 107.129974365234375 107.129974365234375 107.129974365234375 nan nan nan nan nan nan 274.254791259765625 1.9377897977828979492 nan nan nan nan nan nan nan nan nan nan nan nan nan 106.15533447265625 448.304443359375 346.837249755859375 181.5120391845703125 nan nan nan nan nan nan nan
8279.41796875 15396.7333984375 13263.98828125 11994.064453125 6764.93359375 6719.67236328125 5069.8359375 3463.5927734375 1838.638671875 4069.2763671875 7576.05859375 9985.328125 11292.04296875 9829.7099609375 5282.91064453125 606.24090576171875 107.129974365234375 107.129974365234375 107.129974365234375 503.47467041015625 549.281494140625 265.929351806640625 1289.1322021484375 186.6403350830078125 459.784576416015625 115.3374176025390625 955.376953125 675.6160888671875 696.23876953125 166.8028564453125 nan nan 2722.496337890625 nan nan nan nan nan nan nan nan nan 106.15533447265625 181.5120391845703125 nan nan nan nan nan nan nan nan
14355.0556640625 13793.7314453125 12275.416015625 12754.830078125 10965.4443359375 5363.1845703125 5794.830078125 3871.4248046875 3565.85400390625 3482.925048828125 7172.27099609375 11837.814453125 10405.83203125 7962.9345703125 4884.64404296875 3186.81689453125 698.85858154296875 1141.9434814453125 1284.1417236328125 1746.1619873046875 2824.454833984375 3171.506591796875 7432.8349609375 2738.599365234375 1797.463134765625 2003.04931640625 2065.49853515625 2568.42431640625 2010.470458984375 1563.635009765625 1100.6162109375 3899.10107421875 2889.406982421875 3137.67236328125 88.60064697265625 nan nan nan nan nan nan nan nan nan nan nan nan nan nan nan nan nan
6832.279296875 12709.828125 11528.8037109375 10015.3095703125 4377.4482421875 4290.859375 4587.7734375 3608.005859375 3922.701416015625 4412.1279296875 5743.54638671875 8288.3447265625 7136.283203125 5801.11767578125 4504.265625 4834.19580078125 6323.6787109375 4104.49951171875 3609.687255859375 4700.6171875 6007.75732421875 11896.0634765625 10984.2958984375 10642.02734375 5571.11376953125 4804.87255859375 4640.75048828125 4041.034912109375 4556.5078125 3934.87890625 7308.9580078125 5317.7080078125 6331.8154296875 3509.173095703125 5233.3291015625 88.60064697265625 nan nan nan nan nan nan nan nan nan nan nan nan nan nan nan nan
3874.50634765625 3837.535888671875 8393.5546875 1740.499755859375 1967.7703857421875 2784.525634765625 2663.513427734375 3630.330810546875 3244.61962890625 5020.76416015625 6576.38427734375 3822.863525390625 4011.194091796875 5285.12744140625 5140.7734375 10563.904296875 11757.3818359375 9087.677734375 7150.625 7332.90087890625 13192.3349609375 14102.9521484375 15186.423828125 13446.853515625 11304.7841796875 6587 6205.431640625 6990.7333984375 6074.39404296875 6587.244140625 5672.12939453125 9029.7109375 9387.6318359375 8952.7744140625 7771.70751953125 2510.8330078125 88.60064697265625 nan nan nan nan nan nan nan nan nan nan nan nan nan nan nan
3249.2333984375 1204.0963134765625 1334.2242431640625 13.413464546203613281 492.84814453125 959.57012939453125 2791.364501953125 3244.61962890625 4555.34716796875 5627.1142578125 6105.5751953125 5193.6162109375 3371.05517578125 4295.2705078125 10395.6015625 13794.642578125 15493.9560546875 12639.0224609375 8875.2822265625 8648.1279296875 8391.30078125 14761.115234375 14429.51171875 13801.69140625 8667.5849609375 6970.88671875 6627.62353515625 6303.876953125 7257.95849609375 6669.78857421875 8586.63671875 8065.8701171875 11963.078125 12466.5244140625 10550.708984375 7189.62060546875 2007.05615234375 nan nan nan nan nan nan nan nan nan nan nan nan nan nan nan
