ForecastVariables/BuildingFootprint_Mean_500m/BuildingFootprintMean_Focal_Random3.asc
ncols        529
nrows        344
xllcorner    2700.000000000000
yllcorner    15900.000000000000
cellsize     100.000000000000
NODATA_value  nan
[rows 115 to 137 of 344, columns 208 to 259 of 529]
80.51068878173828125 nan nan nan nan 136.804901123046875 136.804901123046875 136.804901123046875 nan nan nan nan 254.924896240234375 nan nan nan nan nan nan nan 221.1082611083984375 730.61175537109375 730.61175537109375 730.61175537109375 1314.4600830078125 1093.351806640625 583.84832763671875 nan nan nan nan nan nan nan nan 274.765380859375 835.5673828125 1984.135986328125 7007.85986328125 10858.1796875 8773.98828125 8933.9609375 10388.736328125 8696.26953125 7087.5654296875 5389.37841796875 6028.80712890625 13543.2265625 7315.04833984375 10629.2099609375 8386.880859375 7115.2041015625
nan nan nan nan nan nan 136.804901123046875 nan nan nan nan nan nan nan nan nan nan nan nan nan nan 221.1082611083984375 730.61175537109375 1314.4600830078125 1093.351806640625 583.84832763671875 583.84832763671875 583.84832763671875 nan nan nan nan nan nan nan nan 1423.333984375 3373.96923828125 5761.92529296875 7740.8818359375 10032.6943359375 9715.93359375 9851.712890625 9601.732421875 7062.64794921875 12201.5322265625 5791.927734375 6020.20361328125 8328.103515625 5758.65478515625 4722.291015625 4223.8935546875
150.7191009521484375 nan nan nan nan nan nan nan nan nan nan nan nan nan nan nan nan nan nan nan nan nan 221.1082611083984375 509.50347900390625 583.84832763671875 583.84832763671875 583.84832763671875 nan nan nan nan nan nan nan nan 958.6168212890625 1183.10791015625 6547.029296875 6158.2998046875 6098.4677734375 7476.474609375 8308.9716796875 9207.98046875 10638.0830078125 16474.248046875 14156.958984375 12600.6572265625 5893.78125 5950.5361328125 3896.474853515625 3701.619384765625 3677.442138671875
nan nan nan nan nan nan nan nan nan nan nan nan nan nan nan nan nan nan nan nan nan nan nan nan nan 583.84832763671875 nan nan nan nan nan nan nan nan 1613.850341796875 1475.811767578125 4586.11376953125 5725.68115234375 8308.89453125 6015.52978515625 4951.7646484375 5376.50634765625 5740.5048828125 15535.1826171875 17491.51171875 16102.6103515625 12326.6337890625 12028.443359375 5927.8662109375 4293.89208984375 5539.9365234375 5381.48681640625
nan nan nan nan nan nan nan nan nan nan nan nan nan nan nan nan nan nan nan nan nan nan nan nan nan nan nan nan nan nan 867.05572509765625 237.7352752685546875 560.649169921875 2647.265625 3086.393310546875 4654.55615234375 5270.57763671875 7172.60498046875 8269.5380859375 7460.6220703125 3262.431396484375 3458.30322265625 6523.88232421875 6483.71630859375 15740.0830078125 12786.3037109375 13053.6728515625 8496.3759765625 7605.02001953125 7884.64794921875 7299.64111328125 10724.0068359375
nan nan nan nan nan nan nan nan nan nan nan nan nan nan nan nan nan nan nan nan nan nan nan nan nan nan nan nan nan 1156.68701171875 1602.1116943359375 2135.45849609375 2988.29736328125 4762.78759765625 5092.47021484375 5955.7138671875 8671.943359375 7099.857421875 7833.35009765625 5308.97802734375 4213.478515625 3351.423583984375 3801.8115234375 7237.810546875 6899.7890625 11928.5498046875 9300.470703125 7952.490234375 8473.0029296875 8818.1171875 10580.1689453125 18865.859375
nan nan nan nan nan nan nan nan nan nan nan nan nan nan nan nan nan nan nan nan nan nan nan nan nan nan nan nan 2960.115966796875 2562.629638671875 3670.76953125 4220.71875 7007.19140625 6415.74560546875 7390.091796875 8134.99951171875 6767.1494140625 8087.697265625 6774.892578125 5169.4453125 4140.48193359375 3220.338623046875 4542.52587890625 6963.78271484375 8436.68359375 10530.935546875 8243.138671875 9360.9814453125 8399.767578125 10315.2626953125 11629.2041015625 20477.48828125
nan nan nan nan nan nan nan nan nan nan nan nan nan nan nan nan nan nan nan nan nan 36.8765716552734375 4557.7236328125 1127.4278564453125 nan nan nan 2093.060302734375 4329.716796875 5914.23291015625 5640.1171875 7203.4775390625 7562.49267578125 8115.40283203125 9599 8103.57568359375 5544.30419921875 8149.69970703125 8155.78662109375 5075.63525390625 4702.2802734375 6288.41845703125 6584.2626953125 7496.1943359375 11187.5498046875 14935.224609375 11187.6474609375 10887.9775390625 11471.7236328125 11491.8955078125 19850.5390625 25962.75390625
nan nan nan nan nan nan nan nan nan nan nan nan nan nan nan nan nan nan nan nan 36.8765716552734375 4628.74658203125 8523.541015625 9332.10546875 1721.495849609375 481.4869384765625 1803.428955078125 3624.428466796875 7981.97900390625 7611.5380859375 9622.68359375 8435.7421875 7685.05224609375 7911.1884765625 8046.54296875 7131.22265625 7853.11376953125 7937.66650390625 7380.94091796875 6579.55517578125 6519.25830078125 5402.369140625 7018.40673828125 9997.5341796875 13452.8701171875 15316.015625 14025.4150390625 18520.177734375 12579.1845703125 16429.26953125 21835.998046875 22366.24609375
nan nan nan nan nan nan nan nan nan nan nan nan nan nan nan nan nan nan nan 36.8765716552734375 4628.74658203125 8740.8515625 12413.8779296875 16360.603515625 13923.6376953125 7372.7412109375 1631.5997314453125 6354.765625 9315.87890625 11260.63671875 8640.9921875 7408.0341796875 8538.3232421875 8202.853515625 7313.27880859375 6470.8740234375 8945.916015625 7630.59326171875 7389.43212890625 9291.9580078125 7430.126953125 6689.7939453125 7477.09423828125 11839.4677734375 14463.3232421875 14227.1103515625 22220.251953125 17738.58203125 15415.0234375 19693.076171875 21657.619140625 20140.1484375
nan nan nan nan nan nan nan nan nan nan nan nan nan nan nan nan nan nan nan 34.14623260498046875 3055.69970703125 11469.6142578125 16787.150390625 20564.57421875 21614.310546875 13740.734375 9160.6689453125 5450.93212890625 8225.2685546875 9866.0244140625 10016.3125 7132.818359375 6620.60595703125 9567.4775390625 6592.72265625 6471.6318359375 6144.31787109375 6335.7841796875 7128.232421875 5953.44970703125 5550.6162109375 7069.0166015625 6989.21240234375 6969.564453125 10587.6923828125 18411.203125 18678.81640625 15519.5830078125 15808.1357421875 16783.162109375 16115.8984375 19492.521484375
nan nan nan nan nan nan nan nan nan nan nan nan nan nan nan nan nan nan nan 183.1638946533203125 426.546295166015625 6860.9755859375 18544.75390625 21525.224609375 18145.431640625 14289.2412109375 9877.2685546875 8850.529296875 6942.06982421875 8169.46923828125 7518.81494140625 6587.9189453125 8855.40234375 7141.49462890625 9095.7236328125 6829.873046875 6439.53076171875 6721.431640625 4470.5927734375 3559.818603515625 4552.1044921875 5616.1064453125 9482.857421875 4688.1005859375 7052.7119140625 9895.4853515625 12208.8466796875 14473.2099609375 14882.0068359375 9028.5283203125 10401.5380859375 14692.0224609375
nan nan nan nan nan nan nan nan nan nan nan nan nan nan nan nan nan nan nan nan 183.1638946533203125 426.546295166015625 7471.0380859375 11900.1181640625 13807.75390625 10099.1328125 6217.0224609375 1881.3587646484375 7308.04248046875 5743.986328125 7454.7978515625 8282.26953125 6873.1396484375 8731.5830078125 8654.9453125 8933.482421875 5839.86962890625 7254.26806640625 5135.40234375 2429.010498046875 3696.49169921875 8443.90234375 9069.5673828125 8359.1630859375 2291.2490234375 5433.03857421875 4199.65478515625 10316.50390625 6702.4189453125 7599.52783203125 8771.0419921875 8728.685546875
nan nan nan nan nan nan nan nan nan nan nan nan nan nan nan nan nan nan nan nan nan 183.1638946533203125 209.236175537109375 4277.125 4447.88818359375 6101.6689453125 840.922119140625 2287.53076171875 3674.588134765625 7136.69873046875 8531.916015625 7653.7451171875 8671.6494140625 6804.99853515625 7631.712890625 6918.73486328125 8615.625 6742.88134765625 5274.0322265625 3504.94775390625 7475.9072265625 8966.2822265625 8788.0078125 8088.79833984375 7087.49658203125 2148.611083984375 4422.95751953125 3576.649169921875 4042.84423828125 6501.76123046875 7066.4541015625 5722.37158203125
nan nan nan nan nan nan nan nan nan nan nan nan nan nan nan nan nan nan nan nan nan nan nan nan 681.08514404296875 250.8255462646484375 838.1103515625 1713.267333984375 4888.546875 7081.2255859375 7796.93212890625 7270.9951171875 8049.189453125 9107.96875 6672.7880859375 6172.52880859375 7262.5810546875 5846.4765625 4503.6728515625 3539.3408203125 3265.767333984375 9043.8017578125 9228.958984375 8645.51171875 3198.699462890625 2889.8837890625 3552.51953125 3975.7119140625 3420.84326171875 4111.57373046875 4011.674072265625 4859.68896484375
nan nan nan nan nan nan nan nan nan nan nan nan nan nan nan nan nan nan nan nan nan nan nan nan nan nan nan 838.1103515625 2152.3876953125 4907.89208984375 5985.5244140625 7033.8154296875 5843.15185546875 6649.5537109375 7815.5556640625 5079.26904296875 4021.58447265625 4662.37841796875 3046.266845703125 1488.05224609375 2560.69580078125 4205.38720703125 9714.3154296875 4228.73388671875 3517.2685546875 3863.9287109375 4171.20703125 4218.2607421875 4600.02001953125 4403.044921875 3357.57080078125 2330.966796875
1057.052001953125 nan nan nan nan nan nan nan nan nan nan nan nan nan nan nan nan nan nan nan nan nan nan nan nan nan nan nan 838.1103515625 724.18084716796875 3040.750732421875 3750.55712890625 5108.99169921875 5187.9404296875 4178.8623046875 3883.7138671875 2697.334228515625 2162.76318359375 324.281524658203125 876.944091796875 1935.2205810546875 3137.283935546875 3971.1015625 3537.91650390625 3095.703857421875 4101.86181640625 4645.79638671875 4722.1396484375 5048.23193359375 4219.83154296875 4183.69775390625 2876.8310546875
150.4220733642578125 nan nan nan nan nan nan nan nan nan nan nan nan nan nan nan nan nan nan nan nan nan nan nan nan nan nan nan nan nan 439.120452880859375 285.674774169921875 1881.290283203125 3331.868408203125 2392.854248046875 1950.3599853515625 476.7366943359375 nan nan 59.447917938232421875 916.8111572265625 1859.1417236328125 2525.2333984375 2545.662109375 3147.124755859375 3343.3583984375 4499.28466796875 5660.359375 5879.689453125 5960.71826171875 5583.05712890625 5614.04638671875
97.47757720947265625 87.05377197265625 1138.0869140625 630.248291015625 769.18463134765625 nan nan nan nan nan nan nan nan nan nan nan nan nan nan nan nan nan nan nan nan nan nan nan nan nan nan nan nan 624.62579345703125 1530.409423828125 nan nan nan nan nan nan 869.3963623046875 1386.4912109375 1953.3521728515625 2462.94580078125 3402.38623046875 6002.14404296875 6557.2109375 7374.07568359375 9165.0244140625 6851.908203125 5579.77294921875
3726.27783203125 1416.01708984375 2347.180908203125 3694.3603515625 2439.968994140625 809.72802734375 nan nan nan nan nan nan nan nan nan nan nan nan nan nan 76.3007049560546875 nan nan nan nan nan nan nan nan nan nan nan nan nan nan nan nan nan nan nan nan 85.70032501220703125 724.1558837890625 1148.7264404296875 2273.724365234375 4939.1552734375 7118.7412109375 9400.5009765625 10556.189453125 9830.953125 9549.71875 7207.6689453125
7516.2578125 7731.845703125 4640.3154296875 5961.080078125 5121.8251953125 3024.751953125 1093.546142578125 nan nan nan nan nan nan nan nan nan nan nan nan 76.3007049560546875 76.3007049560546875 76.3007049560546875 nan nan nan nan nan nan nan nan nan nan nan nan nan nan nan nan nan nan nan nan 85.70032501220703125 502.535247802734375 2537.33447265625 4480.63720703125 6487.72216796875 10404.8251953125 12750.681640625 12666.7509765625 11003.271484375 10508.369140625
9138.177734375 7171.96435546875 7687.693359375 7662.94140625 6232.87109375 4546.50634765625 3087.4931640625 2323.633056640625 nan nan nan nan nan nan nan nan nan nan 76.3007049560546875 76.3007049560546875 76.3007049560546875 76.3007049560546875 76.3007049560546875 nan nan nan nan nan nan nan nan nan nan nan nan nan nan nan nan nan nan nan nan 85.70032501220703125 220.7076416015625 2825.4306640625 5983.20263671875 8694.8818359375 12063.3818359375 13786.623046875 12500.330078125 9042.19921875
6661.28759765625 5706.74755859375 9120.6396484375 8969.5537109375 7063.6435546875 5780.830078125 4885.8154296875 5450.68896484375 2671.523681640625 nan nan nan nan nan nan nan nan nan nan 76.3007049560546875 76.3007049560546875 76.3007049560546875 nan nan nan nan nan nan nan nan nan nan nan nan nan nan nan nan nan nan nan nan nan nan nan 516.98541259765625 4499.67578125 6771.765625 8904.59375 11259.041015625 10346.4443359375 11774.927734375
