ForecastVariables/BuildingFootprint_Mean_500m/BuildingFootprintMean_Focal_Random5.asc
ncols        529
nrows        344
xllcorner    2700.000000000000
yllcorner    15900.000000000000
cellsize     100.000000000000
NODATA_value  nan
[rows 115 to 137 of 344, columns 52 to 103 of 529]
nan nan nan nan nan nan nan nan nan nan nan nan nan nan nan nan nan nan nan nan nan nan nan nan nan nan nan nan 259.546966552734375 259.546966552734375 259.546966552734375 nan nan nan nan nan nan nan nan nan nan nan nan nan nan nan nan nan nan nan nan nan
nan nan nan nan nan nan nan nan nan nan nan nan nan nan nan nan nan nan nan nan nan nan nan nan nan nan nan 259.546966552734375 259.546966552734375 259.546966552734375 572.945556640625 259.546966552734375 nan nan nan nan nan nan nan nan nan nan nan nan nan nan nan nan nan nan nan nan
nan nan nan nan nan nan nan nan nan nan nan nan nan nan nan nan nan nan nan nan nan nan nan nan nan nan 36.559711456298828125 nan 259.546966552734375 572.945556640625 572.945556640625 313.398590087890625 nan nan nan nan nan nan nan nan nan nan nan nan nan nan nan nan nan nan nan nan
nan nan nan nan nan nan nan nan nan nan nan nan nan nan nan nan nan nan nan nan nan nan nan nan nan 36.559711456298828125 186.2960662841796875 36.559711456298828125 313.398590087890625 572.945556640625 313.398590087890625 313.398590087890625 313.398590087890625 nan nan nan nan nan nan nan nan nan nan nan 885.161865234375 nan nan nan nan nan nan 1471.441650390625
nan nan nan nan nan nan nan nan nan nan nan nan nan nan nan nan nan nan nan nan nan nan nan nan 36.559711456298828125 186.2960662841796875 186.2960662841796875 186.2960662841796875 36.559711456298828125 313.398590087890625 313.398590087890625 313.398590087890625 nan nan nan nan nan nan nan nan nan nan nan 885.161865234375 885.161865234375 885.161865234375 nan nan nan nan 4568.2275390625 3376.630126953125
nan nan nan nan nan nan nan nan nan nan nan nan nan nan nan nan nan nan nan nan nan nan nan nan 149.736358642578125 186.2960662841796875 186.2960662841796875 186.2960662841796875 149.736358642578125 nan 313.398590087890625 nan nan nan nan nan nan nan nan nan nan nan 885.161865234375 885.161865234375 885.161865234375 885.161865234375 885.161865234375 109.35776519775390625 2759.488525390625 5374.7568359375 6288.0966796875 8828.0947265625
nan nan nan nan nan nan nan nan nan nan nan nan nan nan nan nan nan nan nan nan nan nan nan nan nan 149.736358642578125 186.2960662841796875 149.736358642578125 nan nan nan nan nan nan nan nan nan nan nan nan nan nan nan 885.161865234375 885.161865234375 885.161865234375 1891.5948486328125 4673.7763671875 8865.8017578125 10951.6298828125 13861.146484375 13503.638671875
nan nan nan nan nan nan nan nan nan nan nan nan nan nan nan nan nan nan nan nan nan nan nan nan nan nan 149.736358642578125 nan nan nan nan nan nan nan nan nan nan nan nan nan nan nan nan nan 1166.3564453125 4650.78271484375 6556.5009765625 10883.544921875 11162.478515625 18592.734375 22434.607421875 19428.3125
nan nan nan nan nan nan nan nan nan nan nan nan nan nan nan nan nan nan nan nan nan nan nan nan nan nan nan nan nan nan nan nan nan nan nan nan nan nan nan nan nan nan 4132.5703125 412.962310791015625 7922.9189453125 7482.9306640625 10798.171875 14949.8359375 20563.984375 18038.205078125 19568.375 19938.81640625
nan nan nan nan nan nan nan nan nan nan nan nan nan nan nan nan nan nan nan nan nan nan nan nan nan nan nan nan nan nan nan nan nan nan nan nan nan nan nan nan nan 4210.587890625 4795.1748046875 11548.2314453125 8393.5146484375 13013.7763671875 16490.23828125 19855.69140625 17332.283203125 18980.685546875 22404.345703125 19942.958984375
nan nan nan nan nan nan nan nan nan nan nan nan nan nan nan nan nan nan nan nan nan nan nan nan nan nan nan nan nan nan nan nan nan nan nan nan 1355.142333984375 786.58392333984375 1150.4219970703125 nan 4519.32958984375 4957.416015625 8835.5087890625 12544.2744140625 17374.029296875 14723.4404296875 22570.560546875 14852.853515625 17741.50390625 24928.826171875 27217.1875 20461.328125
nan nan nan nan nan nan nan nan nan nan nan nan nan nan nan nan nan nan nan nan nan nan nan nan nan nan nan nan nan nan nan nan nan nan 442.530731201171875 1839.151611328125 2745.5029296875 3687.866943359375 2301.47412109375 1672.1270751953125 1414.5233154296875 8094.67822265625 9210.099609375 14519.654296875 11282.9091796875 18152.970703125 14526.2763671875 16387.1875 18099.501953125 20683.169921875 24094.5546875 24561.92578125
nan nan nan nan nan nan nan nan nan nan nan nan nan nan nan nan nan nan nan nan nan nan nan nan nan nan nan nan nan nan nan nan nan 932.0640869140625 2859.00830078125 4182.50390625 5493.85595703125 5403.93603515625 4935.64453125 4041.240966796875 4443.00390625 5403.59326171875 14004.07421875 8560.212890625 16674.482421875 12726.10546875 12499.421875 15706.880859375 17111.05078125 15748.3046875 19963.8046875 23687.759765625
nan nan nan nan nan nan nan nan nan nan nan nan nan nan nan nan nan nan nan nan nan nan nan nan nan nan nan nan nan nan nan 1.6528253555297851562 1404.7276611328125 2639.93408203125 3759.656005859375 6624.54345703125 6758.08837890625 7770.20703125 5919.54443359375 6156.99658203125 5377.23486328125 9188.2822265625 8932.3427734375 13096.498046875 12239.3125 13811.9599609375 11789.4091796875 14445.2138671875 12363.6416015625 13920.6220703125 16182.0205078125 12705.9130859375
nan nan nan nan nan nan nan nan nan nan nan nan nan nan nan nan nan nan nan nan nan nan nan nan nan nan nan nan nan 639.878662109375 1.6528253555297851562 1415.5992431640625 2628.76318359375 4516.916015625 7183.91650390625 7571.7255859375 8692.515625 6515.40283203125 6371.45068359375 5507.736328125 10453.51171875 10259.806640625 14893.32421875 11986.0546875 16994.484375 11533.9658203125 16728.88671875 12743.1884765625 10769.1142578125 11917.5703125 10742.09375 6912.54296875
nan nan nan nan nan nan nan nan nan nan nan nan nan nan nan nan nan nan nan nan nan nan nan nan nan nan nan nan 647.18310546875 1421.9813232421875 2076.167236328125 3069.936767578125 4452.77490234375 8981.7080078125 9176.4287109375 8803.0986328125 7675.908203125 7923.69775390625 6383.224609375 9221.5107421875 8893.3125 15899.541015625 13642.4052734375 20420.923828125 14719.4677734375 17152.37890625 10565.6318359375 10273.8564453125 10303.40625 7543.95556640625 5145.35986328125 4546.99169921875
nan nan nan nan nan nan nan nan nan nan nan nan nan nan nan nan nan nan nan nan nan nan nan nan nan nan 313.0755615234375 1624.6234130859375 1427.633056640625 2753.47509765625 4006.884765625 5316.4228515625 8303.3349609375 11773.84375 11580.115234375 9045.5732421875 8768.23046875 7282.23388671875 8431.0537109375 9003.60546875 14382.775390625 16892.57421875 21284.54296875 14731.3330078125 20904.072265625 19265.759765625 13547.6904296875 7463.474609375 7310.99951171875 5374.0869140625 3165.773681640625 4225.9931640625
nan nan nan nan nan nan nan nan nan nan nan nan nan nan nan nan nan nan nan nan nan nan nan nan nan 313.0755615234375 1585.7156982421875 7422.4599609375 7456.76123046875 5624.18603515625 8015.4296875 7742.9150390625 11076.2548828125 12371.4833984375 16162.619140625 13614.712890625 7049.08740234375 7796.90966796875 9993.951171875 12910.298828125 14858.0107421875 16450.466796875 14968.3740234375 21594.359375 21563.08984375 17297.994140625 13165.8876953125 8249.744140625 4918.56005859375 3775.536865234375 4142.40869140625 4290.80419921875
nan nan nan nan nan nan nan nan nan nan nan nan nan nan nan nan nan nan nan nan nan nan nan nan 313.0755615234375 1578.4112548828125 6922.60107421875 15163.8779296875 15604.3271484375 16557.998046875 11195.953125 11033.1318359375 9804.943359375 14476.1884765625 16631.0234375 14021.7001953125 9645.7978515625 7978.5615234375 9681.7333984375 12717.9921875 16980.26953125 13662.412109375 15929.7568359375 23054.130859375 23377.712890625 16372.6533203125 14949.7783203125 11216.908203125 5064.54931640625 5719.748046875 5749.08740234375 5900.37890625
nan nan nan nan nan nan nan nan nan nan nan nan nan nan nan nan nan nan nan nan nan nan nan nan 287.8953857421875 5945.1611328125 14792.7041015625 20529.462890625 25250.955078125 23497.15234375 19015.779296875 12913.5400390625 15388.5224609375 15679.5166015625 13531.4296875 11806.80078125 11502.0556640625 9567.10546875 8841.7490234375 10842.6435546875 11490.5419921875 14504.80078125 19364.494140625 21568.6171875 22227.529296875 19047.791015625 17424.380859375 9623.9677734375 8769.9833984375 6344.82421875 7228.25634765625 7464.30419921875
nan nan nan nan nan nan nan nan nan nan nan nan nan nan nan nan nan nan nan nan nan nan nan nan nan 3980.40283203125 13233.845703125 21898.146484375 25025.400390625 24581.451171875 19695.078125 20292.3984375 10968.3369140625 14069.57421875 12331.708984375 11399.51171875 7803.50634765625 6030.189453125 7776.21923828125 8863.7978515625 8350.728515625 14959.3896484375 17928.013671875 19596.05859375 22994.552734375 25032.044921875 14273.0458984375 13305.517578125 9995.16796875 8207.0712890625 7328.8544921875 8334.5322265625
nan nan nan nan nan nan nan nan nan nan nan nan nan nan nan nan nan nan nan nan nan nan nan nan nan 2221.951904296875 6697.99169921875 13716.98046875 18831.19921875 19917.65234375 23797.46875 24940.287109375 17468.873046875 9782.892578125 11432.6044921875 8136.57080078125 4905.24267578125 5156.544921875 4137.02294921875 5746.041015625 6117.4912109375 7734.296875 12903.0703125 17757.517578125 22209.6171875 16014.5205078125 13784.6845703125 12557.1689453125 11515.5615234375 8527.572265625 7504.68994140625 7354.720703125
nan nan nan nan nan nan nan nan nan nan nan nan nan nan nan nan nan nan nan nan nan nan nan nan nan nan 2221.951904296875 8508.7802734375 10986.240234375 20705.61328125 26371.27734375 30821.423828125 24196.427734375 14564.72265625 8032.353515625 5365.80859375 4825.24853515625 3600.673095703125 4348.671875 3570.923095703125 3942.65771484375 2723.33447265625 8683.8916015625 14833.888671875 12240.923828125 10763.7919921875 11839.7900390625 12043.36328125 8243.6123046875 6874.08447265625 7293.599609375 7926.349609375
