ForecastVariables/BuildingFootprint_Mean_500m/BuildingFootprintMean_Focal_Random4.asc
ncols        529
nrows        344
xllcorner    2700.000000000000
yllcorner    15900.000000000000
cellsize     100.000000000000
NODATA_value  nan
[rows 115 to 137 of 344, columns 260 to 311 of 529]
7273.87353515625 8352.384765625 13409.2626953125 13814.3515625 12568.4521484375 8331.240234375 6630.10009765625 8280.1787109375 8403.49609375 8421.7861328125 9186.609375 9796.7236328125 12880.62890625 12950.927734375 10397.7568359375 10191.4794921875 11169.435546875 9243.67578125 11365.8125 8921.69921875 8239.3251953125 7559.34521484375 5084.7412109375 5177.67578125 4720.70703125 4541.31787109375 3808.917724609375 5283.22412109375 6025.46484375 7538.6279296875 8495.4697265625 7740.06689453125 8248.328125 7062.73486328125 8701.5 7711.7412109375 7769.52001953125 7406.43310546875 5982.04931640625 4260.0703125 2888.34814453125 2608.0625 2507.644287109375 2667.712646484375 3128.911376953125 2982.317138671875 2839.525634765625 2750.341552734375 2478.947509765625 2060.86181640625 1842.784912109375 3688.624755859375
6082.06103515625 7688.6728515625 8968.1103515625 14086.2412109375 10095.24609375 8521.4990234375 8064.89404296875 7147.83642578125 7766.3251953125 8296.9921875 9088.4033203125 8375.478515625 10043.7568359375 13410.0869140625 11130.80078125 10968.0869140625 9128.2490234375 9465.1455078125 10074.9150390625 10738.6708984375 13143.623046875 8276.4453125 6750.138671875 4592.01904296875 5235.95703125 3294.267578125 3936.45068359375 5247.52685546875 6950.427734375 6579.08642578125 6706.33740234375 7781.24560546875 6247.0048828125 6087.3173828125 6000.84716796875 7607.09326171875 5904.669921875 5793.00439453125 4210.49658203125 3400.234375 2198.599609375 2137.50634765625 2291.799560546875 2777.837646484375 2829.515869140625 3205.293701171875 2774.015869140625 2568.97314453125 2146.275634765625 1961.890380859375 3362.947021484375 8241.5166015625
3675.983642578125 7091.099609375 8950.048828125 9361.9482421875 9156.505859375 8089.0302734375 6051.4794921875 6273.59130859375 7122.8984375 7345.4833984375 7034.056640625 10210.8974609375 9133.3046875 10219.3115234375 10395.4521484375 8954.9091796875 9211.0771484375 9741.9365234375 10837.7333984375 14174.830078125 14437.916015625 12190.08203125 7692.5048828125 5832.56884765625 3653.5595703125 4412.94677734375 4317.3837890625 5576.80615234375 6148.58544921875 6462.111328125 6701.47314453125 5101.56298828125 5783.94287109375 4078.342529296875 5039.3544921875 4363.3427734375 5476.6435546875 3788.280029296875 3319.593017578125 2615.7255859375 2494.332275390625 2258.865478515625 2854.191162109375 2772.515869140625 2922.971435546875 2928.208740234375 2843.460205078125 3017.308349609375 1972.6502685546875 1832.178955078125 6566.408203125 11404.912109375
7172.56005859375 14456.009765625 12416.14453125 7731.49853515625 6670.91455078125 5627.6337890625 4010.383056640625 4342.7548828125 5719.6142578125 5457.92333984375 6542.662109375 7368.64208984375 10427.7998046875 8262.552734375 10153.3466796875 7296.71484375 8601.7041015625 10806.287109375 13211.3388671875 13217.328125 13505.9638671875 12823.4208984375 11782.7109375 4925.33251953125 4403.12890625 3079.568115234375 4175.30810546875 4673.68017578125 5768.12548828125 6525.18017578125 6594.50146484375 4819.37646484375 3557.915283203125 4543.02587890625 3586.674560546875 4087.471923828125 3539.51611328125 3093.02734375 3306.71728515625 3232.81640625 2651.158935546875 2751.6982421875 2637.28515625 3175.76220703125 2986.11328125 3160.63720703125 3624.521728515625 3054.1708984375 2771.13330078125 1755.7916259765625 1733.755126953125 7874.3974609375
16482.03515625 21487.794921875 19550.681640625 12810.587890625 6942.5224609375 2999.248291015625 2110.18603515625 2713.0146484375 2938.02880859375 4068.049072265625 4307.09814453125 6215.23486328125 7437.26123046875 11237.2197265625 8111.470703125 9684.6357421875 8938.4658203125 9149.92578125 9729.6552734375 13000.9404296875 12307.1328125 13800.955078125 6735.2958984375 6933.34912109375 3412.475830078125 3078.447021484375 3162.203125 4301.4130859375 5502.15869140625 6956.29443359375 6307.38623046875 5715.46435546875 4951.4111328125 3827.04345703125 3844.262451171875 3764.310546875 3275.674560546875 3143.101318359375 3505.846435546875 3568.736328125 3188.046875 2756.9208984375 2898.3388671875 3221.25 3548.59765625 3795.49609375 4077.234130859375 3812.67041015625 3246.00244140625 2760.024169921875 2839.6025390625 3270.775146484375
24608.24609375 27169.818359375 23511.076171875 19321.9140625 10713.017578125 4368.12109375 3031.256103515625 2483.98583984375 1353.8724365234375 1241.0904541015625 3081.448974609375 3899.707275390625 7869.31787109375 7239.6044921875 9548.6640625 10175.9091796875 10448.498046875 8365.32421875 9882.2646484375 9789.57421875 13543.234375 8273.2958984375 7904.0126953125 5795.5947265625 5027.11865234375 3160.184326171875 3100.13671875 3559.502197265625 4635.62109375 6237.1533203125 7020.4423828125 6518.52685546875 4589.63525390625 3799.781494140625 3936 3497.8447265625 3541.263671875 3798.632568359375 3754.954833984375 3572.28076171875 3000.533935546875 2860.790771484375 3021.5654296875 3446.0400390625 3410.59765625 3302.3388671875 4283.3583984375 4401.7041015625 3908.327880859375 3475.550048828125 3643.181640625 4581.5986328125
23738.61328125 29726.130859375 25222.0546875 13809.736328125 8721.03515625 6858.62060546875 4483.73974609375 2903.27099609375 2351.6259765625 590.64556884765625 280.5093994140625 3759.450927734375 3735.713134765625 6849.76025390625 8001.55078125 10915.400390625 13572.77734375 11495.7158203125 10238.755859375 11585.677734375 10792.8935546875 8863.9794921875 8219.8203125 7418.36328125 4393.98828125 3863.849365234375 3206.46728515625 3497.427978515625 4171.21728515625 5267.5126953125 7019.1650390625 5811.5029296875 4265.3154296875 3849.0537109375 3699.234375 3955.99755859375 3827.6181640625 4098.02978515625 3935.833740234375 3352.023193359375 2927.082275390625 2894.703857421875 3391.201904296875 3044.41455078125 3275.70458984375 3517.83544921875 3648.697998046875 4537.384765625 3283.070068359375 3153.55126953125 5473.72021484375 5328.53271484375
22319.640625 21778.193359375 20160.86328125 14301.7294921875 8890.8955078125 8677.404296875 5732.6953125 4751.599609375 3754.605712890625 1957.5194091796875 356.821014404296875 364.223663330078125 3020.22021484375 3904.061767578125 7645.66748046875 11753.3408203125 14504.6015625 15704.927734375 12454.607421875 12440.86328125 12962.8681640625 10305.435546875 10200.83984375 7017.59765625 5808.2998046875 4039.07177734375 3602.42626953125 3547.881103515625 3892.86328125 4902.9541015625 5587.541015625 5476.724609375 4653.03857421875 3878.98486328125 4097.412109375 4531.107421875 4880.69189453125 4026.709716796875 4096.86181640625 3723.52880859375 2975.702392578125 2891.96923828125 3289.376953125 3287.487060546875 3143.513671875 3753.0458984375 3683.512451171875 3721.721435546875 3467.224853515625 4637.013671875 4343.41650390625 6040.5224609375
26482.62109375 21378.24609375 13313.8427734375 9789.83203125 10475.2939453125 10639.2587890625 8804.76953125 6966.80712890625 5867.828125 4272.25732421875 2817.244384765625 696.063232421875 267.922515869140625 2689.868408203125 8142.80810546875 11554.404296875 12740.380859375 14474.31640625 16855.255859375 13234.44921875 13427.2744140625 12820.8681640625 9857.6826171875 7293.90283203125 5553.39111328125 5002.6259765625 4110.85693359375 3691.029541015625 3554.789306640625 4465.3974609375 5496.4140625 5132.353515625 4806.7080078125 4241.86669921875 4611.40966796875 5459.60693359375 5573.4169921875 5335.08544921875 3915.80078125 3590.400390625 3188.128173828125 2914.78466796875 3374.919677734375 3600.352783203125 3544.283203125 3423.2626953125 4077.91015625 3516.335693359375 4227.220703125 4060.04052734375 3926.482177734375 5335.09326171875
22798.7890625 19568.013671875 10680.8486328125 11198.2783203125 11683.4423828125 10062.5947265625 10066.482421875 13162.0341796875 9104.3232421875 7313.6748046875 4612.744140625 3385.983642578125 1052.5947265625 1394.1591796875 2950.8427734375 9583.6943359375 11527.267578125 13973.509765625 14903.9443359375 14046.390625 13532.2177734375 10355.654296875 8607.498046875 8083.28173828125 5990.5673828125 4003.9052734375 3773.622314453125 3642.55224609375 3844.683349609375 4599.8095703125 5135.59716796875 5103.6826171875 4647.8916015625 5132.67431640625 5790.66943359375 5569.7431640625 5984.9453125 6424.005859375 4384.90966796875 3120.694091796875 3565.44140625 3759.912353515625 3417.365234375 4179.48779296875 3669.517578125 4130.3037109375 3833.55224609375 3844.331298828125 3631.33447265625 4671.10205078125 4743.9619140625 6642.126953125
18284.306640625 12019.84375 11797.2578125 12007.267578125 10420.771484375 11495.0302734375 13536.87109375 14078.65234375 13915.08984375 9383.1962890625 8637.6904296875 4604.1943359375 6398.83056640625 1994.9351806640625 3066.972412109375 6783.1396484375 17541.8515625 11805.1279296875 13978.974609375 14456.2294921875 12380.95703125 9529.736328125 7983.74072265625 5990.56494140625 5213.888671875 4552.5244140625 4018.82568359375 4147.9189453125 4135.572265625 4073.291015625 5461.83056640625 5094.181640625 5417.33935546875 5189.0185546875 5511.6640625 5820.94677734375 6166.19677734375 5692.58447265625 4194.93115234375 3321.97900390625 3933.798095703125 4269.94482421875 5395.861328125 3762.480224609375 4581.23779296875 3728.0859375 4263.49462890625 4891.73291015625 4625.08642578125 3433.050048828125 5809.6767578125 5435.8681640625
12525.8662109375 11705.44140625 10222.8408203125 9383.4365234375 12288.1279296875 14488.08984375 15125.095703125 12752.0673828125 14013.3994140625 14701.8623046875 8813.2734375 10369.3349609375 7952.77294921875 6588.5244140625 4554.244140625 17102.8828125 27768.240234375 20791.1875 11310.439453125 12872.359375 13256.1787109375 9461.3681640625 6298.3916015625 5545.9453125 6019.46728515625 5350.36767578125 4581.68505859375 4379.439453125 4397.71484375 4780.59912109375 5180.517578125 5851.00634765625 5279.17138671875 5705.90576171875 5130.9638671875 5858.80810546875 6193.81005859375 4517.35791015625 3975.8486328125 3686.492919921875 3568.210693359375 6094.72607421875 5947.27197265625 5725.07666015625 4146.93603515625 4679.7236328125 4595.9287109375 5452.9169921875 5085.185546875 5107.1015625 4455.85498046875 5868.7861328125
9889.6572265625 9369.6650390625 9907.18359375 11182.39453125 12095.2568359375 14356.3505859375 13585.9013671875 14728.416015625 13942.37890625 10411.138671875 13141.6787109375 11742.9091796875 9821.62890625 8923.716796875 19932.37890625 24185.490234375 32418.453125 31450.337890625 19905.064453125 10501.4462890625 8463.1318359375 6753.6748046875 6270.73046875 6321.62744140625 6535.9677734375 5598.47998046875 5119.23291015625 4565.19287109375 4574.19482421875 4864.0703125 5406.31884765625 5900.1083984375 7000.85546875 5885.5810546875 7527.0341796875 6480.02294921875 6098.2431640625 5182.232421875 4119.068359375 3675.4609375 5363.8447265625 6094.77783203125 6626.45947265625 6089.36376953125 5973.35595703125 5349.6171875 5183.18798828125 4428.056640625 5816.7685546875 5658.35791015625 4111.5224609375 3724.322509765625
5459.85498046875 7347.65478515625 8825.609375 9484.5263671875 12218.8134765625 11311.5185546875 12474.14453125 12309.1669921875 8846.09375 8669.537109375 9295.3056640625 11879.1357421875 9168.044921875 13302.2578125 21423.888671875 33223.4140625 35824.4453125 32614.8359375 25044.841796875 10373.7529296875 7412.3583984375 6551.83544921875 6244.02734375 6025.755859375 5667.65380859375 5853.85400390625 4942.150390625 4000.291015625 4317.5419921875 5397.23193359375 5803.50146484375 6697.37890625 7062.85986328125 9176.19921875 9328.9384765625 9708.841796875 8509.0859375 8366.0537109375 4887.609375 4342.61767578125 5118.33837890625 6765.916015625 6368.162109375 6958.2119140625 5060.20556640625 4679.63134765625 5054.431640625 5667.81884765625 5668.76318359375 5684.94091796875 2625.781982421875 3994.557861328125
4937.9482421875 4228.36279296875 4826.07958984375 8521.8359375 7838.43115234375 10244.0537109375 6269.34765625 5954.48291015625 5510.546875 8093.193359375 7755.26025390625 6154.751953125 12056.955078125 9573.3505859375 12394.951171875 28593.9453125 38692.15625 38120.4375 19151.896484375 9355.7568359375 6727.04541015625 7414.62744140625 5760.375 7373.4697265625 5594.81005859375 5387.89208984375 5075.9111328125 5096.6337890625 4799.20068359375 6147.54931640625 6439.49267578125 8254.419921875 9269.0283203125 10621.2607421875 11304.625 11704.1748046875 15674.5224609375 10890.6533203125 7795.64990234375 5102.70068359375 5624.36962890625 5278.42041015625 9771.7109375 7181.29248046875 5930.833984375 5243.74755859375 5466.1630859375 6296.2060546875 6155.51123046875 5135.0234375 4829.19482421875 4842.67041015625
2554.149658203125 4675.34375 5131.2509765625 6266.10791015625 6243.30224609375 4419.03369140625 4085.4248046875 3209.645263671875 5617.01806640625 6531.28076171875 7171.65673828125 10433.61328125 8909.7744140625 10048.3916015625 14329.1875 18929.44140625 34937.27734375 30991.517578125 26195.1015625 11985.384765625 11320.8740234375 6456.5712890625 7918.38330078125 6921.69970703125 11308.6416015625 5418.7177734375 6095.607421875 5937.08154296875 6672.43017578125 7862.05712890625 11919.498046875 8252.6796875 9122.974609375 9962.1796875 15000.9853515625 14661.6318359375 15700.0927734375 14288.2060546875 8710.8779296875 6900.94482421875 4406.7333984375 7920.10888671875 10002.8603515625 10045.8603515625 8120.52880859375 6386.44921875 4720.6748046875 6035.30224609375 7141.232421875 6484.5146484375 5789.1494140625 5710.82958984375
3547.576171875 5459.47900390625 7876.59375 6157.564453125 5000.59765625 3591.640380859375 3095.797607421875 4483.6162109375 6102.0478515625 8569.1044921875 16503.583984375 14251.6513671875 11055.9580078125 9574.6279296875 11498.5576171875 20620.173828125 23360.173828125 29842.671875 19979.685546875 21535.7265625 7858.908203125 10462.78125 8736.3203125 13210.80078125 11046.7607421875 12199.43359375 7175.63134765625 8820.4970703125 8637.3359375 15778.8916015625 15452.6328125 12804.67578125 8546.6689453125 11949.3818359375 15248.7783203125 18589.1171875 15047.28515625 14384.4677734375 10855.2578125 5369.537109375 8134.8583984375 8994.8603515625 9719.103515625 10439.3271484375 10629.2109375 8162.86328125 5421.62353515625 5046.13134765625 6759.06640625 7162.98681640625 7350.8955078125 6819.45458984375
5264.1064453125 7771.61572265625 8545.27734375 8190.3349609375 6080.18212890625 4906.619140625 3744.7626953125 4353.6181640625 8311.8271484375 18019.392578125 20150.16796875 17012.921875 14103.42578125 12712.2431640625 10413.630859375 10632.634765625 26070.73046875 23784.4296875 23763.955078125 8745.4111328125 10268.4375 9801.734375 17067.009765625 13196.5322265625 13315.76171875 11774.2109375 12450.087890625 10099.4736328125 16154.9345703125 16514.96484375 18386.11328125 15240.0205078125 16255.62890625 10368.427734375 13139.4326171875 16975.865234375 19810.853515625 14325.1025390625 8882.146484375 7025.27734375 5665.75439453125 8681.4658203125 9124.08203125 10339.0400390625 7797.39013671875 6053.029296875 5914.7021484375 4962.78857421875 4920.998046875 6742.1142578125 7294.64892578125 7699.76953125
6474.4755859375 8943.90234375 10945.296875 9182.791015625 6216.90234375 4819.04736328125 5006.43359375 6880.205078125 12862.0283203125 16986.302734375 18822.8203125 18534.23828125 18212.576171875 12425.33984375 11767.736328125 16189.4326171875 15490.2880859375 24381.38671875 15038.25 12176.8837890625 9996.7451171875 11958.4814453125 12701.2998046875 16476.45703125 12728.8583984375 13069.3486328125 8423.3583984375 9983.1162109375 12810.47265625 17269.142578125 15855.47265625 15667.8740234375 7961.36767578125 11967.1142578125 11713.05859375 14760.6787109375 15251.8955078125 13385.5546875 9705.12109375 7131.08447265625 7043.23876953125 6286.26904296875 8257.51171875 7073.876953125 6399.9833984375 6026.4716796875 4871.2197265625 4170.39453125 4910.55322265625 6218.5048828125 6415.06982421875 8349.44921875
7017.0625 10541.1435546875 11671.0439453125 10080.796875 6681.26220703125 5543.11279296875 7781.44580078125 4565.70263671875 7379.1962890625 14424.8671875 16211.4638671875 17061.53515625 8788.2763671875 9721.8232421875 14210.6513671875 13755.337890625 16935.109375 15920.6142578125 15024.47265625 8709.5224609375 11958.2890625 11603.1083984375 13609.3701171875 11062.552734375 11179.984375 6454.47802734375 7512.6923828125 6767.93115234375 7697.98046875 10567.4736328125 13904.53515625 7920.7822265625 6178.71826171875 6095.61767578125 13483.6201171875 10572.7216796875 12653.1005859375 10058.279296875 9465.0068359375 9053.72265625 7574.3525390625 6710.31005859375 5905.39599609375 4906.14111328125 5643.984375 5586.60107421875 5228.458984375 3916.00048828125 4481.62255859375 5122.552734375 6387.44677734375 9747.265625
8217.9091796875 10688.6962890625 10982.6591796875 11057.34765625 8672.44921875 9764.6845703125 7503.9306640625 8145.52978515625 5253.69677734375 7895.14990234375 12360.4970703125 9166.02734375 7490.697265625 8509.6572265625 9915.0673828125 12498.513671875 13416.84375 14860.013671875 10128.857421875 9119.333984375 10139.822265625 13890.62890625 13030.1572265625 9062.12109375 7001.3037109375 4643.39111328125 4427.06298828125 3960.468994140625 3207.98486328125 7468.29833984375 7574.92822265625 6243.09130859375 6060.087890625 6302.39111328125 6479.150390625 9979.294921875 9742.861328125 9622.693359375 7486.44287109375 7647.6083984375 7726.80908203125 5818.3681640625 4551.7138671875 3914.717529296875 4228.69091796875 5753.8623046875 5120.08544921875 4172.84423828125 3355.428466796875 4289.857421875 7882.31005859375 10721.521484375
11156.4970703125 11346.8330078125 14173.8125 10445.78515625 12302.6708984375 8321.447265625 10025.208984375 9680.296875 9086.5576171875 5600.1298828125 7760.30517578125 7031.5712890625 8003.55078125 8054.02294921875 8213.751953125 10428.56640625 10501.4833984375 9840.75 9263.791015625 9763.169921875 9347.6865234375 14289.3037109375 10785.193359375 9024.5341796875 4450.50634765625 3293.0263671875 2307.71533203125 2529.7763671875 3671.76953125 4830.087890625 5991.85546875 5748.43701171875 6203.7548828125 6049.9951171875 6632.44921875 6692.12353515625 7675.72021484375 7443.70263671875 6771.15185546875 6380.5517578125 6256.33349609375 5424.7744140625 3963.48046875 3075.131591796875 3815.13037109375 5000.0947265625 4586.90234375 4177.9052734375 3942.06982421875 5897.337890625 8649.376953125 8836.16015625
16034.0693359375 15592.376953125 13839.90625 12228.5087890625 8508.9833984375 12680.0673828125 10522.658203125 10701.73046875 6659.62060546875 7909.380859375 7131.6298828125 8660.6103515625 6954.83984375 7467.48583984375 7838.8544921875 7802.1328125 8299.1279296875 8681.0810546875 6969.359375 7808.25 11960.5029296875 10214.08984375 8856.3134765625 5511.73486328125 4195.1748046875 2281.428955078125 2094.27978515625 2680.09716796875 3370.48291015625 4858.22607421875 5397.14208984375 5841.0029296875 4649.388671875 4661.60693359375 5408.60205078125 5764.96826171875 5305.15380859375 4936.33642578125 5270.037109375 5482.86669921875 5044.2861328125 4320.10791015625 2948.039794921875 2990.419189453125 3346.245361328125 4338.50244140625 4676.77001953125 3937.677001953125 3661.94775390625 4123.6005859375 6855.48583984375 11018.1611328125
