ForecastVariables/BuildingFootprint_Mean_500m/BuildingFootprintMean_Focal_Random3.asc
ncols        529
nrows        344
xllcorner    2700.000000000000
yllcorner    15900.000000000000
cellsize     100.000000000000
NODATA_value  nan
[rows 138 to 160 of 344, columns 156 to 207 of 529]
7228.0029296875 8527.2353515625 7878.23828125 8197.65625 8176.1650390625 7910.4775390625 7193.5771484375 9042.1640625 9217.765625 7592.2109375 7953.9912109375 9778.23828125 6594.62548828125 7134.05712890625 7585.1044921875 6763.8896484375 5658.87353515625 3040.46923828125 4034.85205078125 5016.71337890625 6763.05029296875 9255.6103515625 9415.3271484375 9980.6845703125 9382.322265625 9432.6064453125 6210.97607421875 5179.88525390625 5645.95556640625 6357.2802734375 6494.9677734375 10050.3759765625 8415.6083984375 7895.1669921875 7694.109375 7195.32861328125 5667.93896484375 6935.818359375 5952.9453125 3825.974853515625 1037.7203369140625 nan nan 273.449066162109375 662.3848876953125 1615.766357421875 2988.2001953125 5926.41357421875 6615.66943359375 7625.626953125 5753.4150390625 8248.330078125
9546.861328125 9447.8115234375 7581.76220703125 8230.388671875 7498.5234375 7510.0439453125 12338.0390625 11941.9345703125 11675.83984375 10470.0830078125 7555.4033203125 6238.939453125 6305.861328125 6723.7109375 7816.78466796875 7886.759765625 5728.62744140625 2710.580810546875 2051.952880859375 4192.3837890625 4009.665283203125 4344.99365234375 7709.658203125 8728.7294921875 8697.265625 5848.90283203125 6487.74267578125 6145.392578125 5592.85205078125 6394.8173828125 6064.46240234375 6035.3505859375 8899.5751953125 8889.482421875 7087.044921875 7068.919921875 7420.09765625 6180.884765625 4740.52490234375 2004.48876953125 288.68072509765625 139.4787445068359375 761.9207763671875 1003.82122802734375 1277.5418701171875 2169.489990234375 3354.177978515625 6348.32958984375 7449.70947265625 6046.7265625 7553.99462890625 6873.296875
10906.28125 11708.1318359375 9942.9951171875 6501.12939453125 8590.544921875 11617.1357421875 15141.4375 16812.861328125 14221.421875 15804.2646484375 10480.8427734375 7636.4453125 7593.6572265625 6683.47021484375 8142.7470703125 8521.865234375 6511.1083984375 3133.968994140625 729.29632568359375 1377.6595458984375 2340.201171875 2865.09130859375 4535.15283203125 7704.970703125 5792.78515625 5899.6748046875 5800.5595703125 6150.5068359375 5003.0888671875 5256.4345703125 5941.388671875 7735.89697265625 7958.41357421875 8208.166015625 6725.13330078125 6807.26416015625 7739.94873046875 5248.1953125 2691.792236328125 1269.5443115234375 222.94818115234375 1462.2606201171875 2276.385498046875 2935.409912109375 2303.943359375 3025.204345703125 5729.91455078125 7602.0068359375 8351.044921875 8272.583984375 8562.6015625 8612.8701171875
11127.8876953125 11569.5537109375 10546.4658203125 9638.130859375 10320.8671875 12635.0712890625 14025.34375 16768.884765625 19936.369140625 15646.3759765625 12434.109375 8582.8681640625 6866.41552734375 7200.23095703125 7439.671875 8567.3740234375 6901.42822265625 3178.410888671875 967.71771240234375 nan 1498.882080078125 4606.33349609375 5881.35498046875 6433.86669921875 6149.396484375 6360.06201171875 5525.5205078125 6204.6357421875 5438.1318359375 5056.32373046875 7319.2265625 11447.4208984375 9006.96484375 9030.5244140625 8114.01904296875 8410.45703125 4821.88330078125 4390.5341796875 3144.37255859375 1263.4881591796875 1965.78173828125 2798.867431640625 4038.4599609375 4492.900390625 4332.38623046875 5558.89208984375 6640.177734375 8397.466796875 8335.625 9219.5263671875 11075.939453125 10903.279296875
12039.759765625 10843.6044921875 10677.78515625 9100.796875 9883.3564453125 11234.7734375 13364.9111328125 16797.298828125 15735.0205078125 13027.4775390625 12764.076171875 11098.36328125 6819.99755859375 6082.00390625 6818.4462890625 6643.7626953125 5656.927734375 3280.205322265625 993.36370849609375 667.1427001953125 3631.710693359375 5849.03125 7334.94873046875 7905.3388671875 8090.99462890625 6507.0693359375 6765.0439453125 5794.59033203125 6252.2109375 6851.1591796875 9463.064453125 10902.7021484375 13210.396484375 10851.4052734375 11791.34765625 6950.39990234375 4652.54150390625 3629.99658203125 2669.61279296875 2723.6884765625 3269.24462890625 4798.224609375 5094.21533203125 5239.84326171875 4854.748046875 5019.640625 6814.3984375 8086.72021484375 9199.345703125 8040.90283203125 8469.87109375 10031.6572265625
10578.4150390625 10321.6494140625 8715.7060546875 11588.0771484375 10689.328125 17076.677734375 10102.833984375 8713.2734375 13517.716796875 12778.427734375 11503.8271484375 8330.2900390625 6597.68359375 6355.42333984375 9716.5048828125 4664.2734375 4502.85693359375 2844.0439453125 813.9005126953125 676.33660888671875 2891.29296875 6541.669921875 8078.7373046875 8440.84765625 6345.3896484375 6616.29931640625 6035.61669921875 7415.54833984375 6357.05615234375 9294.59765625 10839.9609375 11146.494140625 12238.8720703125 14680.3798828125 10495.1845703125 7980.24755859375 6161.42333984375 4071.713623046875 3215.983642578125 2993.50439453125 3746.1318359375 4527.3916015625 5678.3681640625 4977.89453125 4354.53125 4188.6865234375 5196.83740234375 7070.0859375 6036.3916015625 7076.56591796875 6828.43701171875 9174.0078125
6581.3154296875 9089.16015625 10687.3662109375 13102.392578125 19186.1015625 18012.046875 17150.896484375 9287.822265625 7831.72705078125 12522.5107421875 10162.08984375 9860.6064453125 9710.2275390625 9232.818359375 13535.0302734375 9984.8154296875 3596.649658203125 1525.864990234375 482.398101806640625 927.49615478515625 2688.073974609375 4894.14208984375 7173.61865234375 5415.32080078125 5780.08935546875 5234.2080078125 7046.3359375 7059.4775390625 7817.43017578125 8718.5546875 10493.64453125 10721.896484375 11893.75390625 10443.841796875 10043.52734375 9041.927734375 11018.2578125 4986.416015625 2800.7041015625 4019.780517578125 3868.6279296875 4421.5771484375 4292.01025390625 4264.88916015625 3643.96044921875 3594.6142578125 3959.98046875 4699.783203125 6196.79296875 5898.94189453125 8367.8486328125 9078.5927734375
8451.0908203125 7653.45263671875 9898.0869140625 21991.375 23911.822265625 23977.0390625 18891.10546875 17529.36328125 9384.208984375 12237.158203125 10936.3837890625 13301.8349609375 17727.685546875 17184.369140625 15213.6708984375 17783.083984375 9113.4541015625 1241.37841796875 770.26397705078125 1285.231201171875 2826.01806640625 4228.849609375 4914.298828125 7023.15283203125 4555.95556640625 6513.9833984375 6082.876953125 7668.98974609375 9132.4296875 10593.16796875 8806.009765625 10958.953125 8738.1533203125 13084.9287109375 8951.44921875 12915.564453125 9942.5595703125 10701.9384765625 5718.00390625 3786.338623046875 4119.84765625 4624.5224609375 3599.5087890625 3686.4716796875 4859.45166015625 3549.9970703125 3319.242431640625 5893.92724609375 6061.09033203125 8487.63671875 8258.57421875 10110.4658203125
5170.70703125 7355.26416015625 10397.892578125 16885.779296875 29375.41796875 26218.58203125 22587.5078125 13153.9296875 16693.359375 16838.28515625 16508.65234375 14306.337890625 18726.998046875 23896.650390625 22629.216796875 19441.203125 11583.662109375 3025.6240234375 980.32025146484375 1747.414794921875 3297.6357421875 4552.91455078125 7340.48828125 6964.6259765625 6801.64892578125 4562.6279296875 6547.62646484375 6792.30908203125 8718.4189453125 8411.228515625 9281.380859375 8002.09521484375 10464.4970703125 9902.841796875 14595.66796875 9698.78515625 13685.330078125 12560.5166015625 10515.0107421875 4086.853759765625 7707.5068359375 5100.75048828125 4724.15771484375 4920.65771484375 5096.15576171875 4862.931640625 4996.380859375 4539.21435546875 6059.5390625 7211.8935546875 11068.5146484375 9626.6796875
10239.490234375 6624.638671875 16233.4111328125 19137.71875 19856.29296875 26306.09765625 18908.25 20976.265625 17336.81640625 16905.578125 19810.94921875 17959.658203125 15181.4033203125 21558.708984375 24276.017578125 15349.4833984375 8365.2470703125 3875.8115234375 1031.9669189453125 2107.59912109375 3605.900390625 7204.07421875 6861.99365234375 7044.630859375 7450.06005859375 7555.8515625 4454.73828125 5951.87109375 5375.26708984375 6650.1494140625 7598.88525390625 9877.1162109375 8689.77734375 8840.603515625 8964.640625 15101.712890625 14615.21875 13858.6767578125 8139.9404296875 11087.2626953125 8067.3408203125 9015.1044921875 6640.5517578125 6894.30859375 5079.896484375 5366.2509765625 4827.9580078125 4745.9482421875 4730.201171875 6020.99853515625 6497.4912109375 10193.4189453125
20251.99609375 19973.37890625 17830.455078125 20284.259765625 20899.47265625 16740.59375 16560.24609375 14208.2373046875 16910.45703125 17648.10546875 17127.736328125 16517.8671875 15349.03515625 12721.16796875 15441.2275390625 10530.240234375 6459.69140625 2086.683349609375 647.3792724609375 1487.2044677734375 2966.085693359375 5373.31298828125 7015.6259765625 6546.193359375 7008.5126953125 4537.53955078125 4532.29345703125 4008.531982421875 4247.6259765625 4932.904296875 4961.2080078125 4159.32763671875 9098.689453125 8213.7626953125 11777.0849609375 7807.63671875 12947.6923828125 10210.2021484375 14097.0302734375 10432.337890625 10566.9423828125 8907.439453125 13327.5771484375 7008.22265625 6295.9013671875 4940.06396484375 3256.09814453125 2938.57373046875 4640.1767578125 4116.9619140625 5881.56689453125 6515.32763671875
41575.328125 39620.4609375 28164.71484375 24231.150390625 21200.23046875 15900.84765625 8194.029296875 8773.89453125 12714.9951171875 15444.35546875 10268.052734375 9631.9794921875 13255.2919921875 8602.806640625 8543.181640625 6657.384765625 1774.91015625 140.0194091796875 nan 848.55865478515625 3426.010986328125 4348.04736328125 5495.54150390625 7105.76953125 3993.26171875 4299.287109375 4018.565185546875 4253.8173828125 4148.70654296875 4360.078125 3061.176025390625 4566.716796875 7096.7763671875 9993.263671875 5311.833984375 7341.61865234375 8045.4853515625 11093.8603515625 6776.5166015625 9432.091796875 9028.0205078125 15670.53125 10711.453125 12372.82421875 8315.8134765625 5058.19921875 2981.357177734375 2876.86279296875 3848.824462890625 4600.75830078125 6111.07080078125 7532.72412109375
43892.76953125 49946.43359375 40543.328125 26513.865234375 17943.150390625 8529.185546875 5728.412109375 3772.677734375 5357.2939453125 6445.1650390625 5350.947265625 8200.5380859375 7736.0625 10883.00390625 6635.3388671875 3431.669677734375 251.06134033203125 nan nan 1356.279052734375 2756.95947265625 3863.45166015625 5317.19287109375 5953.7900390625 4776.27880859375 4250.2333984375 4088.3837890625 3834.533203125 4216.22412109375 4040.439453125 4865.75244140625 5950.83984375 8288.521484375 8505.3212890625 7016.736328125 5187.27685546875 7537.71826171875 5802.0546875 6311.5361328125 5551.376953125 15962.3359375 13249.5068359375 15288.1826171875 14221.3935546875 14916.765625 7479.20068359375 4467.7333984375 3325.798095703125 3380.525146484375 5226.16845703125 6649.8935546875 10084.5654296875
54357.9921875 39388.24609375 37612.296875 23824.8671875 15060.7109375 8302.166015625 2140.665771484375 1489.95263671875 706.2752685546875 988.30572509765625 4348.42919921875 5309.13525390625 8775.1123046875 11600.9296875 10175.8935546875 3201.555908203125 701.70599365234375 nan nan nan 3883.42138671875 4698.1591796875 4853.81298828125 4357.55126953125 4692.56591796875 3993.304443359375 3106.2197265625 3465.25439453125 4662.25 5232.296875 6703.18994140625 9022.8525390625 8988.8916015625 11047.4873046875 8296.826171875 6199.708984375 4645.20068359375 4985.1923828125 5950.361328125 8997.5224609375 11822.955078125 18457.484375 17780.853515625 18129.45703125 12721.8798828125 10666.603515625 7677.880859375 5426.2607421875 4717.72119140625 5181.83984375 6755.87646484375 6406.826171875
41935.94140625 40184.4765625 23472.763671875 18614.10546875 20755.638671875 8244.521484375 2408.086181640625 nan nan nan 1532.86279296875 5814.94140625 10519.3974609375 12891.6044921875 9503.408203125 7850.771484375 1556.0174560546875 nan nan 1955.1240234375 6187.32763671875 5516.3251953125 4849.5498046875 3671.43115234375 3683.088623046875 2398.8173828125 2287.414306640625 3558.79638671875 4441.88623046875 5570.041015625 8590.484375 10441.751953125 13074.3291015625 10547.513671875 8204.3935546875 6502.37548828125 6870.00390625 6874.2099609375 8297.359375 9974.494140625 13191.12109375 14743.904296875 19777.884765625 14967.4951171875 13809.4990234375 10936.3564453125 7247.33837890625 5164.07470703125 5261.06884765625 5268.44287109375 5836.47509765625 6179.73046875
44087.19921875 24078.916015625 20206.576171875 23739.103515625 27320.08984375 14807.8818359375 4065.964111328125 nan nan 1532.86279296875 8599.9169921875 3990.6552734375 11349.2255859375 11066.0966796875 11948.8115234375 8261.2861328125 3636.554931640625 nan 1955.1240234375 5862.3896484375 6438.2392578125 8419.392578125 6235.75 4905.31201171875 2563.82666015625 2057.374755859375 1875.8267822265625 2279.2900390625 3513.41796875 6933.73779296875 8613.5029296875 11145.705078125 11778.5888671875 10889.7314453125 9794.04296875 7417.7431640625 7201.64453125 7760.81982421875 8585.283203125 10439.16796875 12502.1162109375 13537.578125 12870.0068359375 13092.3779296875 10047.79296875 8152.69677734375 6763.650390625 5859.1943359375 4890.4453125 4257.8984375 3795.08642578125 5116.919921875
33353.43359375 27460.6015625 22628.7109375 27187.2578125 29859.78515625 19537.015625 8604.6591796875 700.9466552734375 578.85052490234375 7856.953125 8964.1572265625 18294.29296875 8363.5185546875 11898.044921875 10204.4208984375 10262.568359375 3228.39794921875 1948.9134521484375 3118.97412109375 5648.55419921875 9292.7666015625 10316.4853515625 8602.869140625 4592.82373046875 3717.947021484375 2432.130126953125 1289.78857421875 3209.874755859375 2844.44873046875 4105.61767578125 6212.43603515625 8480.7607421875 10976.8896484375 11790.4931640625 9436.0556640625 6646.86572265625 9464.498046875 8833.2548828125 6359.96826171875 8170.0107421875 10829.921875 10883.1640625 8445.4765625 8221.7587890625 8298.65625 6454.5400390625 4961.46875 4396.20947265625 4219.43798828125 3622.22216796875 3138.94091796875 2883.6962890625
26968.60546875 16662.970703125 27116.11328125 31270.3046875 29153.330078125 24125.404296875 9651.0791015625 2381.229248046875 7838.52880859375 8430.4658203125 17618.4296875 21229.451171875 20394.41796875 10110.25 12701.5498046875 12663.109375 8115.61181640625 2539.57177734375 1136.7569580078125 5297.7802734375 9551.4501953125 9990.666015625 7624.73876953125 6381.65234375 4107.44091796875 2841.145751953125 5060.39208984375 3420.46533203125 3281.80810546875 2392.907958984375 2999.00830078125 5915.1025390625 11498.4296875 13073.494140625 10230.27734375 9556.369140625 9177.228515625 9236.75 9410.4091796875 6260.8740234375 6960.916015625 7621.47802734375 9608.548828125 6988.04345703125 7883.97412109375 5640.6376953125 4994.8662109375 4214.42041015625 3525.41845703125 3246.886962890625 2989.83349609375 2796.2412109375
22153.775390625 20749.349609375 27790.224609375 31242.34375 28036.53515625 17807.87890625 11182.9189453125 4858.86376953125 4522.11962890625 18414.275390625 22295.677734375 22791.6953125 17301.28125 20322.1484375 15857.4755859375 17484.595703125 14264.451171875 10228.75390625 7916.1044921875 8253.4228515625 7887.6689453125 8727.5625 8530.5087890625 6384.4609375 4510.01708984375 6391.5146484375 5869.962890625 5423.35888671875 3542.87060546875 2841.787109375 4118.66748046875 7901.0986328125 11247.701171875 12516.3779296875 13244.876953125 13633.1982421875 9445.99609375 9783.1806640625 9325.69921875 9436.5068359375 6414.80908203125 8361.923828125 7774.29638671875 8731.798828125 6339.177734375 7030.283203125 6971.98876953125 5632.61962890625 7572.2373046875 2825.7919921875 2919.582275390625 3217.00390625
28219.6640625 31086.083984375 24420.01171875 25707.23828125 27284.724609375 14169.515625 8956.4921875 11160.4208984375 9383.3798828125 10349.521484375 24809.55859375 19116.53515625 18865.76171875 18503.7890625 19362.798828125 20588.9375 22101.6953125 20031.5390625 17635.921875 18450.443359375 11904.12109375 8331.6728515625 7936.86474609375 5196.36865234375 6106.12451171875 5179.23974609375 6923.02099609375 6413.0703125 6695.060546875 3820.315673828125 5796.8759765625 7730.7216796875 10559.634765625 12518.919921875 12941.072265625 8491.1748046875 9538.6416015625 10422.435546875 9102.8427734375 6880.71923828125 9036.427734375 6195.04296875 7963.91748046875 8604.8837890625 9299.912109375 7741.39599609375 6919.88623046875 9000.8115234375 8756.041015625 7714.97119140625 2937.8642578125 3074.44580078125
25754.5625 29006.45703125 26148.96484375 20788.98046875 19622.35546875 10927.0107421875 12001.0244140625 15282.7041015625 14725.447265625 9422.70703125 10022.548828125 17375.515625 14753.2509765625 15486.947265625 18790.2890625 20180.087890625 25965.49609375 27544.408203125 25757.4140625 21498.525390625 18220.06640625 11378.021484375 6101.81494140625 5936.55517578125 3227.19873046875 5398.7041015625 6290.97607421875 9623.013671875 6906.69482421875 7570.50341796875 7336.87060546875 9479.83203125 10032.6494140625 12586.978515625 8651.189453125 6999.09619140625 7595.89453125 7686.16845703125 8723.5546875 7129.51171875 5335.25634765625 6775.6552734375 6708.02197265625 8618.029296875 6742.861328125 6923.61669921875 9841.154296875 9358.2099609375 8696.27734375 8287.5341796875 6765.265625 3505.767822265625
20864.458984375 21311.873046875 28339.53125 19807.603515625 15528.837890625 10740.0693359375 11522.3701171875 15502.7470703125 16873.822265625 13423.2998046875 6702.267578125 10827.8212890625 10894.84375 14405.83203125 14359.244140625 21971.5390625 16900.0859375 26105.662109375 28317.845703125 26105.490234375 15562.9736328125 8624.6796875 5452.44384765625 3328.07177734375 4188.36328125 4827.005859375 9543.5732421875 7935.00244140625 10506.0185546875 10027.1416015625 11365.6650390625 9822.1474609375 11592.63671875 10770.7265625 8249.953125 6927.146484375 6519.05859375 7042.94580078125 8912.103515625 6726.83740234375 6105.7109375 4831.6005859375 6943.82275390625 5444.58447265625 6355.38916015625 7957.947265625 6617.5654296875 9168.064453125 9278.984375 8979.1455078125 4967.23876953125 5236.47412109375
18523.650390625 20196.501953125 18239.556640625 18643.212890625 10043.138671875 9082.580078125 12447.30859375 13447.3876953125 11347.68359375 9300.1884765625 7640.81103515625 5981.763671875 12575.748046875 11295.7734375 13989.8369140625 12428.638671875 14706.142578125 17413.20703125 28544.03125 21701.23828125 14011.80078125 5573.5830078125 3046.9296875 3639.3193359375 5272.77880859375 8566.34765625 9148.1328125 10564.9609375 9461.04296875 11326.822265625 10280.158203125 12347.68359375 9859.4091796875 10888.0927734375 9540.0986328125 9316.4638671875 9574.5986328125 8697.2001953125 7740.23681640625 7989.18408203125 6394.21728515625 4817.42626953125 5330.4677734375 6081.400390625 8130.23193359375 7586.5771484375 7552.59375 7507.119140625 10628.330078125 7066.30517578125 7274.9638671875 7634.56982421875
