ForecastVariables/BuildingFootprint_Mean_500m/BuildingFootprintMean_Focal_Random4.asc
ncols        529
nrows        344
xllcorner    2700.000000000000
yllcorner    15900.000000000000
cellsize     100.000000000000
NODATA_value  nan
[rows 138 to 160 of 344, columns 364 to 415 of 529]
11588.2392578125 12084.556640625 10624.3779296875 9107.46484375 5386.37353515625 8605.0634765625 9004.244140625 12957.0732421875 17497.533203125 18653.482421875 18549.783203125 16310.916015625 12048.994140625 11824.8427734375 11073.2216796875 8475.6875 8821.5478515625 10500.859375 11315.6396484375 10831.279296875 9866.1904296875 9459.044921875 9039.822265625 7111.97998046875 6640.408203125 8093.9267578125 11368.0830078125 12001.01953125 10833.30859375 9486.267578125 4683.29638671875 4285.8544921875 4303.591796875 7876.8857421875 14083.123046875 21074.513671875 19579.65234375 21702.43359375 22508.306640625 18505.208984375 25451.904296875 28122.0703125 19092.51171875 13379.1298828125 10282.8203125 3659.22265625 1591.513671875 105.05382537841796875 105.05382537841796875 105.05382537841796875 105.05382537841796875 105.05382537841796875
18933.482421875 14298.73828125 10891.38671875 18131.56640625 13200.6123046875 8081.6044921875 9385.8154296875 11863.8876953125 17373.560546875 18656.087890625 22839.912109375 17576.69140625 11539.669921875 8641.529296875 7673.474609375 8249.8974609375 8045.18359375 9916.1552734375 10251.798828125 10652.53125 9711.7109375 10156.3544921875 10378.1328125 9109.5361328125 7859.091796875 8241.6962890625 9126.8232421875 10765.619140625 11604.6630859375 9284.14453125 7855.26220703125 4131.85107421875 4454.5234375 4757.99072265625 9931.015625 16432.4921875 24029.791015625 18029.76171875 14807.5263671875 16138.8251953125 29616.61328125 27649.029296875 20992.822265625 12720.73046875 8038.556640625 2348.7197265625 nan nan 105.05382537841796875 105.05382537841796875 105.05382537841796875 707.9827880859375
16992.19140625 16511.66796875 20737.61328125 21487.79296875 17706.791015625 11854.5693359375 9613.0732421875 12303.5869140625 14381.3427734375 21602.908203125 23489.255859375 17532.322265625 14513.2001953125 12170.2109375 6278.1904296875 5863.841796875 7688.49267578125 8541.3798828125 9229.419921875 10077.09375 11041.7412109375 10769.2548828125 10391.24609375 9845.49609375 9213.8935546875 8504.83203125 8399.9267578125 11302.365234375 10493.3525390625 10363.8857421875 7475.5869140625 7164.9990234375 4989.966796875 5927.30810546875 6611.82568359375 13614.69921875 20003.751953125 18385.771484375 11303.763671875 22566.734375 26340.791015625 23194.095703125 22091.431640625 16755.89453125 3263.248779296875 0.57293868064880371094 nan nan nan 105.05382537841796875 707.9827880859375 1659.70654296875
12815.0517578125 21593.078125 24077.619140625 20205.7109375 21121.8046875 18493.361328125 12288.7587890625 8734.12109375 14516.619140625 22884.646484375 21158.095703125 18677.328125 19364.388671875 13765.75 9013.2919921875 4001.706787109375 5547.4912109375 7528.59716796875 8923.248046875 8782.4970703125 9946.6884765625 10030.2119140625 9966.201171875 9957.6875 9094.2841796875 8263.23046875 8438.0654296875 8275.296875 10743.5224609375 10107.7216796875 9260.234375 4952.67333984375 5857.7529296875 7279.5439453125 9802.0146484375 15373.9306640625 14936.6640625 14773.373046875 19068.126953125 15040.4169921875 21984.58984375 18982.07421875 18112.115234375 3759.65087890625 1081.253662109375 175.14837646484375 1.2958151102066040039 1344.115478515625 nan nan 951.72369384765625 2793.1083984375
9946.96484375 11276.5146484375 17156.373046875 17856.52734375 19425.435546875 15829.2294921875 9201.2783203125 9247.236328125 10614.4384765625 19092.87109375 19962.525390625 23551.724609375 17789.03125 10816.1865234375 7622.06494140625 13698.7529296875 5579.0810546875 9892.9501953125 17692.044921875 10197.8857421875 9087.876953125 10807.146484375 9759.619140625 8580.0537109375 8030.97021484375 7518.2373046875 7521.23291015625 8604.2578125 8150.47998046875 9857.2080078125 5819.70361328125 5860.15478515625 12771.224609375 8613.0751953125 11751.6220703125 14938.61328125 18830.1796875 20851.87890625 18610.140625 17555.4921875 13123.361328125 18354.798828125 4633.76513671875 1113.1915283203125 1112.6185302734375 906.828125 1452.366943359375 1765.5240478515625 1344.115478515625 nan nan 951.72369384765625
4992.509765625 5289.275390625 5024.693359375 15796.5703125 15778.474609375 12281.70703125 10567.982421875 10686.9072265625 13290.7919921875 16297.2412109375 20212.29296875 19353.462890625 14585.8291015625 11695.978515625 21822.62109375 13552.115234375 15211.57421875 19005.142578125 23149.92578125 19129.787109375 12597.9970703125 11002.4453125 10638.13671875 6965.31640625 6536.9404296875 7220.07373046875 7013.7626953125 6934.48828125 7663.89453125 7111.318359375 5996.56591796875 11568.1806640625 12798.0263671875 16925.759765625 11756.9521484375 14278.6982421875 21905.607421875 25084.41015625 22177.599609375 21056.962890625 20882.603515625 8139.07666015625 5358.13671875 3426.360595703125 1338.1988525390625 1501.1378173828125 1872.4796142578125 1872.4796142578125 1765.5240478515625 1344.115478515625 nan nan
2180.6318359375 491.543548583984375 2682.474365234375 10140.15234375 11548.798828125 12771.509765625 10391.6806640625 11072.455078125 14122.9404296875 15052.587890625 19292.373046875 15563.7626953125 13959.888671875 24869.416015625 19621.298828125 21735.271484375 28811.70703125 28563.033203125 21827.31640625 24890.080078125 21204.646484375 11862.6748046875 9312.1796875 7781.1318359375 5903.56689453125 6136.43212890625 6039.7490234375 5359.728515625 6154.392578125 6695.08984375 12285.8134765625 10842.88671875 19497.69140625 18799.689453125 15752.267578125 13238.248046875 19340.6796875 22821.900390625 25484.68359375 26806.552734375 20448.73828125 15284.95703125 9151.0126953125 6756.22021484375 3500.83984375 2113.39697265625 1921.25048828125 1872.4796142578125 1871.183837890625 420.11273193359375 nan nan
795.423095703125 1520.7750244140625 4285.8515625 6462.0439453125 10396.1123046875 10433.2568359375 11510.0234375 9264.9775390625 10815.439453125 16004.5322265625 17870.88671875 17777.5625 21770.212890625 18207.60546875 21721.205078125 24294.3046875 30045.642578125 31062.12890625 22137.556640625 20940.7734375 14648.6201171875 10544.3173828125 8632.6181640625 5511.8974609375 4369.85205078125 4042.847900390625 4250.62158203125 6363.58740234375 6046.18359375 7214.16015625 6301.828125 21613.8671875 33938.6875 30080.5234375 13243.2666015625 11427.8017578125 14292.09765625 19738.48046875 27051.544921875 22500.90234375 22954.3515625 18895.734375 15307.5947265625 9736.8642578125 8056.03076171875 4559.26806640625 2113.39697265625 1919.9547119140625 420.11273193359375 nan nan nan
2715.305419921875 2743.47216796875 2542.361572265625 6651.12109375 8920.291015625 11030.46875 6230.5859375 7137.85791015625 8903.703125 14614.275390625 20846.5859375 18350.7578125 15240.8515625 19980.052734375 29394.974609375 28787.78515625 23085.005859375 23797.009765625 31678.341796875 11185.5771484375 8705.91796875 9955.5615234375 5975.451171875 3609.27197265625 3101.557373046875 2926.9970703125 4667.43896484375 6425.7294921875 10239.8779296875 8012.99658203125 17263.107421875 36370.04296875 49641.65625 34106.80859375 25979.693359375 14749.7880859375 14373.3955078125 17453.259765625 19378.91015625 21368.34375 18474.650390625 17023.283203125 12763.0810546875 17277.673828125 10042.7783203125 4150.763671875 1936.88330078125 1525.00390625 nan nan nan nan
5079.125 4704.318359375 4873.07275390625 6220.5654296875 10029.244140625 8959.53125 8222.3359375 5819.85009765625 8942.873046875 14031.576171875 16921.62890625 21583.806640625 17895.654296875 21360.453125 32300.87890625 35925.29296875 27376.90625 24790.232421875 19190.919921875 18162.8671875 8812.22265625 5617.38916015625 3885.447509765625 3045.295166015625 2883.6357421875 4362.50341796875 6794.0830078125 9485.7373046875 10037.1357421875 14284.9345703125 26887.40234375 45511.89453125 48840.1953125 46103.81640625 29676.740234375 18389.41015625 18135.013671875 20088.78125 21507.212890625 15979.5087890625 16738.265625 13464.79296875 18573.705078125 15192.4404296875 10429.3349609375 5183.16552734375 2710.0654296875 nan nan nan nan nan
5115.78955078125 4867.8076171875 6149.93017578125 7671.3408203125 7752.251953125 9910.806640625 7782.82568359375 6673.17578125 11478.73046875 13119.7197265625 15611.4638671875 18378.353515625 24590.4375 27464.291015625 29729.51953125 33445.1875 41935 24644.619140625 22034.45703125 11448.4814453125 9583.884765625 4982.24267578125 4364.8408203125 7566.97607421875 10260.392578125 5641.59375 8296.564453125 11057.8388671875 11195.10546875 17180.033203125 36857.83984375 40782.3515625 46519.58203125 40865.38671875 28756.353515625 21109.88671875 22276.2265625 23439.37109375 19826.765625 20166.9296875 16438.57421875 17425.501953125 14738.84375 11912.201171875 9782.9873046875 6732.43212890625 20.238124847412109375 nan nan nan nan nan
4535.4326171875 5688.1064453125 8750.94140625 6398.5458984375 9197.681640625 7843.619140625 7911.40380859375 8090.5947265625 9157.3427734375 13845.6083984375 14466.7060546875 12568.4970703125 15510.6357421875 22965.68359375 28553.796875 35260.40625 28253.30078125 31727.572265625 14363.1572265625 11415.5478515625 11093.6220703125 8679.943359375 9833.326171875 21979.193359375 20358.044921875 11829.4873046875 8004.25732421875 11665.7998046875 13618.7509765625 29810.9609375 39277.15234375 41663.8671875 46813.48046875 33280.109375 20783.89453125 23543.703125 23854.1796875 23822.396484375 23173.158203125 18127.7734375 18146.58984375 12131.5322265625 14927.572265625 10832.625 7879.82275390625 954.25244140625 nan nan nan nan nan 92.79912567138671875
4935.087890625 10888.3291015625 9844.509765625 8704.53125 6542.0126953125 7469.81689453125 9168.580078125 10495.259765625 9155.107421875 10264.046875 13963.990234375 9355.2041015625 7698.728515625 13577.853515625 27452.109375 23947.546875 23026.646484375 18895.4296875 19745.71484375 16810.58203125 14903.1552734375 17962.779296875 27293.015625 27887.857421875 29291.40625 20550.728515625 22428.23046875 19955.6171875 34264.10546875 47433.12890625 43906.59375 49139.59765625 52283.65234375 39834.859375 24333.5078125 22949.068359375 28645.98046875 24402.31640625 19407.529296875 19818.080078125 14723.6767578125 15157.9814453125 9436.8369140625 9545.400390625 1860.8673095703125 25.40325927734375 nan nan nan nan nan 154.5781402587890625
11807.3837890625 13545.6376953125 13061.029296875 11658.0224609375 10433.931640625 7562.7626953125 8271.234375 9456.689453125 10851.0205078125 11392.701171875 7755.3046875 6465.4716796875 5157.41357421875 6046.2177734375 12927.6689453125 18163.791015625 17536.0546875 15766.12109375 16901.474609375 20074.142578125 19955.916015625 23792.345703125 32397.171875 36239.69140625 28947.462890625 34254.00390625 36077.5234375 45391.3671875 53396.7265625 49855.4921875 56731.5703125 56633.421875 49388.71875 35823.1171875 36196.20703125 30035.34765625 22560.15625 21016.134765625 20591.388671875 16216.0439453125 17538.130859375 11418.9765625 8599.525390625 4045.20263671875 1358.098388671875 nan nan nan nan nan nan nan
10084.9765625 14115.59375 14995.876953125 15216.087890625 9916.6826171875 8973.61328125 8646.849609375 8591.1123046875 10643.0458984375 7929.4560546875 6420.58984375 5665.298828125 5759.400390625 5860.02001953125 7367.85986328125 8756.9814453125 13771.9658203125 11091.1767578125 13082.0654296875 17991.224609375 21397.466796875 21328.7578125 25221.8203125 30046.482421875 37551.83203125 36210.890625 46967.49609375 58096.73828125 57823.6875 51964.23828125 52437.99609375 56061.05859375 39530.51171875 36156.34375 33616.4375 28304.095703125 21349.12890625 20485.37890625 19727.6171875 15831.125 12977.6669921875 10024.091796875 4904.86572265625 2437.239013671875 nan nan nan nan nan nan nan nan
10028.90234375 11181.0546875 15217.0693359375 10130.513671875 10270.5537109375 10413.1962890625 9907.9208984375 8192.5830078125 7930.26123046875 6778.70849609375 5732.57470703125 5655.50341796875 5227.21923828125 6422.3359375 7241.26953125 6790.75537109375 6204.31298828125 7832.83203125 10809.150390625 11049.41015625 17988.396484375 19733.9765625 16506.232421875 21413.873046875 22433.0234375 30351.859375 39372.59765625 48898.45703125 48137.1328125 44427.4140625 41139.55078125 26039.767578125 36419.87890625 35291.33984375 31052.01171875 25630.400390625 22200.44140625 21397.552734375 16791.029296875 14693.5634765625 9387.4189453125 4826.5 3127.943359375 0.24383281171321868896 nan nan nan nan nan nan nan nan
6762.369140625 10366.68359375 9892.4921875 9175.2666015625 9200.19921875 10062.3505859375 9902.126953125 8317.439453125 7001.36669921875 7907.93017578125 6114.68212890625 5160.37109375 6075.02685546875 5989.15380859375 6295.72900390625 5727.6455078125 5324.0556640625 5156.0576171875 5638.90185546875 10696.060546875 9887.7099609375 11726.828125 16870.662109375 10679.9794921875 10602.267578125 11772.8154296875 25591.470703125 33033.33203125 24893.025390625 20902.26171875 14755.462890625 24558.498046875 29654.6875 32020.326171875 21725.578125 20271.181640625 28846.900390625 20102.599609375 16768.416015625 12020.732421875 6611.732421875 3495.67919921875 818.87158203125 nan nan nan nan nan nan nan nan 2234.44189453125
8933.7265625 8077.6728515625 8991.986328125 9259.9755859375 8647.4501953125 9869.689453125 8801.8310546875 8077.2998046875 9518.8701171875 8026.2392578125 7522.0380859375 6503.9423828125 5835.546875 5794.39111328125 5090.43017578125 5205.7587890625 4390.55615234375 3922.064208984375 3777.85498046875 5124.2080078125 9146.4658203125 12471.197265625 11424.31640625 15390.6494140625 5201.56201171875 5828.91162109375 13236.5966796875 12077.9296875 9990.8984375 7931.58935546875 14645.1806640625 15647.2548828125 20630.7890625 17610.353515625 19121.490234375 23361.908203125 21537.13671875 21128.6171875 15324.7255859375 11932.3251953125 7626.16943359375 2695.923828125 66.4027862548828125 nan nan nan nan nan nan nan 2396.364013671875 3589.482421875
10145.068359375 8567.9404296875 7960.23876953125 7568.3154296875 9464.9453125 9649.060546875 8461.18359375 10472.3271484375 9025.0185546875 8190.2783203125 8494.5869140625 7529.54638671875 7050.38818359375 6633.640625 4815.98193359375 5003.95458984375 3194.405517578125 2777.52294921875 3437.603759765625 5578.138671875 10749.048828125 11066.0009765625 17068.58203125 14672.0283203125 13336.2763671875 6128.63037109375 8431.490234375 6182.287109375 5641.5546875 9986.6416015625 9294.2451171875 13993.94140625 8859.564453125 7955.4150390625 12485.3662109375 16201.017578125 16142.5146484375 17171.89453125 18718.361328125 10092.0078125 6359.376953125 2898.23486328125 3013.123291015625 nan nan nan nan 404.192901611328125 nan 3275.048828125 3902.702880859375 5453.0546875
7233.06640625 7916.9658203125 7866.8046875 9599.3330078125 9436.9599609375 8071.64013671875 10291.3486328125 9481.7080078125 9454.78515625 9137.091796875 8267.5927734375 7034.40234375 7465.7392578125 7496.4951171875 6238.6865234375 4836.1025390625 3812.347412109375 3052.925048828125 5147.33984375 7550.1806640625 7718.13134765625 17099.751953125 18247.46484375 17885.568359375 12726.5361328125 13551.6962890625 10240.150390625 10364.0478515625 10345.8544921875 7736.2060546875 9060.2119140625 9089.15234375 9320.1953125 4718.92236328125 6301.3046875 9104.9677734375 9960.9873046875 14970.90234375 13431.052734375 10565.9443359375 4946.14453125 4725.8076171875 5012.20166015625 3013.123291015625 nan nan 404.192901611328125 404.192901611328125 1444.7998046875 1846.5029296875 5782.5947265625 6188.8076171875
10552.94921875 7590.62890625 8965.42578125 13458.19921875 10307.8359375 10221.5224609375 9135.748046875 8666.359375 8540.9296875 10074.33984375 6403.1025390625 7785.59716796875 7511.29638671875 6920.71875 8190.5126953125 5952.59375 4915.9814453125 4258.07568359375 3559.078369140625 5641.611328125 10402.748046875 12199.55078125 17646.443359375 13905.310546875 21834.15234375 14947.275390625 14197.80078125 14029.51171875 10353.5341796875 9803.8984375 9406.345703125 10194.8828125 5941.115234375 7932.43701171875 6693.37255859375 4301.73388671875 8099.91943359375 8437.486328125 6960.5029296875 7777.16162109375 7603.35693359375 5266.89599609375 4179.0732421875 3424.378173828125 2513.122314453125 544.0308837890625 1793.6158447265625 1282.8778076171875 1434.1761474609375 1596.09814453125 2078.40087890625 6014.49267578125
16949.25 12479.134765625 13680.9130859375 12286.462890625 12337.19921875 10051.1494140625 9688.0498046875 7160.22802734375 8655.390625 6902.49658203125 7424.7763671875 6776.91552734375 7113.345703125 7978.73974609375 8891.1904296875 7553.046875 5629.2744140625 4639.560546875 3736.3427734375 4790.62841796875 6667.80224609375 8146.32861328125 10119.1923828125 20883.8828125 17716.03125 22922.451171875 17961.326171875 13899.2568359375 8469.001953125 8517.9140625 11243.552734375 8652.64453125 10003.85546875 7855.00048828125 6178.00439453125 5205.56787109375 3520.618896484375 4171.25439453125 4837.63671875 3485.243408203125 2253.7724609375 4179.0732421875 3424.378173828125 3407.210693359375 1033.92626953125 1529.260986328125 1933.453857421875 1793.6158447265625 1282.8778076171875 1029.983154296875 1191.9052734375 1037.7938232421875
12912.130859375 13237.923828125 12646.6318359375 14685.1181640625 12119.2529296875 11613.380859375 5942.66357421875 8359.525390625 7298.0810546875 7825.0224609375 6980.86962890625 6343.13671875 8088.17529296875 8633.35546875 7104.4287109375 7938.61279296875 6813.30078125 4532.27490234375 4576.89404296875 5310.69091796875 5630.91796875 5188.9345703125 11551.9482421875 15069.8876953125 18436.80859375 20485.224609375 22401.1796875 12577.0283203125 8245.673828125 6795.45654296875 6286.95947265625 8676.068359375 10866.8056640625 10110.3505859375 6753.93310546875 4525.9189453125 2240.368896484375 519.8719482421875 2877.54931640625 nan 254.6940460205078125 911.2559814453125 3407.210693359375 1033.92626953125 1529.260986328125 1529.260986328125 1529.260986328125 1933.453857421875 1389.4229736328125 878.68487548828125 151.2983245849609375 nan
