ForecastVariables/BuildingFootprint_Mean_500m/BuildingFootprintMean_Focal_Random3.asc
ncols        529
nrows        344
xllcorner    2700.000000000000
yllcorner    15900.000000000000
cellsize     100.000000000000
NODATA_value  nan
[rows 184 to 206 of 344, columns 52 to 103 of 529]
6976.0654296875 12012.470703125 14534.5966796875 12945.3466796875 16530.91015625 17444.4453125 16521.4296875 14580.576171875 26939.822265625 30703.451171875 35317.8046875 29597.056640625 33551.94140625 19605.791015625 15277.416015625 9641.54296875 12426.44140625 9779.0224609375 4746.1103515625 1580.377685546875 1558.61279296875 3696.592041015625 8019.1015625 12240.71484375 14224.62890625 14562.5556640625 15320.4814453125 14003.94921875 12840.068359375 13491.494140625 15704.2646484375 8596.3603515625 4105.28955078125 2843.88671875 5503.76220703125 6474.64794921875 6800.48583984375 6547.296875 8228.1025390625 8871.23828125 6897.61767578125 3115.444580078125 6198.28076171875 12976.8623046875 13913.548828125 13664.83984375 9033.21875 11100.7529296875 13343.2197265625 9986.6875 7929.173828125 6109.1875
8511.4033203125 14600.3603515625 14768.484375 13431.119140625 15181.0078125 17912.515625 19529.302734375 21721.005859375 12452.12109375 22383.8125 25796.423828125 25442.998046875 16597.548828125 18912.857421875 7311.478515625 8951.4697265625 11909.693359375 9733.2841796875 3311.922607421875 697.7568359375 nan 1558.61279296875 3696.592041015625 6040.0419921875 7977.91943359375 9059.51953125 8991.8828125 10598.8486328125 12277.7470703125 16501.58984375 17227.103515625 10815.0546875 2651.764892578125 2188.446533203125 4591.46337890625 6325.90771484375 6317.80908203125 9615.3310546875 11951.359375 14821.9248046875 8087.92919921875 5639.15771484375 9350.6962890625 11874.6689453125 10796.2939453125 9134.404296875 10093.66015625 9265.3291015625 15292.4365234375 12818.1787109375 10091.5693359375 6240.3447265625
7273.6015625 15673.4560546875 15676.1708984375 16458.697265625 12917.1376953125 15198.8056640625 25408.4453125 14016.6650390625 11999.3037109375 9592.8388671875 17257.017578125 12643.8291015625 10327.958984375 9756.7783203125 12168.642578125 8805.0947265625 12123.0458984375 6907.85009765625 2755.48876953125 263.574462890625 nan nan 1558.61279296875 1953.5296630859375 2915.88330078125 9518.6669921875 10724.5537109375 7155.46875 13962.62109375 16660.919921875 16888.484375 14600.51171875 5460.82568359375 1132.617919921875 4336.93017578125 4874.90625 7201.0625 9108.08203125 16142.8017578125 15290.51171875 10334.0400390625 4448.32861328125 4702.90234375 8970.1591796875 8142.046875 6317.7177734375 2228.499755859375 11537.54296875 15324.4853515625 18512.046875 11041.4326171875 6583.931640625
10429.541015625 12347.419921875 17749.41015625 17544.19921875 17834.66015625 16430.25 15672.66015625 14979.712890625 10291.8984375 8501.087890625 4020.553466796875 8140.0400390625 9130.484375 12922.5400390625 10636.7392578125 14949.845703125 10026.466796875 9957.4033203125 3050.608154296875 257.40289306640625 nan nan nan 895.4580078125 5367.18310546875 10378.904296875 13148.466796875 11329.8564453125 9769.64453125 13583.138671875 16352.841796875 13154.7607421875 6919.20654296875 2369.9248046875 3084.962646484375 5749.88818359375 7257.4970703125 12501.4365234375 13125.623046875 13228.6650390625 10573.9951171875 7829.9228515625 3738.97314453125 3852.74462890625 7240.5810546875 511.124420166015625 7155.8486328125 10129.943359375 13534.001953125 15041.263671875 14844.91796875 7034.9853515625
5878.29345703125 11088.9609375 15367.8330078125 15737.7353515625 14278.470703125 15311.0732421875 13146.9609375 10584.0263671875 6148.3896484375 1570.3958740234375 3111.85205078125 5549.92626953125 10971.7763671875 11254.0341796875 14520.203125 15905.4189453125 15919.0849609375 8746.27734375 9610.9287109375 1877.552490234375 178.1166229248046875 nan nan 4440.80322265625 10172.28515625 10927.0908203125 11102.7880859375 11840.9658203125 8751.62890625 9338.3076171875 12920.3701171875 8318.7373046875 3970.2294921875 3562.876953125 3883.865234375 5295.22509765625 5467.50341796875 8464.7890625 12547.35546875 10750.7138671875 9408.2998046875 5544.4833984375 3377.068359375 3377.068359375 3377.068359375 1481.00537109375 nan 7155.8486328125 10102.7333984375 10947.9814453125 5452.25732421875 2893.710693359375
3095.19970703125 7114.517578125 12350.6328125 9165.0283203125 7405.37890625 8881.1552734375 8888.3662109375 4817.53271484375 1374.7904052734375 1083.8704833984375 536.5108642578125 3263.3984375 7183.08154296875 11927.765625 14755.69140625 17914.505859375 14331.6787109375 13632.5244140625 8159.48583984375 6168.52685546875 2335.314208984375 178.1166229248046875 nan 41.361789703369140625 5206.048828125 10896.1689453125 10031.6328125 5661.07421875 1423.205078125 1837.793701171875 7587.45166015625 5066.7939453125 4005.9453125 81.582794189453125 735.07879638671875 4624.560546875 4290.296875 4429.96142578125 6228.619140625 7981.86962890625 2814.535888671875 2305.056396484375 3377.068359375 3377.068359375 1481.00537109375 nan nan nan 7155.8486328125 1725.3270263671875 1303.7557373046875 627.41632080078125
nan 3095.19970703125 2950.716552734375 5618.48876953125 4734.94287109375 2308.7021484375 2180.96533203125 276.044525146484375 1083.8704833984375 nan 701.59735107421875 3340.99609375 6439.283203125 12044.3935546875 16775.4453125 12608.81640625 19288.703125 14578.2734375 10496.810546875 7761.13720703125 6079.29736328125 2508.548828125 177.8791656494140625 nan 41.361789703369140625 5206.048828125 5559.90771484375 723.8836669921875 nan 1178.147216796875 1529.9862060546875 4005.9453125 1055.7025146484375 1055.7025146484375 81.582794189453125 523.040283203125 2649.940185546875 2067.3466796875 2140.81982421875 2814.005126953125 408.993499755859375 nan 1896.06298828125 1481.00537109375 nan nan nan nan nan nan nan nan
nan nan 212.806884765625 1368.5911865234375 2206.59619140625 74.38085174560546875 nan nan nan 412.365447998046875 1338.4619140625 2921.435546875 6594.61669921875 10826.1357421875 16882.7265625 16220.560546875 14737.8935546875 16922.376953125 12045.4951171875 9529.416015625 6565.72119140625 4488.720703125 2047.7559814453125 nan nan 41.361789703369140625 723.8836669921875 nan nan nan 1178.147216796875 1055.7025146484375 1055.7025146484375 nan nan nan nan 950.03021240234375 528.0850830078125 408.993499755859375 nan nan nan nan nan nan nan nan nan nan nan nan
nan nan nan nan 74.38085174560546875 nan nan nan nan 764.5430908203125 918.715087890625 2821.32177734375 5923.39697265625 13026.958984375 16743.646484375 19992.39453125 15647.5400390625 12549.2080078125 16223.59765625 12808.966796875 8016.09912109375 6243.888671875 3356.04736328125 903.10498046875 nan nan nan nan nan nan nan 1055.7025146484375 nan nan nan nan nan nan nan nan nan nan nan nan nan nan nan nan nan nan nan nan
nan nan nan nan nan nan nan nan 764.5430908203125 1349.8662109375 1822.064453125 3056.625 9464.251953125 14587.6787109375 13871.173828125 19161.8671875 20355.33984375 15920.8896484375 17838.8984375 13315.5078125 12245.3349609375 7287.1689453125 5607.287109375 1534.8974609375 0.086351804435253143311 nan nan nan nan nan nan nan nan nan nan nan nan nan nan nan nan nan nan nan nan nan nan nan nan nan nan nan
nan nan nan nan nan nan nan 764.5430908203125 1349.8662109375 2397.505126953125 4251.90234375 4199.52001953125 6618.916015625 12858.2109375 17358.890625 18308.203125 16517.365234375 26470.392578125 18517.646484375 15752.2314453125 10622.1357421875 8919.0595703125 4703.4833984375 3122.35009765625 813.0740966796875 nan nan nan nan nan nan nan nan nan nan nan nan nan nan nan nan nan nan nan nan nan nan nan nan nan nan nan
nan nan nan nan nan nan nan 575.44073486328125 1992.0521240234375 2776.921142578125 3290.1083984375 6217.1748046875 6278.43017578125 8384.5595703125 17951.8203125 18979.03515625 25562.951171875 24715.201171875 22532.37890625 12841.677734375 11838.1396484375 6515.68017578125 4590.1875 2567.18408203125 1209.8419189453125 nan nan nan nan nan nan nan nan nan nan nan nan nan nan nan nan nan nan nan nan nan nan nan nan nan nan nan
nan nan nan nan nan nan nan nan 930.9703369140625 2347.581787109375 2012.378173828125 1940.2423095703125 5843.83935546875 10769.1748046875 15496.755859375 21434.615234375 22338.21875 23271.248046875 19109.470703125 15952.416015625 3335.76708984375 3803.081787109375 2593.23876953125 1209.8419189453125 nan nan nan nan nan nan nan nan nan nan nan nan nan nan nan nan nan nan nan nan nan nan nan nan nan nan nan nan
nan nan nan nan nan nan nan nan nan 930.9703369140625 1007.597900390625 1589.7109375 3363.78955078125 10089.283203125 12217.529296875 14187.4775390625 22862.708984375 19382.33984375 16121.82421875 3488.642333984375 949.6436767578125 570.32269287109375 1209.8419189453125 nan nan nan nan nan nan nan nan nan nan nan nan nan nan nan nan nan nan nan nan nan nan nan nan nan nan nan nan nan
nan nan nan nan nan nan nan nan nan nan 355.529632568359375 1107.4949951171875 3306.001953125 5044.08935546875 7975.31005859375 19989.806640625 17390.861328125 17003.287109375 5985.55224609375 1896.7236328125 1087.079833984375 nan nan nan nan nan nan nan nan nan nan nan nan nan nan nan nan nan nan nan nan nan nan nan nan nan nan nan nan nan nan nan
nan nan nan nan nan nan nan nan nan nan nan nan 1107.4949951171875 3390.09326171875 12773.3291015625 20238.31640625 15779.6533203125 11174.7353515625 7496.423828125 3610.97021484375 nan nan nan nan nan nan nan nan nan nan nan nan nan nan nan nan nan nan nan nan nan nan nan nan nan nan nan nan nan nan nan nan
nan nan nan nan nan nan nan nan nan nan nan nan 84.0913238525390625 6601.70361328125 11844.7646484375 13924.87109375 16038.1728515625 14626.521484375 6414.5048828125 nan nan nan nan nan nan nan nan nan nan nan nan nan nan nan nan nan nan nan nan nan nan nan nan nan nan nan nan nan nan nan nan nan
nan nan nan nan nan nan nan nan nan nan nan nan 22.509340286254882812 2269.838623046875 7657.44677734375 10460.9814453125 13426.6455078125 7516.7177734375 nan nan nan nan nan nan nan nan nan nan nan nan nan nan nan nan nan nan nan nan nan nan nan nan nan nan nan nan nan nan nan nan nan nan
nan nan nan nan nan nan nan nan nan nan nan nan nan 22.509340286254882812 2269.838623046875 7573.35546875 4966.77294921875 nan nan nan nan nan nan nan nan nan nan nan nan nan nan nan nan nan nan nan nan nan nan nan nan nan nan nan nan nan nan nan nan nan nan nan
nan nan nan nan nan nan nan nan nan nan nan nan nan nan 22.509340286254882812 2163.238037109375 nan nan nan nan nan nan nan nan nan nan nan nan nan nan nan nan nan nan nan nan nan nan nan nan nan nan nan nan nan nan nan nan nan nan nan nan
nan nan nan nan nan nan nan nan nan nan nan nan nan nan nan nan nan nan nan nan nan nan nan nan nan nan nan nan nan nan nan nan nan nan nan nan nan nan nan nan nan nan nan nan nan nan nan nan nan nan nan nan
nan nan nan nan nan nan nan nan nan nan nan nan nan nan nan nan nan nan nan nan nan nan nan 120.988494873046875 354.022705078125 499.89666748046875 nan nan nan nan nan nan nan nan nan nan nan nan nan nan nan nan nan nan nan nan nan nan nan nan nan nan
nan nan nan nan nan nan nan nan nan nan nan nan nan nan nan nan nan nan nan nan nan 381.6414794921875 1055.902099609375 1195.007568359375 1822.7559814453125 1166.961669921875 499.89666748046875 nan 15.619660377502441406 427.330291748046875 nan nan nan nan nan nan nan nan nan nan nan nan nan nan nan nan nan nan nan nan nan 331.036041259765625
