ForecastVariables/BuildingPerimeter_100m/BuildingPerimeter_Random2.asc
ncols        529
nrows        344
xllcorner    2700.000000000000
yllcorner    15900.000000000000
cellsize     100.000000000000
NODATA_value  0
[rows 154 to 175 of 344, columns 0 to 50 of 529]
0 0 0 0 0 0 0 0 0 0 0 0 0 0 0 0 0 0 0 0 0 0 0 0 0 27.913866043090820312 187.3899993896484375 187.279541015625 202.16424560546875 218.228668212890625 192.642303466796875 455.400787353515625 240.552490234375 434.860992431640625 206.233123779296875 71.56476593017578125 220.3668365478515625 120.9719085693359375 335.468017578125 414.530364990234375 244.2356109619140625 315.584136962890625 275.3426513671875 209.4931640625 349.555816650390625 424.720733642578125 354.292633056640625 414.190948486328125 280.628387451171875 339.39007568359375 165.3476409912109375
0 0 0 0 0 0 0 0 0 0 0 0 0 0 0 0 0 0 0 0 0 0 0 0 109.17836761474609375 162.5672607421875 266.996612548828125 41.558612823486328125 6.2301964759826660156 366.256103515625 79.4673614501953125 14.423377037048339844 300.757171630859375 188.42633056640625 213.9424896240234375 190.3440093994140625 77.920166015625 235.213714599609375 389.54351806640625 274.255126953125 250.725311279296875 410.01104736328125 409.54046630859375 226.288665771484375 439.556396484375 191.0244293212890625 285.47021484375 291.72808837890625 482.68035888671875 234.0665283203125 217.60211181640625
0 0 0 0 0 0 0 0 0 0 0 0 0 0 0 0 0 0 0 0 0 0 0 138.3293914794921875 278.425537109375 42.153034210205078125 106.93985748291015625 105.85994720458984375 133.5623931884765625 300.598297119140625 154.026580810546875 160.5004119873046875 128.80645751953125 117.0074005126953125 194.946929931640625 67.9352874755859375 0 193.21722412109375 156.3750457763671875 272.75921630859375 248.857086181640625 228.873138427734375 355.7454833984375 326.07073974609375 299.195526123046875 375.268035888671875 269.54339599609375 395.059539794921875 310.81231689453125 377.487030029296875 296.678497314453125
0 0 0 0 0 0 0 0 0 0 0 0 0 0 0 0 0 0 0 0 0 0 0 66.1678466796875 121.6591949462890625 117.9947509765625 239.570404052734375 133.2572021484375 259.2972412109375 626.69036865234375 8.1123266220092773438 128.404541015625 80.61517333984375 127.4525146484375 91.01966094970703125 157.3523101806640625 270.6087646484375 143.5556182861328125 132.37396240234375 163.9127197265625 306.300079345703125 264.991058349609375 176.1742095947265625 309.414947509765625 548.75067138671875 509.55364990234375 436.146087646484375 246.9344940185546875 468.791900634765625 476.618408203125 381.531463623046875
0 0 0 0 0 0 0 0 0 0 0 0 0 0 0 0 0 0 0 0 0 0 56.92012786865234375 226.8641510009765625 468.161895751953125 314.980316162109375 421.6929931640625 203.53924560546875 250.857818603515625 185.1731414794921875 47.921600341796875 56.1819610595703125 901.69970703125 91.951019287109375 165.5148468017578125 407.5283203125 259.317108154296875 235.940521240234375 346.488433837890625 170.0053558349609375 161.0511627197265625 219.5723114013671875 326.24371337890625 223.3336639404296875 619.3092041015625 442.941558837890625 291.515289306640625 452.828399658203125 517.969482421875 364.09552001953125 331.578582763671875
0 0 0 0 0 0 0 0 0 0 0 0 0 0 0 0 0 0 0 0 0 121.47760772705078125 21.836620330810546875 136.418182373046875 192.3779296875 422.5460205078125 91.044464111328125 134.0343170166015625 306.544769287109375 560.47314453125 147.84149169921875 348.18377685546875 86.3831939697265625 161.069305419921875 320.368316650390625 339.69921875 379.01129150390625 241.1970367431640625 281.971160888671875 284.700531005859375 196.781707763671875 112.58135223388671875 320.86474609375 451.0355224609375 314.963226318359375 315.79296875 363.9622802734375 571.22528076171875 359.86895751953125 261.42578125 176.983734130859375
0 0 0 0 0 0 0 0 0 0 0 0 0 0 0 0 0 0 0 0 0 95.119171142578125 165.514434814453125 47.62375640869140625 76.8166961669921875 27.428531646728515625 149.2788238525390625 79.9134063720703125 372.472015380859375 158.934112548828125 106.24747467041015625 329.318511962890625 271.725250244140625 271.8819580078125 314.817413330078125 254.9225921630859375 318.6429443359375 169.7258453369140625 157.253631591796875 189.300323486328125 57.749958038330078125 255.1291046142578125 94.29779052734375 286.459503173828125 261.0224609375 201.05084228515625 348.26544189453125 415.447235107421875 351.70050048828125 419.478302001953125 476.06732177734375
0 0 0 0 0 0 0 0 0 0 0 0 0 0 0 0 0 0 0 0 380.40386962890625 8.3935451507568359375 84.47768402099609375 97.26346588134765625 442.2120361328125 41.51273345947265625 267.3238525390625 323.20965576171875 242.673065185546875 540.51123046875 475.50714111328125 183.03125 45.0943756103515625 170.7506103515625 282.456451416015625 347.899810791015625 135.682525634765625 154.99066162109375 344.356964111328125 264.46551513671875 343.52435302734375 530.98126220703125 53.72986602783203125 125.00887298583984375 331.012115478515625 361.6624755859375 58.78081512451171875 253.0740814208984375 386.0518798828125 426.0325927734375 275.603759765625
0 0 0 0 0 0 0 0 0 0 0 0 0 0 0 0 0 0 0 224.6960906982421875 110.75882720947265625 459.31793212890625 138.5474090576171875 38.10047149658203125 693.788330078125 172.6221771240234375 141.3328857421875 108.6600799560546875 399.379150390625 214.7922515869140625 28.524778366088867188 204.138916015625 183.0706634521484375 333.58203125 561.58233642578125 469.56805419921875 190.0657196044921875 401.576751708984375 419.41375732421875 346.624664306640625 373.127899169921875 155.270751953125 287.781829833984375 221.3905181884765625 123.286346435546875 170.255889892578125 221.1947174072265625 270.469696044921875 307.1949462890625 92.13837432861328125 236.6197967529296875
0 0 0 0 0 0 0 0 0 0 0 0 0 0 0 0 0 0 0 192.1395263671875 139.2922210693359375 75.27435302734375 166.6741943359375 144.248321533203125 242.9436798095703125 310.94256591796875 130.686065673828125 186.1095428466796875 357.418426513671875 120.81622314453125 163.337432861328125 40.220081329345703125 285.251922607421875 140.5180206298828125 501.462066650390625 436.646087646484375 326.19915771484375 73.6157379150390625 679.814697265625 371.36737060546875 459.0360107421875 261.604461669921875 137.6007232666015625 219.75897216796875 237.0228118896484375 145.5875244140625 274.16827392578125 363.186248779296875 58.775543212890625 389.0909423828125 324.103424072265625
0 0 0 0 0 0 0 0 0 0 0 0 0 0 0 0 0 0 266.91925048828125 121.46889495849609375 137.5033721923828125 151.2544097900390625 233.639801025390625 576.77545166015625 469.021148681640625 19.508733749389648438 221.191650390625 395.630615234375 261.338287353515625 109.51528167724609375 239.5933380126953125 148.82305908203125 160.9026641845703125 397.14556884765625 435.10528564453125 352.572540283203125 89.66342926025390625 161.1435699462890625 99.13437652587890625 340.4364013671875 530.10076904296875 763.32244873046875 352.3394775390625 230.6490631103515625 425.229095458984375 300.4146728515625 103.442474365234375 233.9041900634765625 222.4708404541015625 297.777008056640625 293.694244384765625
0 0 0 0 0 0 0 0 0 0 0 0 0 0 0 0 0 0 105.53397369384765625 181.24981689453125 223.52166748046875 250.6999359130859375 119.5592041015625 46.6098175048828125 98.4993896484375 30.7846832275390625 148.367828369140625 48.42160797119140625 478.705169677734375 450.2872314453125 3.7537770271301269531 102.31982421875 167.5683746337890625 284.694122314453125 491.7947998046875 227.907928466796875 171.259124755859375 395.71044921875 399.246337890625 323.7474365234375 247.058837890625 270.72576904296875 273.2315673828125 250.562744140625 390.961822509765625 418.759246826171875 313.517303466796875 290.007110595703125 169.6487579345703125 177.0124664306640625 270.637054443359375
0 0 0 0 0 0 0 0 0 0 0 0 0 0 0 0 0 67.09162139892578125 447.80169677734375 99.2039337158203125 363.146942138671875 244.133331298828125 39.617572784423828125 550.1026611328125 304.02032470703125 739.7801513671875 44.705509185791015625 50.928501129150390625 152.3526458740234375 26.965539932250976562 148.1959228515625 324.50274658203125 354.9837646484375 281.978240966796875 268.45404052734375 373.207305908203125 379.003753662109375 262.060516357421875 291.927978515625 419.574310302734375 182.06500244140625 156.2025146484375 98.25250244140625 585.192626953125 361.7047119140625 242.465606689453125 496.450958251953125 259.718902587890625 190.8929290771484375 229.5697784423828125 382.278961181640625
0 0 0 0 0 0 0 0 0 0 0 0 0 0 0 0 0 302.616058349609375 292.828033447265625 47.60317230224609375 586.66351318359375 300.792022705078125 504.336273193359375 477.287567138671875 145.7831878662109375 23.882120132446289062 280.949737548828125 26.878480911254882812 302.225311279296875 215.9799652099609375 79.26874542236328125 116.82680511474609375 159.0864105224609375 183.15362548828125 180.9461212158203125 368.918853759765625 420.513580322265625 446.617706298828125 356.992767333984375 326.1064453125 358.69500732421875 0 229.1378326416015625 378.99774169921875 313.3853759765625 521.1248779296875 227.902587890625 452.146453857421875 291.582672119140625 164.8580322265625 557.95458984375
0 0 0 0 0 0 0 0 0 0 0 0 0 0 0 0 588.0599365234375 73.4080657958984375 300.56134033203125 186.55572509765625 421.138092041015625 58.273883819580078125 141.6203460693359375 681.18212890625 277.885101318359375 393.725677490234375 433.062652587890625 174.670196533203125 201.165252685546875 202.105194091796875 226.1644439697265625 92.0369873046875 240.0217132568359375 116.41938018798828125 251.1376800537109375 249.67547607421875 256.498779296875 511.68865966796875 266.045166015625 334.337921142578125 89.66965484619140625 165.1593475341796875 405.072906494140625 154.0076751708984375 492.596710205078125 402.383453369140625 288.330718994140625 309.283447265625 278.54052734375 424.949554443359375 112.2536163330078125
0 0 0 0 0 0 0 0 0 0 0 0 0 0 0 0 325.353302001953125 275.7061767578125 123.54834747314453125 375.363250732421875 308.984039306640625 0 148.7682952880859375 317.190582275390625 252.25360107421875 413.05145263671875 208.376861572265625 291.35345458984375 291.64111328125 469.05126953125 18.142993927001953125 118.69745635986328125 270.5810546875 228.8143310546875 187.34783935546875 181.311614990234375 137.607208251953125 110.069732666015625 498.872772216796875 259.25311279296875 372.48150634765625 140.556060791015625 228.910430908203125 248.28466796875 419.349212646484375 359.737457275390625 250.121063232421875 316.937255859375 87.82537841796875 304.753814697265625 341.037872314453125
0 0 0 0 0 0 0 0 0 0 0 0 0 0 0 0 138.29803466796875 32.624164581298828125 380.945098876953125 250.3974761962890625 855.79388427734375 0 266.4061279296875 212.3885650634765625 648.90234375 473.257843017578125 140.5180206298828125 135.4695281982421875 38.550998687744140625 187.556671142578125 507.059478759765625 347.481689453125 283.003509521484375 158.759735107421875 157.810150146484375 234.00775146484375 90.4424591064453125 62.218830108642578125 72.87572479248046875 306.785888671875 271.239837646484375 62.295749664306640625 191.3907318115234375 265.125244140625 306.58740234375 147.8448028564453125 132.11956787109375 45.0570831298828125 554.664306640625 129.95257568359375 210.839202880859375
0 0 0 0 0 0 0 0 0 0 0 0 0 0 0 0 206.0271453857421875 198.9433746337890625 379.876495361328125 48.6826629638671875 0 331.980316162109375 400.229248046875 187.84033203125 278.016998291015625 192.9633636474609375 97.6002349853515625 276.06793212890625 85.40258026123046875 148.6919708251953125 19.988506317138671875 64.0583953857421875 577.4256591796875 270.005615234375 304.09832763671875 106.07820892333984375 301.656005859375 56.07904052734375 170.484283447265625 162.5179443359375 405.994873046875 613.6356201171875 1126.884033203125 407.607635498046875 287.160247802734375 253.089111328125 227.7319488525390625 49.793567657470703125 61.00382232666015625 97.81806182861328125 180.5489349365234375
0 0 0 0 0 0 0 0 0 0 0 0 0 0 0 0 310.730560302734375 130.997406005859375 31.27967071533203125 263.92431640625 0 148.3759613037109375 184.403106689453125 324.91082763671875 334.659576416015625 37.076381683349609375 136.214111328125 200.2388916015625 107.61572265625 173.947174072265625 321.473724365234375 112.9519500732421875 344.26031494140625 137.128936767578125 330.408294677734375 346.1116943359375 101.6615447998046875 109.3213348388671875 252.0992279052734375 315.553314208984375 221.8014068603515625 215.960418701171875 225.059539794921875 286.945068359375 316.417236328125 265.1767578125 17.243825912475585938 127.52112579345703125 114.16458892822265625 349.00390625 52.5301513671875
0 0 0 0 0 0 0 0 0 0 0 0 0 0 0 0 270.42840576171875 596.564453125 107.79714202880859375 0 0 206.0670928955078125 1115.029296875 24.573434829711914062 392.23016357421875 56.59058380126953125 272.7923583984375 389.497802734375 213.983001708984375 210.630462646484375 90.5955047607421875 270.95233154296875 110.68820953369140625 266.034637451171875 109.78383636474609375 239.61029052734375 115.07083892822265625 496.56964111328125 159.5889739990234375 185.779876708984375 206.973541259765625 199.03790283203125 307.1466064453125 279.787628173828125 23.844997406005859375 274.911834716796875 449.74560546875 120.9381103515625 286.578826904296875 160.0450286865234375 70.357391357421875
0 0 0 0 0 0 0 0 0 0 0 0 0 0 0 0 0 0 0 0 139.7438201904296875 132.2422027587890625 362.92364501953125 116.06545257568359375 270.607421875 139.6043548583984375 318.986328125 218.421783447265625 19.442064285278320312 756.798095703125 87.17005157470703125 412.5482177734375 74.7436370849609375 81.84166717529296875 129.674652099609375 117.4935302734375 21.9473724365234375 184.1061553955078125 172.08868408203125 66.00885009765625 233.61328125 192.1381072998046875 150.4554290771484375 88.15167999267578125 120.55029296875 126.34581756591796875 107.42536163330078125 89.84928131103515625 22.677606582641601562 27.915050506591796875 202.1217498779296875
0 0 0 0 0 0 0 0 0 0 0 0 0 0 0 0 0 0 0 0 14.207983016967773438 309.56866455078125 49.55419921875 157.59893798828125 143.1963958740234375 177.773590087890625 161.3056182861328125 437.1837158203125 323.647216796875 117.0293426513671875 89.08658599853515625 121.96324920654296875 223.416595458984375 118.02555084228515625 168.8235015869140625 73.4645843505859375 198.4901275634765625 134.841278076171875 147.0430755615234375 386.520355224609375 302.4669189453125 0 453.982330322265625 254.518951416015625 176.38885498046875 131.870361328125 316.22161865234375 163.671173095703125 130.3328857421875 263.446990966796875 560.89031982421875
