ForecastVariables/BuildingPerimeter_100m/BuildingPerimeter_Random1.asc
ncols        529
nrows        344
xllcorner    2700.000000000000
yllcorner    15900.000000000000
cellsize     100.000000000000
NODATA_value  0
[rows 22 to 43 of 344, columns 204 to 254 of 529]
602.3814697265625 48.532459259033203125 394.22357177734375 518.6983642578125 106.7127532958984375 285.079315185546875 281.632171630859375 461.805328369140625 289.828948974609375 428.463104248046875 186.1842803955078125 600.89208984375 164.4385986328125 119.30098724365234375 138.4961700439453125 303.5423583984375 202.091827392578125 264.7701416015625 241.753143310546875 378.324676513671875 456.354339599609375 296.01611328125 238.0844573974609375 224.026092529296875 246.9592132568359375 252.09161376953125 0 393.250518798828125 318.2940673828125 322.80108642578125 365.91424560546875 128.439239501953125 390.67376708984375 549.3699951171875 485.573883056640625 384.114959716796875 747.8828125 511.89447021484375 556.29559326171875 251.676971435546875 464.010589599609375 310.136962890625 462.623260498046875 158.2289276123046875 101.5617828369140625 435.43408203125 783.9931640625 826.52728271484375 34.679416656494140625 0 0
404.18951416015625 136.2735443115234375 264.094329833984375 71.63935089111328125 431.52716064453125 117.4095611572265625 51.73664093017578125 1073.607666015625 529.36016845703125 564.21331787109375 284.425872802734375 5.8947396278381347656 0 28.692209243774414062 152.8289947509765625 105.631591796875 326.969635009765625 180.944976806640625 369.19110107421875 382.294921875 252.37554931640625 378.117340087890625 228.0854339599609375 156.133270263671875 280.85980224609375 133.9170989990234375 88.35823822021484375 279.117889404296875 209.756561279296875 256.1947021484375 339.8162841796875 436.306854248046875 407.589996337890625 468.9078369140625 396.0791015625 144.630767822265625 206.7267913818359375 191.74652099609375 328.075103759765625 396.715240478515625 458.31103515625 234.407958984375 116.3713531494140625 274.7032470703125 281.112823486328125 458.81060791015625 448.293914794921875 764.98516845703125 651.99853515625 0 0
115.3314361572265625 53.419872283935546875 129.023193359375 16.09160614013671875 47.30670166015625 595.87628173828125 138.594635009765625 140.2557830810546875 193.4289093017578125 296.8187255859375 179.5138092041015625 89.288787841796875 354.38153076171875 633.632080078125 744.04278564453125 374.84808349609375 240.596038818359375 368.65008544921875 164.334442138671875 280.99755859375 277.831268310546875 229.1132049560546875 422.0166015625 215.590118408203125 321.740264892578125 109.03466796875 152.4302825927734375 353.038604736328125 387.847686767578125 448.575958251953125 364.120697021484375 301.678009033203125 33.6369476318359375 146.2675933837890625 364.686187744140625 183.1407470703125 265.12957763671875 0 0 0 0 720.16326904296875 185.3125 405.88671875 648.93109130859375 318.007720947265625 877.7266845703125 477.56292724609375 491.62213134765625 515.1639404296875 0
447.90020751953125 183.018707275390625 277.021270751953125 0 188.9562225341796875 239.075347900390625 42.121753692626953125 0 135.212890625 172.7851715087890625 286.07354736328125 623.933837890625 431.34283447265625 803.30169677734375 784.56976318359375 797.3870849609375 222.036590576171875 143.890869140625 261.618865966796875 197.8690338134765625 349.4515380859375 402.884063720703125 252.480712890625 303.907989501953125 450.850738525390625 77.6514434814453125 90.9869232177734375 60.45049285888671875 96.16583251953125 190.53289794921875 244.57537841796875 670.78118896484375 553.77069091796875 333.161773681640625 175.1177978515625 552.1004638671875 542.51055908203125 0 0 0 0 376.447601318359375 367.73809814453125 175.45037841796875 303.229949951171875 704.93255615234375 294.8846435546875 491.313995361328125 410.020721435546875 415.605499267578125 79.5574188232421875
919.46142578125 379.190673828125 170.068389892578125 161.0981292724609375 18.495258331298828125 0 0 124.79467010498046875 203.886383056640625 637.41180419921875 570.137939453125 483.645538330078125 443.793212890625 484.383148193359375 377.35272216796875 783.60308837890625 568.25634765625 338.11700439453125 105.27931976318359375 197.655914306640625 121.15435028076171875 192.134613037109375 243.2647552490234375 164.703033447265625 201.0645751953125 0 28.034332275390625 587.95635986328125 399.71685791015625 512.92462158203125 470.804534912109375 419.761077880859375 666.5255126953125 180.4200592041015625 257.896759033203125 223.70794677734375 294.0137939453125 20.670087814331054688 0 0 0 0 1104.9000244140625 457.972900390625 469.1046142578125 591.8978271484375 32.9494781494140625 539.47021484375 383.938720703125 264.981292724609375 184.6226806640625
264.232818603515625 318.319549560546875 139.909271240234375 107.29970550537109375 118.22713470458984375 342.91595458984375 630.50836181640625 616.03955078125 751.4354248046875 358.543060302734375 274.687591552734375 704.63958740234375 618.90887451171875 336.15313720703125 621.45751953125 188.5494232177734375 341.079315185546875 943.48150634765625 687.962158203125 89.37131500244140625 144.141937255859375 114.214263916015625 161.26611328125 196.6690673828125 156.8263397216796875 0 689.5518798828125 467.034088134765625 325.35028076171875 348.30035400390625 329.351287841796875 87.32111358642578125 626.2406005859375 260.950408935546875 635.5718994140625 577.58306884765625 533.16180419921875 267.630157470703125 0 0 0 278.8209228515625 495.099029541015625 282.040740966796875 927.7698974609375 134.20355224609375 558.87841796875 846.08203125 492.358062744140625 119.9251861572265625 728.67626953125
73.7958831787109375 317.654998779296875 204.8013916015625 305.549346923828125 546.00433349609375 732.95965576171875 673.80841064453125 468.52691650390625 624.766845703125 340.95391845703125 431.514892578125 412.98712158203125 310.606658935546875 584.52978515625 226.3492431640625 48.936954498291015625 0 677.42041015625 418.89385986328125 425.517425537109375 116.46923065185546875 65.71475982666015625 141.15496826171875 198.8555450439453125 165.309814453125 110.64748382568359375 659.74200439453125 380.100494384765625 53.9435882568359375 244.3071136474609375 339.341217041015625 278.41925048828125 285.51898193359375 565.31585693359375 205.4420623779296875 732.1201171875 632.3690185546875 402.5584716796875 14.365004539489746094 627.42987060546875 443.048583984375 315.449920654296875 183.886871337890625 253.4090423583984375 704.9844970703125 602.7838134765625 347.25091552734375 232.545440673828125 787.84857177734375 721.83544921875 565.55419921875
118.0931854248046875 525.27984619140625 513.87713623046875 455.29150390625 226.032684326171875 674.5106201171875 404.3760986328125 621.57708740234375 502.710723876953125 433.67926025390625 342.54296875 531.6787109375 429.975799560546875 489.046600341796875 497.89398193359375 16.937543869018554688 95.97006988525390625 509.633514404296875 369.01873779296875 228.0578155517578125 311.482269287109375 513.6163330078125 219.990997314453125 0 0 193.7233428955078125 330.846771240234375 7.1133432388305664062 74.4084930419921875 444.091461181640625 258.033203125 354.857513427734375 406.40899658203125 257.865936279296875 45.236316680908203125 531.08111572265625 462.778839111328125 466.383880615234375 549.3609619140625 977.25164794921875 716.1966552734375 192.1542205810546875 555.91229248046875 147.82440185546875 358.48175048828125 523.67926025390625 295.300140380859375 920.71099853515625 598.7261962890625 561.697998046875 11.27124786376953125
594.343505859375 277.496978759765625 264.4345703125 501.784820556640625 559.22528076171875 382.32830810546875 616.26910400390625 544.17901611328125 605.57244873046875 342.32537841796875 467.06072998046875 461.760009765625 396.751922607421875 486.683349609375 609.8646240234375 526.655517578125 319.328277587890625 660.17401123046875 205.60003662109375 273.87945556640625 458.828948974609375 421.814910888671875 0 599.14520263671875 151.868255615234375 0 0 86.335235595703125 70.772186279296875 132.5345458984375 286.138519287109375 123.95168304443359375 288.5634765625 404.370330810546875 0 128.388580322265625 395.132843017578125 129.3666229248046875 340.482025146484375 392.61248779296875 501.207550048828125 270.34027099609375 304.1217041015625 365.280609130859375 901.20587158203125 583.6884765625 742.3441162109375 141.6300048828125 63.901153564453125 64.18353271484375 340.2464599609375
441.4310302734375 359.48583984375 441.081695556640625 445.2510986328125 528.53704833984375 253.9208221435546875 517.4630126953125 521.49822998046875 285.01934814453125 531.1785888671875 497.53289794921875 370.537109375 409.171173095703125 225.8279266357421875 600.0853271484375 644.68194580078125 254.825714111328125 87.15966033935546875 519.1688232421875 375.2525634765625 402.4505615234375 162.6986541748046875 0 0 0 0 0 0 0 0 0 0 174.373504638671875 362.61138916015625 215.4981689453125 90.73246002197265625 84.3787689208984375 378.96807861328125 335.475555419921875 422.238128662109375 907.73968505859375 1043.4879150390625 416.4364013671875 474.835693359375 194.0607147216796875 171.9337158203125 535.08294677734375 49.4251556396484375 7.6740274429321289062 370.498870849609375 440.235931396484375
457.22235107421875 476.1383056640625 535.57073974609375 555.34002685546875 461.70458984375 317.65228271484375 91.81385040283203125 435.572235107421875 447.339874267578125 446.133270263671875 439.29876708984375 535.1175537109375 654.67926025390625 257.24798583984375 176.1209259033203125 78.28931427001953125 295.409637451171875 277.484344482421875 676.962158203125 478.023040771484375 358.77166748046875 0 0 54.623340606689453125 19.62863922119140625 0 0 0 0 0 0 0 104.620269775390625 387.34521484375 256.174774169921875 371.218780517578125 375.952392578125 131.48699951171875 281.038787841796875 237.7175750732421875 596.93548583984375 746.3643798828125 61.608760833740234375 766.88372802734375 432.4075927734375 249.84051513671875 145.4298858642578125 51.28931427001953125 113.27249908447265625 208.24981689453125 376.005706787109375
411.13433837890625 411.9677734375 409.881866455078125 406.75030517578125 321.148193359375 314.894927978515625 309.705169677734375 398.248565673828125 617.02703857421875 514.9552001953125 322.966278076171875 365.5179443359375 150.4643707275390625 256.121124267578125 185.120330810546875 474.259674072265625 314.679046630859375 398.324462890625 368.273773193359375 368.386566162109375 74.57981109619140625 98.82843780517578125 425.345062255859375 0 0 0 0 0 0 0 0 0 26.0511322021484375 84.7958831787109375 129.128143310546875 401.45172119140625 288.44683837890625 0 39.39904022216796875 500.20965576171875 852.02392578125 888.68182373046875 266.808837890625 214.7407379150390625 544.71905517578125 380.93536376953125 282.125946044921875 140.23358154296875 82.737548828125 609.5982666015625 167.744720458984375
317.308380126953125 526.1751708984375 408.55865478515625 487.06280517578125 481.97491455078125 562.0574951171875 513.31365966796875 303.355682373046875 448.435699462890625 222.4615020751953125 27.493551254272460938 214.2246551513671875 282.026458740234375 546.5977783203125 390.73199462890625 416.307525634765625 528.81365966796875 465.687347412109375 483.469482421875 164.547760009765625 0 316.807647705078125 462.49468994140625 0 0 0 0 0 0 0 0 0 0 100.8930206298828125 507.197601318359375 96.2769012451171875 260.94219970703125 186.27197265625 282.907379150390625 361.756439208984375 775.5523681640625 904.324951171875 788.55499267578125 267.337799072265625 380.001129150390625 0 255.92437744140625 142.1214141845703125 850.6834716796875 292.408935546875 324.184661865234375
529.22576904296875 247.614715576171875 153.4797515869140625 165.8607635498046875 173.13702392578125 161.255157470703125 161.132476806640625 46.312412261962890625 123.7498321533203125 350.074676513671875 520.02020263671875 556.72833251953125 334.61322021484375 304.105224609375 495.494110107421875 215.1474456787109375 397.37286376953125 487.286376953125 355.39984130859375 105.45275115966796875 19.297075271606445312 36.605159759521484375 403.097198486328125 0 0 0 0 0 0 0 0 0 0 0 234.3707275390625 336.16845703125 33.11919403076171875 850.1431884765625 555.4754638671875 603.15606689453125 583.22576904296875 588.89141845703125 214.1354827880859375 618.05584716796875 156.1631927490234375 245.704071044921875 185.3198394775390625 82.39434814453125 19.00078582763671875 197.8807830810546875 50.980403900146484375
121.9521636962890625 369.820281982421875 350.366119384765625 446.298095703125 399.452117919921875 526.03399658203125 608.35479736328125 300.727996826171875 730.51959228515625 415.88623046875 451.455963134765625 599.615478515625 422.330169677734375 523.05242919921875 308.843841552734375 401.016265869140625 467.579833984375 36.354282379150390625 137.3597869873046875 136.7672882080078125 155.912109375 30.959421157836914062 0 0 0 0 0 0 0 0 0 0 0 0 0 359.7176513671875 493.75457763671875 135.607696533203125 144.3626861572265625 125.3511962890625 257.79412841796875 801.77801513671875 983.2274169921875 545.4608154296875 2.0650026798248291016 0 172.353118896484375 32.624591827392578125 35.3477325439453125 0 0
669.28424072265625 437.56640625 79.79254913330078125 273.448516845703125 293.408905029296875 398.226318359375 411.607757568359375 334.458984375 452.129119873046875 290.754302978515625 547.5093994140625 178.5196990966796875 542.2291259765625 590.05511474609375 364.111602783203125 492.725067138671875 485.08709716796875 136.2696685791015625 301.63604736328125 192.8694000244140625 107.59588623046875 0 0 0 0 0 0 0 0 0 0 0 0 0 0 182.7244110107421875 203.0477752685546875 100.0289154052734375 389.95526123046875 424.985565185546875 432.24365234375 287.32647705078125 502.91156005859375 271.49114990234375 0 24.901721954345703125 239.874603271484375 537.09576416015625 413.656768798828125 423.758941650390625 75.96337890625
548.9619140625 458.07598876953125 240.3800506591796875 413.04437255859375 348.57769775390625 440.83782958984375 549.90985107421875 325.8140869140625 674.4716796875 410.290924072265625 681.4761962890625 378.250396728515625 470.770233154296875 364.52294921875 655.972412109375 363.773895263671875 259.166351318359375 358.006866455078125 188.2810516357421875 33.614856719970703125 0 0 0 0 0 0 0 0 0 0 0 0 0 0 0 0 1104.751953125 365.0457763671875 87.17006683349609375 782.5640869140625 85.1187591552734375 62.64763641357421875 141.8343658447265625 71.32335662841796875 224.2648773193359375 422.231292724609375 389.781280517578125 684.64520263671875 482.237335205078125 413.893096923828125 310.21575927734375
208.065460205078125 167.678497314453125 252.44940185546875 258.377044677734375 56.7080078125 365.081390380859375 544.8868408203125 395.853240966796875 612.4613037109375 330.0369873046875 486.385772705078125 202.3291778564453125 112.62241363525390625 476.896026611328125 392.8475341796875 316.966094970703125 145.1421356201171875 246.025604248046875 39.382862091064453125 0 0 0 0 0 0 0 0 0 0 0 0 0 0 0 0 0 0 88.61264801025390625 586.99078369140625 450.529632568359375 12.932738304138183594 67.90178680419921875 321.56488037109375 398.89605712890625 442.4344482421875 333.414794921875 156.673492431640625 268.177581787109375 66.32097625732421875 321.70318603515625 260.398712158203125
452.11358642578125 550.4881591796875 590.18609619140625 513.69580078125 184.619537353515625 0 158.5854339599609375 610.1983642578125 551.8934326171875 559.5440673828125 670.92181396484375 523.23077392578125 707.1324462890625 542.28558349609375 333.21990966796875 440.36492919921875 205.129638671875 68.027069091796875 0 0 0 0 0 0 0 0 0 0 0 0 0 0 0 0 0 0 0 43.737186431884765625 23.71550750732421875 0 174.0419921875 280.414276123046875 300.1116943359375 436.37823486328125 336.288116455078125 318.722747802734375 529.6038818359375 280.005401611328125 96.68727874755859375 265.379119873046875 96.095855712890625
352.244140625 280.277679443359375 475.637298583984375 194.898345947265625 497.738006591796875 378.09881591796875 171.7088165283203125 304.42657470703125 268.28564453125 354.8048095703125 561.94464111328125 440.309814453125 600.88458251953125 306.51983642578125 305.082550048828125 93.7403411865234375 130.1925048828125 0 0 0 0 0 0 0 0 0 0 0 0 0 0 0 0 0 0 0 0 0 0 31.955350875854492188 200.0023651123046875 167.11175537109375 571.8931884765625 374.161895751953125 281.930511474609375 411.944610595703125 541.94049072265625 460.814361572265625 488.306915283203125 490.040863037109375 190.4413909912109375
253.9685821533203125 546.82025146484375 600.3572998046875 396.931732177734375 641.06378173828125 357.607666015625 562.86309814453125 546.06048583984375 346.33807373046875 355.761199951171875 111.03619384765625 303.0032958984375 578.23291015625 282.240386962890625 0 91.58563232421875 0 0 0 0 0 0 0 0 0 0 0 0 0 0 0 0 0 0 0 0 0 0 0 308.741851806640625 347.17242431640625 161.4894256591796875 333.058807373046875 303.39166259765625 295.52313232421875 0 558.26629638671875 481.589141845703125 520.59307861328125 425.304290771484375 179.696014404296875
278.3583984375 330.74322509765625 383.21795654296875 455.12127685546875 287.6484375 261.173614501953125 493.912811279296875 351.367523193359375 353.00091552734375 407.19488525390625 329.301055908203125 627.99200439453125 1012.49700927734375 448.45477294921875 0 0 0 0 0 0 0 0 0 0 0 0 0 0 0 0 0 0 0 0 0 0 0 0 0 474.122802734375 464.4615478515625 249.223052978515625 622.23248291015625 478.259002685546875 294.827728271484375 406.174041748046875 409.4354248046875 481.742156982421875 366.428131103515625 508.391845703125 344.0604248046875
