ForecastVariables/BuildingPerimeter_100m/BuildingPerimeter_Random3.asc
ncols        529
nrows        344
xllcorner    2700.000000000000
yllcorner    15900.000000000000
cellsize     100.000000000000
NODATA_value  0
[rows 88 to 109 of 344, columns 306 to 356 of 529]
191.2935028076171875 0 0 394.60845947265625 564.7938232421875 577.8001708984375 286.617950439453125 472.362640380859375 659.21661376953125 629.11260986328125 753.74530029296875 628.48828125 805.78106689453125 255.952911376953125 234.282012939453125 235.6323699951171875 1299.0543212890625 225.6823883056640625 158.33642578125 506.6124267578125 306.97515869140625 307.0703125 263.948699951171875 121.8802642822265625 435.169036865234375 774.46392822265625 280.672760009765625 545.10888671875 468.131317138671875 548.7655029296875 562.17620849609375 336.791168212890625 0 162.38848876953125 27.733978271484375 497.5482177734375 270.5447998046875 281.5198974609375 103.14260101318359375 0 284.68310546875 333.96319580078125 333.9466552734375 249.1430511474609375 206.337158203125 110.83228302001953125 239.2122955322265625 635.4061279296875 101.923919677734375 117.89524078369140625 304.14288330078125
0 0 0 0 240.13787841796875 410.64837646484375 766.047607421875 606.005859375 641.936279296875 189.2899017333984375 434.269805908203125 494.792999267578125 540.2232666015625 496.001922607421875 857.077880859375 212.8945159912109375 297.31512451171875 537.12847900390625 282.973663330078125 542.09564208984375 322.06695556640625 444.180633544921875 550.31787109375 476.5377197265625 712.46856689453125 302.697723388671875 412.103668212890625 598.00762939453125 210.600982666015625 707.8861083984375 553.2535400390625 484.247314453125 277.19287109375 163.741729736328125 224.70806884765625 188.0178070068359375 187.3009796142578125 179.192352294921875 347.2261962890625 0 219.0086669921875 126.14933013916015625 238.099639892578125 187.475799560546875 187.5422515869140625 96.71739959716796875 278.42120361328125 161.02423095703125 225.4781036376953125 193.1739044189453125 246.9126739501953125
0 0 0 0 0 219.615020751953125 407.46331787109375 799.2103271484375 510.800323486328125 30.7170867919921875 604.98565673828125 498.4410400390625 197.036407470703125 483.049346923828125 593.61004638671875 633.385009765625 912.07965087890625 628.088134765625 301.92138671875 224.1485137939453125 623.126708984375 307.403472900390625 520.2706298828125 384.74334716796875 789.6170654296875 558.819580078125 276.135284423828125 313.410675048828125 181.3143310546875 621.4239501953125 799.4171142578125 1195.723388671875 432.382415771484375 110.029327392578125 239.927093505859375 53.369964599609375 266.6461181640625 224.717437744140625 128.093475341796875 100.6816253662109375 389.52081298828125 293.1038818359375 45.851215362548828125 416.483489990234375 180.414642333984375 202.607757568359375 95.5238800048828125 736.62530517578125 194.8050384521484375 144.6703338623046875 306.70489501953125
0 345.63348388671875 264.1552734375 0 0 129.0450286865234375 117.50548553466796875 333.379486083984375 431.244476318359375 607.7470703125 547.74700927734375 549.52362060546875 288.857666015625 852.6099853515625 501.167266845703125 350.73211669921875 424.653350830078125 294.77276611328125 639.87591552734375 537.12469482421875 502.461578369140625 339.70672607421875 589.5224609375 288.577728271484375 506.394287109375 366.411102294921875 570.9444580078125 116.00585174560546875 335.9898681640625 470.46490478515625 215.4838409423828125 333.369110107421875 780.88641357421875 294.03240966796875 171.039276123046875 71.93376922607421875 1329.7491455078125 167.9759063720703125 0 261.20989990234375 27.44271087646484375 237.2308349609375 49.605072021484375 11.140549659729003906 66.92209625244140625 332.362396240234375 495.45562744140625 189.3035736083984375 161.8469085693359375 153.6715545654296875 434.483001708984375
19.481153488159179688 211.9576568603515625 401.27569580078125 117.74304962158203125 0 76.37969207763671875 114.05023193359375 221.1787567138671875 269.085906982421875 416.75048828125 592.95068359375 464.694854736328125 501.927459716796875 954.24957275390625 371.247650146484375 539.2939453125 642.40582275390625 280.862518310546875 359.870269775390625 349.287872314453125 508.140106201171875 429.26220703125 689.73297119140625 502.74346923828125 569.5174560546875 310.13702392578125 195.214813232421875 521.27777099609375 365.749176025390625 396.5985107421875 288.519927978515625 228.7715606689453125 158.3675994873046875 359.984405517578125 309.922576904296875 261.702178955078125 894.4371337890625 308.3553466796875 0 180.8740997314453125 303.4541015625 102.06374359130859375 417.504913330078125 191.272186279296875 672.46807861328125 213.789306640625 208.2504119873046875 211.5181732177734375 165.6411285400390625 164.7055206298828125 3.5990319252014160156
439.934967041015625 746.0435791015625 295.038848876953125 163.085418701171875 447.182891845703125 494.011138916015625 3.4552569389343261719 354.28692626953125 155.7211761474609375 504.897796630859375 337.098297119140625 154.250579833984375 552.6815185546875 241.421905517578125 102.64777374267578125 378.022705078125 441.045074462890625 490.2474365234375 556.93389892578125 754.81964111328125 50.795497894287109375 289.06103515625 374.98138427734375 580.98297119140625 832.37347412109375 172.9156951904296875 439.93756103515625 568.38067626953125 478.911041259765625 103.9649505615234375 283.85491943359375 161.1426544189453125 446.0335693359375 33.7825927734375 996.52569580078125 362.92169189453125 128.4343414306640625 0 140.4845123291015625 170.653350830078125 7.053516387939453125 13.800395965576171875 330.55169677734375 124.969146728515625 54.573223114013671875 196.8854217529296875 270.047332763671875 329.62164306640625 180.6598358154296875 27.7519989013671875 528.24029541015625
826.11358642578125 465.5218505859375 925.37738037109375 512.34326171875 435.277923583984375 277.783172607421875 44.906826019287109375 257.56121826171875 0 114.9055633544921875 31.614252090454101562 137.2671356201171875 728.72320556640625 579.71624755859375 505.59063720703125 531.33062744140625 10.757846832275390625 627.8106689453125 412.082550048828125 499.95501708984375 395.386260986328125 481.344696044921875 272.260772705078125 255.3995513916015625 288.499908447265625 432.05010986328125 191.58392333984375 267.550384521484375 25.851758956909179688 253.824920654296875 603.32672119140625 164.590179443359375 0 89.285125732421875 284.661956787109375 208.7384033203125 290.310638427734375 0 346.832061767578125 147.790283203125 151.9759368896484375 599.92181396484375 45.288665771484375 92.467132568359375 565.0233154296875 488.542572021484375 147.460693359375 118.1087493896484375 281.0859375 95.1925811767578125 424.16571044921875
376.3726806640625 215.354034423828125 715.4493408203125 83.3239898681640625 370.577606201171875 308.30157470703125 258.095001220703125 270.27886962890625 322.90521240234375 17.614231109619140625 194.49456787109375 156.6127471923828125 666.04705810546875 492.17218017578125 436.82257080078125 547.76287841796875 692.01251220703125 248.5953216552734375 533.9884033203125 916.66766357421875 807.9249267578125 481.597137451171875 380.65533447265625 86.00310516357421875 304.760528564453125 206.420654296875 0 0 0 178.6585235595703125 86.4299468994140625 132.6485443115234375 242.6206207275390625 135.008636474609375 0 0 357.523529052734375 38.389163970947265625 403.51226806640625 129.7373809814453125 206.2162322998046875 396.3585205078125 269.878753662109375 399.105926513671875 93.43564605712890625 496.453399658203125 101.75853729248046875 139.580963134765625 104.94158935546875 333.806671142578125 328.863983154296875
126.76885986328125 26.462917327880859375 147.609222412109375 322.48492431640625 130.1535186767578125 0 210.5844573974609375 460.130767822265625 66.306976318359375 603.80865478515625 765.64227294921875 201.7453460693359375 121.36597442626953125 259.19073486328125 482.071380615234375 257.913421630859375 587.687255859375 662.40863037109375 286.24920654296875 735.46331787109375 511.500274658203125 369.4088134765625 509.390045166015625 393.637176513671875 512.91259765625 48.98659515380859375 0 265.982177734375 198.392669677734375 197.12030029296875 919.51226806640625 859.11328125 220.289306640625 324.375030517578125 294.22784423828125 107.3104705810546875 363.73382568359375 367.005126953125 0 0 0 0 298.65814208984375 145.8609771728515625 212.45062255859375 244.8500213623046875 87.4352874755859375 270.49969482421875 53.79993438720703125 75.69513702392578125 394.845611572265625
58.294414520263671875 213.8314361572265625 243.79351806640625 381.5543212890625 334.227142333984375 334.998321533203125 128.1594390869140625 61.07164764404296875 447.21575927734375 295.6173095703125 98.575897216796875 349.08868408203125 131.3499908447265625 293.707122802734375 879.3857421875 514.936767578125 483.97894287109375 388.436004638671875 673.20703125 25.383548736572265625 489.5013427734375 602.843994140625 412.85760498046875 269.303009033203125 477.938751220703125 0 0 262.667327880859375 180.037841796875 176.6635284423828125 176.062744140625 241.6224517822265625 205.6934661865234375 430.947906494140625 354.68463134765625 60.202228546142578125 524.7413330078125 89.34879302978515625 0 0 0 184.0287322998046875 182.800537109375 149.8269195556640625 163.09326171875 169.8697967529296875 503.8946533203125 29.487932205200195312 83.63604736328125 10.423996925354003906 631.5289306640625
353.74298095703125 799.45526123046875 219.36505126953125 428.5284423828125 437.174713134765625 335.81781005859375 164.2591552734375 0 247.3559722900390625 26.738630294799804688 87.7126922607421875 735.6512451171875 205.8341522216796875 329.212127685546875 865.52593994140625 541.99395751953125 626.6929931640625 526.751953125 144.8408966064453125 183.2735595703125 270.001708984375 428.98809814453125 293.16357421875 238.7411651611328125 319.191009521484375 0 0 138.8172607421875 433.08905029296875 360.85235595703125 37.63056182861328125 325.9295654296875 62.72672271728515625 473.9058837890625 152.06536865234375 149.5082550048828125 326.84210205078125 21.659915924072265625 0 0 0 211.1810760498046875 131.8405609130859375 205.4060821533203125 377.225982666015625 56.854618072509765625 312.859130859375 297.36981201171875 29.911960601806640625 342.069976806640625 42.80341339111328125
372.16986083984375 300.84454345703125 184.34820556640625 198.5480194091796875 183.427490234375 260.572540283203125 86.74213409423828125 54.7795867919921875 467.8211669921875 194.662567138671875 399.92724609375 744.16607666015625 681.2994384765625 120.72802734375 549.66156005859375 49.964756011962890625 325.012054443359375 507.1600341796875 227.3169097900390625 555.421875 435.1680908203125 413.294403076171875 302.959197998046875 349.625030517578125 234.9598236083984375 0 0 104.76793670654296875 89.64859771728515625 114.98851776123046875 310.032501220703125 76.00026702880859375 603.5162353515625 165.8637542724609375 85.19121551513671875 34.604160308837890625 82.7125701904296875 353.96600341796875 0 0 0 0 58.881084442138671875 565.4639892578125 363.749725341796875 113.7404937744140625 611.22900390625 155.4878387451171875 250.609771728515625 74.22491455078125 229.360015869140625
194.587005615234375 366.905792236328125 333.681976318359375 641.7327880859375 347.055816650390625 305.684417724609375 9.3159313201904296875 285.4913330078125 530.85882568359375 552.29058837890625 233.7952423095703125 122.326812744140625 387.50531005859375 235.61114501953125 361.12811279296875 129.18743896484375 468.265289306640625 229.260498046875 422.408203125 442.356597900390625 359.829010009765625 432.284698486328125 259.591644287109375 186.0744171142578125 73.13106536865234375 0 0 98.02536773681640625 393.662445068359375 145.709930419921875 45.72121429443359375 294.2431640625 329.35150146484375 152.0637969970703125 215.41876220703125 71.591278076171875 172.5742950439453125 674.74017333984375 0 0 0 0 0 142.2840728759765625 91.637847900390625 550.9825439453125 115.990875244140625 189.110137939453125 467.7357177734375 195.7296600341796875 260.863189697265625
437.568756103515625 531.77545166015625 672.2127685546875 407.9573974609375 96.03269195556640625 166.0070953369140625 344.868316650390625 538.71563720703125 317.558837890625 476.777435302734375 622.97247314453125 438.807373046875 274.920501708984375 314.066986083984375 443.154296875 384.258941650390625 254.5372314453125 112.571044921875 51.651500701904296875 6.8760118484497070312 0 7.6400189399719238281 214.4729766845703125 264.6107177734375 327.203277587890625 362.63299560546875 11.947780609130859375 123.01410675048828125 502.75799560546875 110.13295745849609375 466.38275146484375 303.5611572265625 243.537109375 300.659698486328125 347.71868896484375 65.8551788330078125 221.9900360107421875 0 0 0 0 0 0 228.970458984375 80.20198822021484375 166.2783355712890625 235.997406005859375 146.0427093505859375 136.2822418212890625 163.7880706787109375 164.2847747802734375
310.528350830078125 289.41650390625 439.316802978515625 509.537994384765625 454.78753662109375 451.32415771484375 422.6630859375 491.41082763671875 379.488616943359375 249.63494873046875 457.793487548828125 600.9105224609375 293.832244873046875 304.500457763671875 627.155029296875 622.792724609375 602.94580078125 174.3148956298828125 0 0 0 18.50310516357421875 425.600830078125 278.040740966796875 335.261566162109375 595.49658203125 64.75566864013671875 64.60422515869140625 145.2910614013671875 58.04682159423828125 115.804534912109375 143.601226806640625 583.31280517578125 41.74169921875 46.90843963623046875 174.212615966796875 188.2597808837890625 3.4165174961090087891 57.28072357177734375 0 0 0 0 439.0208740234375 301.661956787109375 211.231536865234375 301.575653076171875 2.9283533096313476562 273.48089599609375 130.912933349609375 103.02671051025390625
355.30584716796875 407.635284423828125 564.24127197265625 348.69256591796875 65.463165283203125 476.29876708984375 452.258758544921875 438.208831787109375 291.13604736328125 297.6455078125 539.19525146484375 463.672637939453125 266.91009521484375 385.577484130859375 534.8221435546875 349.494110107421875 401.3570556640625 199.5481109619140625 0 0 0 14.315251350402832031 170.5528106689453125 122.78925323486328125 151.4802703857421875 568.27056884765625 85.6040191650390625 206.60406494140625 201.1076507568359375 225.443328857421875 401.484619140625 165.3696746826171875 110.83282470703125 84.88877105712890625 112.99013519287109375 0 0 0 0 0 0 0 198.701019287109375 229.5422210693359375 140.4722442626953125 576.74420166015625 115.546783447265625 46.693195343017578125 388.88409423828125 113.78853607177734375 373.271820068359375
375.89471435546875 289.07305908203125 248.62664794921875 455.0799560546875 207.9299774169921875 479.067169189453125 454.737884521484375 378.894378662109375 602.25238037109375 320.78546142578125 463.73333740234375 156.731964111328125 123.03412628173828125 205.1018218994140625 286.895965576171875 250.480926513671875 265.09161376953125 2.8484213352203369141 0 0 0 596.3463134765625 586.87005615234375 229.056884765625 309.853790283203125 421.996307373046875 0 151.699127197265625 20.358417510986328125 99.43285369873046875 182.0994873046875 117.86022186279296875 157.7200469970703125 242.64825439453125 0 0 0 0 0 0 0 0 439.132843017578125 72.10284423828125 64.952239990234375 1002.69854736328125 299.5977783203125 50.183689117431640625 224.95269775390625 50.37604522705078125 56.10455322265625
474.956939697265625 720.855712890625 425.16583251953125 430.23455810546875 245.540435791015625 346.623199462890625 317.233306884765625 507.721710205078125 472.35595703125 199.2701416015625 397.7078857421875 457.758087158203125 158.8993072509765625 425.70513916015625 321.25341796875 596.32354736328125 262.139495849609375 172.2950439453125 0 0 0 511.01361083984375 357.259246826171875 489.54083251953125 760.626220703125 410.963775634765625 1.1458083391189575195 116.58072662353515625 103.2852935791015625 35.16635894775390625 315.62567138671875 143.9862518310546875 0 0 0 0 0 0 0 0 0 21.140398025512695312 347.394866943359375 8.5268497467041015625 93.93314361572265625 154.050384521484375 244.1017303466796875 240.9094696044921875 80.37769317626953125 180.7884979248046875 232.9468841552734375
243.4271087646484375 461.57293701171875 324.7191162109375 320.917999267578125 51.884033203125 317.328094482421875 281.944305419921875 310.65582275390625 305.829254150390625 317.30712890625 573.76971435546875 432.97906494140625 61.896240234375 440.839813232421875 342.225738525390625 122.3067626953125 467.959808349609375 501.5101318359375 108.00858306884765625 18.988971710205078125 159.9913482666015625 212.2482147216796875 126.309906005859375 530.57763671875 162.8199005126953125 306.072967529296875 117.23851776123046875 112.30059814453125 315.19403076171875 215.0945587158203125 99.2920684814453125 378.858123779296875 634.3634033203125 83.82836151123046875 0 0 0 0 0 0 0 0 76.91869354248046875 41.114501953125 201.9038543701171875 118.18840789794921875 43.089817047119140625 167.6839141845703125 78.23171234130859375 125.87589263916015625 156.335174560546875
230.9490814208984375 356.393707275390625 367.70037841796875 434.03448486328125 368.326141357421875 550.032470703125 490.713409423828125 316.737945556640625 452.78521728515625 655.4149169921875 426.896820068359375 405.464813232421875 348.88958740234375 383.71661376953125 369.531646728515625 508.022003173828125 440.58056640625 332.359130859375 900.91326904296875 489.782257080078125 75.8962554931640625 601.93231201171875 547.36102294921875 205.350128173828125 311.940399169921875 32.362499237060546875 112.78166961669921875 56.963993072509765625 553.39678955078125 131.5044403076171875 249.3771209716796875 10.741961479187011719 459.543487548828125 459.350250244140625 0 33.24651336669921875 0 0 0 0 0 0 0 97.30481719970703125 319.9888916015625 59.983425140380859375 228.0768890380859375 52.32947540283203125 129.946136474609375 158.4319000244140625 133.1547698974609375
431.486480712890625 358.71795654296875 464.04931640625 529.1800537109375 412.331634521484375 570.5556640625 247.0600433349609375 458.0814208984375 551.38262939453125 615.04241943359375 370.096893310546875 791.2259521484375 222.025665283203125 157.3248291015625 162.440460205078125 486.459930419921875 429.953033447265625 316.34698486328125 524.68475341796875 249.206756591796875 312.097930908203125 355.25177001953125 524.13226318359375 495.76116943359375 43.409885406494140625 454.549072265625 461.852630615234375 178.4899749755859375 58.72611236572265625 205.945831298828125 106.69651031494140625 139.7794342041015625 12.655736923217773438 408.569122314453125 50.836460113525390625 0 0 0 0 0 0 0 0 67.0372314453125 116.0939178466796875 237.8353118896484375 276.458648681640625 265.28826904296875 79.59368896484375 226.703094482421875 253.570556640625
576.97705078125 353.933837890625 334.19464111328125 414.8314208984375 502.70361328125 96.2966156005859375 378.98553466796875 337.09686279296875 662.99664306640625 439.510009765625 150.8662872314453125 179.2909088134765625 636.5938720703125 328.878997802734375 374.07989501953125 432.191650390625 508.782623291015625 577.385009765625 349.61578369140625 492.5693359375 563.893310546875 0 460.761688232421875 35.703647613525390625 126.7062225341796875 128.622406005859375 114.62380218505859375 686.9344482421875 137.1495208740234375 93.909759521484375 347.017608642578125 216.348541259765625 293.9080810546875 128.8211212158203125 0 0 0 0 0 0 0 0 0 0 513.642333984375 166.7476959228515625 484.057373046875 122.73561859130859375 319.080902099609375 48.92071533203125 424.55303955078125
