ForecastVariables/BuildingPerimeter_100m/BuildingPerimeter_Random5.asc
ncols        529
nrows        344
xllcorner    2700.000000000000
yllcorner    15900.000000000000
cellsize     100.000000000000
NODATA_value  0
[rows 154 to 175 of 344, columns 102 to 152 of 529]
18.760509490966796875 278.49505615234375 391.0025634765625 483.363861083984375 374.23675537109375 583.91595458984375 481.164886474609375 537.71649169921875 370.939178466796875 302.80523681640625 325.023681640625 143.0992279052734375 465.590057373046875 188.8315887451171875 80.5759124755859375 99.5595245361328125 269.4632568359375 616.04638671875 375.396148681640625 358.852783203125 411.662384033203125 527.38751220703125 697.92132568359375 342.61004638671875 251.637939453125 296.205535888671875 269.0845947265625 417.450958251953125 195.37420654296875 483.130279541015625 98.8851470947265625 0 0 0 106.54845428466796875 359.548614501953125 136.430206298828125 280.560821533203125 330.35980224609375 438.89434814453125 387.785552978515625 286.215911865234375 100.65680694580078125 488.469268798828125 906.2716064453125 322.2713623046875 146.47918701171875 959.92401123046875 81.597015380859375 835.6798095703125 32.0403900146484375
456.777496337890625 221.236175537109375 508.531005859375 144.2996368408203125 394.901519775390625 592.33856201171875 492.46881103515625 258.732086181640625 342.841583251953125 185.7284698486328125 557.3687744140625 142.9925384521484375 217.95941162109375 200.8544921875 312.83599853515625 186.1842041015625 209.797027587890625 532.3709716796875 498.915191650390625 187.988037109375 357.51690673828125 156.7791900634765625 235.7220916748046875 291.598724365234375 218.062713623046875 214.6920928955078125 458.857330322265625 727.326904296875 206.621856689453125 342.003204345703125 241.11126708984375 304.809112548828125 0 0 369.298431396484375 58.212314605712890625 68.53424835205078125 455.275726318359375 440.017425537109375 229.4967041015625 300.78680419921875 237.9688720703125 62.596771240234375 274.858734130859375 369.12249755859375 330.51092529296875 182.2879638671875 159.02532958984375 351.15582275390625 163.08331298828125 101.06856536865234375
0 95.488861083984375 9.7732067108154296875 137.0870819091796875 354.13446044921875 469.421112060546875 422.317962646484375 331.654998779296875 256.292694091796875 316.895355224609375 243.2481536865234375 94.38108062744140625 226.4402923583984375 329.491363525390625 69.547454833984375 385.852203369140625 192.790283203125 260.620849609375 276.52520751953125 163.6530303955078125 325.166717529296875 502.436370849609375 296.2227783203125 161.6905975341796875 247.9888458251953125 315.607421875 295.2418212890625 458.31048583984375 449.774658203125 493.062255859375 86.94293975830078125 0 0 0 241.944580078125 182.539398193359375 415.894989013671875 360.500030517578125 508.770233154296875 411.60064697265625 341.6859130859375 390.862060546875 118.89345550537109375 194.9289703369140625 62.945556640625 157.417572021484375 217.349700927734375 417.923065185546875 161.1920623779296875 176.414306640625 141.228118896484375
275.66143798828125 341.606842041015625 568.77056884765625 217.996612548828125 359.220001220703125 355.273345947265625 324.2520751953125 381.64306640625 295.188323974609375 37.531703948974609375 123.7938690185546875 77.75141143798828125 218.8920440673828125 239.5792388916015625 10.944146156311035156 260.16058349609375 334.88116455078125 525.0894775390625 752.48333740234375 459.569488525390625 164.4201507568359375 468.440460205078125 226.8296661376953125 189.7277679443359375 203.580108642578125 23.474416732788085938 309.400054931640625 327.361297607421875 344.511566162109375 508.436187744140625 84.89340972900390625 0 32.140178680419921875 0 0 0 0 0 284.066864013671875 785.13934326171875 743.8975830078125 505.79071044921875 100.521453857421875 430.96673583984375 1028.6634521484375 489.338623046875 489.550018310546875 381.24102783203125 1045.26904296875 1050.806640625 210.5776214599609375
177.8839569091796875 212.02105712890625 284.391815185546875 254.1591033935546875 280.447998046875 262.6722412109375 92.4092559814453125 114.11429595947265625 187.8307342529296875 169.9754791259765625 229.3764801025390625 140.549407958984375 68.08713531494140625 104.04531097412109375 123.116729736328125 283.24322509765625 200.3286895751953125 346.842681884765625 488.36968994140625 314.450439453125 82.04840850830078125 234.65765380859375 196.362213134765625 224.416778564453125 421.521881103515625 260.2747802734375 375.597442626953125 499.134674072265625 406.856597900390625 690.48687744140625 224.92852783203125 0 89.31610107421875 651.283203125 834.9637451171875 441.591552734375 184.0444488525390625 70.20514678955078125 0 533.7525634765625 152.4173583984375 121.24512481689453125 288.325653076171875 52.30094146728515625 478.221343994140625 529.20501708984375 163.2095489501953125 86.42064666748046875 217.6267547607421875 1381.0772705078125 441.951873779296875
399.873626708984375 222.414947509765625 504.8802490234375 451.893707275390625 478.64080810546875 449.616729736328125 110.04415130615234375 338.36114501953125 374.798370361328125 352.99371337890625 256.95880126953125 281.669189453125 105.77851104736328125 213.0499267578125 121.076904296875 245.964599609375 476.238311767578125 337.33587646484375 598.64129638671875 239.71966552734375 260.2747802734375 182.187774658203125 215.066162109375 262.86761474609375 173.8341522216796875 314.35272216796875 346.134124755859375 486.112152099609375 539.888916015625 449.61407470703125 151.520782470703125 354.737884521484375 276.857177734375 26.214345932006835938 79.744842529296875 636.24468994140625 249.4654388427734375 349.514068603515625 136.3186492919921875 393.300689697265625 318.1929931640625 210.750244140625 309.84539794921875 393.806243896484375 344.758209228515625 726.01617431640625 75.1731719970703125 191.0430450439453125 508.32940673828125 392.445709228515625 101.04010009765625
178.3684234619140625 285.186767578125 234.3200836181640625 403.3936767578125 604.1376953125 512.007568359375 504.914642333984375 294.423675537109375 334.155609130859375 349.098541259765625 289.23297119140625 254.577301025390625 290.65350341796875 197.1368560791015625 0 231.9958343505859375 250.151336669921875 0 223.8133087158203125 96.9521331787109375 0 0 90.583892822265625 447.66357421875 129.111572265625 294.4774169921875 90.80251312255859375 62.776683807373046875 154.1511688232421875 527.792724609375 167.97857666015625 274.463470458984375 120.398193359375 116.0180816650390625 34.9856719970703125 416.525146484375 127.21363067626953125 0 0 0 163.9541168212890625 900.61285400390625 969.14129638671875 348.516082763671875 560.37396240234375 232.1417999267578125 217.119842529296875 369.14984130859375 341.167999267578125 170.242401123046875 245.11248779296875
465.81005859375 278.1505126953125 509.462066650390625 495.162750244140625 584.80426025390625 517.78497314453125 522.9854736328125 171.6128692626953125 377.12994384765625 349.055145263671875 112.96373748779296875 33.15838623046875 203.820770263671875 220.72991943359375 230.663055419921875 209.0605316162109375 250.775054931640625 0 195.178314208984375 223.7053070068359375 144.74346923828125 0 286.353424072265625 131.641754150390625 327.431884765625 242.7346649169921875 287.098236083984375 493.050811767578125 224.40399169921875 343.8182373046875 210.6358795166015625 442.65740966796875 459.315093994140625 19.276248931884765625 0 0 0 0 0 0 726.00885009765625 371.95257568359375 182.950592041015625 439.829833984375 482.5018310546875 49.500545501708984375 279.10162353515625 359.733673095703125 320.793701171875 279.600738525390625 406.075408935546875
559.18621826171875 355.2152099609375 376.93170166015625 460.685638427734375 101.61223602294921875 193.8801422119140625 287.619903564453125 184.796600341796875 235.3914947509765625 134.277069091796875 118.86865997314453125 113.9671478271484375 90.19167327880859375 53.304927825927734375 35.631076812744140625 111.6342926025390625 10.120479583740234375 92.3938751220703125 128.95697021484375 318.276702880859375 170.700775146484375 348.356414794921875 183.2365264892578125 155.0018768310546875 561.69921875 91.2335052490234375 74.261749267578125 142.9815216064453125 14.053484916687011719 207.979736328125 153.99859619140625 37.48848724365234375 15.208160400390625 283.85443115234375 114.76068878173828125 0 230.7008819580078125 18.110898971557617188 0 100.9181365966796875 386.747955322265625 239.56365966796875 378.634521484375 116.6813812255859375 48.031986236572265625 284.24871826171875 135.936614990234375 118.8789215087890625 281.818359375 305.630859375 182.4036407470703125
375.18414306640625 342.26123046875 450.59027099609375 487.523590087890625 308.497955322265625 344.248992919921875 118.14089202880859375 124.7042083740234375 88.67447662353515625 146.7505645751953125 237.3099517822265625 100.42844390869140625 146.3964385986328125 0 0 70.4694061279296875 133.733673095703125 172.2689361572265625 174.8018646240234375 273.318939208984375 538.822021484375 520.769775390625 414.8763427734375 147.800140380859375 430.75244140625 73.792236328125 215.563995361328125 183.692108154296875 560.6759033203125 223.7026519775390625 77.42996978759765625 257.298614501953125 0 60.487522125244140625 41.74109649658203125 0 95.28670501708984375 0 0 308.964813232421875 165.6014251708984375 88.5545654296875 62.4361419677734375 367.451934814453125 469.741943359375 340.805938720703125 778.87432861328125 271.813568115234375 26.517353057861328125 221.224639892578125 260.6485595703125
0 0 16.985681533813476562 19.621320724487304688 42.49485015869140625 167.28961181640625 84.982696533203125 83.88836669921875 149.9914398193359375 180.5384063720703125 352.455108642578125 100.48217010498046875 147.627655029296875 0 99.27405548095703125 325.28656005859375 89.78371429443359375 151.8596954345703125 102.15325164794921875 48.9106597900390625 121.99449920654296875 184.1493072509765625 257.609588623046875 544.585205078125 125.6015625 344.9927978515625 183.2879791259765625 312.857177734375 149.2965850830078125 286.187103271484375 100.72898101806640625 103.7342376708984375 303.33489990234375 334.373565673828125 74.86415863037109375 44.56915283203125 58.0433349609375 0 0 251.064453125 270.957000732421875 159.173919677734375 344.839874267578125 320.058837890625 511.499053955078125 468.5296630859375 325.44525146484375 162.6187591552734375 462.873870849609375 153.2628173828125 110.02346038818359375
0 0 529.8681640625 408.44744873046875 245.516448974609375 141.296630859375 272.4969482421875 29.700473785400390625 60.563201904296875 114.74379730224609375 55.990413665771484375 0 305.564849853515625 134.464111328125 0 214.5924224853515625 369.933624267578125 210.7837982177734375 311.280059814453125 159.23516845703125 422.940277099609375 467.5146484375 345.015899658203125 197.656646728515625 118.79027557373046875 217.6472930908203125 298.992919921875 560.36187744140625 290.1654052734375 225.1903076171875 200.97412109375 200.748992919921875 270.7762451171875 198.228271484375 137.356231689453125 73.42319488525390625 57.944736480712890625 116.7115478515625 0 235.5981292724609375 251.9482269287109375 562.51611328125 63.5309600830078125 228.923248291015625 447.1259765625 369.75177001953125 586.78668212890625 293.66064453125 325.5357666015625 228.8513946533203125 215.5070037841796875
49.282764434814453125 138.7470703125 216.0980682373046875 277.457763671875 331.94921875 182.1536865234375 119.348602294921875 274.326263427734375 12.106698036193847656 382.923919677734375 253.0361480712890625 0 482.298431396484375 538.983154296875 191.67083740234375 349.330963134765625 390.075531005859375 467.649810791015625 182.820831298828125 284.67364501953125 146.6470794677734375 59.91918182373046875 113.14865875244140625 155.511566162109375 373.96270751953125 144.5486907958984375 32.273632049560546875 453.2357177734375 173.311309814453125 132.4359588623046875 62.001468658447265625 259.628082275390625 576.00970458984375 171.93511962890625 285.82586669921875 257.22772216796875 192.4566650390625 0 0 329.039520263671875 497.322784423828125 188.2548370361328125 55.074024200439453125 404.820037841796875 469.074066162109375 466.676849365234375 621.37237548828125 314.125091552734375 328.156524658203125 452.081329345703125 313.060821533203125
33.284839630126953125 118.14635467529296875 311.12908935546875 153.6090087890625 93.22607421875 107.526092529296875 38.3520355224609375 366.342742919921875 82.58454132080078125 234.4564361572265625 48.60327911376953125 44.988956451416015625 0 36.551494598388671875 237.8773040771484375 298.179779052734375 271.6834716796875 300.498199462890625 426.519805908203125 142.8228759765625 78.6743621826171875 283.19403076171875 131.6855926513671875 252.573638916015625 75.50643157958984375 436.640472412109375 330.8651123046875 224.599945068359375 542.197265625 277.544677734375 171.71923828125 280.086517333984375 119.752685546875 310.367431640625 274.74676513671875 192.79473876953125 76.2512054443359375 0 643.12261962890625 217.2986907958984375 368.486175537109375 277.449188232421875 282.246795654296875 95.8449554443359375 0 0 58.1400909423828125 192.993804931640625 200.9024658203125 217.1357574462890625 500.53076171875
555.39422607421875 0 0 774.78717041015625 234.56610107421875 10.154943466186523438 109.4319610595703125 348.47064208984375 63.48857879638671875 419.480316162109375 391.52178955078125 368.8289794921875 0 72.5348968505859375 355.35760498046875 128.908416748046875 145.0411224365234375 441.8050537109375 172.4622802734375 75.0173187255859375 111.686065673828125 59.12407684326171875 204.490997314453125 495.8857421875 377.42431640625 132.601409912109375 261.3802490234375 106.0832977294921875 404.068817138671875 286.60418701171875 332.899627685546875 104.519500732421875 0 16.714252471923828125 30.657735824584960938 46.574214935302734375 0 0 239.5928802490234375 327.369537353515625 517.0260009765625 239.4716949462890625 75.53972625732421875 0 0 0 0 0 0 0 0
224.522979736328125 0 40.461803436279296875 0 0 86.66162109375 171.1841583251953125 44.928180694580078125 75.29421234130859375 314.671844482421875 64.80802154541015625 49.60265350341796875 0 135.44921875 289.514801025390625 46.53912353515625 103.2833404541015625 11.234826087951660156 171.52130126953125 198.139129638671875 183.89990234375 169.6289825439453125 204.7036895751953125 354.10003662109375 365.091827392578125 261.9656982421875 461.5614013671875 292.778778076171875 190.2639312744140625 91.30524444580078125 581.49896240234375 564.3282470703125 109.60582733154296875 297.21551513671875 87.064422607421875 131.5692138671875 0 277.306304931640625 737.15283203125 345.763275146484375 259.215301513671875 257.7216796875 539.00762939453125 0 0 0 0 0 0 0 0
187.811798095703125 97.03107452392578125 258.65679931640625 108.6878509521484375 126.15374755859375 160.1838836669921875 555.69976806640625 0 80.79239654541015625 111.54958343505859375 92.11272430419921875 95.0567626953125 0 32.3468170166015625 109.133331298828125 123.875335693359375 0 0 168.8756866455078125 164.0498504638671875 228.5882415771484375 261.531646728515625 403.834991455078125 129.1635589599609375 141.3343505859375 172.128662109375 306.744720458984375 279.7623291015625 164.0207977294921875 0 93.38178253173828125 378.781890869140625 222.9975433349609375 358.9970703125 298.391815185546875 0 77.15140533447265625 679.97454833984375 799.51837158203125 148.1483612060546875 85.75196075439453125 783.73974609375 140.3719635009765625 0 0 0 0 0 0 0 0
106.160919189453125 0 0 81.22397613525390625 193.169921875 185.312744140625 101.5897979736328125 0 0 0 0 0 0 82.07050323486328125 144.7888031005859375 78.905609130859375 146.30755615234375 0 202.2244110107421875 197.485107421875 0 0 352.830963134765625 368.432373046875 189.25079345703125 493.6785888671875 356.495330810546875 257.67041015625 293.159820556640625 262.727294921875 238.2016754150390625 316.8909912109375 306.25299072265625 305.432281494140625 0 0 251.0332794189453125 361.11444091796875 492.1759033203125 287.69879150390625 429.66229248046875 326.3651123046875 0 0 0 0 0 0 0 0 0
65.6076812744140625 0 0 54.088653564453125 143.212188720703125 39.808612823486328125 120.661834716796875 204.6188201904296875 181.465484619140625 276.038543701171875 254.5081634521484375 330.616302490234375 333.303802490234375 107.8427734375 106.129302978515625 27.94809722900390625 79.81285858154296875 0 50.458232879638671875 163.2439727783203125 117.327850341796875 100.2027740478515625 265.17999267578125 263.1131591796875 80.21091461181640625 485.138946533203125 359.076995849609375 173.5370330810546875 26.546234130859375 154.791717529296875 115.00363922119140625 354.283599853515625 199.0600433349609375 16.633485794067382812 0 61.65184783935546875 138.4522857666015625 102.38182830810546875 173.487640380859375 134.664031982421875 222.9820404052734375 194.063720703125 0 0 0 0 0 0 0 0 0
127.44043731689453125 0 0 182.132354736328125 251.621124267578125 337.319183349609375 295.99847412109375 142.3990478515625 171.532012939453125 175.6068267822265625 155.6693115234375 198.0220794677734375 250.1552581787109375 30.926179885864257812 0 0 25.40697479248046875 107.460662841796875 164.2610931396484375 113.22200775146484375 107.6965484619140625 165.2159271240234375 389.12921142578125 104.2129974365234375 38.87546539306640625 259.2264404296875 167.677215576171875 206.5240936279296875 129.315277099609375 179.2723541259765625 286.97662353515625 394.022003173828125 696.7032470703125 0 2.0182166099548339844 302.0006103515625 318.25823974609375 122.09436798095703125 274.3157958984375 116.59814453125 124.3445281982421875 80.7421112060546875 0 0 0 0 0 0 0 0 0
0 0 0 43.894458770751953125 206.9867095947265625 315.21771240234375 143.4496917724609375 430.624176025390625 597.25091552734375 299.852294921875 532.30548095703125 497.112213134765625 401.9044189453125 72.74996185302734375 0 0 173.611083984375 254.3223114013671875 79.48035430908203125 58.007114410400390625 245.5149688720703125 111.93497467041015625 343.53704833984375 347.82025146484375 129.1618194580078125 194.9413909912109375 152.6546478271484375 220.990814208984375 502.8740234375 225.538818359375 159.1168365478515625 448.711181640625 72.58831024169921875 0 259.688140869140625 354.063720703125 320.982086181640625 324.785186767578125 444.960479736328125 310.24224853515625 143.0831756591796875 0 0 0 0 0 0 0 0 0 0
49.53462982177734375 0 40.75531768798828125 394.693603515625 311.77655029296875 70.506988525390625 143.2019805908203125 448.445098876953125 288.62103271484375 226.105010986328125 267.916595458984375 347.966705322265625 355.1156005859375 376.14501953125 163.911407470703125 164.28948974609375 44.8541107177734375 96.00394439697265625 148.504974365234375 354.321868896484375 465.8818359375 338.268524169921875 389.380645751953125 255.820465087890625 150.7855224609375 122.66681671142578125 265.638427734375 160.893096923828125 272.601837158203125 316.64276123046875 312.757720947265625 142.475067138671875 0 43.009258270263671875 202.294281005859375 236.9020538330078125 284.663848876953125 326.053009033203125 450.76727294921875 379.058319091796875 320.875640869140625 0 0 0 0 0 0 0 0 0 0
