ForecastVariables/BuildingPerimeter_100m/BuildingPerimeter_Random3.asc
ncols        529
nrows        344
xllcorner    2700.000000000000
yllcorner    15900.000000000000
cellsize     100.000000000000
NODATA_value  0
[rows 132 to 153 of 344, columns 102 to 152 of 529]
845.12640380859375 1042.1925048828125 697.29559326171875 582.23150634765625 407.985198974609375 212.79925537109375 505.232818603515625 487.068634033203125 203.89947509765625 228.6298980712890625 76.55047607421875 403.900115966796875 201.1856689453125 223.1372833251953125 163.13458251953125 51.58716583251953125 296.9598388671875 537.060302734375 0 236.4730377197265625 571.927734375 450.67333984375 665.0579833984375 551.77825927734375 325.34881591796875 446.1282958984375 400.71038818359375 249.5261688232421875 523.76312255859375 706.22265625 666.802490234375 546.00616455078125 545.32342529296875 316.467010498046875 435.8673095703125 402.33148193359375 569.82073974609375 226.883636474609375 646.1138916015625 444.896148681640625 82.9564971923828125 363.73443603515625 351.432586669921875 198.81134033203125 27.658678054809570312 682.72515869140625 358.289093017578125 1005.1217041015625 214.735015869140625 153.84893798828125 225.80975341796875
246.0336761474609375 340.71630859375 454.458740234375 408.204925537109375 236.675506591796875 87.7167510986328125 107.3463897705078125 1027.1097412109375 99.82492828369140625 587.360595703125 173.4067230224609375 113.22589874267578125 249.1364593505859375 94.1049346923828125 485.050750732421875 769.5301513671875 375.714447021484375 386.3116455078125 108.0707550048828125 373.46368408203125 448.78564453125 274.090484619140625 449.393798828125 543.81866455078125 384.310150146484375 530.31396484375 326.608673095703125 459.29986572265625 544.2445068359375 335.1627197265625 381.1993408203125 383.68896484375 516.30303955078125 271.040618896484375 268.818756103515625 331.43133544921875 603.1810302734375 705.0765380859375 287.66680908203125 0 582.24755859375 480.75360107421875 176.7160797119140625 503.763397216796875 321.35986328125 441.2489013671875 384.182403564453125 0 287.401092529296875 140.29681396484375 262.1622314453125
619.56951904296875 325.132598876953125 522.08160400390625 582.96453857421875 260.409088134765625 194.3402557373046875 256.643463134765625 249.8207244873046875 61.2754669189453125 111.2199249267578125 351.671722412109375 293.40673828125 444.001708984375 74.6212921142578125 640.31597900390625 518.39666748046875 303.60028076171875 281.482330322265625 144.9272613525390625 250.39599609375 308.750030517578125 432.401397705078125 323.735260009765625 592.78656005859375 319.1339111328125 472.040283203125 135.380126953125 381.32403564453125 454.645477294921875 362.7884521484375 646.23455810546875 311.274322509765625 435.849334716796875 201.4866180419921875 327.53955078125 354.95660400390625 322.430023193359375 512.506103515625 679.19366455078125 187.18756103515625 0 526.37945556640625 296.718017578125 157.33001708984375 289.49591064453125 0 0 66.54254913330078125 325.402984619140625 521.42059326171875 371.112335205078125
390.142578125 293.853057861328125 383.981048583984375 296.443511962890625 279.241241455078125 274.555206298828125 376.020477294921875 208.6347198486328125 248.3479461669921875 203.1339263916015625 440.92138671875 293.335723876953125 845.8641357421875 639.46466064453125 190.642181396484375 241.9542999267578125 418.069549560546875 422.859832763671875 194.39453125 326.729156494140625 388.54876708984375 594.164306640625 249.362030029296875 609.2662353515625 441.106109619140625 453.531768798828125 301.310455322265625 341.703704833984375 615.63671875 120.3306732177734375 448.854156494140625 361.9234619140625 450.314910888671875 206.3096466064453125 368.973052978515625 573.69134521484375 610.0687255859375 376.48712158203125 707.90283203125 568.9549560546875 79.79422760009765625 0 86.72936248779296875 393.747650146484375 68.6570892333984375 0 0 396.096923828125 664.76837158203125 465.097869873046875 594.48193359375
678.09466552734375 534.00384521484375 274.627838134765625 124.41464996337890625 190.9127655029296875 358.67138671875 361.15997314453125 135.6784820556640625 189.647613525390625 461.05755615234375 267.833343505859375 748.09759521484375 698.242431640625 427.020416259765625 125.0436553955078125 326.602630615234375 206.6551513671875 288.467193603515625 263.978271484375 156.2840423583984375 417.62310791015625 347.199951171875 170.0556793212890625 504.98199462890625 451.21795654296875 359.50335693359375 566.0538330078125 703.6622314453125 318.895538330078125 643.2249755859375 619.3592529296875 195.9327239990234375 645.38775634765625 122.61644744873046875 325.409271240234375 571.89013671875 512.19500732421875 194.68951416015625 343.0699462890625 369.9525146484375 464.583404541015625 187.3361968994140625 408.038726806640625 355.805694580078125 413.962982177734375 0 0 362.98309326171875 643.66986083984375 614.07379150390625 581.43377685546875
394.32501220703125 452.847564697265625 442.5289306640625 666.90887451171875 591.21453857421875 312.77435302734375 193.160980224609375 321.954010009765625 16.269618988037109375 279.6888427734375 550.2562255859375 545.426513671875 340.0045166015625 311.848724365234375 229.1751861572265625 137.9093170166015625 216.428070068359375 349.01483154296875 431.54608154296875 404.97723388671875 222.8104248046875 435.129852294921875 247.50030517578125 581.980224609375 218.962982177734375 331.830047607421875 398.751434326171875 442.051910400390625 348.24761962890625 385.74114990234375 322.575958251953125 206.1587982177734375 308.26239013671875 0 156.6731719970703125 338.724334716796875 267.26104736328125 392.31915283203125 733.3551025390625 590.35552978515625 365.12518310546875 446.18121337890625 6.5089349746704101562 565.43359375 567.9713134765625 0 20.510084152221679688 473.390960693359375 383.002960205078125 360.754425048828125 231.406982421875
562.20257568359375 262.176727294921875 619.6395263671875 544.39678955078125 376.88079833984375 59.996158599853515625 575.925537109375 855.49560546875 497.633148193359375 251.9813690185546875 568.7891845703125 495.1151123046875 395.81170654296875 187.9057769775390625 127.81232452392578125 316.574676513671875 423.396209716796875 225.028594970703125 284.996246337890625 258.058563232421875 54.603206634521484375 187.275634765625 561.09613037109375 123.07073974609375 283.444305419921875 415.211822509765625 352.48687744140625 601.30914306640625 796.7327880859375 544.00543212890625 657.38690185546875 667.28375244140625 372.41265869140625 131.372833251953125 302.74951171875 408.826019287109375 210.173095703125 441.22723388671875 375.261566162109375 512.98028564453125 400.563323974609375 379.35357666015625 147.9901885986328125 0 0 22.584638595581054688 190.472198486328125 475.27374267578125 555.06500244140625 635.2562255859375 501.248626708984375
474.1046142578125 470.154510498046875 302.9805908203125 257.801666259765625 545.7889404296875 461.111419677734375 1013.738037109375 934.4168701171875 765.0625 264.576904296875 494.55810546875 339.063232421875 217.3128509521484375 107.87120819091796875 308.977569580078125 244.16217041015625 447.801605224609375 239.8770904541015625 175.159149169921875 250.7622222900390625 231.2870025634765625 412.608673095703125 399.7799072265625 472.639678955078125 628.97479248046875 462.60992431640625 210.9880218505859375 92.74904632568359375 145.8034210205078125 123.92266082763671875 152.06597900390625 345.02374267578125 326.381134033203125 242.5279541015625 370.7052001953125 64.47760009765625 213.075225830078125 556.64593505859375 143.3567962646484375 280.49310302734375 401.458709716796875 386.284454345703125 447.9805908203125 129.101318359375 157.4464569091796875 75.93714141845703125 77.1318206787109375 110.72699737548828125 67.74147796630859375 30.213380813598632812 65.12435150146484375
528.99932861328125 348.568389892578125 372.08013916015625 707.64678955078125 797.045166015625 649.411376953125 231.369354248046875 764.18023681640625 622.665283203125 786.24774169921875 19.279844284057617188 199.9092254638671875 409.980560302734375 447.883514404296875 212.17901611328125 318.99407958984375 323.14837646484375 555.45263671875 471.827484130859375 415.736968994140625 124.70177459716796875 557.52947998046875 528 159.286651611328125 46.92772674560546875 215.12982177734375 193.69561767578125 83.67800140380859375 0 0 0 0 0 0 132.6712646484375 164.733978271484375 18.915822982788085938 871.30224609375 525.64215087890625 463.193359375 231.7290802001953125 243.203704833984375 206.514892578125 93.15106964111328125 143.38629150390625 567.284423828125 373.77728271484375 490.603668212890625 508.780914306640625 359.619140625 224.24981689453125
291.972381591796875 663.970703125 736.910888671875 41.513935089111328125 583.5455322265625 618.89117431640625 494.67877197265625 789.49346923828125 652.27301025390625 416.665283203125 612.98046875 72.3277587890625 147.3828125 578.9581298828125 277.392547607421875 191.0844268798828125 333.158416748046875 512.32086181640625 627.1661376953125 297.440704345703125 7.4662404060363769531 68.68547821044921875 343.288330078125 488.49188232421875 212.1509857177734375 0 0 0 0 0 0 0 0 0 1158.5035400390625 30.718439102172851562 739.5784912109375 147.945587158203125 249.972930908203125 315.228790283203125 243.1930999755859375 431.783111572265625 83.95313262939453125 305.468048095703125 655.2255859375 536.54290771484375 378.74395751953125 371.112640380859375 497.142913818359375 457.630096435546875 488.47552490234375
654.20489501953125 800.05859375 572.9720458984375 160.947540283203125 568.0284423828125 617.59942626953125 390.318389892578125 629.6070556640625 284.523162841796875 583.904541015625 819.23321533203125 289.36322021484375 141.5034637451171875 557.045654296875 737.079833984375 514.787841796875 594.90618896484375 382.7137451171875 203.7353973388671875 158.8131103515625 279.695770263671875 472.014007568359375 413.18792724609375 403.34210205078125 219.68792724609375 351.63934326171875 55.33650970458984375 0 0 0 0 0 0 0 0 88.46747589111328125 714.80865478515625 12.181298255920410156 302.284332275390625 297.657470703125 117.94042205810546875 404.023040771484375 161.0483551025390625 480.776336669921875 352.1402587890625 95.578033447265625 585.31219482421875 585.64404296875 424.016357421875 433.26690673828125 329.7236328125
865.2950439453125 828.59747314453125 733.160888671875 442.500701904296875 711.198486328125 600.36114501953125 328.882904052734375 443.472503662109375 570.128173828125 670.9171142578125 416.592376708984375 800.7412109375 127.5487213134765625 641.7679443359375 623.45526123046875 105.99749755859375 277.384429931640625 251.20196533203125 482.962432861328125 316.16461181640625 25.990785598754882812 240.76654052734375 314.887603759765625 203.1908111572265625 124.10724639892578125 557.629638671875 321.03778076171875 28.561208724975585938 13.029578208923339844 0 73.55405426025390625 0 0 0 0 0 14.799706459045410156 55.534381866455078125 186.9412384033203125 82.90235137939453125 494.189697265625 105.447723388671875 457.281768798828125 627.55267333984375 500.213226318359375 407.574462890625 405.245697021484375 279.152374267578125 426.155548095703125 420.391693115234375 334.04974365234375
539.34954833984375 472.48822021484375 163.1246185302734375 186.104705810546875 91.8918304443359375 11.749222755432128906 130.1733245849609375 225.53887939453125 230.778900146484375 317.801788330078125 252.619476318359375 769.3070068359375 252.6902923583984375 0 209.1102294921875 339.225128173828125 389.79937744140625 253.5446624755859375 438.99200439453125 361.127197265625 81.49071502685546875 386.266143798828125 278.07403564453125 587.44342041015625 517.3160400390625 664.57464599609375 423.409027099609375 299.779693603515625 8.2508211135864257812 130.2931365966796875 100.61060333251953125 0 0 0 0 0 28.759307861328125 81.1506500244140625 426.62030029296875 226.5485382080078125 161.17254638671875 0 212.7088775634765625 382.716705322265625 499.299957275390625 489.511993408203125 632.3182373046875 292.74658203125 401.43914794921875 503.0675048828125 385.067962646484375
328.7830810546875 456.027069091796875 479.478240966796875 683.37921142578125 591.4337158203125 677.97393798828125 518.49505615234375 128.3715667724609375 61.26480865478515625 176.9810028076171875 127.474578857421875 0 41.523525238037109375 0 480.341552734375 382.32061767578125 363.87591552734375 325.717559814453125 543.2698974609375 336.17218017578125 45.78513336181640625 330.98583984375 707.65399169921875 511.082489013671875 631.83447265625 687.49078369140625 465.799224853515625 330.818878173828125 449.016876220703125 19.325391769409179688 14.539204597473144531 0 147.0323333740234375 113.03501129150390625 30.695241928100585938 0 54.12636566162109375 262.89471435546875 47.941375732421875 9.9274835586547851562 14.002634048461914062 379.31396484375 397.034088134765625 102.66535186767578125 455.9725341796875 655.12884521484375 318.14569091796875 259.397003173828125 348.29241943359375 427.872894287109375 436.83447265625
668.68115234375 331.7884521484375 680.36456298828125 586.56884765625 595.06573486328125 742.535888671875 761.62518310546875 300.40875244140625 578.76904296875 794.78265380859375 450.7763671875 0 34.949710845947265625 0 384.43701171875 277.636932373046875 0 231.9769439697265625 323.78582763671875 181.6559295654296875 170.170562744140625 371.952606201171875 713.5755615234375 291.10491943359375 532.19256591796875 500.9913330078125 507.66815185546875 530.7584228515625 664.28851318359375 293.145721435546875 138.02764892578125 25.694608688354492188 67.685333251953125 45.490512847900390625 107.89334869384765625 132.877655029296875 25.319345474243164062 26.023468017578125 101.09278106689453125 715.61907958984375 87.1984710693359375 364.567291259765625 412.624420166015625 401.8046875 111.404541015625 234.7413482666015625 547.90447998046875 468.721923828125 130.1329345703125 194.99920654296875 420.8428955078125
506.3433837890625 193.6703643798828125 508.6470947265625 464.353057861328125 361.643157958984375 353.4779052734375 196.71533203125 332.8243408203125 532.891845703125 141.370269775390625 0 0 243.690277099609375 133.6826171875 141.40228271484375 0 162.44952392578125 230.638427734375 293.366455078125 402.351898193359375 387.615142822265625 318.70452880859375 168.8105926513671875 177.642822265625 873.25482177734375 334.768768310546875 793.3470458984375 783.61968994140625 547.85882568359375 476.853668212890625 214.73980712890625 40.945556640625 193.7758331298828125 33.421077728271484375 75.5938873291015625 0 44.84283447265625 0 0 168.055908203125 117.731048583984375 377.885589599609375 387.379974365234375 395.324981689453125 275.714385986328125 245.9990081787109375 141.12762451171875 292.45513916015625 65.8095703125 538.1893310546875 416.906890869140625
905.5650634765625 280.919097900390625 538.16357421875 1164.8868408203125 552.82684326171875 861.71466064453125 793.6630859375 699.83575439453125 528.2857666015625 266.449188232421875 0 63.70636749267578125 210.4567413330078125 139.597381591796875 323.721099853515625 376.769805908203125 361.6280517578125 370.36773681640625 391.20550537109375 336.27728271484375 298.469329833984375 194.5068511962890625 102.34775543212890625 630.32440185546875 626.4730224609375 525.5472412109375 429.181121826171875 463.73443603515625 477.679931640625 498.43951416015625 141.1928253173828125 102.7269134521484375 229.796844482421875 30.407405853271484375 0 0 0 0 0 23.913591384887695312 310.50537109375 200.5593719482421875 561.02252197265625 470.681396484375 367.016571044921875 412.046539306640625 196.1665802001953125 0 48.106929779052734375 348.149871826171875 508.211456298828125
829.2952880859375 482.25732421875 815.76910400390625 747.09613037109375 336.578887939453125 634.1239013671875 302.99835205078125 711.28497314453125 884.52728271484375 56.86301422119140625 0 103.9276885986328125 131.1336669921875 155.001068115234375 303.858917236328125 239.0502471923828125 123.96851348876953125 271.688690185546875 309.790069580078125 223.5144500732421875 663.98077392578125 326.942047119140625 321.1771240234375 499.9034423828125 887.01934814453125 483.2447509765625 409.850006103515625 519.73760986328125 467.2635498046875 575.0162353515625 215.0081329345703125 205.9618988037109375 110.71450042724609375 55.830051422119140625 26.510639190673828125 0 29.73723602294921875 69.3328704833984375 16.34011077880859375 0 285.828033447265625 1046.5845947265625 529.9658203125 349.4990234375 248.9697418212890625 344.40057373046875 0 0 199.1067962646484375 523.24505615234375 151.673431396484375
285.39166259765625 256.53228759765625 484.964447021484375 264.875640869140625 218.4266357421875 139.5988616943359375 110.3638458251953125 212.8681793212890625 173.6920623779296875 322.43743896484375 161.6889495849609375 347.979400634765625 133.703033447265625 153.4049072265625 438.904876708984375 258.954254150390625 105.52429962158203125 548.72711181640625 401.700103759765625 364.253082275390625 377.72039794921875 369.93310546875 472.142059326171875 538.00732421875 446.41064453125 266.65228271484375 518.45867919921875 307.315338134765625 569.704833984375 677.7401123046875 239.398590087890625 111.64029693603515625 34.870037078857421875 0 26.237848281860351562 31.357439041137695312 21.66123199462890625 124.07048797607421875 5.444782257080078125 25.576372146606445312 154.2181396484375 142.253936767578125 82.68407440185546875 372.123138427734375 219.1294708251953125 123.45014190673828125 504.5306396484375 270.24517822265625 76.53093719482421875 133.7970123291015625 169.549774169921875
188.8760223388671875 198.3105010986328125 100.0004425048828125 201.391998291015625 354.1497802734375 353.601318359375 258.350738525390625 420.905609130859375 528.09539794921875 146.9427490234375 197.3437347412109375 112.09351348876953125 29.450620651245117188 591.23992919921875 682.92669677734375 205.7238006591796875 544.1617431640625 406.146575927734375 245.5557098388671875 307.2083740234375 518.4476318359375 578.1790771484375 769.1036376953125 591.78765869140625 298.344970703125 348.435577392578125 436.807281494140625 395.330322265625 324.8768310546875 429.322021484375 295.895843505859375 46.440616607666015625 0 177.014801025390625 0 32.34351348876953125 0 0 0 0 602.926513671875 524.6002197265625 722.050537109375 837.5057373046875 281.870574951171875 164.0608673095703125 590.73150634765625 323.05419921875 85.00890350341796875 703.595703125 153.556549072265625
221.4534912109375 253.1247100830078125 108.37383270263671875 484.252044677734375 136.826171875 380.955657958984375 338.355712890625 392.623382568359375 291.550018310546875 201.9739837646484375 99.80944061279296875 161.5860748291015625 252.4577178955078125 416.3211669921875 385.3377685546875 278.613037109375 410.707244873046875 352.813568115234375 260.984466552734375 382.249267578125 348.8463134765625 557.1368408203125 288.386962890625 256.306640625 557.7818603515625 315.524383544921875 627.2738037109375 709.7215576171875 388.930267333984375 568.9871826171875 292.793121337890625 76.6766357421875 0 0 0 573.02862548828125 441.993408203125 265.033355712890625 183.2890167236328125 0 0 51.069393157958984375 793.9691162109375 386.2265625 420.802093505859375 126.98223876953125 381.50726318359375 221.3723297119140625 1243.2652587890625 362.720703125 331.253936767578125
296.063018798828125 375.255401611328125 176.1280975341796875 150.3598175048828125 276.584930419921875 535.28704833984375 375.44793701171875 755.3984375 592.5147705078125 430.696441650390625 294.5291748046875 226.6930694580078125 293.178558349609375 336.10882568359375 392.630889892578125 547.5521240234375 366.7767333984375 483.600830078125 365.496124267578125 515.81121826171875 376.222900390625 581.48492431640625 428.658721923828125 217.3495025634765625 146.90826416015625 875.28106689453125 639.4993896484375 506.657928466796875 446.97137451171875 636.08953857421875 144.095001220703125 0 0 0 0 258.154327392578125 358.240020751953125 293.3931884765625 434.881927490234375 231.4088134765625 245.4276580810546875 202.48443603515625 487.2325439453125 803.59039306640625 190.34820556640625 280.958709716796875 49.49707794189453125 13.568899154663085938 769.87017822265625 74.6569366455078125 181.22271728515625
