ForecastVariables/BuildingPerimeter_100m/BuildingPerimeter_Random5.asc
ncols        529
nrows        344
xllcorner    2700.000000000000
yllcorner    15900.000000000000
cellsize     100.000000000000
NODATA_value  0
[rows 154 to 175 of 344, columns 357 to 407 of 529]
461.87261962890625 301.298553466796875 470.845458984375 423.281982421875 318.74737548828125 519.15380859375 369.858123779296875 170.831634521484375 150.13641357421875 376.865386962890625 336.25970458984375 428.79296875 93.39972686767578125 310.305999755859375 329.097015380859375 721.84088134765625 527.16851806640625 685.34893798828125 803.63092041015625 816.53167724609375 453.83306884765625 846.76654052734375 463.25054931640625 318.48870849609375 548.35638427734375 744.6798095703125 676.81304931640625 203.3177947998046875 361.8397216796875 202.1700439453125 120.13161468505859375 307.0965576171875 101.2314453125 0 0 0 74.03319549560546875 224.1901702880859375 179.8909149169921875 236.82403564453125 202.7963104248046875 239.2193145751953125 145.5438079833984375 166.6297760009765625 164.1983642578125 171.151641845703125 393.091522216796875 211.5417633056640625 0 0 0
475.663848876953125 455.7127685546875 171.050689697265625 104.1678314208984375 152.47802734375 256.444976806640625 713.341064453125 367.112884521484375 280.359466552734375 607.1781005859375 363.7015380859375 400.090179443359375 560.36474609375 513.26220703125 562.09454345703125 551.39154052734375 553.37677001953125 437.51116943359375 433.17779541015625 516.663330078125 790.8299560546875 848.05145263671875 722.38720703125 742.1910400390625 756.236328125 1030.7703857421875 726.73980712890625 213.9637451171875 447.359344482421875 25.250148773193359375 281.10186767578125 35.464443206787109375 67.69306182861328125 0 0 0 44.406597137451171875 153.7769775390625 246.003448486328125 288.96246337890625 238.6515045166015625 221.4482421875 296.51824951171875 210.52239990234375 302.18682861328125 187.769256591796875 339.652984619140625 26.82491302490234375 0 0 0
192.9777069091796875 271.164764404296875 464.885528564453125 295.82427978515625 247.03900146484375 496.53045654296875 728.35882568359375 404.94659423828125 313.664093017578125 663.8416748046875 414.371856689453125 236.2974395751953125 335.407257080078125 435.013702392578125 326.208160400390625 572.59466552734375 375.903961181640625 472.199005126953125 648.26220703125 652.27020263671875 733.5853271484375 685.6505126953125 947.27166748046875 662.42950439453125 700.61474609375 811.9130859375 36.295536041259765625 6.3600249290466308594 451.77850341796875 118.84915924072265625 151.31524658203125 350.303314208984375 446.06561279296875 79.95098876953125 566.06719970703125 0 0 0 0 27.359584808349609375 103.45764923095703125 237.5751953125 197.5053863525390625 294.163970947265625 199.2238006591796875 359.01983642578125 263.0821533203125 0 0 0 0
296.78759765625 366.45550537109375 362.221832275390625 249.0886688232421875 332.664093017578125 268.1453857421875 529.72430419921875 341.1064453125 266.158599853515625 364.583648681640625 390.63067626953125 337.487945556640625 228.2296905517578125 277.59979248046875 251.0920867919921875 493.9273681640625 205.82623291015625 311.5614013671875 408.51953125 852.09307861328125 181.5477447509765625 223.030792236328125 333.094512939453125 657.78662109375 281.2373046875 1.1225583553314208984 67.6842041015625 354.1605224609375 324.5936279296875 210.976104736328125 235.00225830078125 945.2149658203125 166.4087066650390625 321.134368896484375 414.524383544921875 14.931160926818847656 560.72216796875 89.04204559326171875 0 0 0 0 12.772444725036621094 205.60797119140625 195.7044677734375 276.20953369140625 72.49674224853515625 67.396484375 61.609272003173828125 0 0
272.15179443359375 233.2150421142578125 444.132843017578125 153.5999755859375 285.711761474609375 367.97332763671875 276.105133056640625 224.1224365234375 294.34161376953125 321.739166259765625 421.322357177734375 189.5285186767578125 451.8157958984375 269.659423828125 313.67974853515625 270.232269287109375 299.775054931640625 418.980987548828125 0 564.10113525390625 331.722198486328125 159.4630889892578125 380.681396484375 0 65.42383575439453125 378.7894287109375 354.497222900390625 567.85247802734375 580.489013671875 443.088714599609375 235.0889739990234375 213.1687469482421875 1055.8929443359375 81.3458709716796875 60.6380767822265625 72.47682952880859375 256.8642578125 655.76751708984375 209.2926025390625 376.72137451171875 0 0 0 0 55.24871063232421875 127.73833465576171875 0 39.446247100830078125 10.091800689697265625 222.775665283203125 0
166.6253662109375 265.219818115234375 111.84575653076171875 93.81304931640625 320.4775390625 211.4733123779296875 290.35736083984375 311.77203369140625 412.529449462890625 240.4752960205078125 325.427459716796875 197.73663330078125 620.32489013671875 422.504730224609375 643.6602783203125 602.43524169921875 743.70843505859375 342.696929931640625 303.918548583984375 345.675933837890625 578.3729248046875 938.59283447265625 190.919464111328125 504.590118408203125 561.68035888671875 856.3179931640625 683.90673828125 517.89630126953125 688.4945068359375 446.953948974609375 289.803924560546875 345.03326416015625 188.671173095703125 384.265716552734375 38.723827362060546875 144.0179595947265625 1056.8033447265625 274.64508056640625 76.327880859375 136.8481292724609375 702.12628173828125 414.018218994140625 0 0 0 0 0 0 0 98.83298492431640625 0
293.699249267578125 326.609405517578125 344.405853271484375 393.783050537109375 534.80084228515625 494.3204345703125 473.0006103515625 477.74005126953125 381.024932861328125 160.0313568115234375 87.7952117919921875 232.96295166015625 180.8283233642578125 404.87884521484375 335.90643310546875 112.648223876953125 445.1656494140625 342.6861572265625 191.0671844482421875 0 0 109.8183135986328125 164.4095916748046875 393.181854248046875 544.5394287109375 233.0297698974609375 96.226318359375 239.653900146484375 852.50311279296875 872.97705078125 533.61639404296875 385.1009521484375 14.793200492858886719 167.80474853515625 208.6551666259765625 57.071781158447265625 91.79491424560546875 253.4578857421875 11.014218330383300781 55.035247802734375 238.1200103759765625 315.444976806640625 0 0 0 0 0 0 0 0 0
171.6093902587890625 427.454376220703125 566.3599853515625 433.45269775390625 440.50714111328125 555.26812744140625 346.765960693359375 1024.473388671875 895.7579345703125 35.514293670654296875 62.32540130615234375 225.962005615234375 426.407379150390625 451.85186767578125 850.08355712890625 232.2503662109375 242.8429412841796875 407.193878173828125 771.92236328125 75.9590606689453125 135.2817230224609375 306.525421142578125 616.73675537109375 677.4560546875 785.78533935546875 181.99212646484375 251.0362091064453125 491.993408203125 548.108154296875 779.75946044921875 810.76849365234375 520.83233642578125 387.155303955078125 456.7362060546875 157.490692138671875 61.7499847412109375 566.10906982421875 94.86952972412109375 173.7724151611328125 9.56398773193359375 164.96148681640625 0 0 0 0 0 0 0 0 0 0
113.90502166748046875 428.127044677734375 510.91705322265625 779.77020263671875 324.630035400390625 229.6461181640625 116.040771484375 177.377105712890625 189.82904052734375 388.40191650390625 490.63677978515625 149.7158355712890625 211.185150146484375 231.3574371337890625 80.29582977294921875 553.52655029296875 378.659271240234375 453.21649169921875 192.296356201171875 1073.221435546875 695.623779296875 497.0965576171875 914.57806396484375 943.7017822265625 899.89776611328125 511.378570556640625 401.888427734375 209.442413330078125 664.60772705078125 498.84033203125 588.628662109375 789.994873046875 1111.7371826171875 250.5839691162109375 0 0 166.5881500244140625 308.611602783203125 749.26397705078125 59.870189666748046875 123.99417877197265625 121.54424285888671875 0 0 0 0 0 0 0 0 0
0 289.815277099609375 390.8116455078125 359.5118408203125 184.806182861328125 210.0520172119140625 353.905914306640625 448.68994140625 418.224822998046875 342.223968505859375 463.169158935546875 423.1715087890625 477.96905517578125 320.701446533203125 208.117156982421875 315.61431884765625 444.980072021484375 541.462646484375 239.6156768798828125 72.128631591796875 777.99542236328125 648.68231201171875 906.7493896484375 851.0115966796875 804.638671875 756.73236083984375 660.62066650390625 714.59503173828125 817.78131103515625 487.08953857421875 614.8115234375 1023.1534423828125 852.1907958984375 623.59716796875 136.88134765625 0 0 369.019439697265625 133.598358154296875 109.67247772216796875 211.1920166015625 0 0 0 0 0 0 0 0 0 0
233.3254241943359375 203.3199462890625 341.73114013671875 475.72198486328125 322.757904052734375 149.4178619384765625 231.935516357421875 422.807647705078125 285.337249755859375 407.352081298828125 441.776702880859375 321.562469482421875 493.92138671875 598.40692138671875 654.66357421875 243.9933319091796875 334.132171630859375 286.488800048828125 318.033782958984375 239.6457977294921875 473.67352294921875 489.043792724609375 805.50103759765625 639.84039306640625 957.516845703125 534.7247314453125 559.76129150390625 691.6173095703125 653.385498046875 896.93634033203125 532.0086669921875 604.03887939453125 671.72723388671875 670.087646484375 939.573974609375 554.961669921875 11.530194282531738281 0 0 244.5441436767578125 131.0789337158203125 0 0 0 0 0 0 0 0 0 0
719.441650390625 187.527587890625 333.695343017578125 370.228912353515625 321.220733642578125 146.529144287109375 201.689971923828125 388.43975830078125 255.3557891845703125 122.807037353515625 359.14276123046875 377.52655029296875 393.19757080078125 276.047576904296875 526.1370849609375 350.0289306640625 396.23974609375 557.82574462890625 311.1588134765625 456.307952880859375 540.29351806640625 71.40020751953125 453.85235595703125 912.55548095703125 667.37506103515625 1123.2493896484375 697.93182373046875 860.8238525390625 877.70855712890625 854.3101806640625 667.50445556640625 242.1561126708984375 519.19281005859375 634.41107177734375 475.92718505859375 251.123504638671875 5.0491571426391601562 0 0 0 0 0 0 0 0 0 71.57427215576171875 0 0 0 0
1317.33447265625 115.6070709228515625 250.9626617431640625 421.61785888671875 346.0240478515625 413.162628173828125 198.061676025390625 309.183837890625 405.234100341796875 563.09942626953125 744.4093017578125 306.548431396484375 320.41192626953125 231.434112548828125 214.88751220703125 253.9906768798828125 203.7506866455078125 415.586761474609375 169.412841796875 200.940826416015625 509.35748291015625 563.539794921875 286.574554443359375 964.6207275390625 1147.7894287109375 919.90771484375 768.2540283203125 655.1787109375 865.69525146484375 606.4462890625 552.4215087890625 491.185699462890625 469.94293212890625 300.22607421875 52.81850433349609375 0 0 0 0 0 0 0 0 0 0 0 0 0 0 0 0
1058.499755859375 226.3124237060546875 403.58148193359375 143.0696258544921875 286.70465087890625 228.5672149658203125 101.173492431640625 183.8587646484375 153.87322998046875 164.99957275390625 26.999494552612304688 361.7633056640625 375.83526611328125 704.4127197265625 780.9588623046875 698.24932861328125 390.161895751953125 236.7681732177734375 234.97015380859375 375.08087158203125 629.4920654296875 660.640625 233.9262847900390625 511.340087890625 894.15509033203125 1208.8714599609375 1237.5052490234375 816.047119140625 774.478271484375 848.80035400390625 731.94134521484375 115.827239990234375 0 0 0 0 0 0 0 0 0 0 0 0 0 0 0 0 0 0 0
981.32293701171875 749.556884765625 134.501861572265625 216.1636962890625 85.13651275634765625 156.746490478515625 49.18759918212890625 0.22648404538631439209 0 368.8238525390625 774.57269287109375 690.25347900390625 740.60260009765625 862.124267578125 729.8902587890625 820.0374755859375 581.12579345703125 551.068603515625 270.598388671875 201.537689208984375 522.84527587890625 418.649871826171875 0 392.17901611328125 522.4422607421875 869.18316650390625 840.29327392578125 804.66064453125 456.37957763671875 244.0790557861328125 0 0 0 0 0 0 0 0 0 0 0 0 0 0 0 0 0 0 0 0 0
995.13323974609375 1045.64697265625 534.864990234375 341.68609619140625 311.279266357421875 337.718414306640625 133.549560546875 338.418609619140625 244.76123046875 272.419677734375 588.6002197265625 853.76727294921875 716.80352783203125 744.1768798828125 979.68572998046875 405.352935791015625 453.01898193359375 706.60845947265625 696.58038330078125 166.43487548828125 298.0875244140625 598.32037353515625 64.43816375732421875 18.404417037963867188 374.45733642578125 152.1790313720703125 109.65276336669921875 690.736572265625 244.603607177734375 47.204620361328125 0 0 0 0 0 0 51.931735992431640625 0 0 0 0 0 0 0 0 0 0 0 0 0 193.9892578125
978.17669677734375 1038.2181396484375 674.40570068359375 672.1689453125 443.869049072265625 334.827362060546875 129.0620574951171875 194.5933380126953125 161.5897064208984375 361.034423828125 520.890869140625 738.8472900390625 784.566650390625 783.53973388671875 853.04541015625 484.170135498046875 379.95703125 517.3341064453125 588.121337890625 738.15911865234375 206.2364501953125 129.2735443115234375 25.613033294677734375 221.9035797119140625 431.853118896484375 410.345947265625 54.068012237548828125 540.9144287109375 829.64862060546875 475.266326904296875 0 0 0 0 0 0 0 0 0 0 0 0 0 0 0 0 0 0 0 0 459.11895751953125
905.07427978515625 944.06256103515625 786.342041015625 812.640869140625 284.862152099609375 235.5887603759765625 304.877288818359375 325.9378662109375 687.0504150390625 783.64996337890625 826.90496826171875 1032.9222412109375 924.88555908203125 993.154052734375 936.08892822265625 637.13616943359375 617.45953369140625 748.368896484375 588.495361328125 327.44781494140625 788.72442626953125 609.3775634765625 77.5133056640625 79.2647247314453125 469.51910400390625 1037.1217041015625 286.9666748046875 335.39453125 253.09564208984375 0 0 0 0 0 0 0 0 0 0 0 0 64.390289306640625 0 0 0 0 0 0 0 0 0
718.424560546875 769.32421875 813.38970947265625 701.576171875 166.679229736328125 422.4803466796875 156.70574951171875 249.1245574951171875 923.940673828125 818.5633544921875 1077.2049560546875 1392.5888671875 691.87030029296875 461.292327880859375 495.9586181640625 433.37841796875 553.45953369140625 142.13348388671875 173.832977294921875 381.200592041015625 100.24941253662109375 311.681884765625 220.1688385009765625 674.93115234375 700.49505615234375 599.86541748046875 347.2525634765625 234.8496551513671875 348.67095947265625 0 0 0 0 0 0 151.4499664306640625 0 0 0 113.55080413818359375 0 0 0 0 0 0 0 0 0 0 0
622.0780029296875 739.969482421875 757.4351806640625 802.5045166015625 604.3642578125 417.852294921875 410.571990966796875 77.05583953857421875 307.478851318359375 512.43310546875 584.956787109375 567.09295654296875 536.046875 287.34185791015625 662.87591552734375 372.789581298828125 181.693572998046875 182.8323516845703125 490.206390380859375 799.5018310546875 230.7772369384765625 674.726318359375 414.278472900390625 283.45098876953125 401.06182861328125 342.021514892578125 611.4853515625 507.737457275390625 337.702850341796875 0 0 0 0 0 0 83.21768951416015625 0 0 65.1882781982421875 0 0 0 0 0 0 0 0 0 0 0 0
247.8497161865234375 422.972320556640625 635.22967529296875 505.724884033203125 620.0028076171875 792.71270751953125 572.16314697265625 283.93377685546875 295.491607666015625 637.61480712890625 717.36041259765625 637.466796875 463.39892578125 285.0804443359375 150.6654815673828125 351.404693603515625 517.32086181640625 414.9908447265625 335.252777099609375 435.9283447265625 133.4380950927734375 367.617919921875 261.574798583984375 338.73779296875 872.5906982421875 186.06231689453125 345.68231201171875 605.831787109375 473.69268798828125 0 0 0 0 0 0 0 0 0 0 0 0 0 0 0 0 0 0 0 0 0 0
166.2998504638671875 245.9860687255859375 814.85052490234375 714.27142333984375 853.833251953125 788.84710693359375 505.24298095703125 357.81170654296875 316.771209716796875 692.61944580078125 189.362396240234375 603.23370361328125 343.21075439453125 231.9623870849609375 310.903228759765625 541.129638671875 880.86090087890625 465.77044677734375 739.8453369140625 86.95566558837890625 375.49542236328125 261.098876953125 317.617828369140625 343.353515625 625.88140869140625 216.6912841796875 529.1405029296875 364.847442626953125 356.787689208984375 0 121.33794403076171875 168.8920745849609375 0 65.16628265380859375 0 0 0 0 0 0 0 0 0 0 0 0 0 0 0 0 0
