ForecastVariables/BuildingPerimeter_100m/BuildingPerimeter_Random1.asc
ncols        529
nrows        344
xllcorner    2700.000000000000
yllcorner    15900.000000000000
cellsize     100.000000000000
NODATA_value  0
[rows 110 to 131 of 344, columns 153 to 203 of 529]
308.504791259765625 261.871826171875 368.6756591796875 302.8980712890625 76.52332305908203125 136.911041259765625 643.38458251953125 839.8330078125 682.90234375 712.758544921875 779.53253173828125 242.3755950927734375 0 0 0 0 0 0 0 0 0 0 35.93303680419921875 191.5726776123046875 485.590087890625 686.2955322265625 326.197021484375 559.460693359375 636.99969482421875 725.5491943359375 712.91058349609375 686.7186279296875 927.4466552734375 175.4777984619140625 246.092864990234375 62.639896392822265625 113.5950469970703125 117.83171844482421875 0 70.89942169189453125 337.44891357421875 121.07147979736328125 223.709808349609375 0 0 0 0 0 0 0 0
98.39028167724609375 639.0501708984375 189.9503173828125 209.5734405517578125 822.2076416015625 831.6993408203125 879.9913330078125 281.79449462890625 719.44317626953125 892.99200439453125 697.79376220703125 226.854278564453125 0 0 0 0 0 0 0 0 0 0 0 63.079803466796875 327.99285888671875 424.828826904296875 534.48687744140625 613.96759033203125 709.73101806640625 561.50494384765625 538.033203125 815.62677001953125 795.99932861328125 126.678497314453125 434.7890625 224.1841278076171875 177.728179931640625 211.29486083984375 15.804594039916992188 274.03668212890625 102.7218475341796875 343.04376220703125 131.296539306640625 0 0 0 0 0 0 0 0
206.00921630859375 694.28228759765625 301.923797607421875 430.82000732421875 138.0047760009765625 423.75653076171875 330.04266357421875 373.353179931640625 987.5535888671875 804.13372802734375 767.30322265625 225.968780517578125 0 0 0 0 0 0 0 0 0 0 0 105.353973388671875 441.341064453125 205.5888671875 407.996429443359375 618.30853271484375 665.060546875 235.326171875 202.263885498046875 536.189453125 608.942138671875 359.652374267578125 463.009765625 87.7852630615234375 154.712432861328125 196.62628173828125 0 585.04351806640625 207.400421142578125 234.5849761962890625 314.80511474609375 0 0 0 0 0 0 0 0
598.8631591796875 305.01263427734375 483.504425048828125 596.7191162109375 400.394744873046875 153.0294342041015625 370.095245361328125 1142.196044921875 112.87763214111328125 691.81048583984375 519.39666748046875 53.05358123779296875 0 0 0 0 0 0 0 0 0 0 0 15.97826385498046875 196.8996429443359375 410.2750244140625 1187.094970703125 614.355224609375 322.57568359375 405.53460693359375 620.7099609375 70.25200653076171875 448.97784423828125 297.76959228515625 186.521087646484375 321.50860595703125 76.5118560791015625 121.316864013671875 0 85.90145111083984375 573.712890625 98.8592071533203125 163.0668182373046875 0 0 0 0 0 0 0 0
55.0739593505859375 394.5885009765625 508.370361328125 379.648681640625 782.08929443359375 161.0764617919921875 492.5018310546875 86.6737518310546875 802.63812255859375 133.687286376953125 37.78907012939453125 0 0 0 0 0 0 0 0 0 0 0 0 0 0 146.997894287109375 222.2053375244140625 504.092681884765625 465.674896240234375 510.811859130859375 326.795562744140625 403.59478759765625 112.3022918701171875 238.509918212890625 474.45416259765625 215.403045654296875 858.10845947265625 811.046875 0 0 10.4663238525390625 55.221710205078125 0 0 0 0 0 0 0 0 0
182.1834564208984375 582.32275390625 64.19934844970703125 517.226806640625 378.488189697265625 209.81744384765625 189.4423980712890625 448.138214111328125 28.278505325317382812 107.7282867431640625 349.232940673828125 86.81786346435546875 0 0 0 0 0 0 0 0 0 0 0 0 0 0 250.3658294677734375 476.67718505859375 408.596221923828125 269.716217041015625 169.926116943359375 512.832763671875 247.31829833984375 316.75213623046875 185.5860595703125 127.5003204345703125 504.345794677734375 335.15142822265625 184.26123046875 0 136.6311798095703125 575.16827392578125 0 0 0 0 0 0 0 0 0
124.96314239501953125 185.1671905517578125 531.99346923828125 390.06744384765625 210.7911834716796875 331.870819091796875 272.437530517578125 232.50372314453125 141.390045166015625 445.072998046875 525.551025390625 73.50659942626953125 0 0 0 0 0 0 0 0 1330.3111572265625 733.265380859375 85.87540435791015625 36.31092071533203125 0 0 94.64838409423828125 760.09393310546875 391.52557373046875 901.24713134765625 397.75030517578125 292.10430908203125 209.4902801513671875 86.01261138916015625 942.12579345703125 735.25201416015625 413.179901123046875 636.01123046875 163.662078857421875 0 367.7454833984375 137.1765594482421875 0 0 0 0 0 0 0 0 0
55.050502777099609375 593.17840576171875 678.29693603515625 246.1735992431640625 279.105255126953125 588.42938232421875 388.083831787109375 501.643524169921875 382.34393310546875 552.0439453125 260.507965087890625 0 0 0 0 0 0 0 0 0 244.849365234375 392.628509521484375 214.054656982421875 207.9206695556640625 158.0830535888671875 166.71759033203125 388.93841552734375 137.8227081298828125 636.14752197265625 489.636962890625 399.722198486328125 550.87811279296875 121.10355377197265625 129.4817352294921875 300.147247314453125 720.03411865234375 472.938323974609375 640.0594482421875 161.9133453369140625 0 0 0 0 0 0 0 0 0 0 0 0
59.356029510498046875 580.88848876953125 466.1778564453125 448.477264404296875 498.5904541015625 328.86383056640625 311.110015869140625 301.89727783203125 308.60479736328125 439.282501220703125 275.661224365234375 0 0 0 0 0 0 0 0 0 618.21368408203125 192.5577239990234375 0 177.2322540283203125 160.549468994140625 29.161218643188476562 0 373.46673583984375 300.824859619140625 270.268646240234375 301.638427734375 590.5941162109375 0 0 0 0 102.5075531005859375 0 0 0 0 0 0 0 0 0 0 0 0 0 0
51.50159454345703125 308.237030029296875 391.658050537109375 539.8997802734375 529.37176513671875 615.03729248046875 663.06182861328125 570.18878173828125 507.777008056640625 399.974273681640625 100.65015411376953125 0 0 0 0 0 0 0 0 0 310.538604736328125 118.75705718994140625 70.593353271484375 141.5402984619140625 394.5599365234375 177.6845703125 0 0 139.844696044921875 0 0 0 0 0 0 0 0 0 0 0 0 0 0 0 0 0 0 0 0 0 0
361.799468994140625 751.7838134765625 691.60675048828125 259.554443359375 502.220489501953125 382.0008544921875 672.63153076171875 550.0263671875 585.22528076171875 283.988433837890625 88.66919708251953125 0 0 0 0 0 0 0 0 286.09808349609375 302.1077880859375 238.611175537109375 1118.4266357421875 134.0287017822265625 258.597747802734375 83.02552032470703125 257.93341064453125 538.17840576171875 194.479156494140625 362.035797119140625 33.453704833984375 0 0 0 0 0 0 0 0 0 0 0 0 0 0 0 0 0 0 0 0
226.949005126953125 163.4681549072265625 172.5628814697265625 627.892333984375 715.14825439453125 346.8089599609375 780.1746826171875 584.470947265625 646.3553466796875 0 0 0 0 0 0 599.927490234375 92.76586151123046875 202.14141845703125 1114.323974609375 522.702880859375 562.138671875 140.7281494140625 293.26788330078125 165.2544403076171875 410.038360595703125 140.232421875 184.54180908203125 693.36480712890625 309.9560546875 23.730070114135742188 0 0 0 0 0 0 0 35.6397857666015625 0 0 0 0 0 0 0 0 0 0 0 0 0
416.753814697265625 0 72.33687591552734375 474.3154296875 645.83868408203125 431.783416748046875 582.9544677734375 556.300048828125 627.04974365234375 62.912952423095703125 0 0 0 0 0 745.9364013671875 771.357666015625 661.85491943359375 577.81787109375 102.92343902587890625 354.2105712890625 522.61865234375 92.06842803955078125 429.76812744140625 328.390228271484375 67.16368865966796875 268.98431396484375 850.9718017578125 212.1774749755859375 0 0 0 0 0 0 0 0 237.839874267578125 0 0 0 0 0 0 0 0 0 0 0 0 0
283.027130126953125 319.206817626953125 0 80.07062530517578125 412.32904052734375 432.4287109375 340.9134521484375 616.6165771484375 328.95599365234375 246.310882568359375 59.5232696533203125 0 0 0 0 682.83428955078125 702.153564453125 829.20172119140625 599.7435302734375 666.87109375 669.285888671875 376.263031005859375 124.82155609130859375 370.322845458984375 440.767242431640625 103.8422393798828125 167.531646728515625 910.542236328125 447.53411865234375 0 0 0 0 0 0 0 15.504996299743652344 0 0 0 0 0 0 31.260362625122070312 0 0 0 0 0 0 0
620.89300537109375 693.80731201171875 380.68267822265625 0 275.363555908203125 463.015869140625 396.305938720703125 659.079833984375 512.9527587890625 207.6906890869140625 14.8184051513671875 0 0 0 0 409.16351318359375 684.300537109375 367.795318603515625 693.0167236328125 702.16986083984375 418.70648193359375 312.749725341796875 229.8427581787109375 306.403900146484375 368.86456298828125 172.8960723876953125 21.210748672485351562 836.642822265625 644.41754150390625 0 0 0 0 0 0 0 15.046388626098632812 0 0 0 0 0 0 40.046535491943359375 0 0 0 0 0 0 0
73.7787017822265625 179.09674072265625 248.2109375 270.281219482421875 66.67681884765625 514.2535400390625 363.94696044921875 411.77203369140625 304.9644775390625 243.6578216552734375 274.729522705078125 60.731632232666015625 0 0 0 460.044189453125 926.7174072265625 832.3861083984375 757.94671630859375 460.375244140625 281.0465087890625 182.4562225341796875 348.304901123046875 512.18115234375 316.260528564453125 267.597625732421875 0 317.970703125 361.166412353515625 0 0 0 0 0 0 0 0 0 0 0 0 0 0 0 0 0 0 0 0 0 0
43.853973388671875 641.10009765625 549.3876953125 136.151885986328125 136.5711212158203125 459.591094970703125 272.082061767578125 81.4199371337890625 669.38555908203125 347.1982421875 350.765411376953125 0 0 0 0 0 142.6572113037109375 316.987396240234375 382.317230224609375 441.117950439453125 294.647308349609375 186.5288848876953125 255.8650970458984375 317.9638671875 305.6651611328125 470.61761474609375 305.630462646484375 0 0 0 0 0 0 0 0 0 0 0 0 0 0 0 0 0 0 0 0 0 0 0 0
507.47796630859375 81.49193572998046875 670.48883056640625 342.398956298828125 210.128082275390625 0 177.22906494140625 548.150146484375 559.88677978515625 443.980377197265625 311.31640625 0 0 0 0 0 44.531192779541015625 859.05792236328125 606.5528564453125 260.222198486328125 416.08697509765625 114.82480621337890625 229.0861663818359375 265.79693603515625 162.5071868896484375 615.8033447265625 613.18475341796875 96.133270263671875 0 0 0 0 0 29.029840469360351562 0 0 0 0 0 0 0 0 0 0 0 0 0 0 0 0 0
390.570465087890625 1067.2598876953125 251.795318603515625 623.7625732421875 407.56439208984375 135.1558074951171875 102.46234130859375 490.63311767578125 500.189483642578125 346.7210693359375 551.95770263671875 28.9360504150390625 9.25214385986328125 0 0 0 63.351329803466796875 573.02203369140625 695.48492431640625 591.22381591796875 172.5356292724609375 539.63641357421875 332.239654541015625 114.7994384765625 125.75824737548828125 674.0423583984375 154.0322113037109375 402.741302490234375 0 0 0 0 0 0 0 0 28.377222061157226562 0 0 0 0 0 0 0 0 0 0 0 0 0 0
712.289794921875 67.74553680419921875 577.41448974609375 175.199066162109375 532.23089599609375 84.73303985595703125 89.77407073974609375 77.21715545654296875 581.4407958984375 511.757080078125 686.170166015625 165.8931732177734375 354.05853271484375 0 0 164.7815704345703125 114.0350189208984375 540.137451171875 398.2503662109375 354.460235595703125 382.716552734375 921.44219970703125 161.8606719970703125 316.163330078125 115.3686370849609375 770.91827392578125 670.58441162109375 614.81365966796875 55.341495513916015625 0 0 0 0 0 0 0 62.081256866455078125 27.022336959838867188 0 0 0 0 0 0 0 0 0 0 0 0 0
577.64697265625 819.3597412109375 668.1431884765625 233.8323211669921875 903.0738525390625 686.029541015625 94.754608154296875 140.5814056396484375 39.99515533447265625 213.5835113525390625 858.49249267578125 353.512115478515625 353.729644775390625 36.349681854248046875 203.721343994140625 438.598175048828125 397.771881103515625 544.87567138671875 125.73101043701171875 367.23760986328125 384.559326171875 552.55694580078125 358.117950439453125 563.19183349609375 518.958984375 1470.438232421875 434.346649169921875 308.486602783203125 183.303253173828125 0 0 0 0 0 0 0 0 30.353946685791015625 0 0 0 0 0 0 0 0 0 0 0 0 0
429.34234619140625 575.2271728515625 181.1522979736328125 1234.795654296875 395.1165771484375 197.395477294921875 341.332733154296875 82.2579498291015625 0 0 81.06768798828125 736.3646240234375 674.99066162109375 357.334625244140625 469.098175048828125 452.8538818359375 427.727569580078125 401.646514892578125 23.547189712524414062 0 0 0 0 0 159.4598236083984375 524.60687255859375 621.103515625 0 223.257049560546875 0 0 0 0 0 0 0 0 77.91156768798828125 0 0 0 0 0 0 0 0 0 0 0 0 453.490570068359375
