ForecastVariables/BuildingPerimeter_100m/BuildingPerimeter_Random2.asc
ncols        529
nrows        344
xllcorner    2700.000000000000
yllcorner    15900.000000000000
cellsize     100.000000000000
NODATA_value  0
[rows 132 to 153 of 344, columns 306 to 356 of 529]
0 0 307.949951171875 333.917816162109375 208.2026214599609375 429.428192138671875 476.956390380859375 453.229095458984375 320.939788818359375 117.565704345703125 206.811431884765625 402.571563720703125 350.84722900390625 245.4770355224609375 312.226165771484375 195.7549896240234375 153.2021942138671875 346.346527099609375 118.48317718505859375 3.0936801433563232422 0 0 0 0 0 0 0 0 0 0 0 0 0 0 0 0 0 0 0 0 0 0 0 0 0 0 0 0 0 0 0
321.676666259765625 490.500457763671875 809.97259521484375 777.2637939453125 460.21331787109375 498.953277587890625 515.1912841796875 583.0045166015625 167.8909912109375 350.58367919921875 303.54656982421875 382.91351318359375 220.8217620849609375 418.38189697265625 233.597625732421875 284.196868896484375 6.3529057502746582031 133.358367919921875 184.71343994140625 0 0 0 0 0 0 0 0 0 0 0 0 0 0 0 0 0 0 0 0 0 0 0 0 0 0 0 0 0 0 0 46.942150115966796875
524.802001953125 624.275390625 794.9832763671875 891.0762939453125 689.80517578125 284.5506591796875 497.93292236328125 109.55416107177734375 403.597503662109375 154.8890380859375 407.968719482421875 431.381866455078125 295.235198974609375 330.1258544921875 139.291290283203125 163.0075225830078125 0 151.421905517578125 265.10137939453125 0 0 0 0 0 0 0 0 0 0 0 0 0 0 0 0 0 0 0 0 0 0 0 0 0 0 0 0 0 0 0 389.324066162109375
599.6348876953125 744.44061279296875 892.91302490234375 798.131591796875 574.10101318359375 481.9632568359375 248.0865478515625 503.5794677734375 730.43560791015625 407.912078857421875 0 0 284.047027587890625 271.271270751953125 263.096710205078125 229.35589599609375 110.50429534912109375 0 0 0 0 0 0 0 0 0 0 0 0 0 0 0 0 0 0 0 0 0 0 0 0 0 0 0 93.0772552490234375 0 0 0 0 178.525482177734375 299.04022216796875
554.05242919921875 660.81793212890625 726.133056640625 766.50653076171875 648.652099609375 533.6986083984375 315.99945068359375 388.121826171875 488.079345703125 697.83056640625 123.333221435546875 167.7924957275390625 193.361083984375 108.394317626953125 66.6412811279296875 215.8713531494140625 169.7239837646484375 146.6005401611328125 0 0 0 0 0 0 0 0 0 0 0 0 0 0 0 0 0 0 0 0 0 0 0 0 0 0 48.222820281982421875 0 0 0 0 53.61347198486328125 172.858978271484375
607.229248046875 714.2998046875 734.1234130859375 454.031585693359375 540.762451171875 301.20672607421875 56.89324188232421875 394.353363037109375 367.63665771484375 320.708526611328125 298.650115966796875 436.00177001953125 159.0496673583984375 255.0303802490234375 403.885986328125 265.733428955078125 151.995635986328125 226.6299896240234375 396.7666015625 87.81665802001953125 0 0 0 0 0 0 0 0 0 0 0 0 0 0 0 0 0 0 0 0 0 0 0 0 0 0 0 0 0 0 0
277.89703369140625 647.0286865234375 529.85809326171875 674.17169189453125 156.95294189453125 133.25213623046875 453.980316162109375 1055.9598388671875 282.0250244140625 172.0664520263671875 562.5076904296875 155.055328369140625 403.41845703125 196.509765625 225.6234588623046875 47.835323333740234375 346.750213623046875 213.0056304931640625 112.27144622802734375 169.3814697265625 0 0 0 0 0 0 0 0 0 0 0 0 0 0 0 0 0 0 0 0 0 0 0 0 0 0 0 0 0 0 0
558.366455078125 329.835113525390625 824.53778076171875 700.65521240234375 369.87957763671875 862.80535888671875 408.98223876953125 146.9033050537109375 642.20709228515625 68.272216796875 45.01363372802734375 374.14447021484375 19.820363998413085938 607.5670166015625 213.3577728271484375 664.59503173828125 87.53804779052734375 154.2125396728515625 102.55190277099609375 227.0636749267578125 0 0 0 0 0 0 0 0 0 0 0 0 0 0 0 0 0 0 0 0 0 0 0 0 0 0 0 0 0 0 0
600.8802490234375 371.2554931640625 466.70513916015625 946.8050537109375 435.61700439453125 437.081451416015625 64.5540618896484375 529.62890625 538.85369873046875 19.45318603515625 343.62384033203125 172.6411895751953125 25.804962158203125 53.81439208984375 68.3605804443359375 174.076568603515625 161.5092010498046875 263.86785888671875 158.7553558349609375 252.9315032958984375 0 0 0 0 0 0 0 0 0 0 0 0 0 0 0 0 0 0 0 0 0 0 0 0 0 0 0 0 0 0 0
117.97646331787109375 511.780975341796875 224.037445068359375 895.7138671875 552.85650634765625 393.24066162109375 163.05242919921875 205.0778045654296875 31.8598785400390625 318.6343994140625 647.139892578125 311.89495849609375 116.13497161865234375 482.90350341796875 76.56923675537109375 156.9551544189453125 238.697967529296875 234.125396728515625 169.70574951171875 170.285552978515625 0 0 0 0 0 0 0 0 0 0 0 0 0 0 0 0 0 0 208.82379150390625 0 0 0 0 225.9186859130859375 0 0 0 0 0 0 0
42.389492034912109375 618.10540771484375 357.253662109375 289.8531494140625 382.4659423828125 113.283355712890625 364.903656005859375 174.1634979248046875 348.982330322265625 320.216583251953125 572.9520263671875 328.849700927734375 384.561553955078125 289.681243896484375 140.15509033203125 998.81591796875 257.609466552734375 105.05637359619140625 140.801300048828125 168.2348480224609375 0 0 0 0 0 0 0 0 0 0 0 0 10.805788040161132812 165.444488525390625 78.06575775146484375 225.13134765625 164.9384765625 32.676319122314453125 40.742099761962890625 0 0 0 0 23.19463348388671875 0 0 0 0 0 0 0
584.046875 0 112.16790771484375 0 133.63079833984375 100.00052642822265625 160.268402099609375 73.274383544921875 59.784244537353515625 456.659393310546875 330.304931640625 119.16509246826171875 202.415252685546875 326.331512451171875 48.843708038330078125 286.762176513671875 133.690032958984375 81.52256011962890625 306.734710693359375 64.0489959716796875 0 0 0 0 0 0 0 0 0 0 0 42.175937652587890625 459.286590576171875 171.8937835693359375 138.589385986328125 246.25909423828125 243.5554962158203125 223.5877532958984375 289.317474365234375 85.3768310546875 0 0 38.484226226806640625 0 0 0 0 0 0 0 0
448.758697509765625 461.272369384765625 321.29595947265625 47.06468963623046875 220.0359649658203125 166.95538330078125 60.85959625244140625 352.97796630859375 476.4354248046875 325.121551513671875 402.373809814453125 503.0733642578125 65.64748382568359375 0 240.4783782958984375 274.179718017578125 448.23309326171875 164.2915496826171875 119.953216552734375 0 0 0 0 0 0 0 0 87.41330718994140625 0 0 0 107.5284271240234375 231.9658355712890625 221.9846343994140625 75.3622283935546875 195.2873687744140625 339.5050048828125 320.665313720703125 246.22796630859375 172.097320556640625 572.3560791015625 304.569305419921875 0 0 0 0 0 0 0 0 0
440.69744873046875 441.57623291015625 331.59027099609375 584.1553955078125 717.917236328125 260.186126708984375 85.673736572265625 87.6511383056640625 170.3033905029296875 204.6936798095703125 599.71856689453125 392.81591796875 461.89666748046875 112.893646240234375 225.7845306396484375 286.049591064453125 382.55126953125 344.59869384765625 139.172943115234375 202.855926513671875 0 0 0 248.4553375244140625 56.43523406982421875 38.219509124755859375 241.7487640380859375 0 0 0 0 0 116.51399993896484375 207.2908782958984375 299.608062744140625 231.655426025390625 335.71588134765625 236.7264862060546875 133.194915771484375 248.747650146484375 157.339813232421875 316.04156494140625 123.79470062255859375 0 0 0 0 0 0 0 0
456.449432373046875 420.40728759765625 416.3551025390625 626.505615234375 515.90594482421875 533.56988525390625 82.72434234619140625 115.45767974853515625 224.680389404296875 321.1573486328125 528.14093017578125 455.2574462890625 439.598785400390625 247.512054443359375 364.925079345703125 188.2192840576171875 182.3403778076171875 110.46010589599609375 283.790802001953125 330.17572021484375 2.1820313930511474609 77.7803955078125 181.7596588134765625 534.54339599609375 55.399616241455078125 330.34747314453125 331.681121826171875 101.68112945556640625 177.5887298583984375 330.4410400390625 242.9757232666015625 165.7654876708984375 296.54876708984375 219.038543701171875 287.257080078125 475.587493896484375 569.55419921875 205.030731201171875 177.774658203125 410.235382080078125 215.1861114501953125 27.970273971557617188 751.931884765625 612.17889404296875 555.60992431640625 266.83709716796875 221.6234588623046875 98.317535400390625 0 0 8.5812702178955078125
504.323211669921875 419.881683349609375 340.995574951171875 383.706085205078125 350.504241943359375 459.155731201171875 442.492523193359375 213.7288360595703125 278.404205322265625 504.3331298828125 194.8922271728515625 368.257537841796875 247.8583526611328125 266.458953857421875 343.857421875 328.064239501953125 86.54804229736328125 136.4597320556640625 213.561126708984375 354.553466796875 570.74127197265625 318.319732666015625 135.92413330078125 248.10760498046875 366.52630615234375 378.4368896484375 499.839447021484375 188.1555328369140625 19.373931884765625 64.1597747802734375 309.614410400390625 410.30291748046875 220.4864501953125 415.69403076171875 673.29473876953125 100.515380859375 108.7341156005859375 512.86383056640625 240.4857635498046875 50.917537689208984375 225.864898681640625 53.619110107421875 201.9989166259765625 520.3414306640625 639.49359130859375 848.75848388671875 497.963623046875 239.75689697265625 188.28131103515625 597.37530517578125 502.595794677734375
355.63104248046875 240.1805267333984375 404.046905517578125 518.59417724609375 488.244873046875 457.608245849609375 609.74664306640625 114.844970703125 315.827545166015625 403.952423095703125 296.685760498046875 122.08469390869140625 212.74639892578125 254.9003448486328125 410.915313720703125 131.4791412353515625 68.438568115234375 0 209.716156005859375 274.785369873046875 246.3849334716796875 300.7132568359375 300.066986083984375 410.2696533203125 407.544677734375 244.1507720947265625 501.431915283203125 158.36029052734375 313.618682861328125 272.51922607421875 342.729156494140625 141.6127471923828125 261.231719970703125 364.284759521484375 633.56951904296875 292.09197998046875 492.7513427734375 260.649688720703125 165.5571441650390625 534.64483642578125 177.4949951171875 348.923370361328125 493.31622314453125 380.04803466796875 360.03765869140625 549.38641357421875 484.84619140625 343.118560791015625 107.00783538818359375 587.82977294921875 351.4014892578125
265.907379150390625 303.467864990234375 274.822235107421875 384.086029052734375 545.1021728515625 374.274200439453125 409.4322509765625 270.501129150390625 156.34442138671875 357.4810791015625 356.132537841796875 104.1872100830078125 326.95745849609375 389.38671875 48.00724029541015625 366.8475341796875 354.7215576171875 199.63629150390625 130.329833984375 200.1364593505859375 268.70428466796875 203.593292236328125 443.04217529296875 483.050048828125 342.352874755859375 368.387664794921875 234.4614105224609375 214.933624267578125 490.7955322265625 413.798492431640625 384.470001220703125 239.743682861328125 221.718536376953125 159.376800537109375 354.86199951171875 522.31689453125 459.91949462890625 86.115631103515625 209.4731903076171875 541.0648193359375 459.496856689453125 272.340179443359375 348.330413818359375 489.021087646484375 457.52557373046875 753.51812744140625 334.55474853515625 549.5384521484375 425.332794189453125 263.723236083984375 196.33447265625
336.669830322265625 310.9205322265625 434.396942138671875 478.612030029296875 464.71331787109375 339.279205322265625 337.54400634765625 355.805450439453125 101.85077667236328125 357.620574951171875 259.380340576171875 138.4514617919921875 94.448211669921875 206.587158203125 292.10675048828125 471.23583984375 364.873077392578125 221.01824951171875 211.3648223876953125 236.6207733154296875 196.736907958984375 163.4600677490234375 250.1784820556640625 320.318603515625 322.1448974609375 535.8258056640625 110.83701324462890625 232.2451019287109375 315.433258056640625 196.7949981689453125 376.982421875 300.770965576171875 369.527069091796875 430.8153076171875 572.8775634765625 627.91973876953125 369.424713134765625 293.05267333984375 76.29726409912109375 439.31982421875 558.80926513671875 354.488128662109375 430.75274658203125 361.044342041015625 225.6731109619140625 493.51776123046875 227.19000244140625 158.182098388671875 64.99596405029296875 24.965635299682617188 0
381.646148681640625 310.107330322265625 421.729095458984375 587.227294921875 533.79302978515625 509.317779541015625 387.554656982421875 277.872833251953125 102.87060546875 243.1332855224609375 300.07965087890625 235.9488372802734375 197.8018951416015625 478.88531494140625 363.57537841796875 146.39056396484375 349.672119140625 440.93212890625 164.21142578125 271.8719482421875 238.9293975830078125 149.052642822265625 41.858486175537109375 294.88360595703125 447.448638916015625 306.84246826171875 73.71135711669921875 133.9418792724609375 446.09112548828125 552.24365234375 535.47625732421875 461.7423095703125 419.777435302734375 119.72866058349609375 590.54901123046875 442.573944091796875 359.295440673828125 403.55853271484375 531.85986328125 674.90740966796875 564.45672607421875 320.44989013671875 187.1081695556640625 0 0 11.770570755004882812 0 58.24068450927734375 2.1176447868347167969 250.556243896484375 339.0966796875
790.79052734375 266.761993408203125 576.65802001953125 718.3646240234375 625.73583984375 437.7852783203125 431.399261474609375 388.0294189453125 285.05255126953125 124.3017425537109375 291.613067626953125 188.1896514892578125 333.6534423828125 239.0281219482421875 170.4603271484375 189.776214599609375 305.32232666015625 338.14654541015625 235.547088623046875 255.8682403564453125 307.84832763671875 346.397857666015625 217.126434326171875 262.44110107421875 224.4079742431640625 198.6074066162109375 390.507659912109375 340.81268310546875 476.5589599609375 580.98809814453125 474.72760009765625 437.078826904296875 217.2400665283203125 434.747100830078125 596.28448486328125 591.8475341796875 363.30816650390625 547.09857177734375 297.437957763671875 389.1932373046875 554.718994140625 386.615142822265625 0 0 0 110.79248809814453125 334.743499755859375 365.26373291015625 477.51202392578125 304.24200439453125 421.170013427734375
799.36309814453125 421.119384765625 708.1214599609375 523.6292724609375 547.259765625 276.17486572265625 90.15908050537109375 197.347625732421875 137.8984832763671875 149.968292236328125 413.51361083984375 228.2413177490234375 302.0255126953125 414.343902587890625 220.4559173583984375 162.880523681640625 294.723541259765625 464.01910400390625 256.640350341796875 507.165496826171875 496.640899658203125 276.774383544921875 263.58935546875 104.81140899658203125 201.9855194091796875 384.0462646484375 292.156219482421875 430.160552978515625 455.2584228515625 730.29254150390625 551.3890380859375 451.22210693359375 97.508758544921875 606.350830078125 392.29779052734375 302.687835693359375 401.924713134765625 528.31341552734375 361.607940673828125 279.1829833984375 567.17437744140625 143.868133544921875 0 0 0 169.308685302734375 433.877716064453125 302.920745849609375 374.061737060546875 400.414825439453125 254.6461181640625
