ForecastVariables/BuildingPerimeter_100m/BuildingPerimeter_Random2.asc
ncols        529
nrows        344
xllcorner    2700.000000000000
yllcorner    15900.000000000000
cellsize     100.000000000000
NODATA_value  0
[rows 154 to 175 of 344, columns 102 to 152 of 529]
121.94336700439453125 313.855133056640625 981.09454345703125 48.504116058349609375 374.23675537109375 583.91595458984375 481.164886474609375 537.71649169921875 370.939178466796875 302.80523681640625 325.023681640625 143.0992279052734375 465.590057373046875 469.97705078125 286.183746337890625 448.401397705078125 269.4632568359375 616.04638671875 375.396148681640625 358.852783203125 411.662384033203125 527.38751220703125 697.92132568359375 94.28156280517578125 543.6055908203125 656.8621826171875 269.0845947265625 417.450958251953125 195.37420654296875 483.130279541015625 98.8851470947265625 0 0 0 319.51171875 408.743255615234375 295.013397216796875 285.45947265625 222.0257720947265625 148.0714874267578125 156.678924560546875 183.071533203125 315.06280517578125 369.385467529296875 561.9169921875 41.364673614501953125 163.63641357421875 133.2407989501953125 81.597015380859375 507.373748779296875 55.367145538330078125
514.8548583984375 122.1938018798828125 309.4404296875 71.64708709716796875 394.901519775390625 592.33856201171875 492.46881103515625 258.732086181640625 342.841583251953125 185.7284698486328125 557.3687744140625 142.9925384521484375 217.95941162109375 180.2906341552734375 312.83599853515625 186.1842041015625 209.797027587890625 532.3709716796875 498.915191650390625 187.988037109375 357.51690673828125 156.7791900634765625 235.7220916748046875 291.598724365234375 218.062713623046875 214.6920928955078125 458.857330322265625 727.326904296875 206.621856689453125 342.003204345703125 241.11126708984375 304.809112548828125 0 0 74.8676910400390625 252.351348876953125 468.280548095703125 151.0437469482421875 171.3170013427734375 183.423858642578125 186.814239501953125 119.077362060546875 320.653564453125 640.86712646484375 270.7911376953125 536.51995849609375 236.4539337158203125 522.4320068359375 405.6121826171875 78.59295654296875 407.86480712890625
0 371.197540283203125 388.839508056640625 106.4421539306640625 354.13446044921875 469.421112060546875 422.317962646484375 331.654998779296875 256.292694091796875 316.895355224609375 243.2481536865234375 94.38108062744140625 226.4402923583984375 329.491363525390625 69.547454833984375 385.852203369140625 192.790283203125 260.620849609375 276.52520751953125 163.6530303955078125 325.166717529296875 502.436370849609375 296.2227783203125 161.6905975341796875 247.9888458251953125 315.607421875 295.2418212890625 458.31048583984375 449.774658203125 493.062255859375 86.94293975830078125 0 0 0 223.82672119140625 286.144287109375 120.13796234130859375 180.8646697998046875 616.2508544921875 292.32891845703125 70.88037109375 128.7687530517578125 422.967559814453125 108.218536376953125 146.5218353271484375 946.6051025390625 214.8966064453125 141.623138427734375 401.045135498046875 172.2227325439453125 280.355133056640625
275.66143798828125 341.606842041015625 568.77056884765625 217.996612548828125 359.220001220703125 355.273345947265625 324.2520751953125 381.64306640625 295.188323974609375 37.531703948974609375 123.7938690185546875 77.75141143798828125 218.8920440673828125 239.5792388916015625 10.944146156311035156 260.16058349609375 334.88116455078125 525.0894775390625 752.48333740234375 459.569488525390625 92.17159271240234375 468.440460205078125 226.8296661376953125 189.7277679443359375 203.580108642578125 23.474416732788085938 309.400054931640625 327.361297607421875 344.511566162109375 508.436187744140625 84.89340972900390625 0 32.140178680419921875 0 0 0 0 0 271.17657470703125 377.685516357421875 301.196807861328125 368.281097412109375 292.32025146484375 250.63629150390625 982.33697509765625 435.257843017578125 295.607147216796875 199.9295196533203125 769.54486083984375 280.31439208984375 405.2740478515625
177.8839569091796875 212.02105712890625 284.391815185546875 254.1591033935546875 280.447998046875 262.6722412109375 92.4092559814453125 114.11429595947265625 187.8307342529296875 169.9754791259765625 229.3764801025390625 140.549407958984375 68.08713531494140625 104.04531097412109375 123.116729736328125 283.24322509765625 200.3286895751953125 346.842681884765625 488.36968994140625 178.7927703857421875 503.575714111328125 186.4414825439453125 196.362213134765625 47.016880035400390625 279.312713623046875 260.2747802734375 375.597442626953125 499.134674072265625 406.856597900390625 690.48687744140625 224.92852783203125 0 277.776336669921875 269.630157470703125 489.171417236328125 721.5325927734375 384.40631103515625 500.24847412109375 0 265.5289306640625 110.6524658203125 349.46551513671875 267.540496826171875 193.3403167724609375 416.603759765625 278.221771240234375 220.0462188720703125 257.803680419921875 182.5121307373046875 157.464935302734375 272.036376953125
399.873626708984375 222.414947509765625 504.8802490234375 451.893707275390625 478.64080810546875 449.616729736328125 110.04415130615234375 338.36114501953125 374.798370361328125 352.99371337890625 256.95880126953125 281.669189453125 105.77851104736328125 213.0499267578125 121.076904296875 245.964599609375 476.238311767578125 337.33587646484375 598.64129638671875 81.34637451171875 69.0108489990234375 495.787994384765625 239.323974609375 126.95001220703125 54.282321929931640625 314.35272216796875 346.134124755859375 486.112152099609375 539.888916015625 449.61407470703125 151.520782470703125 425.6107177734375 808.70489501953125 626.782470703125 65.93389129638671875 266.292510986328125 463.85687255859375 635.58984375 145.128387451171875 219.3707733154296875 108.01036834716796875 564.5655517578125 180.0670928955078125 230.409942626953125 268.897796630859375 491.741973876953125 73.8040008544921875 262.914947509765625 382.77447509765625 406.5045166015625 162.2728118896484375
178.3684234619140625 285.186767578125 234.3200836181640625 403.3936767578125 604.1376953125 512.007568359375 504.914642333984375 294.423675537109375 334.155609130859375 349.098541259765625 289.23297119140625 254.577301025390625 290.65350341796875 197.1368560791015625 0 231.9958343505859375 250.151336669921875 0 223.8133087158203125 96.9521331787109375 0 0 137.8529815673828125 43.335636138916015625 209.0876312255859375 294.4774169921875 90.80251312255859375 120.39760589599609375 144.3562164306640625 57.710418701171875 167.97857666015625 107.731536865234375 689.1650390625 467.956298828125 447.986480712890625 406.317474365234375 247.1858673095703125 0 0 0 914.8829345703125 239.392303466796875 172.976593017578125 379.383544921875 129.8812103271484375 232.1417999267578125 217.119842529296875 997.00347900390625 422.3780517578125 227.3970184326171875 213.1454010009765625
465.81005859375 278.1505126953125 509.462066650390625 495.162750244140625 584.80426025390625 517.78497314453125 522.9854736328125 171.6128692626953125 377.12994384765625 349.055145263671875 112.96373748779296875 33.15838623046875 203.820770263671875 220.72991943359375 230.663055419921875 209.0605316162109375 250.775054931640625 0 195.178314208984375 223.7053070068359375 144.74346923828125 0 151.2647705078125 530.2750244140625 103.63967132568359375 242.7346649169921875 287.098236083984375 161.1522674560546875 387.581634521484375 348.88995361328125 210.6358795166015625 260.602569580078125 118.99492645263671875 19.276248931884765625 0 0 0 0 0 0 909.1015625 407.6038818359375 518.1309814453125 690.7786865234375 244.3105316162109375 49.500545501708984375 279.10162353515625 359.733673095703125 529.36639404296875 377.061065673828125 557.0047607421875
559.18621826171875 355.2152099609375 376.93170166015625 460.685638427734375 101.61223602294921875 193.8801422119140625 287.619903564453125 184.796600341796875 235.3914947509765625 134.277069091796875 118.86865997314453125 113.9671478271484375 90.19167327880859375 53.304927825927734375 35.631076812744140625 111.6342926025390625 10.120479583740234375 92.3938751220703125 128.95697021484375 318.276702880859375 398.97015380859375 134.1968841552734375 309.680328369140625 155.521697998046875 131.1307525634765625 91.2335052490234375 74.261749267578125 44.431316375732421875 220.31927490234375 191.0282440185546875 31.823526382446289062 70.2562713623046875 15.208160400390625 283.85443115234375 114.76068878173828125 0 230.7008819580078125 18.110898971557617188 0 231.27642822265625 243.1034088134765625 248.7420654296875 375.31317138671875 1122.039794921875 48.031986236572265625 284.24871826171875 135.936614990234375 118.8789215087890625 281.818359375 305.630859375 278.300933837890625
375.18414306640625 342.26123046875 450.59027099609375 487.523590087890625 308.497955322265625 344.248992919921875 118.14089202880859375 124.7042083740234375 88.67447662353515625 146.7505645751953125 237.3099517822265625 100.42844390869140625 146.3964385986328125 0 0 70.4694061279296875 133.733673095703125 172.2689361572265625 174.8018646240234375 65.4317169189453125 467.08538818359375 62.032932281494140625 146.00714111328125 165.1299285888671875 30.6850433349609375 911.2216796875 108.15747833251953125 255.57073974609375 524.239013671875 348.978179931640625 211.3595123291015625 148.98370361328125 0 60.487522125244140625 149.3916015625 0 95.28670501708984375 0 0 110.77034759521484375 453.387451171875 209.08746337890625 144.0667724609375 637.69415283203125 469.741943359375 340.805938720703125 778.87432861328125 271.813568115234375 26.517353057861328125 221.224639892578125 260.6485595703125
0 0 16.985681533813476562 19.621320724487304688 42.49485015869140625 167.28961181640625 84.982696533203125 83.88836669921875 149.9914398193359375 180.5384063720703125 352.455108642578125 100.48217010498046875 147.627655029296875 0 99.27405548095703125 325.28656005859375 89.78371429443359375 151.8596954345703125 102.15325164794921875 48.9106597900390625 121.99449920654296875 184.1493072509765625 257.609588623046875 544.585205078125 284.909881591796875 482.121490478515625 103.48212432861328125 375.488067626953125 132.5272979736328125 387.908538818359375 276.322845458984375 348.550933837890625 114.50084686279296875 27.427692413330078125 322.415008544921875 301.5631103515625 562.0740966796875 0 0 357.767974853515625 270.86376953125 235.3742828369140625 937.8131103515625 1439.367431640625 511.499053955078125 468.5296630859375 325.44525146484375 162.6187591552734375 226.0144805908203125 268.121978759765625 229.649688720703125
0 0 529.8681640625 408.44744873046875 245.516448974609375 141.296630859375 272.4969482421875 29.700473785400390625 60.563201904296875 114.74379730224609375 55.990413665771484375 0 193.9571685791015625 405.415008544921875 0 214.5924224853515625 369.933624267578125 210.7837982177734375 311.280059814453125 159.23516845703125 422.940277099609375 467.5146484375 317.424957275390625 186.2308349609375 245.2409210205078125 144.4654693603515625 376.47686767578125 49.86084747314453125 18.087581634521484375 228.3249359130859375 66.17822265625 228.2759552001953125 70.35822296142578125 95.888153076171875 289.8529052734375 65.99063873291015625 242.5905914306640625 153.720947265625 0 208.920318603515625 142.8660125732421875 117.24063873291015625 114.1862335205078125 466.023651123046875 447.1259765625 369.75177001953125 586.78668212890625 293.66064453125 325.5357666015625 261.035430908203125 471.66583251953125
49.282764434814453125 138.7470703125 216.0980682373046875 277.457763671875 111.78517913818359375 71.73931121826171875 388.02374267578125 15.958157539367675781 12.106698036193847656 382.923919677734375 253.0361480712890625 0 404.969635009765625 270.170318603515625 191.67083740234375 349.330963134765625 390.075531005859375 467.649810791015625 182.820831298828125 315.893463134765625 551.881591796875 790.47052001953125 193.671630859375 78.6594696044921875 68.77109527587890625 123.95777130126953125 214.70947265625 253.8408966064453125 353.86700439453125 43.047328948974609375 78.9531402587890625 205.8662109375 365.222381591796875 274.540130615234375 491.326019287109375 659.6141357421875 81.72162628173828125 0 0 383.334716796875 379.37689208984375 591.26519775390625 635.4620361328125 472.732818603515625 469.074066162109375 466.676849365234375 621.37237548828125 314.125091552734375 328.156524658203125 452.081329345703125 313.060821533203125
33.284839630126953125 118.14635467529296875 311.12908935546875 215.2730560302734375 33.56246185302734375 231.600006103515625 214.5409698486328125 106.41375732421875 82.58454132080078125 234.4564361572265625 48.60327911376953125 44.988956451416015625 0 259.99407958984375 237.8773040771484375 298.179779052734375 271.6834716796875 300.498199462890625 426.519805908203125 260.26214599609375 846.93231201171875 193.6338043212890625 202.2443389892578125 102.11090850830078125 105.16289520263671875 366.759765625 330.8651123046875 224.599945068359375 542.197265625 277.544677734375 171.71923828125 280.086517333984375 119.752685546875 82.3353729248046875 584.83599853515625 98.99063873291015625 435.1832275390625 0 147.698638916015625 101.802215576171875 736.59906005859375 387.95489501953125 124.57623291015625 95.8449554443359375 0 0 58.1400909423828125 192.993804931640625 200.9024658203125 217.1357574462890625 500.53076171875
88.2519378662109375 0 0 175.656890869140625 337.218780517578125 331.77593994140625 168.6217803955078125 32.334751129150390625 63.48857879638671875 419.480316162109375 391.52178955078125 368.8289794921875 0 72.5348968505859375 355.35760498046875 128.908416748046875 145.0411224365234375 441.8050537109375 172.4622802734375 75.0173187255859375 111.686065673828125 60.73665618896484375 138.4593505859375 495.8857421875 377.42431640625 132.601409912109375 261.3802490234375 106.0832977294921875 404.068817138671875 286.60418701171875 332.899627685546875 104.519500732421875 0 803.149658203125 216.54302978515625 36.47084808349609375 0 0 150.7715606689453125 232.5392608642578125 383.03350830078125 387.245208740234375 261.140045166015625 0 0 0 0 0 0 0 0
328.495697021484375 0 40.461803436279296875 0 0 334.542877197265625 115.45752716064453125 44.928180694580078125 75.29421234130859375 314.671844482421875 64.80802154541015625 49.60265350341796875 0 135.44921875 289.514801025390625 46.53912353515625 103.2833404541015625 11.234826087951660156 171.52130126953125 198.139129638671875 183.89990234375 169.6289825439453125 204.7036895751953125 354.10003662109375 365.091827392578125 261.9656982421875 461.5614013671875 292.778778076171875 190.2639312744140625 91.30524444580078125 581.49896240234375 564.3282470703125 451.1248779296875 218.52264404296875 119.49785614013671875 395.737060546875 0 277.306304931640625 329.55126953125 746.3011474609375 144.36370849609375 576.638427734375 440.29541015625 0 0 0 0 0 0 0 0
218.838623046875 97.03107452392578125 258.65679931640625 108.6878509521484375 126.15374755859375 60.245433807373046875 34.483734130859375 0 80.79239654541015625 111.54958343505859375 92.11272430419921875 95.0567626953125 0 32.3468170166015625 109.133331298828125 123.875335693359375 0 0 168.8756866455078125 164.0498504638671875 228.5882415771484375 261.531646728515625 403.834991455078125 129.1635589599609375 141.3343505859375 172.128662109375 306.744720458984375 279.7623291015625 164.0207977294921875 0 93.38178253173828125 378.781890869140625 372.43194580078125 163.9863739013671875 179.80902099609375 0 77.15140533447265625 679.97454833984375 799.51837158203125 148.1483612060546875 85.75196075439453125 500.901214599609375 317.154083251953125 0 0 0 0 0 0 0 0
106.160919189453125 0 0 81.22397613525390625 193.169921875 458.8939208984375 347.727752685546875 0 0 0 0 0 0 82.07050323486328125 144.7888031005859375 78.905609130859375 146.30755615234375 0 202.2244110107421875 197.485107421875 0 0 352.830963134765625 368.432373046875 189.25079345703125 493.6785888671875 356.495330810546875 257.67041015625 293.159820556640625 262.727294921875 238.2016754150390625 316.8909912109375 428.495758056640625 361.28009033203125 0 0 251.0332794189453125 361.11444091796875 492.1759033203125 287.69879150390625 429.66229248046875 326.3651123046875 0 0 0 0 0 0 0 0 0
65.6076812744140625 0 0 54.088653564453125 229.73138427734375 106.354034423828125 198.53302001953125 204.6188201904296875 181.465484619140625 276.038543701171875 254.5081634521484375 330.616302490234375 333.303802490234375 107.8427734375 106.129302978515625 27.94809722900390625 79.81285858154296875 0 50.458232879638671875 163.2439727783203125 117.327850341796875 100.2027740478515625 265.17999267578125 263.1131591796875 80.21091461181640625 485.138946533203125 359.076995849609375 709.697998046875 144.3807220458984375 154.791717529296875 115.00363922119140625 354.283599853515625 58.4904327392578125 16.633485794067382812 0 61.65184783935546875 138.4522857666015625 102.38182830810546875 173.487640380859375 134.664031982421875 222.9820404052734375 194.063720703125 0 0 0 0 0 0 0 0 0
127.44043731689453125 0 0 182.132354736328125 241.868499755859375 76.1786346435546875 286.072052001953125 142.3990478515625 171.532012939453125 175.6068267822265625 155.6693115234375 198.0220794677734375 250.1552581787109375 30.926179885864257812 0 0 25.40697479248046875 107.460662841796875 134.321319580078125 348.609222412109375 114.26270294189453125 184.8971099853515625 1616.1563720703125 104.2129974365234375 38.87546539306640625 259.2264404296875 167.677215576171875 517.781982421875 95.754852294921875 179.2723541259765625 286.97662353515625 417.76751708984375 135.517730712890625 0 2.0182166099548339844 302.0006103515625 318.25823974609375 122.09436798095703125 274.3157958984375 116.59814453125 124.3445281982421875 80.7421112060546875 0 0 0 0 0 0 0 0 0
0 0 0 43.894458770751953125 139.1223602294921875 294.6673583984375 491.210357666015625 430.624176025390625 597.25091552734375 299.852294921875 532.30548095703125 497.112213134765625 401.9044189453125 72.74996185302734375 0 0 173.611083984375 254.3223114013671875 291.59521484375 137.4847412109375 159.6074981689453125 12.627181053161621094 343.53704833984375 347.82025146484375 129.1618194580078125 194.9413909912109375 152.6546478271484375 220.990814208984375 111.509490966796875 225.538818359375 159.1168365478515625 157.15374755859375 180.2595062255859375 0 259.688140869140625 354.063720703125 320.982086181640625 324.785186767578125 444.960479736328125 310.24224853515625 143.0831756591796875 0 0 0 0 0 0 0 0 0 0
49.53462982177734375 0 61.489345550537109375 335.51666259765625 110.27246856689453125 102.72547149658203125 199.311004638671875 448.445098876953125 288.62103271484375 226.105010986328125 267.916595458984375 347.966705322265625 355.1156005859375 376.14501953125 163.911407470703125 164.28948974609375 44.8541107177734375 96.00394439697265625 90.40802001953125 377.721282958984375 319.963653564453125 305.205078125 389.380645751953125 255.820465087890625 150.7855224609375 28.738689422607421875 265.638427734375 160.893096923828125 272.601837158203125 316.64276123046875 312.757720947265625 142.475067138671875 0 43.009258270263671875 202.294281005859375 236.9020538330078125 284.663848876953125 326.053009033203125 450.76727294921875 379.058319091796875 320.875640869140625 0 0 0 0 0 0 0 0 0 0
