ForecastVariables/BuildingPerimeter_100m/BuildingPerimeter_Random1.asc
ncols        529
nrows        344
xllcorner    2700.000000000000
yllcorner    15900.000000000000
cellsize     100.000000000000
NODATA_value  0
[rows 132 to 153 of 344, columns 357 to 407 of 529]
409.676727294921875 525.03204345703125 854.72412109375 197.4882965087890625 167.8742218017578125 451.309600830078125 471.35455322265625 327.4691162109375 531.27679443359375 432.85009765625 354.78875732421875 615.39630126953125 398.407257080078125 275.213104248046875 389.694122314453125 293.916412353515625 0 290.18646240234375 310.053192138671875 348.358001708984375 431.54974365234375 327.35076904296875 235.21630859375 317.945953369140625 405.171844482421875 105.37490081787109375 306.364288330078125 419.28912353515625 466.47320556640625 296.6396484375 319.06842041015625 357.89739990234375 295.92572021484375 504.013885498046875 456.1661376953125 366.10528564453125 500.30560302734375 154.87005615234375 516.8006591796875 456.13983154296875 179.2586517333984375 98.752716064453125 103.72801971435546875 334.370361328125 331.45709228515625 455.378936767578125 195.5412139892578125 335.278778076171875 223.34002685546875 129.87432861328125 305.171173095703125
575.42767333984375 567.18115234375 554.28277587890625 386.9061279296875 406.9407958984375 446.862152099609375 271.130645751953125 182.05389404296875 598.857177734375 567.5654296875 371.631439208984375 568.95330810546875 133.923553466796875 378.654937744140625 429.949462890625 225.1983489990234375 332.01568603515625 194.254669189453125 422.709686279296875 365.82958984375 243.559967041015625 184.7147979736328125 24.736181259155273438 228.4469451904296875 437.801788330078125 387.017974853515625 221.7792816162109375 192.944183349609375 231.0550537109375 122.39804840087890625 622.2490234375 475.777557373046875 222.05474853515625 190.994598388671875 169.607269287109375 25.70404052734375 0 79.56658935546875 27.397333145141601562 0 0 0 73.167572021484375 180.2749481201171875 277.254486083984375 375.777679443359375 224.4128570556640625 356.9283447265625 469.928955078125 111.12017822265625 33.810558319091796875
143.6456451416015625 395.127777099609375 330.621795654296875 519.51593017578125 454.777801513671875 283.28070068359375 547.423095703125 615.41656494140625 361.7607421875 310.1234130859375 286.69427490234375 510.4697265625 74.89878082275390625 497.943084716796875 392.3072509765625 442.34759521484375 327.917633056640625 143.9664154052734375 186.459228515625 639.1337890625 258.103912353515625 500.002655029296875 472.037567138671875 319.890167236328125 304.7149658203125 302.232879638671875 145.1473236083984375 194.6537933349609375 409.332550048828125 298.19696044921875 593.07171630859375 402.1322021484375 149.4888153076171875 0 291.518218994140625 510.013427734375 304.615386962890625 593.019775390625 626.14141845703125 520.468017578125 2.6940653324127197266 0 0 212.3721771240234375 276.7803955078125 315.0750732421875 474.88922119140625 120.5450439453125 272.92529296875 163.4238433837890625 290.879791259765625
326.41656494140625 328.4466552734375 155.250152587890625 449.62750244140625 538.953369140625 370.325439453125 455.564239501953125 245.386138916015625 595.280517578125 391.16717529296875 296.732818603515625 256.84844970703125 147.5324859619140625 368.12158203125 399.13812255859375 257.546722412109375 325.44549560546875 254.2113800048828125 396.871673583984375 382.29296875 369.913848876953125 211.6787567138671875 140.3810882568359375 223.8868255615234375 94.5955047607421875 479.126129150390625 406.6668701171875 349.98583984375 384.217498779296875 259.246826171875 331.09613037109375 108.52922821044921875 114.899871826171875 84.1391143798828125 330.5838623046875 225.092559814453125 610.61676025390625 292.618438720703125 461.1072998046875 593.765625 128.5266876220703125 17.32062530517578125 1.7946709394454956055 0 330.57550048828125 394.66546630859375 101.55675506591796875 154.013458251953125 347.42071533203125 399.965728759765625 203.555755615234375
300.67852783203125 298.8817138671875 270.1873779296875 170.7549285888671875 101.77539825439453125 342.537200927734375 318.33099365234375 237.323638916015625 397.87841796875 312.493408203125 470.36944580078125 548.43353271484375 333.262725830078125 290.7266845703125 586.72705078125 316.2069091796875 373.262481689453125 275.92626953125 430.353515625 219.8595428466796875 182.4117279052734375 266.574188232421875 316.5802001953125 303.5626220703125 359.4481201171875 126.26129150390625 491.742218017578125 296.556671142578125 329.40020751953125 40.09699249267578125 19.339189529418945312 165.493255615234375 464.95196533203125 469.246826171875 220.9423065185546875 391.019775390625 438.818023681640625 579.97760009765625 949.4490966796875 715.5506591796875 226.1932220458984375 601.53466796875 294.087921142578125 36.59929656982421875 25.943807601928710938 125.17421722412109375 130.1525115966796875 171.9107513427734375 169.7707061767578125 435.229736328125 366.308074951171875
61.5358734130859375 0 372.889556884765625 325.964111328125 341.438018798828125 129.7919464111328125 0.010972865857183933258 460.399017333984375 576.2490234375 325.6907958984375 497.140045166015625 447.444244384765625 266.140960693359375 133.200103759765625 405.758056640625 388.201690673828125 293.97967529296875 584.57110595703125 332.472808837890625 272.4918212890625 263.568206787109375 346.354461669921875 365.53753662109375 255.07037353515625 321.421539306640625 201.905029296875 242.919677734375 401.83514404296875 270.2730712890625 62.063877105712890625 555.72021484375 387.879913330078125 422.397857666015625 500.9237060546875 240.5219573974609375 405.794769287109375 333.384002685546875 691.16650390625 1274.9869384765625 1090.0322265625 360.021209716796875 745.03143310546875 243.949554443359375 239.0210418701171875 33.58856964111328125 64.48244476318359375 243.100006103515625 264.474761962890625 326.98565673828125 196.452972412109375 184.9710540771484375
0 0 130.2786712646484375 78.095703125 441.562744140625 477.256622314453125 329.476715087890625 378.5126953125 146.3597869873046875 208.719757080078125 445.97149658203125 461.7340087890625 399.803863525390625 561.8192138671875 538.54254150390625 565.4212646484375 224.047943115234375 191.2371368408203125 162.27740478515625 409.50384521484375 294.033172607421875 257.061767578125 217.3566436767578125 319.42889404296875 189.444976806640625 287.325439453125 440.540069580078125 153.029296875 121.3197784423828125 425.59368896484375 512.52545166015625 438.888824462890625 486.181549072265625 341.805908203125 351.551666259765625 385.336151123046875 333.308746337890625 235.1127777099609375 699.8614501953125 717.81719970703125 385.920074462890625 477.16998291015625 115.18300628662109375 239.6715850830078125 239.1084136962890625 0 173.4620361328125 220.825714111328125 204.8109588623046875 313.613006591796875 148.8244781494140625
0 0 0 0 52.93868255615234375 192.3878631591796875 472.0452880859375 513.96014404296875 388.846527099609375 276.226348876953125 0 126.35808563232421875 198.2139739990234375 494.68646240234375 202.4622802734375 371.58209228515625 131.2794189453125 292.753173828125 0 1131.2392578125 323.57373046875 416.036376953125 488.1923828125 343.986297607421875 100.0630950927734375 135.803619384765625 181.9832000732421875 135.8751220703125 215.402191162109375 460.762420654296875 437.152984619140625 617.51409912109375 455.77496337890625 336.046600341796875 150.3751678466796875 491.808380126953125 605.850341796875 712.71929931640625 836.719482421875 568.41644287109375 665.572998046875 376.52679443359375 789.68658447265625 72.35295867919921875 311.987030029296875 287.26690673828125 18.764928817749023438 193.1343231201171875 157.216766357421875 275.470001220703125 170.1624908447265625
0 0 0 0 0 165.3809967041015625 488.989227294921875 420.478912353515625 131.427581787109375 73.85094451904296875 472.030670166015625 80.2690887451171875 265.511505126953125 415.68280029296875 452.5189208984375 953.20330810546875 264.48602294921875 271.0606689453125 73.05844879150390625 52.31169891357421875 633.7984619140625 198.7260894775390625 356.2469482421875 210.2048187255859375 881.0374755859375 198.1617584228515625 281.297821044921875 409.955596923828125 371.6864013671875 485.774627685546875 358.7008056640625 440.816497802734375 288.151885986328125 486.7255859375 269.4732666015625 363.278045654296875 231.511199951171875 424.762451171875 859.2667236328125 319.72137451171875 609.78173828125 460.285125732421875 278.463623046875 312.1185302734375 307.94989013671875 296.144775390625 89.16896820068359375 198.3693084716796875 56.56954193115234375 137.2200927734375 1.8759835958480834961
0 0 0 0 29.764728546142578125 53.728664398193359375 403.511810302734375 287.374298095703125 112.4054107666015625 497.797760009765625 501.12701416015625 683.17144775390625 129.146026611328125 88.00901031494140625 526.016845703125 278.8765869140625 166.86761474609375 131.019195556640625 227.354248046875 241.0848541259765625 127.00019073486328125 0 0 0 26.502965927124023438 412.10150146484375 541.30706787109375 418.040802001953125 295.7987060546875 162.3281402587890625 474.728057861328125 382.0885009765625 498.17913818359375 309.96685791015625 173.1517486572265625 991.82794189453125 755.623779296875 710.02301025390625 970.19683837890625 482.737518310546875 700.95574951171875 223.2306976318359375 730.31378173828125 390.13421630859375 226.0165252685546875 194.0475616455078125 34.572422027587890625 147.0204925537109375 100.08014678955078125 0 85.94184112548828125
0 0 0 0 0 0 35.33258819580078125 94.2275543212890625 0 123.04380035400390625 598.13897705078125 321.351226806640625 576.39715576171875 745.820068359375 44.908329010009765625 350.355194091796875 49.38147735595703125 233.089263916015625 455.01214599609375 290.693634033203125 129.4199371337890625 0 0 0 184.7896575927734375 545.762451171875 561.76593017578125 402.435089111328125 505.160430908203125 215.8901214599609375 445.962615966796875 645.7318115234375 470.5399169921875 361.277923583984375 352.67388916015625 401.5804443359375 590.4346923828125 729.59552001953125 648.71893310546875 418.46942138671875 182.2292327880859375 455.578338623046875 137.586578369140625 76.24604034423828125 318.44195556640625 78.76580047607421875 298.5064697265625 198.2225799560546875 0 17.851339340209960938 232.847320556640625
0 0 0 0 0 0 0 0 0 0 82.89855194091796875 104.3059234619140625 296.716278076171875 470.416168212890625 217.49737548828125 115.4815216064453125 171.8583526611328125 367.1514892578125 360.1192626953125 318.566558837890625 207.3856658935546875 72.29489898681640625 0 240.2345428466796875 364.360198974609375 199.507720947265625 365.52691650390625 369.05908203125 259.36700439453125 391.02667236328125 673.91119384765625 417.799102783203125 390.80584716796875 308.7642822265625 382.120513916015625 232.6593170166015625 540.9193115234375 449.437896728515625 273.7928466796875 388.6922607421875 342.89190673828125 145.9446258544921875 180.385345458984375 121.99609375 656.44598388671875 407.4114990234375 493.79693603515625 37.02231597900390625 68.393646240234375 0 0
0 0 0 0 0 0 0 0 0 0 277.429168701171875 277.7147216796875 359.19647216796875 352.933380126953125 366.03704833984375 362.6063232421875 368.202392578125 278.509246826171875 302.665374755859375 456.2027587890625 278.755401611328125 42.559112548828125 194.1419219970703125 147.65386962890625 236.8987884521484375 90.4635009765625 263.877838134765625 335.001708984375 366.653045654296875 603.207275390625 892.14898681640625 363.19976806640625 642.37786865234375 483.89105224609375 465.3714599609375 431.347259521484375 628.0667724609375 284.940155029296875 44.852703094482421875 530.058349609375 321.80712890625 70.232452392578125 7.2115879058837890625 86.17717742919921875 127.937652587890625 21.916509628295898438 204.4998779296875 115.92002105712890625 27.613134384155273438 302.671112060546875 0
0 0 0 0 0 0 0 57.311061859130859375 0 0 980.30194091796875 90.01522064208984375 292.4971923828125 321.020843505859375 311.01934814453125 81.7758941650390625 301.6524658203125 398.24420166015625 414.34954833984375 20.453187942504882812 198.9629058837890625 383.89385986328125 109.58426666259765625 0 173.543548583984375 191.7656097412109375 202.6930389404296875 353.048675537109375 226.9902801513671875 572.32476806640625 725.01129150390625 677.28271484375 293.517578125 844.3118896484375 629.2689208984375 625.78375244140625 235.7043304443359375 509.514007568359375 0 147.3951416015625 50.108417510986328125 0 234.183837890625 61.605693817138671875 126.8173828125 177.3697052001953125 287.5523681640625 159.124542236328125 184.813201904296875 150.1619110107421875 239.5469207763671875
353.34375 440.9622802734375 261.014801025390625 122.84529876708984375 0 0 0 0 0 290.399993896484375 705.78485107421875 200.162994384765625 367.304443359375 326.619384765625 413.92431640625 198.647216796875 449.963348388671875 413.052642822265625 510.8995361328125 143.52874755859375 195.285308837890625 490.432830810546875 127.7246551513671875 226.1229248046875 150.8966064453125 176.6531219482421875 489.779296875 467.807403564453125 613.17608642578125 738.92767333984375 986.99761962890625 1264.4041748046875 324.907135009765625 1194.01171875 633.8851318359375 833.83209228515625 245.3123321533203125 286.85382080078125 6.9716701507568359375 111.33100128173828125 152.203399658203125 10.751004219055175781 93.92424774169921875 29.838308334350585938 218.6913604736328125 66.814361572265625 777.94720458984375 278.038360595703125 437.04693603515625 333.2366943359375 330.996307373046875
343.44512939453125 416.7630615234375 518.67132568359375 845.24267578125 341.8360595703125 366.9324951171875 313.092529296875 225.3680267333984375 469.5513916015625 369.144744873046875 320.223052978515625 182.8309783935546875 279.684051513671875 1051.096435546875 177.2861328125 36.59487152099609375 276.65167236328125 533.7252197265625 56.25237274169921875 663.14178466796875 537.08184814453125 105.88909149169921875 189.8148956298828125 192.493255615234375 204.4152374267578125 101.987640380859375 290.523345947265625 812.59918212890625 830.14404296875 940.62579345703125 925.677734375 892.04998779296875 484.980865478515625 772.716552734375 73.860260009765625 709.91522216796875 161.8266143798828125 109.74872589111328125 119.54161834716796875 0 154.955047607421875 238.1044921875 311.18011474609375 448.704620361328125 303.9371337890625 75.0777587890625 132.691131591796875 272.44873046875 232.894805908203125 238.5088348388671875 373.662933349609375
699.2698974609375 567.72589111328125 459.412811279296875 322.621337890625 444.42279052734375 294.975189208984375 499.4803466796875 318.17181396484375 465.1397705078125 262.396453857421875 400.605133056640625 495.684417724609375 727.796142578125 459.126556396484375 147.9012298583984375 0 84.2435150146484375 520.80047607421875 42.48706817626953125 344.389190673828125 175.2064361572265625 109.11846923828125 257.55975341796875 142.4566650390625 157.0738983154296875 444.666412353515625 79.50760650634765625 656.7593994140625 910.8778076171875 755.33441162109375 738.73736572265625 767.76055908203125 571.7103271484375 967.270751953125 392.2762451171875 722.92401123046875 304.307403564453125 186.300445556640625 253.8408355712890625 163.5020751953125 105.12343597412109375 310.115631103515625 212.3139495849609375 111.74694061279296875 148.6011962890625 272.949188232421875 514.92303466796875 82.7796783447265625 356.67913818359375 338.324462890625 231.8615264892578125
132.5545196533203125 27.061529159545898438 0 0 0 31.7393035888671875 152.8459930419921875 230.7515869140625 630.08734130859375 485.102508544921875 689.7652587890625 666.52154541015625 594.2281494140625 459.60150146484375 274.34063720703125 0 0 116.013031005859375 141.79150390625 299.87628173828125 316.463348388671875 248.72735595703125 267.36181640625 191.1858978271484375 188.4160614013671875 318.8717041015625 479.188018798828125 1037.2073974609375 811.187744140625 852.84539794921875 318.41168212890625 274.864410400390625 141.669464111328125 685.49407958984375 826.81182861328125 166.401763916015625 0 151.906463623046875 184.4716033935546875 179.25909423828125 292.013641357421875 148.7046661376953125 224.13507080078125 138.2775115966796875 84.55986785888671875 216.467041015625 331.073883056640625 235.690643310546875 275.6572265625 573.752685546875 152.345489501953125
38.259674072265625 198.9322509765625 191.595306396484375 204.1750640869140625 284.479034423828125 143.484466552734375 95.707122802734375 0 48.234424591064453125 1.6516660451889038086 0 38.856090545654296875 85.4531402587890625 21.7659149169921875 0 478.72479248046875 662.40960693359375 336.299407958984375 120.79732513427734375 358.41259765625 348.499298095703125 222.8029632568359375 216.793487548828125 237.413909912109375 737.7528076171875 62.238529205322265625 214.8354644775390625 888.94677734375 83.296905517578125 213.3144073486328125 321.120361328125 321.160858154296875 68.68010711669921875 418.979522705078125 71.79143524169921875 220.4824676513671875 214.824798583984375 97.3094635009765625 326.324920654296875 239.9804840087890625 499.604400634765625 293.5550537109375 281.326385498046875 262.36785888671875 432.48126220703125 52.340831756591796875 173.1058807373046875 269.7916259765625 321.229156494140625 431.4241943359375 14.735933303833007812
323.6710205078125 376.75970458984375 319.131103515625 271.8714599609375 507.22900390625 267.730743408203125 533.68389892578125 241.32861328125 258.9661865234375 390.34857177734375 223.0580902099609375 356.794677734375 308.298492431640625 265.67828369140625 257.676971435546875 131.600006103515625 319.8955078125 336.106842041015625 606.32489013671875 762.07891845703125 831.11834716796875 576.396240234375 365.404022216796875 541.25604248046875 515.52593994140625 165.73193359375 158.71209716796875 149.2877960205078125 296.203216552734375 177.6772613525390625 382.02880859375 267.643157958984375 0 144.4979400634765625 100.16759490966796875 56.86255645751953125 158.972015380859375 99.3063201904296875 370.4925537109375 75.7802581787109375 80.003082275390625 395.06170654296875 228.7802581787109375 263.831573486328125 17.789686203002929688 72.6994476318359375 315.312774658203125 320.55487060546875 302.70831298828125 83.14028167724609375 0
267.52764892578125 214.194488525390625 477.574371337890625 342.883514404296875 597.2342529296875 250.2574462890625 599.6781005859375 86.10630035400390625 482.435302734375 471.019866943359375 384.842926025390625 390.613494873046875 246.369598388671875 197.89434814453125 267.5731201171875 330.603515625 437.64007568359375 726.98028564453125 726.766845703125 566.593994140625 726.666259765625 717.61346435546875 596.81878662109375 285.72802734375 514.33636474609375 288.5928955078125 197.8038330078125 205.0738677978515625 364.846038818359375 237.0574188232421875 63.717620849609375 215.7101593017578125 35.81451416015625 127.099395751953125 124.454742431640625 82.19043731689453125 133.566986083984375 95.93859100341796875 136.21026611328125 190.74383544921875 113.17465972900390625 208.52301025390625 196.88177490234375 307.95501708984375 43.50194549560546875 360.5318603515625 168.141510009765625 432.552947998046875 192.2655181884765625 0 0
338.979034423828125 336.7362060546875 517.06817626953125 331.1170654296875 613.994873046875 80.345977783203125 86.476531982421875 312.0513916015625 223.9170074462890625 279.113189697265625 407.57867431640625 219.534027099609375 257.117401123046875 504.812591552734375 353.671356201171875 483.57000732421875 595.37725830078125 1015.76251220703125 827.72100830078125 658.27972412109375 710.93658447265625 252.9935302734375 238.5094146728515625 678.03863525390625 753.47705078125 798.6507568359375 234.517608642578125 349.593017578125 231.386444091796875 262.31976318359375 158.9528350830078125 205.43572998046875 232.43994140625 185.7780303955078125 147.7847137451171875 213.9583740234375 52.544158935546875 0 259.56005859375 158.327117919921875 233.83709716796875 285.20819091796875 174.3773193359375 115.90798187255859375 379.75372314453125 421.873016357421875 570.02276611328125 497.939788818359375 1.4166402816772460938 0 0
