ForecastVariables/BuildingPerimeter_100m/BuildingPerimeter_Random5.asc
ncols        529
nrows        344
xllcorner    2700.000000000000
yllcorner    15900.000000000000
cellsize     100.000000000000
NODATA_value  0
[rows 154 to 175 of 344, columns 306 to 356 of 529]
545.8931884765625 694.6226806640625 822.18853759765625 931.87890625 343.7147216796875 164.75921630859375 311.04150390625 455.689666748046875 367.46209716796875 131.583160400390625 405.23876953125 280.32940673828125 230.5431060791015625 257.40789794921875 266.433990478515625 252.56390380859375 279.96490478515625 486.0714111328125 326.066558837890625 504.502227783203125 490.400421142578125 199.0083770751953125 385.098388671875 219.046783447265625 118.24686431884765625 299.414276123046875 428.4605712890625 651.89312744140625 471.58905029296875 234.40960693359375 409.190765380859375 165.132110595703125 644.62744140625 301.872467041015625 592.68023681640625 342.3414306640625 326.611541748046875 340.666473388671875 428.5501708984375 274.32745361328125 60.95660400390625 91.3970794677734375 11.492072105407714844 0 0 387.7642822265625 494.712921142578125 248.3262939453125 467.16961669921875 367.4814453125 305.232177734375
810.22283935546875 842.99908447265625 842.98211669921875 820.89410400390625 309.223968505859375 312.56329345703125 545.75360107421875 535.34747314453125 432.059600830078125 134.7457427978515625 233.1288909912109375 248.0340423583984375 412.9688720703125 589.99932861328125 579.72052001953125 209.4876708984375 376.840545654296875 559.4312744140625 452.51263427734375 235.8422088623046875 448.11895751953125 248.117584228515625 463.577239990234375 461.47100830078125 268.030792236328125 190.70318603515625 541.08465576171875 304.46002197265625 507.313201904296875 895.2373046875 443.096466064453125 755.0771484375 716.62225341796875 535.1505126953125 592.14874267578125 463.09796142578125 518.0089111328125 108.2505645751953125 60.87441253662109375 152.969085693359375 323.46063232421875 359.868743896484375 324.823089599609375 495.6519775390625 0 48.836750030517578125 403.03216552734375 335.947784423828125 318.71136474609375 556.46246337890625 365.295867919921875
355.10308837890625 899.83599853515625 881.26019287109375 711.893798828125 269.51507568359375 579.958740234375 373.441162109375 582.929443359375 801.2257080078125 564.087890625 287.545318603515625 360.093353271484375 333.85333251953125 485.001434326171875 383.337158203125 508.76513671875 651.9130859375 524.71148681640625 452.224761962890625 280.892425537109375 449.406524658203125 449.773651123046875 461.141021728515625 76.79959869384765625 546.80816650390625 499.919219970703125 21.382780075073242188 63.03249359130859375 719.7349853515625 893.904296875 772.26556396484375 609.8287353515625 702.8470458984375 503.65399169921875 444.48858642578125 185.927734375 134.3714447021484375 453.139862060546875 591.26446533203125 412.698272705078125 306.16204833984375 395.785003662109375 90.40228271484375 495.59423828125 329.090911865234375 257.798370361328125 96.47772216796875 151.825164794921875 172.158447265625 442.999542236328125 161.9850006103515625
394.574188232421875 423.07415771484375 606.88580322265625 620.662109375 253.5640869140625 368.0635986328125 142.702850341796875 428.64398193359375 620.982177734375 384.550994873046875 274.908050537109375 386.827545166015625 363.963531494140625 295.93853759765625 390.248870849609375 372.622406005859375 286.53179931640625 326.15069580078125 261.838165283203125 199.7713470458984375 738.4832763671875 886.859130859375 532.31854248046875 529.086669921875 510.617095947265625 534.33319091796875 402.708526611328125 148.7171783447265625 463.402923583984375 656.0792236328125 786.0380859375 585.4287109375 398.79388427734375 53.237895965576171875 122.61608123779296875 535.1416015625 527.93231201171875 519.34088134765625 592.702880859375 574.14105224609375 223.550872802734375 426.27740478515625 159.1693115234375 402.2513427734375 329.111419677734375 210.8986358642578125 310.2998046875 235.0741729736328125 243.030029296875 336.509124755859375 255.9531097412109375
118.90411376953125 344.886993408203125 145.4611968994140625 695.09991455078125 262.091766357421875 443.11932373046875 646.5594482421875 253.16619873046875 480.6837158203125 412.786712646484375 264.734619140625 434.951812744140625 402.763427734375 235.924652099609375 384.027099609375 230.0114288330078125 374.986297607421875 304.463226318359375 468.313201904296875 256.72967529296875 562.39068603515625 906.6649169921875 705.057373046875 373.9141845703125 110.01868438720703125 502.827972412109375 524.64208984375 7.8616476058959960938 509.74951171875 861.03472900390625 714.1046142578125 420.21478271484375 105.4127044677734375 294.855621337890625 509.193695068359375 794.69964599609375 1010.45037841796875 24.677064895629882812 579.33905029296875 629.51397705078125 592.77099609375 554.14154052734375 169.4131011962890625 179.2252655029296875 241.7428131103515625 542.70074462890625 484.43731689453125 1020.69598388671875 376.7598876953125 457.830322265625 247.0399017333984375
189.48779296875 315.773193359375 443.361724853515625 552.66717529296875 270.369049072265625 466.172088623046875 638.39459228515625 629.88037109375 411.92547607421875 419.8642578125 577.75445556640625 160.087066650390625 192.714324951171875 264.542388916015625 305.999176025390625 474.486083984375 605.25689697265625 554.06256103515625 294.421875 294.781524658203125 629.27069091796875 479.2890625 345.288177490234375 386.11810302734375 447.684112548828125 654.95013427734375 378.705047607421875 8.4086580276489257812 250.31256103515625 271.72503662109375 229.4295806884765625 179.473052978515625 358.81353759765625 358.460174560546875 658.27032470703125 978.63323974609375 782.0301513671875 118.418182373046875 570.44854736328125 557.779541015625 98.886749267578125 277.152099609375 345.68670654296875 476.518463134765625 386.408050537109375 301.019317626953125 622.440673828125 801.52911376953125 468.4583740234375 201.67547607421875 286.297943115234375
519.79193115234375 611.5064697265625 220.5554656982421875 700.57958984375 239.5317840576171875 568.715087890625 484.45880126953125 458.36297607421875 603.46319580078125 202.450164794921875 307.830596923828125 464.897674560546875 405.5843505859375 285.81842041015625 334.171112060546875 419.677001953125 215.6410369873046875 227.72576904296875 193.5079193115234375 149.228790283203125 548.48883056640625 595.81658935546875 630.34783935546875 567.0657958984375 412.31158447265625 145.8653411865234375 0 0 91.9300689697265625 432.08642578125 959.099609375 666.06591796875 473.952850341796875 494.983551025390625 924.58782958984375 795.06591796875 392.1014404296875 642.3255615234375 702.6182861328125 736.36761474609375 86.0780181884765625 476.2864990234375 485.054931640625 693.38238525390625 265.244232177734375 406.748687744140625 626.4005126953125 177.6201019287109375 506.72381591796875 399.727752685546875 492.70098876953125
434.797637939453125 551.86419677734375 192.5442047119140625 121.22953033447265625 288.1116943359375 529.775390625 686.34283447265625 495.19854736328125 451.824615478515625 810.38238525390625 234.498382568359375 477.603912353515625 113.3924713134765625 236.798431396484375 329.5081787109375 422.120819091796875 333.007904052734375 345.073516845703125 250.0398406982421875 164.61962890625 274.20062255859375 355.19610595703125 130.0379486083984375 470.702239990234375 301.361602783203125 442.394927978515625 127.47097015380859375 75.31909942626953125 760.3885498046875 807.47406005859375 862.78350830078125 858.0289306640625 513.21539306640625 549.12274169921875 807.2960205078125 761.75665283203125 390.834320068359375 373.3485107421875 564.9140625 700.67999267578125 731.54510498046875 112.37310791015625 572.6744384765625 414.954345703125 428.54241943359375 420.005157470703125 380.806243896484375 175.3747406005859375 348.496307373046875 204.5070648193359375 596.33319091796875
259.76361083984375 653.99053955078125 238.0779266357421875 348.873626708984375 210.274139404296875 452.614654541015625 614.76971435546875 524.03411865234375 313.895965576171875 819.9771728515625 281.07806396484375 184.97125244140625 369.090667724609375 357.522430419921875 274.819366455078125 227.2009429931640625 150.4178619384765625 0 72.900115966796875 175.317291259765625 539.692626953125 742.41632080078125 665.141357421875 507.746124267578125 450.89288330078125 500.141510009765625 236.3799896240234375 265.502716064453125 966.482421875 946.9638671875 658.2413330078125 844.48724365234375 615.4490966796875 626.8885498046875 663.98638916015625 858.73724365234375 577.13385009765625 669.32659912109375 856.2403564453125 970.20440673828125 891.08819580078125 133.661651611328125 286.3121337890625 107.64475250244140625 419.645355224609375 587.4974365234375 340.77557373046875 752.273193359375 639.2733154296875 409.90362548828125 231.36871337890625
203.0175018310546875 205.2235107421875 1088.0765380859375 223.7635955810546875 256.35015869140625 468.031768798828125 221.487457275390625 410.409271240234375 384.370025634765625 460.953704833984375 187.5039215087890625 16.638113021850585938 0 0 140.3674774169921875 319.198394775390625 438.604888916015625 351.349822998046875 604.85595703125 564.64007568359375 311.810394287109375 529.349365234375 739.08453369140625 753.88671875 195.6205596923828125 378.290435791015625 387.5521240234375 276.060882568359375 820.2794189453125 904.16888427734375 922.952880859375 1058.497802734375 752.39599609375 755.91534423828125 848.1904296875 730.5751953125 361.37310791015625 796.1419677734375 1111.99267578125 929.97381591796875 797.54486083984375 861.82720947265625 305.996612548828125 330.503936767578125 406.2801513671875 315.261474609375 181.5218353271484375 590.90985107421875 377.17242431640625 221.850006103515625 31.008029937744140625
303.38946533203125 287.0601806640625 422.83087158203125 384.97607421875 20.197710037231445312 225.49969482421875 213.6328277587890625 426.44256591796875 339.04290771484375 147.63238525390625 236.58453369140625 227.986297607421875 191.9645843505859375 0 347.478851318359375 585.89697265625 404.430999755859375 477.29510498046875 87.94094085693359375 551.01226806640625 421.47137451171875 461.22235107421875 16.654230117797851562 92.842254638671875 314.0174560546875 278.05615234375 156.9293975830078125 525.679443359375 992.19415283203125 939.3883056640625 927.18170166015625 825.6014404296875 950.6309814453125 842.60845947265625 502.9039306640625 606.52459716796875 128.0009307861328125 771.8599853515625 823.5787353515625 915.6053466796875 753.86138916015625 741.7110595703125 515.8399658203125 230.32415771484375 237.8141021728515625 217.4761199951171875 295.086151123046875 512.41717529296875 849.93072509765625 814.30316162109375 378.52447509765625
80.22891998291015625 210.69549560546875 57.526092529296875 192.971405029296875 374.4049072265625 403.706512451171875 626.353759765625 298.50335693359375 350.02734375 297.914581298828125 104.28153228759765625 379.425567626953125 386.603973388671875 42.032314300537109375 277.86639404296875 494.6884765625 372.47540283203125 446.465179443359375 152.41131591796875 528.06585693359375 532.488525390625 645.1876220703125 832.27398681640625 554.5157470703125 563.3817138671875 298.546600341796875 348.839385986328125 599.28839111328125 917.6923828125 841.756591796875 702.68914794921875 861.91668701171875 904.60882568359375 862.1697998046875 887.18389892578125 110.562408447265625 87.068359375 564.5767822265625 131.9319915771484375 467.29345703125 343.195098876953125 506.125396728515625 493.32257080078125 96.77793121337890625 414.36285400390625 583.0224609375 429.264404296875 651.6168212890625 723.47088623046875 786.045166015625 545.06427001953125
79.93218994140625 169.5858306884765625 429.266387939453125 389.673065185546875 399.4493408203125 462.643218994140625 569.2015380859375 317.836700439453125 167.7640380859375 579.603271484375 154.9641876220703125 249.5157470703125 4.1317696571350097656 75.982452392578125 108.4388427734375 514.507568359375 433.86370849609375 652.26751708984375 694.060546875 589.76715087890625 576.3956298828125 636.18212890625 1141.94873046875 584.67596435546875 537.638916015625 238.0467681884765625 329.11859130859375 667.31793212890625 743.60186767578125 747.91619873046875 718.8328857421875 615.82830810546875 442.252197265625 200.76141357421875 164.114471435546875 389.93707275390625 237.378265380859375 813.0924072265625 521.505126953125 637.32745361328125 542.7813720703125 612.73590087890625 935.66851806640625 631.3499755859375 1005.424072265625 835.62506103515625 234.44073486328125 522.36895751953125 449.464324951171875 683.11676025390625 861.674560546875
499.04010009765625 284.841949462890625 250.159576416015625 361.829681396484375 314.231842041015625 216.572021484375 603.4608154296875 453.24969482421875 52.113006591796875 211.9062652587890625 300.0103759765625 247.329833984375 267.50006103515625 222.187744140625 188.61700439453125 197.9446563720703125 108.90843963623046875 279.178741455078125 354.39697265625 451.44097900390625 205.63836669921875 219.7462921142578125 361.639556884765625 407.533935546875 465.918060302734375 38.358642578125 0 197.851959228515625 45.913913726806640625 134.050201416015625 459.146881103515625 504.967987060546875 598.99609375 709.48419189453125 773.77593994140625 751.38592529296875 229.180419921875 577.417724609375 713.84710693359375 1000.72906494140625 956.68731689453125 1003.42376708984375 988.38128662109375 859.214599609375 836.68365478515625 926.5347900390625 756.1876220703125 764.62786865234375 80.91211700439453125 622.711181640625 771.5738525390625
257.163299560546875 114.42041778564453125 203.7542266845703125 190.38702392578125 214.5880584716796875 93.03560638427734375 251.1227569580078125 412.784210205078125 340.68511962890625 634.9202880859375 168.189117431640625 160.22174072265625 683.31549072265625 192.0568389892578125 196.16485595703125 101.79172515869140625 216.2589111328125 165.09271240234375 308.359527587890625 459.580413818359375 540.10955810546875 323.43414306640625 289.451324462890625 40.353851318359375 0 0 0 729.70147705078125 626.03973388671875 567.5313720703125 773.31109619140625 618.56787109375 412.2872314453125 621.66998291015625 639.61224365234375 518.662109375 691.32421875 768.06402587890625 955.1851806640625 782.00042724609375 279.716644287109375 296.271270751953125 444.453887939453125 1083.8861083984375 668.43365478515625 691.0986328125 480.97576904296875 726.65765380859375 631.84637451171875 621.53790283203125 749.708251953125
569.112548828125 289.601898193359375 411.883514404296875 433.265106201171875 612.42230224609375 393.815032958984375 649.8304443359375 459.737274169921875 31.789087295532226562 313.965057373046875 364.64593505859375 242.28704833984375 194.3589324951171875 434.273345947265625 336.65802001953125 451.2843017578125 245.127044677734375 374.75848388671875 344.325042724609375 675.11541748046875 566.1146240234375 481.3017578125 603.38519287109375 351.410430908203125 0 0 214.155181884765625 67.216644287109375 55.218608856201171875 465.229034423828125 352.78607177734375 929.21038818359375 828.7933349609375 819.10040283203125 680.2857666015625 610.89923095703125 542.28338623046875 727.85980224609375 709.3935546875 920.08319091796875 979.029541015625 523.72723388671875 497.43743896484375 907.65997314453125 1052.203125 422.001129150390625 230.33544921875 233.9933319091796875 537.46661376953125 581.7188720703125 772.21624755859375
551.94781494140625 123.8353729248046875 340.23675537109375 234.0461883544921875 311.14276123046875 237.3447723388671875 340.1978759765625 392.6224365234375 349.14678955078125 574.54168701171875 677.79302978515625 349.715484619140625 318.553955078125 230.6990509033203125 226.6996307373046875 176.119140625 266.9166259765625 31.788862228393554688 111.429931640625 457.47283935546875 442.534820556640625 326.113128662109375 317.365753173828125 339.41693115234375 383.029083251953125 618.22930908203125 485.81005859375 207.8026123046875 30.100759506225585938 492.30413818359375 528.96063232421875 610.12091064453125 919.67791748046875 946.39031982421875 928.65350341796875 834.92529296875 713.0250244140625 591.31744384765625 975.33404541015625 544.38360595703125 824.7166748046875 608.91180419921875 413.092620849609375 870.30267333984375 978.67559814453125 981.40264892578125 646.4918212890625 189.19952392578125 832.9864501953125 572.010498046875 612.8773193359375
335.427642822265625 389.8436279296875 227.5274810791015625 571.708984375 573.1632080078125 588.92315673828125 373.41693115234375 514.04730224609375 436.413604736328125 657.5775146484375 783.51702880859375 722.4931640625 179.72406005859375 265.741302490234375 241.0635528564453125 337.1224365234375 122.9168701171875 135.8055572509765625 254.725250244140625 464.976104736328125 676.288330078125 725.55841064453125 667.50994873046875 760.86785888671875 830.75067138671875 754.08270263671875 613.2755126953125 414.83892822265625 829.556396484375 901.97528076171875 817.9306640625 475.80194091796875 705.838134765625 765.3572998046875 805.59210205078125 787.301513671875 272.936004638671875 361.7213134765625 953.95379638671875 1021.081787109375 911.51983642578125 759.85931396484375 858.89691162109375 361.695159912109375 454.76678466796875 324.531890869140625 526.28424072265625 217.591033935546875 356.094879150390625 647.437255859375 700.792724609375
417.4754638671875 433.64019775390625 418.0509033203125 620.83642578125 729.14019775390625 842.1097412109375 673.16943359375 751.0162353515625 675.23516845703125 626.97625732421875 895.54803466796875 881.5252685546875 291.63873291015625 208.46820068359375 199.5945892333984375 198.588653564453125 651.205810546875 121.39368438720703125 314.521026611328125 654.52142333984375 566.6793212890625 796.0648193359375 765.96319580078125 673.9508056640625 751.0037841796875 614.6771240234375 788.49481201171875 603.379638671875 747.53753662109375 766.6495361328125 698.89996337890625 405.418853759765625 638.56610107421875 704.88250732421875 730.1402587890625 875.58734130859375 540.44049072265625 61.401744842529296875 661.46539306640625 944.64764404296875 997.70068359375 749.72064208984375 558.25445556640625 461.5794677734375 781.78662109375 274.541107177734375 973.0067138671875 755.3443603515625 567.6280517578125 735.1353759765625 939.49578857421875
787.37957763671875 722.14752197265625 881.5933837890625 678.99163818359375 581.23822021484375 657.7198486328125 605.4676513671875 648.93072509765625 672.55694580078125 586.87298583984375 661.26678466796875 371.90142822265625 115.2467803955078125 199.040618896484375 334.224151611328125 386.61895751953125 390.841583251953125 338.481964111328125 627.34637451171875 517.91229248046875 573.7816162109375 696.615478515625 714.8272705078125 680.96234130859375 810.67510986328125 829.94293212890625 855.90191650390625 838.80853271484375 412.372650146484375 724.0557861328125 659.6839599609375 764.66986083984375 477.58929443359375 458.864471435546875 573.24652099609375 761.33837890625 481.855712890625 882.50567626953125 611.18194580078125 883.9207763671875 674.4713134765625 988.86846923828125 717.52056884765625 878.57366943359375 479.640350341796875 635.48931884765625 985.40411376953125 949.90924072265625 690.35443115234375 854.95941162109375 573.76019287109375
564.2896728515625 634.61181640625 605.51361083984375 616.05950927734375 565.44146728515625 585.99468994140625 846.99932861328125 787.02569580078125 475.886810302734375 208.9423980712890625 286.9085693359375 407.31182861328125 132.867462158203125 896.302734375 427.432708740234375 614.336181640625 576.3837890625 157.3810882568359375 540.03924560546875 782.4910888671875 755.8729248046875 185.05828857421875 293.86566162109375 873.18011474609375 896.032958984375 919.32171630859375 801.57330322265625 702.85296630859375 398.80670166015625 606.41473388671875 891.2779541015625 801.62353515625 848.54852294921875 708.82391357421875 714.6260986328125 693.40313720703125 686.76251220703125 767.65155029296875 572.6221923828125 896.068359375 471.355682373046875 972.69921875 1063.4505615234375 983.6651611328125 188.4501953125 252.96002197265625 1094.9676513671875 904.2237548828125 759.44268798828125 902.98223876953125 723.275146484375
784.42132568359375 456.3209228515625 733.14263916015625 645.14581298828125 720.7120361328125 794.814697265625 793.947265625 823.72991943359375 501.08502197265625 452.058319091796875 412.6688232421875 382.03009033203125 493.660980224609375 1229.9586181640625 466.17828369140625 579.17041015625 483.804443359375 333.039459228515625 529.0859375 802.24285888671875 781.85174560546875 288.974853515625 618.46160888671875 801.89825439453125 583.25823974609375 897.11407470703125 808.4061279296875 653.41888427734375 774.4376220703125 403.71923828125 604.64501953125 748.49969482421875 214.5803985595703125 557.341796875 664.12420654296875 841.1121826171875 851.841796875 634.3350830078125 642.49127197265625 705.47308349609375 797.82952880859375 765.01568603515625 938.63958740234375 636.80914306640625 1030.010009765625 1121.635009765625 588.35986328125 253.64056396484375 350.087249755859375 261.8515625 868.60205078125
