ForecastVariables/BuildingPerimeter_100m/BuildingPerimeter_Random1.asc
ncols        529
nrows        344
xllcorner    2700.000000000000
yllcorner    15900.000000000000
cellsize     100.000000000000
NODATA_value  0
[rows 154 to 175 of 344, columns 153 to 203 of 529]
254.0425262451171875 80.97795867919921875 177.5321044921875 0 58.787811279296875 154.131683349609375 154.8843994140625 184.6846923828125 84.28896331787109375 0 0 0 0 338.996978759765625 2.065032958984375 48.406414031982421875 456.40167236328125 333.117706298828125 107.43996429443359375 0 0 0 0 637.91107177734375 505.98809814453125 252.5421600341796875 278.634613037109375 54.469867706298828125 0 0 0 0 39.364360809326171875 105.6589202880859375 325.2606201171875 407.371917724609375 286.943634033203125 226.441619873046875 214.3600006103515625 361.821563720703125 321.315765380859375 56.64206695556640625 362.192657470703125 170.6392364501953125 228.00689697265625 1166.94580078125 221.6539764404296875 625.6033935546875 407.55682373046875 465.0673828125 599.64068603515625
170.3988037109375 113.00685882568359375 67.95429229736328125 131.4723358154296875 115.04404449462890625 211.991363525390625 197.20172119140625 185.570465087890625 48.379344940185546875 0 0 0 0 212.410919189453125 276.373992919921875 295.30169677734375 563.158447265625 403.11395263671875 458.17755126953125 0 0 0 0 15.092251777648925781 638.7557373046875 791.22344970703125 129.6068572998046875 469.014068603515625 83.7972259521484375 0 0 0 0 0 462.124725341796875 261.07977294921875 169.5315399169921875 388.89410400390625 259.937774658203125 201.7466888427734375 41.742523193359375 95.39026641845703125 234.2094268798828125 345.94879150390625 177.6040191650390625 227.81561279296875 254.70941162109375 476.023681640625 687.2247314453125 344.415191650390625 498.500030517578125
89.6726226806640625 774.63330078125 55.079723358154296875 215.8772735595703125 208.178314208984375 118.32669830322265625 70.3593902587890625 207.919464111328125 0 10.179326057434082031 75.2014923095703125 0 504.735626220703125 35.256443023681640625 206.0851898193359375 348.111541748046875 256.929473876953125 119.81127166748046875 409.2559814453125 0 0 0 0 463.982421875 869.7210693359375 98.97333526611328125 785.07232666015625 606.64599609375 458.216552734375 823.34454345703125 819.45574951171875 0 0 0 0 309.686187744140625 248.746795654296875 246.2320404052734375 369.92364501953125 260.88616943359375 501.555816650390625 340.8621826171875 439.121551513671875 216.8026580810546875 154.460906982421875 106.3426666259765625 273.647705078125 246.430389404296875 281.759063720703125 472.254547119140625 0
305.909149169921875 140.230255126953125 257.803436279296875 104.40868377685546875 0 135.18408203125 123.7690277099609375 77.52977752685546875 269.47772216796875 467.133544921875 378.114044189453125 216.1522369384765625 245.2556915283203125 296.3790283203125 154.414215087890625 418.53857421875 213.7205352783203125 324.676727294921875 523.361328125 81.6692657470703125 100.8883514404296875 112.1037445068359375 0 281.747589111328125 892.37652587890625 119.5909881591796875 115.08231353759765625 805.3790283203125 774.9761962890625 237.2521820068359375 387.8848876953125 1156.5203857421875 472.274169921875 0 0 297.6790771484375 511.9798583984375 145.76812744140625 182.4174652099609375 587.59185791015625 101.804351806640625 481.455291748046875 560.4908447265625 286.442230224609375 398.77459716796875 393.9622802734375 113.19097900390625 389.96063232421875 724.41217041015625 215.5673370361328125 192.88818359375
280.883697509765625 312.57391357421875 293.93804931640625 176.9746856689453125 195.5145416259765625 376.4405517578125 284.715240478515625 0 25.935581207275390625 93.99193572998046875 500.10626220703125 454.228546142578125 136.819000244140625 224.3058624267578125 122.97568511962890625 369.584381103515625 914.1553955078125 228.2962493896484375 1231.8916015625 152.6410675048828125 209.09698486328125 195.9143218994140625 196.9227447509765625 216.688446044921875 474.3634033203125 399.933074951171875 104.61260986328125 846.67559814453125 382.382568359375 212.3316497802734375 289.949005126953125 48.475063323974609375 265.350555419921875 303.89300537109375 246.102020263671875 80.43186187744140625 217.7411956787109375 38.90863800048828125 668.3304443359375 99.13776397705078125 143.1768341064453125 611.466796875 514.051513671875 120.30681610107421875 1088.87744140625 408.79266357421875 338.726806640625 131.5062255859375 36.707286834716796875 554.0384521484375 297.518341064453125
600.948974609375 194.992340087890625 115.1457672119140625 237.78802490234375 278.949951171875 182.3728179931640625 137.908538818359375 0 59.549221038818359375 108.3392486572265625 105.2204132080078125 156.182525634765625 256.677001953125 812.18267822265625 200.4888458251953125 37.499603271484375 64.3820343017578125 705.25946044921875 0 182.639678955078125 242.3972930908203125 122.92575836181640625 138.884918212890625 581.62078857421875 798.34820556640625 180.380645751953125 908.0927734375 903.8564453125 189.196044921875 241.0873565673828125 837.0477294921875 183.7685394287109375 478.47283935546875 158.4277801513671875 218.0860595703125 374.103271484375 194.125732421875 292.470062255859375 395.755126953125 68.36179351806640625 365.809417724609375 102.89623260498046875 183.4166412353515625 215.061859130859375 408.54949951171875 410.7728271484375 246.6063079833984375 30.077228546142578125 586.99652099609375 0 0
252.3725433349609375 257.29180908203125 110.7630767822265625 133.6116943359375 54.426021575927734375 368.860504150390625 252.103973388671875 76.37123870849609375 99.886322021484375 24.509777069091796875 244.7419586181640625 241.6376495361328125 50.95391082763671875 0 0 424.864013671875 73.86067962646484375 433.119781494140625 0 139.5220794677734375 225.828125 159.2520599365234375 173.94622802734375 204.966064453125 874.46728515625 540.73016357421875 883.83770751953125 869.0816650390625 740.5831298828125 613.36993408203125 306.913116455078125 528.4967041015625 228.2360076904296875 238.4750823974609375 677.51007080078125 378.0665283203125 565.9320068359375 129.8392181396484375 343.769805908203125 617.55145263671875 437.805419921875 290.107391357421875 902.2774658203125 395.002349853515625 956.22283935546875 1018.74041748046875 693.12158203125 77.80466461181640625 189.394012451171875 641.1455078125 659.64178466796875
268.071807861328125 343.75689697265625 420.76812744140625 365.2696533203125 162.64044189453125 386.7843017578125 322.30364990234375 262.2252197265625 0 0 36.124408721923828125 58.818599700927734375 0 0 0 0 206.3543548583984375 95.5863800048828125 84.64318084716796875 596.15802001953125 213.557159423828125 94.13311004638671875 346.770050048828125 395.937896728515625 734.17144775390625 837.01129150390625 905.08416748046875 208.855560302734375 847.7808837890625 201.5695037841796875 552.26104736328125 328.96966552734375 107.274017333984375 598.7738037109375 372.20062255859375 336.85772705078125 92.3726806640625 767.51458740234375 355.0592041015625 199.30853271484375 343.0843505859375 208.92767333984375 85.3113250732421875 1068.688232421875 345.771331787109375 603.96728515625 467.1563720703125 377.741241455078125 526.305419921875 336.111083984375 44.7260589599609375
593.4476318359375 615.8187255859375 299.30633544921875 233.8045501708984375 304.368804931640625 513.37481689453125 243.8823089599609375 153.4153900146484375 84.2658233642578125 0 0 0 39.19835662841796875 319.499053955078125 401.607208251953125 122.32598876953125 0 247.063018798828125 229.550933837890625 402.059051513671875 67.77695465087890625 223.9582366943359375 247.0815887451171875 227.472137451171875 453.525787353515625 626.3150634765625 834.22845458984375 63.277698516845703125 288.388641357421875 264.13409423828125 284.7967529296875 553.24163818359375 123.01335906982421875 613.44384765625 698.81329345703125 475.693878173828125 188.3526153564453125 265.9522705078125 245.332977294921875 168.3264007568359375 439.24237060546875 274.667510986328125 213.4841156005859375 598.77532958984375 572.93438720703125 518.63214111328125 524.9072265625 824.21673583984375 1081.569091796875 328.5693359375 369.450927734375
117.39833831787109375 177.7406768798828125 0 356.1470947265625 61.25560760498046875 166.457275390625 207.451385498046875 337.78594970703125 44.950473785400390625 0 297.851470947265625 436.36480712890625 523.59332275390625 638.71380615234375 724.0819091796875 569.80975341796875 364.6173095703125 797.130859375 542.26007080078125 470.61309814453125 100.36859130859375 190.466461181640625 263.9224853515625 137.3259429931640625 512.04022216796875 215.97930908203125 279.16064453125 152.9676971435546875 442.82611083984375 467.106964111328125 522.3504638671875 339.160125732421875 197.8379058837890625 193.5163726806640625 309.112701416015625 162.2549285888671875 414.646026611328125 681.8441162109375 600.35662841796875 353.8238525390625 267.029266357421875 148.42926025390625 144.4111785888671875 271.62353515625 541.862060546875 587.62939453125 620.81072998046875 612.50634765625 798.9039306640625 653.721923828125 106.497802734375
198.81304931640625 477.006072998046875 341.158966064453125 266.108001708984375 184.09698486328125 101.830657958984375 115.3064117431640625 178.468017578125 32.319026947021484375 0 556.40216064453125 348.899871826171875 229.124114990234375 805.203857421875 827.14874267578125 194.4217529296875 234.799407958984375 306.249053955078125 802.67266845703125 664.9462890625 414.5172119140625 128.697845458984375 608.63262939453125 229.0957794189453125 171.7653656005859375 49.9373321533203125 0 33.337390899658203125 734.2919921875 731.90460205078125 375.81109619140625 876.8695068359375 178.85784912109375 306.4892578125 883.06561279296875 685.376953125 615.2159423828125 910.989501953125 133.8443145751953125 292.23443603515625 852.586669921875 354.5618896484375 167.890350341796875 411.857757568359375 614.177734375 921.85028076171875 920.4884033203125 885.979248046875 846.1024169921875 764.38189697265625 536.36181640625
882.8746337890625 484.04083251953125 224.437713623046875 363.620574951171875 377.530303955078125 246.6364898681640625 290.641845703125 478.80731201171875 44.887836456298828125 486.953826904296875 620.1339111328125 299.543853759765625 80.90557098388671875 475.6490478515625 384.39935302734375 557.2952880859375 640.42437744140625 173.700714111328125 260.010467529296875 319.079132080078125 435.742523193359375 173.73529052734375 306.166900634765625 304.532745361328125 347.539459228515625 439.324615478515625 260.42071533203125 0 239.1009063720703125 269.82745361328125 254.6160125732421875 327.689849853515625 202.5359954833984375 445.81219482421875 613.86859130859375 340.530914306640625 263.593597412109375 844.11724853515625 390.556793212890625 827.97503662109375 285.0418701171875 590.7066650390625 309.920989990234375 149.4868316650390625 706.4783935546875 789.842041015625 687.27435302734375 839.82171630859375 491.84442138671875 263.741180419921875 267.944549560546875
500.65283203125 898.67987060546875 49.658481597900390625 306.87274169921875 225.86248779296875 417.476318359375 429.59466552734375 309.482177734375 49.79044342041015625 662.24017333984375 236.8254547119140625 600.65069580078125 84.78812408447265625 510.56475830078125 530.529052734375 731.26983642578125 710.1378173828125 716.71759033203125 708.70379638671875 831.5103759765625 218.2673187255859375 649.73834228515625 299.630828857421875 209.5961151123046875 293.897216796875 506.1983642578125 176.76519775390625 210.3799285888671875 115.1985626220703125 465.242279052734375 868.8062744140625 285.245941162109375 108.01313018798828125 385.8310546875 385.189666748046875 77.41588592529296875 560.40496826171875 196.94012451171875 260.48297119140625 212.1130523681640625 144.511077880859375 288.467376708984375 256.00244140625 226.869140625 35.001865386962890625 0 721.95989990234375 550.77325439453125 91.89531707763671875 34.85985565185546875 351.444793701171875
162.010650634765625 261.641571044921875 496.437042236328125 238.298065185546875 382.577484130859375 132.4944915771484375 285.238616943359375 14.97705841064453125 0 336.042083740234375 208.9519805908203125 261.798980712890625 594.49835205078125 184.0902252197265625 741.14849853515625 393.687774658203125 174.4384765625 753.90740966796875 526.12261962890625 491.66888427734375 535.4200439453125 115.95542144775390625 273.213531494140625 403.22918701171875 604.73211669921875 139.2446441650390625 382.987091064453125 323.546356201171875 303.483062744140625 172.101318359375 302.833526611328125 227.0009918212890625 238.23028564453125 596.39227294921875 41.9338836669921875 313.3709716796875 356.45001220703125 292.027587890625 302.18951416015625 157.217132568359375 323.162689208984375 491.6990966796875 112.226287841796875 452.769134521484375 509.7841796875 172.823486328125 769.24676513671875 554.1761474609375 118.48785400390625 149.8247528076171875 720.7357177734375
15.628481864929199219 81.589447021484375 291.4412841796875 234.1663818359375 487.369232177734375 222.609130859375 286.478912353515625 17.496328353881835938 273.367584228515625 0 770.7330322265625 560.1812744140625 51.397960662841796875 498.1185302734375 170.59246826171875 711.87103271484375 642.5860595703125 675.87017822265625 512.34576416015625 320.35302734375 379.63336181640625 113.74149322509765625 111.2021331787109375 608.95513916015625 583.9964599609375 225.5134124755859375 411.587615966796875 583.85162353515625 331.056365966796875 439.6383056640625 35.41794586181640625 0 0 277.31756591796875 193.77740478515625 290.533538818359375 104.72374725341796875 78.4868316650390625 271.47894287109375 215.3637542724609375 243.6648101806640625 540.12115478515625 929.9075927734375 375.743133544921875 92.98648834228515625 197.0439300537109375 502.3665771484375 641.9737548828125 717.4708251953125 829.640380859375 466.413482666015625
0 0 0 0 7.4331030845642089844 162.106292724609375 145.5784454345703125 508.3441162109375 607.61798095703125 438.01177978515625 669.363525390625 475.904998779296875 548.9921875 811.002197265625 209.14288330078125 150.4709014892578125 723.7235107421875 297.432220458984375 496.349639892578125 167.495147705078125 340.48797607421875 929.7320556640625 146.96405029296875 491.92388916015625 382.78369140625 253.639129638671875 460.228973388671875 349.20172119140625 442.87646484375 269.73321533203125 255.31195068359375 0 78.3515625 325.54730224609375 358.543548583984375 398.040496826171875 300.080902099609375 172.2108917236328125 211.20135498046875 280.7855224609375 225.5142364501953125 673.22552490234375 742.27923583984375 798.158203125 644.690185546875 182.886566162109375 151.645050048828125 437.249298095703125 490.188201904296875 450.063690185546875 481.83221435546875
0 0 0 0 0 598.82745361328125 0 171.990478515625 233.2414093017578125 1039.2996826171875 303.950164794921875 498.478668212890625 728.85369873046875 692.9859619140625 496.794921875 419.33843994140625 297.069244384765625 1090.1748046875 121.8221435546875 562.19482421875 233.1772308349609375 360.0916748046875 436.285247802734375 269.9747314453125 303.93756103515625 272.417205810546875 208.297393798828125 192.9627227783203125 258.051605224609375 271.325897216796875 585.3980712890625 370.61175537109375 320.679534912109375 505.895111083984375 79.5678863525390625 225.3829803466796875 252.965911865234375 179.9757232666015625 245.714111328125 272.994049072265625 282.335693359375 718.8785400390625 590.8653564453125 177.9787750244140625 880.71112060546875 534.35797119140625 367.9093017578125 774.2672119140625 1102.518310546875 565.39471435546875 369.80029296875
0 0 0 0 0 0 61.8375091552734375 355.35198974609375 538.50445556640625 281.044097900390625 702.846923828125 735.89569091796875 162.3358306884765625 420.767791748046875 415.497650146484375 704.50286865234375 158.3294219970703125 63.706951141357421875 322.0618896484375 211.147216796875 319.185882568359375 643.0194091796875 107.40065765380859375 266.746124267578125 16.530305862426757812 350.621978759765625 488.4462890625 260.817291259765625 198.8801727294921875 166.545318603515625 280.3175048828125 319.74560546875 371.5582275390625 152.3097991943359375 280.511566162109375 304.7034912109375 515.1846923828125 47.0500335693359375 331.405731201171875 353.559356689453125 558.6007080078125 632.94482421875 790.46044921875 781.2506103515625 97.33979034423828125 689.00042724609375 694.27191162109375 794.24456787109375 1026.974853515625 852.78192138671875 345.67120361328125
0 0 0 0 0 3.4438543319702148438 279.168060302734375 289.276092529296875 239.21533203125 114.858917236328125 635.104248046875 30.7523040771484375 372.0352783203125 204.8759765625 290.5859375 592.1851806640625 416.035675048828125 339.327667236328125 281.090728759765625 74.62256622314453125 494.219024658203125 476.265228271484375 168.18560791015625 321.971405029296875 274.626922607421875 299.763885498046875 531.87384033203125 360.219146728515625 88.52227783203125 203.697845458984375 349.488250732421875 116.681243896484375 54.84427642822265625 790.81121826171875 240.1150054931640625 458.71038818359375 176.2444305419921875 262.671295166015625 368.6641845703125 461.334503173828125 925.0574951171875 639.9969482421875 652.531005859375 941.22991943359375 590.606201171875 170.8339385986328125 436.757843017578125 469.950653076171875 360.526031494140625 797.8521728515625 454.97027587890625
0 0 0 0 0 188.928070068359375 384.852630615234375 265.248260498046875 330.738128662109375 194.567474365234375 167.470947265625 564.8819580078125 123.4826812744140625 610.04046630859375 703.631103515625 695.16888427734375 255.668243408203125 411.04833984375 97.30823516845703125 48.83636474609375 507.506744384765625 451.248809814453125 394.3160400390625 628.67352294921875 263.248870849609375 391.613922119140625 466.86859130859375 293.12615966796875 218.880279541015625 414.42364501953125 548.163330078125 270.64605712890625 141.9897003173828125 817.40380859375 120.08077239990234375 598.987060546875 1217.4874267578125 329.43994140625 108.30538177490234375 607.5775146484375 812.8524169921875 773.84747314453125 807.22259521484375 950.45941162109375 716.46295166015625 527.09393310546875 256.753021240234375 370.50140380859375 113.31800079345703125 619.727294921875 844.0859375
0 0 0 0 0 428.525115966796875 258.26251220703125 357.0963134765625 270.020263671875 335.730560302734375 240.4352264404296875 298.11669921875 176.4553375244140625 540.12799072265625 454.169097900390625 438.65997314453125 694.7891845703125 565.52056884765625 97.935546875 0 234.4014739990234375 483.81451416015625 322.128570556640625 511.56048583984375 307.9952392578125 65.77472686767578125 450.56494140625 197.158172607421875 253.1481170654296875 311.79644775390625 257.16400146484375 204.1668243408203125 145.4861907958984375 86.51708221435546875 27.2788543701171875 236.208831787109375 607.25286865234375 459.011749267578125 92.73302459716796875 256.759429931640625 782.2825927734375 649.02496337890625 711.92230224609375 1045.5010986328125 617.1614990234375 405.6544189453125 685.0828857421875 145.447052001953125 466.4716796875 412.40924072265625 246.63067626953125
0 0 0 278.476104736328125 240.685943603515625 65.55600738525390625 300.913818359375 366.674407958984375 171.018035888671875 330.70849609375 308.90814208984375 496.547637939453125 133.01934814453125 293.166839599609375 902.1260986328125 572.3851318359375 717.056396484375 513.1287841796875 236.7819671630859375 341.94134521484375 0 219.0932464599609375 322.129852294921875 547.0072021484375 321.16015625 239.240997314453125 61.466739654541015625 83.13617706298828125 405.891937255859375 484.095703125 163.3381500244140625 290.187530517578125 92.936248779296875 57.196453094482421875 1311.834228515625 275.74957275390625 289.618743896484375 350.96417236328125 91.5584716796875 106.94435882568359375 389.63360595703125 354.502716064453125 345.324554443359375 718.2930908203125 766.84161376953125 649.44268798828125 391.541839599609375 260.628265380859375 770.4256591796875 547.75384521484375 447.270477294921875
