ForecastVariables/BuildingPerimeter_100m/BuildingPerimeter_Random3.asc
ncols        529
nrows        344
xllcorner    2700.000000000000
yllcorner    15900.000000000000
cellsize     100.000000000000
NODATA_value  0
[rows 132 to 153 of 344, columns 153 to 203 of 529]
419.96636962890625 524.82635498046875 453.4974365234375 583.87841796875 771.6597900390625 333.93463134765625 696.16619873046875 282.1650390625 0 0 0 442.916839599609375 359.54730224609375 336.0965576171875 287.53289794921875 405.93341064453125 413.837310791015625 352.49658203125 150.2019195556640625 0 0 0 0 0 114.8508148193359375 75.98973846435546875 0 0 0 0 0 0 0 0 0 0 0 45.86051177978515625 0 0 0 0 0 0 0 0 0 0 0 246.3556060791015625 445.01800537109375
728.775390625 383.661590576171875 301.355316162109375 627.59759521484375 406.288177490234375 391.49591064453125 331.720916748046875 284.89306640625 72.05791473388671875 7.2234935760498046875 0 220.798614501953125 573.0062255859375 328.878448486328125 609.377685546875 530.4393310546875 422.140045166015625 658.72528076171875 338.238861083984375 0 0 0 0 0 0 0 0 0 0 0 107.21616363525390625 0 0 0 0 0 0 0 24.216848373413085938 0 0 0 0 0 0 0 0 0 0 801.03076171875 188.4892120361328125
683.77520751953125 256.884124755859375 303.46575927734375 577.463623046875 316.885498046875 212.872528076171875 361.486663818359375 64.11692047119140625 229.915130615234375 643.22064208984375 378.366180419921875 23.466930389404296875 543.6175537109375 619.79608154296875 565.35308837890625 636.320556640625 420.33319091796875 404.362396240234375 313.43310546875 0 0 0 0 0 0 0 0 0 0 0 390.766998291015625 50.621204376220703125 0 39.1372528076171875 285.32220458984375 22.753332138061523438 0 0 0 0 0 0 0 0 0 0 0 0 80.52667999267578125 252.217437744140625 373.062103271484375
585.0867919921875 331.412933349609375 619.95745849609375 562.0902099609375 647.99285888671875 252.6433868408203125 230.500396728515625 324.720672607421875 431.28106689453125 158.5503997802734375 255.97613525390625 502.76934814453125 382.93951416015625 1317.143310546875 58.3121185302734375 294.002197265625 510.054931640625 617.584228515625 298.43115234375 40.751739501953125 0 0 0 0 0 0 0 0 29.932210922241210938 0 94.45372772216796875 388.03497314453125 142.631317138671875 415.211944580078125 615.34893798828125 165.5739593505859375 163.6651763916015625 90.23016357421875 0 0 0 0 0 0 0 0 0 0 449.59759521484375 141.5276947021484375 1142.3480224609375
529.48870849609375 177.3944854736328125 189.44073486328125 709.88116455078125 646.38909912109375 42.460784912109375 515.21234130859375 44.892185211181640625 91.69579315185546875 231.1481170654296875 709.18988037109375 800.732177734375 550.0408935546875 447.94580078125 427.716461181640625 630.935546875 646.72650146484375 718.15692138671875 235.4509429931640625 978.779296875 0 0 36.96298980712890625 270.036285400390625 31.507734298706054688 0 672.640869140625 125.78836822509765625 0 343.114471435546875 318.10009765625 299.649322509765625 375.156768798828125 72.1768951416015625 86.68951416015625 489.52703857421875 359.14385986328125 0 0 0 0 30.62329864501953125 0 0 0 0 0 0 130.8351593017578125 483.284393310546875 495.73834228515625
428.618682861328125 561.1785888671875 269.848297119140625 533.466796875 91.27349090576171875 428.4962158203125 467.6468505859375 375.822723388671875 23.379962921142578125 360.5133056640625 420.24462890625 480.132415771484375 628.9908447265625 471.18804931640625 75.9598388671875 521.9959716796875 756.73388671875 171.650238037109375 84.10465240478515625 0 0 0 273.095977783203125 216.74444580078125 681.74285888671875 352.793731689453125 528.58648681640625 583.01312255859375 314.891937255859375 106.39572906494140625 992.262451171875 209.3319549560546875 505.580047607421875 605.886474609375 1116.873046875 269.4127197265625 234.156524658203125 472.792999267578125 820.61224365234375 325.87646484375 31.519533157348632812 373.5111083984375 86.04761505126953125 0 0 0 0 0 24.815008163452148438 258.88262939453125 93.91817474365234375
500.4171142578125 436.458526611328125 501.429046630859375 272.04248046875 127.22496795654296875 558.40087890625 592.3721923828125 529.0665283203125 407.761962890625 303.71270751953125 606.385986328125 501.7166748046875 544.01556396484375 373.54779052734375 620.76531982421875 93.03456878662109375 280.933380126953125 466.72601318359375 506.744598388671875 176.7739715576171875 0 0 91.83718109130859375 557.60791015625 527.992919921875 416.217132568359375 175.6548614501953125 247.52374267578125 295.431396484375 400.55023193359375 29.739332199096679688 665.48883056640625 328.234588623046875 261.18194580078125 201.025970458984375 614.48907470703125 336.911468505859375 726.30780029296875 53.117523193359375 236.9033966064453125 289.5274658203125 152.334503173828125 0 0 0 0 0 0 0 36.7177276611328125 684.263916015625
50.36312103271484375 535.54803466796875 462.51422119140625 70.7763671875 428.41693115234375 335.208404541015625 152.610504150390625 321.767364501953125 345.503387451171875 192.261688232421875 200.2189483642578125 564.80242919921875 640.21429443359375 686.00787353515625 234.877227783203125 40.204952239990234375 331.765045166015625 582.22137451171875 566.45147705078125 211.66839599609375 0 0 0 270.85113525390625 679.4810791015625 649.0069580078125 778.74237060546875 91.95361328125 337.20074462890625 251.598419189453125 713.82440185546875 769.2469482421875 810.880615234375 538.422607421875 134.530303955078125 326.096405029296875 456.479278564453125 215.44073486328125 184.3483428955078125 248.7196044921875 1004.310791015625 304.808868408203125 0 0 0 0 0 0 0 221.706634521484375 103.3936004638671875
0 128.384918212890625 159.0215301513671875 585.75299072265625 617.02362060546875 349.78826904296875 166.518951416015625 394.01947021484375 409.7901611328125 249.692352294921875 240.4379730224609375 140.5452728271484375 83.01012420654296875 127.466766357421875 168.5809478759765625 506.969696044921875 396.34429931640625 510.13983154296875 630.00238037109375 226.088348388671875 0 0 0 0 376.094573974609375 806.6552734375 961.53802490234375 756.263916015625 274.74859619140625 533.92254638671875 846.65521240234375 848.77606201171875 583.45098876953125 631.22412109375 652.38238525390625 100.66204071044921875 1233.499755859375 523.34490966796875 99.26993560791015625 127.619049072265625 151.33428955078125 0 0 0 0 0 340.560516357421875 143.81707763671875 277.625 999.28173828125 166.4482879638671875
552.13201904296875 0 45.78022003173828125 110.7812042236328125 247.6719512939453125 218.7229766845703125 297.025115966796875 241.2573699951171875 232.4433441162109375 501.429290771484375 497.525360107421875 264.935546875 462.19952392578125 852.7958984375 609.89569091796875 588.96600341796875 376.31390380859375 244.4854888916015625 614.6058349609375 126.91864013671875 0 0 0 0 0 286.563995361328125 952.83447265625 631.3756103515625 457.74017333984375 200.8706207275390625 862.0771484375 881.34698486328125 712.2418212890625 852.59625244140625 908.6793212890625 441.036895751953125 258.767364501953125 557.7081298828125 149.1742401123046875 223.7906951904296875 394.588836669921875 0 0 0 187.0732574462890625 362.207427978515625 33.92353057861328125 389.6099853515625 554.96429443359375 623.61212158203125 153.972137451171875
243.0606842041015625 337.170867919921875 523.54290771484375 325.543182373046875 210.0272369384765625 216.2254486083984375 234.9917449951171875 130.6412811279296875 408.797393798828125 450.278228759765625 508.10382080078125 198.914215087890625 146.0925750732421875 393.799072265625 20.59102630615234375 490.550384521484375 0 85.0523223876953125 342.624847412109375 232.2647552490234375 0 0 0 0 125.7556610107421875 100.0297088623046875 243.6486358642578125 286.615631103515625 325.91387939453125 381.850830078125 471.24749755859375 751.23211669921875 607.93780517578125 793.53546142578125 446.74945068359375 463.11334228515625 424.605987548828125 205.4531707763671875 483.113494873046875 313.701995849609375 219.266632080078125 0 289.816619873046875 447.95867919921875 164.1691741943359375 847.431396484375 372.2584228515625 620.83563232421875 524.82373046875 415.092010498046875 466.837738037109375
163.07080078125 324.7647705078125 421.87420654296875 610.5596923828125 442.67510986328125 92.7754364013671875 665.34918212890625 293.37506103515625 694.06402587890625 705.7227783203125 445.789215087890625 56.390308380126953125 274.61346435546875 423.320526123046875 162.792083740234375 460.39605712890625 47.670612335205078125 11.007415771484375 414.952789306640625 320.799713134765625 0 0 0 11.778763771057128906 477.4576416015625 544.7880859375 427.601898193359375 370.4122314453125 372.60736083984375 552.98583984375 582.53009033203125 529.6517333984375 659.72796630859375 664.20965576171875 1011.2799072265625 658.85723876953125 226.635650634765625 146.0369873046875 199.1732025146484375 0 215.907562255859375 59.3007659912109375 783.01123046875 451.767730712890625 558.7452392578125 790.46649169921875 836.5123291015625 513.79827880859375 438.936798095703125 641.54742431640625 435.982666015625
335.694915771484375 552.32989501953125 153.718170166015625 358.77783203125 568.4481201171875 155.60284423828125 189.4151458740234375 95.3238372802734375 86.9963531494140625 498.652496337890625 435.83990478515625 343.970489501953125 618.7303466796875 424.667572021484375 330.712860107421875 613.95782470703125 790.1099853515625 0 349.341644287109375 650.91693115234375 166.15435791015625 0 0 43.1869049072265625 570.810546875 450.516876220703125 377.35888671875 408.533447265625 462.969146728515625 576.58392333984375 417.949493408203125 390.015777587890625 376.664947509765625 528.037109375 514.1048583984375 146.0589447021484375 120.37140655517578125 243.6502685546875 567.3310546875 0 685.75506591796875 989.125244140625 662.01116943359375 827.0167236328125 487.035003662109375 933.943115234375 1081.2874755859375 118.4894256591796875 386.16558837890625 647.26715087890625 681.49810791015625
336.10772705078125 186.763031005859375 199.8164825439453125 654.1708984375 49.243862152099609375 126.6725311279296875 380.241790771484375 235.699615478515625 124.01563262939453125 138.2098388671875 210.5447235107421875 446.08721923828125 566.98992919921875 782.11358642578125 313.88153076171875 417.391021728515625 38.1497802734375 246.8320465087890625 368.032073974609375 622.74920654296875 468.753631591796875 0 0 310.029327392578125 819.69293212890625 669.03619384765625 393.729644775390625 345.321136474609375 497.279052734375 663.52386474609375 131.9533233642578125 641.131103515625 458.944610595703125 357.571502685546875 488.831756591796875 268.193817138671875 496.042724609375 123.628662109375 35.8215484619140625 257.113189697265625 211.0223236083984375 506.3768310546875 704.92388916015625 696.80926513671875 354.780548095703125 665.53607177734375 1109.0380859375 277.055419921875 765.39776611328125 330.994903564453125 475.848297119140625
382.143096923828125 483.52752685546875 395.8546142578125 375.616668701171875 76.79994964599609375 0 172.1918182373046875 334.46075439453125 389.2860107421875 232.2669677734375 341.355712890625 117.30850982666015625 275.72607421875 577.825927734375 440.622406005859375 393.678009033203125 294.552947998046875 381.038330078125 219.349945068359375 1112.7855224609375 709.1728515625 0 0 699.08001708984375 957.22113037109375 809.16156005859375 495.65631103515625 371.69903564453125 549.9976806640625 252.62713623046875 451.354278564453125 608.30419921875 551.446044921875 350.505767822265625 428.61578369140625 492.783905029296875 311.14581298828125 94.70149993896484375 62.299076080322265625 126.89748382568359375 549.60430908203125 422.976043701171875 490.64599609375 654.52325439453125 715.13360595703125 702.16351318359375 925.0662841796875 336.3740234375 621.85089111328125 557.866455078125 197.94097900390625
430.437835693359375 487.912994384765625 255.4709014892578125 494.73651123046875 162.7024688720703125 0 283.77996826171875 126.06311798095703125 294.237884521484375 419.62335205078125 348.429534912109375 281.103179931640625 194.5789337158203125 138.2975311279296875 423.35406494140625 434.944610595703125 436.26116943359375 338.912567138671875 231.820892333984375 350.457550048828125 154.655303955078125 0 0 573.97637939453125 665.02886962890625 823.39068603515625 236.377044677734375 389.519439697265625 403.58599853515625 366.35137939453125 555.29559326171875 499.680145263671875 525.93206787109375 578.4935302734375 540.54351806640625 387.9976806640625 287.1494140625 23.195997238159179688 35.488399505615234375 28.194211959838867188 217.03253173828125 361.035888671875 105.56113433837890625 582.1492919921875 494.087799072265625 462.371917724609375 760.83721923828125 170.480712890625 718.89019775390625 532.95703125 97.67650604248046875
102.2780914306640625 32.16402435302734375 172.310577392578125 0 0 0 259.194366455078125 181.6495208740234375 477.67425537109375 433.1490478515625 610.4061279296875 330.664093017578125 286.04449462890625 328.62603759765625 260.046905517578125 110.101226806640625 324.996246337890625 464.2015380859375 137.830413818359375 0 0 0 0 309.2225341796875 797.66961669921875 636.4569091796875 642.57342529296875 724.8604736328125 330.948089599609375 622.6514892578125 795.73895263671875 653.06494140625 630.18634033203125 797.5513916015625 345.912872314453125 243.8096160888671875 100.5135345458984375 0 0 152.5908660888671875 268.454833984375 73.93701171875 6.131847381591796875 462.455047607421875 339.117156982421875 371.528411865234375 581.6422119140625 941.571533203125 751.11785888671875 596.043212890625 602.24615478515625
258.147369384765625 196.7636566162109375 37.3813934326171875 115.1866912841796875 114.67124176025390625 230.847381591796875 126.07439422607421875 101.843414306640625 591.7803955078125 891.00030517578125 423.655670166015625 445.586212158203125 315.08612060546875 318.14984130859375 177.676727294921875 350.250701904296875 93.4457244873046875 0 0 0 0 0 0 0 696.1072998046875 730.47735595703125 569.878662109375 722.76495361328125 774.38446044921875 670.89776611328125 622.380859375 232.7298583984375 778.798583984375 776.26025390625 96.74076080322265625 0 131.305694580078125 175.2848968505859375 0 159.69415283203125 100.7096099853515625 506.127166748046875 308.878082275390625 804.31842041015625 480.921112060546875 588.3255615234375 98.7393951416015625 860.8953857421875 835.09613037109375 996.285400390625 931.51666259765625
253.981536865234375 154.62847900390625 139.093353271484375 0 100.6776885986328125 320.7210693359375 103.31020355224609375 100.43511962890625 1.3747663497924804688 0 0 0 0 0 0 435.16058349609375 245.3118438720703125 66.0931243896484375 0 0 0 0 0 0 177.1397857666015625 679.63861083984375 414.83447265625 575.74346923828125 888.80426025390625 913.7005615234375 549.4853515625 733.6539306640625 641.2960205078125 201.1487274169921875 0 218.3000946044921875 343.700592041015625 192.4061431884765625 0 257.84423828125 230.2671661376953125 277.131744384765625 7.3309907913208007812 801.0908203125 215.5363616943359375 346.252197265625 188.554443359375 179.8084716796875 593.72015380859375 814.8017578125 751.35748291015625
201.2313079833984375 150.6191558837890625 85.35498046875 126.94666290283203125 109.97794342041015625 204.8401336669921875 74.32207489013671875 86.44895172119140625 0 0 0 0 0 0 0 107.69835662841796875 199.688812255859375 217.3079681396484375 0 0 0 0 0 0 0 599.6380615234375 641.270263671875 690.12109375 822.45361328125 784.667236328125 810.65185546875 337.179962158203125 149.2463531494140625 30.446002960205078125 250.206207275390625 441.1883544921875 452.89776611328125 238.9752349853515625 0 425.279388427734375 579.026611328125 402.5147705078125 86.5956268310546875 17.280704498291015625 483.738861083984375 457.36346435546875 559.8017578125 330.8948974609375 258.54095458984375 199.0277862548828125 130.4521484375
140.4329986572265625 96.6599578857421875 164.524932861328125 212.8162384033203125 88.4569091796875 224.7932891845703125 72.1008453369140625 98.20966339111328125 0 0 0 0 0 0 0 0 175.3354339599609375 112.494476318359375 0 0 0 0 0 0 0 393.06866455078125 816.28875732421875 703.1593017578125 683.382080078125 155.6134490966796875 11.496916770935058594 141.4664459228515625 429.077972412109375 172.6804046630859375 229.114288330078125 445.04443359375 278.426483154296875 132.3890228271484375 3.8166725635528564453 421.301605224609375 332.826812744140625 198.8002471923828125 327.390350341796875 778.296875 506.393463134765625 447.9661865234375 469.0804443359375 429.6109619140625 523.6815185546875 502.5789794921875 468.83349609375
143.860626220703125 116.65627288818359375 126.6010284423828125 207.22119140625 142.6093292236328125 203.6855010986328125 149.7407073974609375 192.223968505859375 0 0 0 0 0 0 204.096710205078125 28.149042129516601562 342.272003173828125 134.692291259765625 0 0 0 0 0 293.000823974609375 173.919036865234375 5.1383376121520996094 11.552502632141113281 0 0 0 71.819000244140625 390.4273681640625 553.25921630859375 330.05902099609375 195.5760955810546875 291.646484375 206.7584075927734375 33.204807281494140625 984.54266357421875 753.37420654296875 156.314178466796875 401.54608154296875 117.784271240234375 271.459747314453125 383.439483642578125 754.45355224609375 70.04077911376953125 617.6973876953125 435.49456787109375 831.25750732421875 427.961517333984375
