ForecastVariables/BuildingPerimeter_100m/BuildingPerimeter_Random5.asc
ncols        529
nrows        344
xllcorner    2700.000000000000
yllcorner    15900.000000000000
cellsize     100.000000000000
NODATA_value  0
[rows 132 to 153 of 344, columns 255 to 305 of 529]
265.209686279296875 502.77685546875 502.037353515625 327.614532470703125 235.8127593994140625 31.3421478271484375 227.3602142333984375 371.86993408203125 485.213592529296875 310.816009521484375 482.350128173828125 760.2158203125 747.49102783203125 695.72503662109375 385.99066162109375 182.6270294189453125 608.0626220703125 216.7064208984375 58.758090972900390625 110.08530426025390625 415.017120361328125 1439.1756591796875 119.9845428466796875 227.2305755615234375 131.3671875 91.7399444580078125 425.39862060546875 132.41595458984375 754.619873046875 192.8866424560546875 93.62628936767578125 376.282806396484375 275.033477783203125 477.11358642578125 97.40737152099609375 240.2565460205078125 339.697906494140625 508.461669921875 307.634979248046875 15.706141471862792969 116.21408843994140625 208.085479736328125 515.2989501953125 397.134674072265625 267.461151123046875 396.624786376953125 230.164581298828125 452.20404052734375 188.41583251953125 310.551971435546875 266.82049560546875
291.14422607421875 68.41806793212890625 199.1665802001953125 535.78118896484375 550.20672607421875 95.18299102783203125 368.78839111328125 351.44281005859375 317.0074462890625 684.30389404296875 489.218780517578125 546.5628662109375 477.241119384765625 433.561187744140625 274.257080078125 417.2012939453125 407.0902099609375 293.8643798828125 547.50775146484375 204.0830230712890625 252.175537109375 192.4981536865234375 279.18902587890625 0 158.900421142578125 0.85832434892654418945 119.53826141357421875 128.469940185546875 87.359161376953125 270.924224853515625 278.2457275390625 290.080718994140625 302.314788818359375 422.2498779296875 259.76837158203125 408.458160400390625 463.008209228515625 542.0501708984375 378.242401123046875 378.13787841796875 221.992218017578125 544.3966064453125 165.44305419921875 229.735015869140625 437.125244140625 421.707916259765625 333.99688720703125 485.029052734375 646.19879150390625 118.62172698974609375 397.094512939453125
381.174560546875 843.135986328125 97.063507080078125 406.381317138671875 455.12884521484375 18.849720001220703125 496.997222900390625 355.375701904296875 756.8070068359375 663.9515380859375 628.2650146484375 562.0086669921875 463.321990966796875 374.742889404296875 257.173065185546875 562.77978515625 489.7589111328125 411.3448486328125 396.718017578125 478.06439208984375 327.51202392578125 294.366058349609375 534.90081787109375 137.47503662109375 29.72442626953125 20.18795013427734375 230.1520843505859375 304.879638671875 303.697723388671875 323.1058349609375 368.391845703125 569.8543701171875 673.73095703125 385.600341796875 414.96099853515625 287.016815185546875 456.081451416015625 430.13916015625 576.98504638671875 382.562591552734375 471.36212158203125 191.5462799072265625 278.331268310546875 294.707672119140625 529.18634033203125 386.228363037109375 357.064544677734375 396.59783935546875 649.70172119140625 439.734588623046875 483.1458740234375
632.384033203125 303.991424560546875 123.9064178466796875 151.5625152587890625 150.655914306640625 0 262.023590087890625 266.4154052734375 406.350311279296875 165.942047119140625 597.45037841796875 334.962158203125 113.57293701171875 16.5340118408203125 351.066192626953125 735.7021484375 390.045745849609375 636.16119384765625 346.3065185546875 350.082427978515625 442.70489501953125 198.0520172119140625 369.596160888671875 402.8382568359375 48.606685638427734375 134.18267822265625 62.07384490966796875 243.4785614013671875 782.7982177734375 379.7669677734375 714.41949462890625 757.21343994140625 791.5606689453125 816.14178466796875 1031.1776123046875 631.82623291015625 695.3980712890625 430.368560791015625 396.23114013671875 428.705047607421875 321.33111572265625 525.76593017578125 310.95416259765625 551.921875 366.10528564453125 399.840118408203125 409.025543212890625 443.35943603515625 652.29766845703125 750.20147705078125 274.917236328125
452.70928955078125 547.7935791015625 542.91009521484375 332.06201171875 261.149383544921875 812.8289794921875 217.5256500244140625 337.399932861328125 293.715484619140625 106.5189666748046875 195.80035400390625 204.80755615234375 0 61.36843109130859375 383.78204345703125 465.3880615234375 260.4757080078125 494.806488037109375 274.4005126953125 446.4677734375 442.576385498046875 351.701171875 464.875274658203125 615.021240234375 127.05027008056640625 295.224273681640625 61.0253448486328125 304.614593505859375 869.44757080078125 870.57220458984375 699.11090087890625 842.94879150390625 799.793701171875 1282.64404296875 971.63916015625 721.1422119140625 702.67547607421875 428.66558837890625 610.5281982421875 671.4482421875 680.37066650390625 110.298858642578125 456.828521728515625 433.31195068359375 244.73272705078125 257.534820556640625 502.425811767578125 717.85791015625 325.29925537109375 873.3721923828125 391.2767333984375
54.356166839599609375 309.6158447265625 910.68634033203125 115.3912353515625 320.681671142578125 154.171875 101.8494873046875 211.173004150390625 277.095977783203125 344.86700439453125 566.18487548828125 209.1996002197265625 70.37281036376953125 293.451019287109375 541.9176025390625 547.77099609375 414.256134033203125 580.81201171875 440.95819091796875 307.877471923828125 597.16455078125 433.95404052734375 516.052978515625 480.942352294921875 28.783567428588867188 224.2314300537109375 0 270.82464599609375 802.52349853515625 1019.7974853515625 665.73748779296875 612.2779541015625 756.15130615234375 1112.426513671875 751.5084228515625 612.36456298828125 751.93560791015625 692.28143310546875 610.78973388671875 664.6383056640625 452.058929443359375 393.3948974609375 495.6239013671875 88.46446990966796875 272.200164794921875 372.956756591796875 569.3604736328125 143.11376953125 95.95894622802734375 972.2825927734375 222.6913604736328125
0 45.27010345458984375 591.05352783203125 18.829620361328125 562.61700439453125 159.4629058837890625 531.5164794921875 593.4521484375 723.81585693359375 239.1768798828125 449.27313232421875 310.962066650390625 160.9107666015625 267.900726318359375 432.528106689453125 433.832000732421875 209.2364654541015625 524.3564453125 667.6025390625 292.468170166015625 401.689056396484375 353.594085693359375 465.403289794921875 402.255615234375 170.357025146484375 426.517333984375 223.87567138671875 0 616.43316650390625 1073.4022216796875 657.10687255859375 748.76556396484375 684.6431884765625 806.00909423828125 1053.363037109375 719.25933837890625 830.76275634765625 727.0789794921875 999.58526611328125 969.8924560546875 321.51318359375 405.400604248046875 337.111785888671875 874.81488037109375 488.6241455078125 592.9039306640625 664.4759521484375 621.01446533203125 738.94757080078125 635.9910888671875 665.45928955078125
0 0 924.03997802734375 49.23879241943359375 98.18643951416015625 321.557647705078125 255.4989471435546875 253.1505584716796875 929.72772216796875 230.6876678466796875 494.317474365234375 685.30670166015625 312.48309326171875 0 275.963165283203125 121.5662841796875 547.3211669921875 413.447418212890625 426.3509521484375 410.046295166015625 574.8974609375 561.36529541015625 717.65325927734375 265.64495849609375 60.68349456787109375 298.39935302734375 433.0777587890625 0 369.52972412109375 695.77337646484375 692.98486328125 940.4864501953125 744.912109375 652.37493896484375 715.53375244140625 680.78619384765625 857.19390869140625 748.67828369140625 851.30401611328125 470.910888671875 563.07830810546875 941.08673095703125 951.473388671875 878.6263427734375 736.266357421875 362.86981201171875 569.8553466796875 529.30047607421875 438.943359375 594.7513427734375 581.95928955078125
44.403900146484375 0 690.7003173828125 222.61456298828125 252.851959228515625 725.36895751953125 310.37109375 232.155792236328125 215.0770416259765625 287.546417236328125 786.23681640625 568.66070556640625 242.3570709228515625 0 0 10.112760543823242188 154.3127593994140625 265.781402587890625 414.699188232421875 259.747100830078125 81.4256591796875 568.846435546875 531.93621826171875 162.1387481689453125 0 144.1174468994140625 214.9980010986328125 0 344.557342529296875 391.916107177734375 413.9996337890625 323.94775390625 146.0240020751953125 217.732147216796875 322.001007080078125 1415.9610595703125 636.870849609375 916.4024658203125 802.375244140625 398.785247802734375 782.55902099609375 529.32965087890625 513.047607421875 566.80657958984375 524.1834716796875 73.95146942138671875 99.9074249267578125 159.712188720703125 486.89202880859375 508.078399658203125 496.222900390625
201.213287353515625 454.85577392578125 629.8394775390625 141.415740966796875 197.205902099609375 513.8504638671875 480.10113525390625 267.197998046875 348.9993896484375 271.0404052734375 0 110.33596038818359375 288.785552978515625 252.3693084716796875 263.349578857421875 227.07000732421875 299.9080810546875 371.86761474609375 387.906646728515625 104.92467498779296875 0 35.438190460205078125 111.7544708251953125 135.4257354736328125 48.221065521240234375 20.50646209716796875 146.6150360107421875 79.67650604248046875 0.82322233915328979492 123.48028564453125 536.88031005859375 360.390899658203125 534.57000732421875 118.3166046142578125 75.926666259765625 108.69060516357421875 334.1092529296875 114.65169525146484375 254.1464996337890625 237.8294219970703125 445.28411865234375 195.687652587890625 315.291961669921875 583.949462890625 404.536376953125 171.713653564453125 911.10357666015625 868.5574951171875 102.936859130859375 52.76163482666015625 71.5790557861328125
78.4839019775390625 400.22186279296875 278.1741943359375 426.14715576171875 1018.71142578125 363.451873779296875 178.84405517578125 179.2025604248046875 172.75799560546875 392.639556884765625 176.1724090576171875 289.2501220703125 293.510284423828125 208.119842529296875 192.4106292724609375 232.6277618408203125 362.93603515625 297.245758056640625 464.45281982421875 348.607086181640625 0 357.00640869140625 154.966156005859375 238.8020477294921875 125.52732086181640625 108.96755218505859375 98.25017547607421875 263.91619873046875 0 53.064739227294921875 292.64306640625 313.141876220703125 166.5976409912109375 493.162506103515625 134.4658050537109375 249.7368621826171875 383.793670654296875 465.070648193359375 452.21209716796875 495.79473876953125 1137.18408203125 204.199493408203125 591.392578125 362.69769287109375 275.9688720703125 221.486572265625 339.035797119140625 132.93060302734375 486.048248291015625 734.8585205078125 594.81695556640625
0 195.192352294921875 650.69873046875 336.29559326171875 139.763824462890625 372.719757080078125 425.34765625 324.79345703125 76.65450286865234375 19.255807876586914062 375.751373291015625 493.2813720703125 574.06396484375 425.883270263671875 307.971160888671875 336.169281005859375 381.372528076171875 981.61846923828125 153.2521514892578125 1001.03424072265625 0 394.5323486328125 292.817535400390625 371.00360107421875 29.849508285522460938 201.2532501220703125 100.39852142333984375 440.650360107421875 108.39972686767578125 0 0 251.7074737548828125 296.77392578125 249.95281982421875 313.88714599609375 700.14447021484375 324.2799072265625 130.5871429443359375 203.9665069580078125 21.404033660888671875 131.1638336181640625 1040.130859375 569.16766357421875 15.935932159423828125 62.811664581298828125 998.22540283203125 227.6194000244140625 766.84625244140625 350.94537353515625 78.56053924560546875 226.2680206298828125
290.58087158203125 53.034961700439453125 397.6146240234375 349.876739501953125 31.824590682983398438 622.7452392578125 413.55328369140625 140.9357452392578125 536.4840087890625 75.1649169921875 277.751007080078125 358.22515869140625 463.3658447265625 401.0205078125 364.886444091796875 373.354766845703125 297.727630615234375 254.8841705322265625 290.2193603515625 887.5950927734375 203.60845947265625 370.845458984375 410.72503662109375 298.953704833984375 552.53460693359375 473.147430419921875 260.92449951171875 141.2145233154296875 393.8447265625 0 0 0 344.59130859375 125.1924285888671875 159.9794464111328125 606.4337158203125 599.95843505859375 581.5758056640625 198.1335906982421875 391.46575927734375 54.2227325439453125 12.908018112182617188 226.77947998046875 0 0 633.62176513671875 85.38198089599609375 580.55633544921875 516.13970947265625 678.95562744140625 424.231414794921875
470.8133544921875 194.8607177734375 215.143524169921875 0 0 235.6150970458984375 144.1536102294921875 584.1634521484375 341.283843994140625 0 225.618682861328125 437.5545654296875 446.958709716796875 429.332122802734375 237.4341888427734375 289.361907958984375 177.2652740478515625 349.892974853515625 159.1074066162109375 146.3311920166015625 423.895904541015625 538.91046142578125 458.90740966796875 513.9798583984375 341.617919921875 344.6583251953125 219.0487213134765625 348.125946044921875 18.6084136962890625 0 0 0 0 619.21661376953125 597.0115966796875 175.6451873779296875 515.669921875 226.316436767578125 233.4584197998046875 327.575469970703125 386.34844970703125 553.639404296875 0 248.01220703125 0 239.0437164306640625 114.53888702392578125 376.60894775390625 445.63885498046875 163.3854827880859375 224.6511383056640625
820.059814453125 445.1844482421875 320.534088134765625 248.4175262451171875 0 543.82098388671875 973.7108154296875 330.634796142578125 505.9722900390625 153.9629364013671875 461.945281982421875 518.9910888671875 249.4372100830078125 472.398468017578125 432.331329345703125 524.76104736328125 39.641826629638671875 338.444488525390625 216.4005279541015625 136.2447357177734375 364.896728515625 399.237060546875 537.06646728515625 320.203887939453125 552.1253662109375 586.99627685546875 535.6279296875 307.555206298828125 230.98516845703125 60.639507293701171875 0 0 0 0 143.9759674072265625 559.165771484375 0 372.524627685546875 484.582000732421875 269.46527099609375 462.2784423828125 188.2004547119140625 0 142.775054931640625 184.3005828857421875 58.82241058349609375 452.273101806640625 419.00408935546875 328.4627685546875 423.827423095703125 635.43780517578125
589.0616455078125 911.27874755859375 90.418853759765625 123.89321136474609375 221.9905242919921875 446.115234375 269.685089111328125 226.8958282470703125 621.0433349609375 262.7164306640625 314.900543212890625 417.822998046875 383.721160888671875 326.480743408203125 208.1443328857421875 379.81719970703125 168.162261962890625 318.263702392578125 327.158782958984375 485.799102783203125 163.0906982421875 162.13177490234375 864.2706298828125 178.70013427734375 453.14410400390625 356.02288818359375 535.43853759765625 16.658716201782226562 231.378570556640625 220.3520050048828125 126.70700836181640625 21.278303146362304688 0 0 142.01806640625 503.061065673828125 121.9736480712890625 121.08278656005859375 447.2811279296875 251.2409820556640625 264.431640625 354.453155517578125 308.2142333984375 232.3954925537109375 197.719635009765625 63.091236114501953125 40.051738739013671875 7.19055938720703125 258.623291015625 371.3785400390625 431.939239501953125
532.78857421875 394.900421142578125 632.298583984375 653.9871826171875 452.3916015625 298.254669189453125 340.565673828125 231.849212646484375 1064.8272705078125 493.10821533203125 268.986053466796875 360.67266845703125 278.31219482421875 416.5045166015625 465.93328857421875 381.91912841796875 305.54937744140625 696.05682373046875 494.03851318359375 352.6805419921875 558.5892333984375 251.6369171142578125 460.067047119140625 350.157562255859375 316.213836669921875 600.10479736328125 541.95758056640625 519.134765625 417.99957275390625 359.136322021484375 392.045166015625 325.0074462890625 0 0 90.57508087158203125 340.1019287109375 421.99029541015625 444.0733642578125 539.97216796875 313.32904052734375 150.1397552490234375 289.608734130859375 192.2588043212890625 351.80804443359375 201.244171142578125 181.7709808349609375 639.50921630859375 165.790008544921875 212.8151702880859375 315.556610107421875 299.0789794921875
636.23736572265625 639.31201171875 915.48419189453125 32.986957550048828125 173.110931396484375 179.709075927734375 181.0866241455078125 301.72418212890625 447.767608642578125 94.3154754638671875 420.21343994140625 572.69732666015625 298.436676025390625 460.98797607421875 625.4326171875 586.8050537109375 314.0501708984375 300.899200439453125 518.3016357421875 511.944549560546875 288.82171630859375 511.894317626953125 286.51483154296875 608.6839599609375 749.6004638671875 348.57281494140625 494.162445068359375 311.67242431640625 706.08544921875 467.291961669921875 292.583648681640625 260.79193115234375 452.866607666015625 125.5776519775390625 448.506317138671875 290.685302734375 406.360809326171875 348.805328369140625 482.497467041015625 275.849639892578125 133.253265380859375 295.665191650390625 733.83251953125 295.002044677734375 855.85272216796875 53.55162811279296875 17.35457611083984375 0.80624669790267944336 174.50360107421875 257.626983642578125 258.7222900390625
209.25616455078125 164.5111083984375 405.054931640625 138.2113800048828125 839.64739990234375 298.059326171875 66.17705535888671875 281.484771728515625 132.940765380859375 260.620147705078125 226.451568603515625 549.334228515625 295.20684814453125 435.03662109375 546.57489013671875 524.01141357421875 415.33038330078125 314.21661376953125 325.945953369140625 231.3353424072265625 95.950469970703125 416.8028564453125 494.240753173828125 289.547760009765625 747.238037109375 298.393096923828125 413.3104248046875 156.491973876953125 402.21441650390625 259.117034912109375 276.616485595703125 193.31182861328125 323.10888671875 485.740447998046875 523.3548583984375 362.493621826171875 97.86896514892578125 206.368804931640625 448.661376953125 489.5810546875 222.77593994140625 366.57647705078125 753.11761474609375 406.9696044921875 186.2623291015625 481.940338134765625 449.156707763671875 351.303131103515625 442.007965087890625 411.86932373046875 233.7505950927734375
350.498016357421875 149.463531494140625 187.6767730712890625 476.758941650390625 531.40411376953125 396.72723388671875 503.646636962890625 206.386016845703125 336.759033203125 217.9439849853515625 220.578460693359375 538.30621337890625 378.3699951171875 73.8169708251953125 384.427825927734375 358.422943115234375 386.783416748046875 542.52716064453125 14.845124244689941406 440.712890625 32.898357391357421875 250.8633270263671875 192.2896881103515625 140.2144775390625 323.59405517578125 204.117431640625 123.3367767333984375 120.644500732421875 57.9358978271484375 169.727264404296875 38.90464019775390625 520.90625 90.06018829345703125 317.880279541015625 604.16339111328125 450.2578125 396.478851318359375 472.4736328125 112.74901580810546875 500.20697021484375 324.5980224609375 96.71363067626953125 1009.7496337890625 781.362060546875 341.598602294921875 712.73333740234375 734.69683837890625 565.164794921875 340.414764404296875 397.32794189453125 357.40478515625
761.9588623046875 32.386775970458984375 0 0 175.1154632568359375 559.1881103515625 251.2745513916015625 204.037109375 279.064666748046875 177.0251617431640625 338.5819091796875 459.196746826171875 394.557342529296875 360.17010498046875 781.95196533203125 824.8046875 856.33050537109375 59.866428375244140625 323.275238037109375 344.015838623046875 406.317901611328125 199.1060638427734375 575.91192626953125 216.543487548828125 630.715576171875 269.93768310546875 0 382.942352294921875 276.3514404296875 256.719696044921875 64.24253082275390625 461.153045654296875 312.54791259765625 234.7932281494140625 480.067626953125 471.133331298828125 99.10454559326171875 401.13116455078125 122.760955810546875 633.4295654296875 318.172760009765625 313.77508544921875 239.022216796875 681.2799072265625 771.49200439453125 613.60882568359375 710.85150146484375 627.41387939453125 372.974639892578125 864.08941650390625 790.85296630859375
176.428009033203125 536.47589111328125 0 625.04302978515625 121.37021636962890625 102.99581146240234375 327.866973876953125 99.56964111328125 725.1456298828125 272.002288818359375 198.464813232421875 536.5511474609375 208.4483795166015625 104.63613128662109375 183.7496185302734375 248.8436126708984375 797.33038330078125 188.2212371826171875 237.3094635009765625 198.8413848876953125 355.633392333984375 0 177.9517974853515625 453.584503173828125 581.59625244140625 407.2894287109375 390.33953857421875 239.2602996826171875 314.934661865234375 696.783203125 36.774547576904296875 263.795989990234375 227.825164794921875 142.80877685546875 261.6004638671875 469.79254150390625 564.4892578125 198.2092132568359375 222.61981201171875 690.60455322265625 840.67767333984375 878.324951171875 703.6624755859375 447.863922119140625 878.31842041015625 748.84527587890625 605.1678466796875 694.3419189453125 347.70074462890625 673.45050048828125 731.43341064453125
