ForecastVariables/BuildingPerimeter_100m/BuildingPerimeter_Random2.asc
ncols        529
nrows        344
xllcorner    2700.000000000000
yllcorner    15900.000000000000
cellsize     100.000000000000
NODATA_value  0
[rows 110 to 131 of 344, columns 102 to 152 of 529]
0 58.800662994384765625 0 0 25.91107177734375 0 0 0 0 0 0 0 0 0 0 0 0 0 0 0 0 0 0 0 0 0 0 0 0 0 0 0 0 0 0 322.08819580078125 554.426025390625 202.945465087890625 121.4282073974609375 254.769866943359375 118.52970123291015625 52.375640869140625 221.7322540283203125 0 515.8768310546875 636.253662109375 199.514862060546875 116.620269775390625 92.78130340576171875 849.89434814453125 223.389617919921875
0 0 0 0 0 0 0 0 0 0 0 0 0 0 0 0 0 0 0 0 0 0 0 0 0 0 0 0 0 595.37451171875 219.0578765869140625 0 0 0 269.578125 236.2483673095703125 824.62261962890625 186.3818206787109375 182.156585693359375 293.393585205078125 132.24053955078125 223.8514862060546875 0 0 724.09295654296875 555.8369140625 466.93701171875 235.6266632080078125 247.8411102294921875 310.995758056640625 359.9056396484375
0 0 0 0 0 0 0 0 0 0 0 0 0 0 0 0 0 0 0 0 0 0 0 0 0 0 0 224.478485107421875 362.9034423828125 152.5879364013671875 37.86124420166015625 661.95849609375 0 180.5407257080078125 243.908660888671875 129.7756500244140625 835.12054443359375 323.80328369140625 288.73736572265625 315.21551513671875 88.22118377685546875 194.5021514892578125 0 0 0 0 435.5885009765625 181.103668212890625 184.36822509765625 22.850126266479492188 544.17266845703125
0 0 0 0 0 0 0 0 0 0 0 0 0 0 0 0 0 0 0 0 0 0 0 199.93743896484375 334.8524169921875 145.369781494140625 292.05078125 421.49114990234375 131.88421630859375 151.60308837890625 69.3667755126953125 163.24859619140625 0 425.09002685546875 221.018646240234375 325.542083740234375 644.7470703125 931.54840087890625 333.75042724609375 377.2056884765625 596.380859375 0 0 0 0 0 0 487.80181884765625 342.887725830078125 307.4027099609375 171.312225341796875
0 0 0 0 0 0 71.25794219970703125 0 0 0 0 0 0 0 0 0 0 0 0 0 552.1571044921875 201.3886871337890625 86.47679901123046875 64.50533294677734375 54.03992462158203125 348.531768798828125 247.3298187255859375 284.690826416015625 84.321929931640625 182.12579345703125 293.207733154296875 171.85009765625 0 224.0703887939453125 127.7883453369140625 316.662445068359375 768.40740966796875 274.507659912109375 188.94970703125 384.275299072265625 246.264892578125 134.818450927734375 0 0 0 0 0 45.00408935546875 68.77771759033203125 74.34729766845703125 339.2701416015625
0 0 0 0 0 0 0 0 0 0 0 0 0 0 0 0 70.95061492919921875 46.5182647705078125 44.450473785400390625 563.89910888671875 225.001007080078125 103.94710540771484375 314.625518798828125 72.60601806640625 290.62286376953125 116.01427459716796875 108.37299346923828125 139.09564208984375 104.17588043212890625 166.5562744140625 216.0107269287109375 150.7457275390625 653.5762939453125 574.13446044921875 230.4681549072265625 218.8558807373046875 669.647216796875 871.29901123046875 234.21270751953125 243.807586669921875 698.42535400390625 132.24981689453125 96.234344482421875 432.391265869140625 0 0 616.7894287109375 458.861083984375 621.0078125 618.453125 459.50372314453125
0 0 0 0 0 0 0 0 0 0 0 0 0 0 88.14189910888671875 439.5069580078125 326.24981689453125 438.937469482421875 153.9831390380859375 250.819793701171875 92.16568756103515625 190.861968994140625 329.407012939453125 126.26732635498046875 126.7389678955078125 293.93853759765625 70.8037872314453125 422.693206787109375 174.2406463623046875 230.89520263671875 317.960601806640625 78.4714508056640625 572.01348876953125 355.8555908203125 181.5411834716796875 65.3451995849609375 5.3453860282897949219 736.52081298828125 295.675445556640625 211.0343780517578125 212.5154571533203125 748.3203125 648.24151611328125 222.829681396484375 181.6205902099609375 0 289.743804931640625 303.79974365234375 243.2702789306640625 472.72540283203125 349.5423583984375
0 0 0 0 175.3117828369140625 31.31415557861328125 0 0 0 0 0 0 0 435.915374755859375 89.37349700927734375 325.080291748046875 274.4739990234375 199.5121002197265625 37.5619659423828125 307.894775390625 549.051513671875 46.0524139404296875 434.669158935546875 167.930450439453125 48.96498870849609375 425.6973876953125 141.774444580078125 365.04888916015625 256.243438720703125 82.82550811767578125 42.13297271728515625 418.1859130859375 142.0868072509765625 382.4473876953125 377.0863037109375 479.370025634765625 354.48272705078125 267.233642578125 231.93511962890625 188.6357879638671875 437.656219482421875 747.15728759765625 373.95086669921875 498.182830810546875 365.97283935546875 474.3707275390625 0 267.52130126953125 490.4034423828125 288.792388916015625 569.1864013671875
0 0 0 358.942779541015625 81.6815948486328125 327.179931640625 267.649200439453125 0 0 0 0 0 94.9009246826171875 1011.2137451171875 164.851654052734375 392.085845947265625 669.3157958984375 69.64223480224609375 282.0745849609375 264.29132080078125 238.4639434814453125 6.2426595687866210938 79.40924835205078125 47.603282928466796875 315.3553466796875 694.79345703125 247.0911865234375 40.19504547119140625 269.971649169921875 195.1026458740234375 30.575077056884765625 220.6004180908203125 279.567718505859375 363.094879150390625 293.211090087890625 511.676025390625 50.2080078125 91.5726776123046875 341.386505126953125 209.137908935546875 432.4859619140625 289.738861083984375 69.60247039794921875 359.84429931640625 102.63677215576171875 212.512481689453125 456.108795166015625 143.84405517578125 500.725921630859375 247.5802154541015625 556.72637939453125
0 0 230.0338897705078125 223.786346435546875 321.237518310546875 316.177490234375 403.451019287109375 0 0 0 0 0 329.363922119140625 425.738037109375 561.72119140625 334.93719482421875 69.51132965087890625 215.0217132568359375 376.962646484375 100.36118316650390625 162.641815185546875 209.5930633544921875 110.15904998779296875 283.50048828125 729.73236083984375 436.49658203125 168.838226318359375 119.0793914794921875 43.71813201904296875 465.23040771484375 361.853546142578125 180.3467864990234375 481.856292724609375 315.83837890625 177.606109619140625 63.88442230224609375 450.36761474609375 660.219482421875 437.497833251953125 149.8182373046875 913.522216796875 284.937713623046875 712.4931640625 153.2500457763671875 401.7047119140625 698.957763671875 149.994537353515625 88.11020660400390625 0 0 0
0 0 55.833911895751953125 56.320491790771484375 391.39007568359375 238.32781982421875 142.9594268798828125 0 203.279205322265625 73.88242340087890625 616.4456787109375 112.65738677978515625 334.242431640625 71.58846282958984375 171.5636749267578125 148.78106689453125 92.46591949462890625 208.511138916015625 26.65937042236328125 62.790924072265625 220.14227294921875 27.975849151611328125 410.178436279296875 131.57855224609375 391.6676025390625 110.8998565673828125 162.6146392822265625 380.66973876953125 241.89031982421875 105.877960205078125 453.043212890625 48.33917999267578125 325.100433349609375 264.0439453125 77.61333465576171875 283.22406005859375 500.125274658203125 149.7817230224609375 270.727294921875 364.9298095703125 197.7074127197265625 606.84332275390625 587.3587646484375 341.0726318359375 321.312042236328125 165.675048828125 157.3329010009765625 0 495.781097412109375 260.682281494140625 247.837890625
242.118408203125 423.17633056640625 243.342376708984375 272.43743896484375 40.371746063232421875 268.2515869140625 481.137969970703125 344.95379638671875 92.90235137939453125 33.991634368896484375 165.5148773193359375 77.51610565185546875 61.680675506591796875 204.209442138671875 853.1678466796875 139.612518310546875 282.63128662109375 215.069122314453125 56.0053558349609375 34.6650390625 173.698150634765625 95.371307373046875 549.79144287109375 259.8389892578125 815.4693603515625 56.79735565185546875 73.39885711669921875 254.6836090087890625 402.391021728515625 405.758575439453125 355.40966796875 867.20379638671875 588.846435546875 596.67535400390625 213.2247314453125 237.7738037109375 42.228790283203125 739.660888671875 712.0042724609375 461.750457763671875 157.2210235595703125 625.60540771484375 505.74755859375 473.637786865234375 122.92008209228515625 165.33013916015625 60.844547271728515625 0 292.623382568359375 314.727264404296875 429.254852294921875
231.4431915283203125 39.599887847900390625 100.92578887939453125 60.40949249267578125 534.1170654296875 338.0479736328125 478.381439208984375 61.290004730224609375 225.7007598876953125 207.78680419921875 651.198486328125 210.083770751953125 32.878208160400390625 155.1210479736328125 143.59625244140625 108.65140533447265625 239.8968963623046875 127.9230804443359375 403.019561767578125 422.801177978515625 110.14591217041015625 140.753265380859375 168.30499267578125 379.343536376953125 860.37939453125 473.380340576171875 451.8790283203125 281.681732177734375 199.64666748046875 361.01806640625 462.106414794921875 333.228668212890625 320.5347900390625 166.649993896484375 351.2906494140625 142.384490966796875 140.975372314453125 150.091644287109375 501.943389892578125 500.51727294921875 457.6937255859375 430.410125732421875 136.6116790771484375 409.731597900390625 419.82904052734375 269.51422119140625 697.29931640625 1124.207275390625 206.6133880615234375 161.8162841796875 335.39599609375
253.7556610107421875 275.288665771484375 179.0337982177734375 293.9903564453125 20.959295272827148438 129.4844512939453125 69.86077117919921875 371.99407958984375 99.25316619873046875 1000.28485107421875 140.6049652099609375 79.3550262451171875 322.169219970703125 554.1287841796875 301.2364501953125 124.42321014404296875 593.48773193359375 333.863616943359375 405.71759033203125 719.94964599609375 678.39312744140625 173.1068878173828125 227.1344146728515625 283.166107177734375 345.65740966796875 248.1933746337890625 39.596836090087890625 202.7766265869140625 117.227294921875 51.71402740478515625 175.6751251220703125 699.01507568359375 359.08203125 518.831298828125 283.63482666015625 446.738525390625 749.05999755859375 1707.1275634765625 303.967132568359375 262.898956298828125 478.60015869140625 380.605499267578125 457.36151123046875 442.4580078125 38.39594268798828125 118.23917388916015625 198.0225830078125 300.5968017578125 489.384765625 0 468.053680419921875
157.5998077392578125 85.38210296630859375 427.044830322265625 363.388946533203125 185.849822998046875 351.7655029296875 43.873355865478515625 140.4599609375 324.301025390625 239.18463134765625 447.615631103515625 211.436309814453125 37.8495025634765625 223.05914306640625 114.68367767333984375 476.94647216796875 33.678485870361328125 349.376861572265625 213.594482421875 266.5858154296875 105.82184600830078125 1071.3641357421875 643.1805419921875 152.733062744140625 268.048309326171875 482.321319580078125 187.830535888671875 504.894287109375 394.267578125 283.4947509765625 294.590911865234375 83.64038848876953125 544.7855224609375 635.14935302734375 148.948699951171875 302.967041015625 511.11773681640625 505.028472900390625 121.02082061767578125 323.61932373046875 298.865234375 141.5653076171875 374.662322998046875 150.50360107421875 87.8537445068359375 198.0760040283203125 230.4878997802734375 286.1256103515625 287.92303466796875 595.49609375 86.1162109375
286.562530517578125 93.952392578125 153.0755157470703125 60.39913177490234375 181.080322265625 100.27567291259765625 351.873291015625 367.08587646484375 225.3310089111328125 75.363433837890625 340.1419677734375 112.641265869140625 41.107494354248046875 131.8168182373046875 231.3181915283203125 133.703094482421875 140.3203277587890625 68.7531585693359375 0 0 156.546875 607.2113037109375 112.971466064453125 99.702392578125 16.430265426635742188 329.892364501953125 843.90509033203125 179.9639434814453125 523.5321044921875 442.398223876953125 229.5027313232421875 179.312591552734375 354.9906005859375 211.964691162109375 347.2886962890625 110.64910125732421875 739.6322021484375 254.9963836669921875 283.328582763671875 336.24810791015625 488.510894775390625 106.487274169921875 733.61968994140625 114.47548675537109375 55.635112762451171875 1272.633544921875 855.25787353515625 585.94952392578125 640.95672607421875 110.4469451904296875 133.309539794921875
374.2679443359375 80.42848968505859375 153.9045867919921875 452.22735595703125 183.2957000732421875 150.256317138671875 136.637847900390625 145.64788818359375 541.12664794921875 206.9582977294921875 270.8836669921875 122.25295257568359375 202.520355224609375 182.39739990234375 106.37860870361328125 66.31682586669921875 474.40667724609375 95.1190948486328125 70.4892425537109375 288.453125 0 0 201.8462982177734375 0 0 0 846.0880126953125 125.1435089111328125 0 580.69970703125 342.989501953125 94.48880767822265625 70.67131805419921875 269.131378173828125 499.798980712890625 287.751739501953125 306.813873291015625 835.99200439453125 793.56964111328125 864.89093017578125 544.44317626953125 601.58538818359375 98.11257171630859375 462.915679931640625 427.364654541015625 386.08270263671875 606.69683837890625 1208.9593505859375 125.54071044921875 284.37738037109375 291.32159423828125
182.836517333984375 23.740291595458984375 18.865680694580078125 50.8301544189453125 202.7219085693359375 297.09716796875 128.4438629150390625 271.693267822265625 82.8079071044921875 224.341033935546875 146.9189300537109375 394.76287841796875 93.73459625244140625 69.9605712890625 244.9356231689453125 110.831207275390625 311.017669677734375 238.974212646484375 143.43402099609375 298.363189697265625 28.543186187744140625 0 0 0 0 0 0 0 0 0 0 0 36.256610870361328125 221.3526763916015625 544.1597900390625 71.43781280517578125 138.9362335205078125 637.8958740234375 485.701568603515625 308.96044921875 130.4580078125 214.941253662109375 190.1954193115234375 39.83654022216796875 82.9864501953125 249.5751495361328125 566.78656005859375 132.998565673828125 248.395751953125 967.1033935546875 300.521087646484375
0 138.8662567138671875 424.570770263671875 487.87335205078125 146.6642303466796875 387.712188720703125 172.7159423828125 161.55938720703125 125.72153472900390625 55.9932708740234375 124.94455718994140625 280.69647216796875 77.12113189697265625 104.1652679443359375 97.75717926025390625 222.8846893310546875 267.7330322265625 257.710418701171875 85.24903106689453125 377.45587158203125 285.931365966796875 0 0 159.8352508544921875 92.88906097412109375 566.479248046875 373.84307861328125 280.0859375 78.50437164306640625 246.381103515625 0 0 0 320.462646484375 427.518524169921875 345.976654052734375 219.126373291015625 105.6817626953125 320.57037353515625 582.9708251953125 583.17132568359375 373.7674560546875 272.109832763671875 788.4998779296875 588.7730712890625 347.242462158203125 69.92484283447265625 227.5069732666015625 293.8116455078125 581.5826416015625 832.17626953125
590.12457275390625 316.15496826171875 348.637481689453125 242.6079254150390625 807.86798095703125 289.32489013671875 182.2596435546875 118.718505859375 200.573486328125 149.857818603515625 72.72480010986328125 219.2726898193359375 158.1500091552734375 318.51263427734375 357.032806396484375 347.955230712890625 234.8070068359375 52.880702972412109375 428.4625244140625 68.18450927734375 128.391815185546875 289.8187255859375 521.760986328125 634.16290283203125 59.7761077880859375 447.809417724609375 623.099853515625 548.21502685546875 111.29268646240234375 499.64654541015625 440.50006103515625 306.674041748046875 60.401031494140625 0 627.91851806640625 232.33001708984375 284.264251708984375 451.042755126953125 378.21331787109375 165.429901123046875 160.23858642578125 1057.65771484375 422.15478515625 168.847320556640625 43.594287872314453125 310.116241455078125 804.33447265625 348.0740966796875 119.54619598388671875 868.76861572265625 531.62982177734375
832.003173828125 799.29827880859375 371.8336181640625 117.64557647705078125 269.0399169921875 703.8289794921875 812.36785888671875 852.9193115234375 185.050537109375 60.030643463134765625 155.323516845703125 2.2644701004028320312 155.4448699951171875 0 408.228302001953125 114.61067962646484375 253.9536590576171875 371.383819580078125 81.90009307861328125 353.975433349609375 655.89251708984375 202.8763885498046875 632.293701171875 364.71722412109375 542.1575927734375 214.792236328125 359.36083984375 401.277557373046875 428.89434814453125 200.8423309326171875 546.40496826171875 616.50836181640625 254.6814727783203125 91.57990264892578125 0 539.08349609375 445.944122314453125 0 487.19073486328125 199.959320068359375 262.463531494140625 396.21533203125 276.53118896484375 528.3167724609375 244.2955169677734375 462.81488037109375 252.5778350830078125 34.703369140625 277.5823974609375 264.1839599609375 318.220733642578125
1079.3648681640625 1044.494140625 766.53778076171875 555.91937255859375 236.2266387939453125 555.16278076171875 850.21539306640625 643.1070556640625 331.43670654296875 69.50337982177734375 15.262281417846679688 445.56494140625 131.347412109375 345.076934814453125 126.58426666259765625 314.4541015625 53.755702972412109375 116.43430328369140625 105.363800048828125 481.349029541015625 495.636260986328125 402.35821533203125 500.912994384765625 602.49188232421875 629.82855224609375 633.930419921875 527.943359375 442.752197265625 643.60662841796875 672.99945068359375 519.14056396484375 434.766448974609375 603.843017578125 367.528961181640625 139.94586181640625 237.181396484375 0 0 433.71844482421875 204.355010986328125 575.6207275390625 302.9188232421875 635.27899169921875 331.034271240234375 47.434844970703125 442.577728271484375 80.19391632080078125 106.436676025390625 34.10832977294921875 183.5816650390625 301.160369873046875
