ForecastVariables/BuildingPerimeter_100m/BuildingPerimeter_Random3.asc
ncols        529
nrows        344
xllcorner    2700.000000000000
yllcorner    15900.000000000000
cellsize     100.000000000000
NODATA_value  0
[rows 176 to 197 of 344, columns 51 to 101 of 529]
328.505889892578125 65.9797821044921875 391.392608642578125 151.812225341796875 242.062530517578125 143.27703857421875 224.342529296875 208.41009521484375 148.1277313232421875 303.52398681640625 49.30959320068359375 335.3209228515625 306.93798828125 298.702667236328125 233.6695556640625 239.4886322021484375 220.4098968505859375 413.8585205078125 160.109466552734375 100.28534698486328125 251.105743408203125 247.1396331787109375 302.562774658203125 100.2729644775390625 166.554779052734375 212.7330169677734375 256.23638916015625 279.383270263671875 487.607421875 88.451873779296875 463.366790771484375 293.3790283203125 111.0776824951171875 0 0 0 184.0684661865234375 422.804534912109375 415.56585693359375 448.006927490234375 91.1793365478515625 0 0 0 0 263.78887939453125 147.4424591064453125 81.96096038818359375 129.1348724365234375 188.511871337890625 108.73194122314453125
192.5807342529296875 126.9084625244140625 193.8048095703125 51.057338714599609375 0 12.988554954528808594 329.9078369140625 299.5916748046875 335.215789794921875 103.7130889892578125 183.0206756591796875 194.4099578857421875 270.606689453125 278.15447998046875 288.345794677734375 368.016204833984375 255.9470062255859375 308.1434326171875 275.613372802734375 100.28543853759765625 378.857452392578125 127.3329620361328125 200.5431365966796875 231.076873779296875 145.25701904296875 272.564208984375 255.7269287109375 299.546630859375 363.1004638671875 41.759471893310546875 394.619140625 56.102764129638671875 0 0 0 116.49822235107421875 40.3951873779296875 0 0 0 0 0 0 0 0 609.09075927734375 515.41961669921875 42.02933502197265625 38.189479827880859375 105.48250579833984375 111.906402587890625
386.827545166015625 130.4736480712890625 0.2305456697940826416 0 0 5.3503313064575195312 0 502.161712646484375 344.056884765625 136.4863128662109375 149.1039581298828125 403.772613525390625 283.44805908203125 213.0650787353515625 210.47454833984375 377.927001953125 157.2012481689453125 293.45050048828125 199.38885498046875 112.063262939453125 193.9547119140625 143.1905364990234375 100.270660400390625 170.8108367919921875 282.0750732421875 204.0434112548828125 220.6399383544921875 167.54437255859375 196.13348388671875 0 66.583770751953125 177.18218994140625 180.1103668212890625 0 0 97.29846954345703125 0 0 46.920261383056640625 150.37310791015625 24.225965499877929688 7.93866729736328125 0 0 0 0 217.9252166748046875 150.2074737548828125 140.5324249267578125 217.6431732177734375 118.8410186767578125
238.3961029052734375 38.27864837646484375 0 0 0 189.07232666015625 203.894287109375 349.040557861328125 301.3848876953125 375.283538818359375 145.86041259765625 174.417388916015625 546.8648681640625 297.000457763671875 238.7016754150390625 484.21923828125 263.97100830078125 205.719818115234375 59.54981231689453125 100.26020050048828125 79.72046661376953125 35.515056610107421875 104.19397735595703125 79.13156890869140625 253.5522308349609375 397.9498291015625 268.994720458984375 253.6146697998046875 14.495922088623046875 0 282.470428466796875 99.57575225830078125 0 0 123.94857025146484375 200.608856201171875 26.376756668090820312 0 0 0 32.961086273193359375 16.82173919677734375 0 50.8866119384765625 191.96697998046875 0 465.655731201171875 367.353515625 150.727935791015625 323.436920166015625 380.017791748046875
249.9185028076171875 0 0 0 0 63.904941558837890625 333.645599365234375 288.673828125 284.311431884765625 317.075225830078125 233.75079345703125 170.662567138671875 40.755214691162109375 94.7771453857421875 125.18212127685546875 186.752685546875 222.9017791748046875 33.8005218505859375 86.12766265869140625 126.53271484375 233.902801513671875 274.045166015625 311.093719482421875 281.9051513671875 505.16705322265625 384.853729248046875 130.042022705078125 248.6216888427734375 436.326202392578125 128.0644073486328125 323.99188232421875 48.6878662109375 0 0 122.96530914306640625 334.874359130859375 208.0829315185546875 0 125.5665435791015625 59.302642822265625 0 0 0 0 15.419127464294433594 0 183.8286590576171875 114.4862823486328125 280.19207763671875 249.348175048828125 128.12445068359375
0 0 0 125.64453125 155.19329833984375 192.5365142822265625 277.88311767578125 312.7044677734375 327.652587890625 260.35211181640625 80.225555419921875 223.2764892578125 132.6199951171875 181.49249267578125 112.9514923095703125 303.375762939453125 376.610809326171875 82.22423553466796875 128.088470458984375 122.9867706298828125 0 166.28924560546875 75.164093017578125 259.878326416015625 228.898529052734375 254.0283355712890625 42.492702484130859375 505.515045166015625 387.277496337890625 219.6881256103515625 103.580535888671875 228.7762908935546875 45.090717315673828125 0 0 84.96832275390625 127.37693023681640625 0 28.540416717529296875 47.380718231201171875 0 0 0 0 0 294.635345458984375 184.245086669921875 35.993877410888671875 0 57.919239044189453125 0
0 0 0 121.2939910888671875 486.52020263671875 219.8230743408203125 320.812408447265625 285.92523193359375 91.75495147705078125 225.2430877685546875 270.385986328125 229.4300994873046875 152.172271728515625 190.8377838134765625 133.939453125 65.649169921875 139.3850250244140625 151.6901092529296875 90.988861083984375 0 0 0 0 124.0371551513671875 226.9607391357421875 176.341522216796875 247.160308837890625 467.49884033203125 355.402313232421875 375.54876708984375 108.02657318115234375 153.272216796875 26.77353668212890625 0 0 105.559295654296875 72.69899749755859375 0 0 0 0 0 0 0 0 87.94863128662109375 227.6194915771484375 0 151.884796142578125 247.9384765625 88.2280120849609375
0 0 144.5658416748046875 308.6824951171875 292.5218505859375 325.7796630859375 145.7604522705078125 55.857341766357421875 317.538299560546875 135.053741455078125 133.9157562255859375 202.0564117431640625 253.620574951171875 261.365142822265625 100.96805572509765625 0 44.55525970458984375 224.7203521728515625 85.20868682861328125 0 0 0 0 28.597438812255859375 145.7236785888671875 238.3868255615234375 234.266693115234375 341.37213134765625 350.41668701171875 262.948394775390625 162.986114501953125 279.551727294921875 88.84572601318359375 0 0 184.2657623291015625 120.97275543212890625 0 0 0 0 0 0 0 334.1190185546875 150.68487548828125 158.629913330078125 146.1702117919921875 314.1788330078125 323.255523681640625 271.9842529296875
132.4167327880859375 160.8831634521484375 385.149566650390625 276.84161376953125 422.850555419921875 234.541290283203125 43.995319366455078125 252.49432373046875 287.8582763671875 227.7801971435546875 53.657314300537109375 184.5911102294921875 293.18768310546875 146.2965240478515625 351.691558837890625 40.495182037353515625 67.7533111572265625 167.277587890625 81.2117156982421875 0 0 0 0 106.15100860595703125 410.34771728515625 191.4358367919921875 106.73136138916015625 219.1142425537109375 372.445281982421875 391.37109375 330.1241455078125 240.385284423828125 36.337421417236328125 0 0 175.5417022705078125 29.012668609619140625 268.10137939453125 158.5892791748046875 306.0982666015625 0 0 419.84814453125 422.93853759765625 677.769287109375 126.7073516845703125 15.498334884643554688 43.287322998046875 96.39746856689453125 388.60296630859375 393.684722900390625
253.240936279296875 381.2554931640625 345.344451904296875 114.6224365234375 286.843505859375 13.206827163696289062 175.2888946533203125 291.79412841796875 194.9529876708984375 142.8690643310546875 209.9297027587890625 222.9393157958984375 360.66864013671875 102.63292694091796875 224.504180908203125 206.4873046875 291.3436279296875 228.8596954345703125 61.395076751708984375 0 0 0 0 0 0 0 0 141.8877716064453125 356.745361328125 278.6934814453125 164.8702545166015625 240.6947479248046875 36.89220428466796875 0 0 0 272.44219970703125 0 22.563314437866210938 96.9949798583984375 551.037841796875 487.713897705078125 178.5204620361328125 75.04088592529296875 171.5482635498046875 115.31226348876953125 80.1838836669921875 0 22.365123748779296875 295.15460205078125 209.69580078125
381.657318115234375 3.8685801029205322266 351.9796142578125 392.540802001953125 216.9985809326171875 316.78125 249.7131805419921875 389.267242431640625 262.45501708984375 215.0472564697265625 0 135.1595458984375 175.8084259033203125 73.421142578125 227.8971405029296875 297.30389404296875 5.2025036811828613281 534.89251708984375 43.80490875244140625 0 0 0 0 0 0 0 0 23.853780746459960938 372.568267822265625 333.057281494140625 216.9052886962890625 320.145233154296875 18.596675872802734375 0 0 41.031574249267578125 159.858154296875 0 82.3705291748046875 51.372314453125 292.9053955078125 249.034881591796875 35.497196197509765625 0 0 0 0 0 0 245.455230712890625 323.721710205078125
33.204235076904296875 0 124.09763336181640625 345.1798095703125 425.202911376953125 163.88629150390625 396.19207763671875 232.2838897705078125 253.507659912109375 18.950098037719726562 0 0 284.966522216796875 336.446563720703125 447.3092041015625 324.226043701171875 212.75799560546875 406.398681640625 67.44928741455078125 0 0 0 0 0 0 0 78.26929473876953125 11.131862640380859375 28.66031646728515625 194.3822479248046875 214.3414764404296875 345.5531005859375 235.8349151611328125 0 0 90.51255035400390625 334.057586669921875 0 0 85.056365966796875 154.7681884765625 3.6809573173522949219 0 0 0 0 0 0 0 269.189544677734375 120.2423858642578125
0 0 187.22369384765625 350.357177734375 377.8387451171875 153.447540283203125 20.772851943969726562 122.14736175537109375 47.2138824462890625 88.58770751953125 0 0 71.35724639892578125 343.26806640625 261.1717529296875 197.814697265625 0 185.179046630859375 142.11029052734375 0 0 0 0 0 0 0 186.6323089599609375 139.696075439453125 0 0 0 331.48602294921875 174.2478485107421875 0 0 32.79358673095703125 176.2739105224609375 372.615325927734375 235.142608642578125 131.812164306640625 142.8820648193359375 0 0 126.39041900634765625 115.66411590576171875 0 0 0 0 0 0
0 0 0 41.37262725830078125 313.318389892578125 213.52496337890625 0 0 0 0 0 0 0 55.272274017333984375 250.4014892578125 0 121.69971466064453125 208.5045318603515625 111.82131195068359375 164.139068603515625 0.97573232650756835938 0 0 0 0 0 12.876166343688964844 69.82802581787109375 0 0 0 80.34754180908203125 0 0 0 0 0 0 101.8238983154296875 295.254364013671875 41.145786285400390625 0 0 0 0 0 0 0 0 0 0
0 0 0 0 0 24.497598648071289062 0 0 0 0 0 0 0 129.30792236328125 304.454742431640625 383.313629150390625 295.595001220703125 142.323760986328125 82.7138519287109375 278.64208984375 171.67474365234375 37.77375030517578125 0 0 0 0 0 0 0 0 0 0 145.9050750732421875 0 0 0 0 0 0 0 0 0 0 0 0 0 0 0 0 0 0
0 0 0 0 0 0 0 0 0 0 0 0 182.074188232421875 290.9820556640625 140.9400482177734375 252.480621337890625 143.2634429931640625 199.28460693359375 17.78170013427734375 336.83050537109375 379.01568603515625 440.690704345703125 0 0 0 0 0 0 0 0 0 0 0 0 0 0 0 0 0 0 0 0 0 0 0 0 0 0 0 0 0
0 0 0 0 0 0 0 0 0 0 0 0 0 258.338531494140625 242.0765533447265625 201.1618194580078125 134.8455657958984375 420.8170166015625 337.67437744140625 133.296478271484375 446.36346435546875 500.815185546875 222.0903778076171875 0 0 0 0 0 0 0 0 0 0 0 0 0 0 0 0 0 0 0 0 0 0 0 0 0 0 0 0
0 0 0 0 0 0 0 0 0 0 0 0 0 0 155.094390869140625 152.27532958984375 375.39617919921875 323.7266845703125 237.8921966552734375 183.467041015625 170.37408447265625 334.348541259765625 274.97418212890625 0.58871191740036010742 0 0 0 0 0 0 0 0 0 0 0 0 0 0 0 0 0 0 0 0 0 0 0 0 0 0 0
0 0 0 0 0 0 0 0 0 0 93.76074981689453125 6.8111467361450195312 51.073116302490234375 218.5148162841796875 282.14263916015625 280.425384521484375 354.98931884765625 288.808197021484375 295.25750732421875 341.017120361328125 520.94134521484375 238.2511444091796875 402.202392578125 101.2150726318359375 0 0 0 0 0 0 0 0 0 0 0 0 0 0 0 0 0 0 0 0 0 0 0 0 0 0 0
0 0 0 0 0 0 0 0 0 0 298.457672119140625 294.1060791015625 47.9396820068359375 53.55477142333984375 154.690521240234375 80.78839874267578125 71.34549713134765625 338.524932861328125 372.95556640625 232.8999176025390625 172.8797760009765625 500.683868408203125 201.244842529296875 141.8248138427734375 0 0 0 0 0 0 0 0 0 0 0 0 0 0 0 0 0 0 0 0 0 0 0 0 0 0 0
0 0 0 0 0 0 0 0 0 0 0 106.21575164794921875 0 0 0 176.200042724609375 361.3846435546875 256.643218994140625 148.1575775146484375 55.59796905517578125 0 14.471080780029296875 0 0 0 0 0 0 0 0 0 0 0 0 0 0 0 0 0 0 0 0 0 0 0 0 0 0 0 0 0
0 0 0 0 0 0 0 0 0 0 0 0 0 0 228.6079559326171875 312.027191162109375 198.5657501220703125 176.8661956787109375 59.958293914794921875 0.39945396780967712402 0 0 0 0 0 0 0 0 0 0 0 0 0 0 0 0 0 0 0 0 0 0 0 0 0 0 0 0 0 0 0
