ForecastVariables/BuildingArea_Mean_100m/BuildingAreaMean_Random5.asc
ncols        529
nrows        344
xllcorner    2700.000000000000
yllcorner    15900.000000000000
cellsize     100.000000000000
NODATA_value  0
[rows 138 to 160 of 344, columns 106 to 158 of 529]
2611.978515625 2903.614501953125 2146.36474609375 2035.218505859375 1728.3480224609375 643.9639892578125 1351.626953125 1130.2841796875 808.719970703125 931.17547607421875 1563.6810302734375 5757.640625 4730.25146484375 5316.61572265625 2104.8291015625 3274.469970703125 7462.0751953125 3566.685546875 972.83026123046875 2056.74951171875 2008.1634521484375 2684.118896484375 1326.08740234375 2732.8349609375 2493.515625 1104.9610595703125 661.5228271484375 2693.06494140625 8855.03515625 17567.654296875 175.1176910400390625 140.6331787109375 1223.3106689453125 1872.77880859375 2750.579345703125 938.9432373046875 431.935577392578125 1074.1197509765625 2554.340087890625 0 0 2852.158935546875 2852.158935546875 1138.8409423828125 955.10186767578125 1336.1907958984375 1139.0999755859375 1024.7197265625 1335.5699462890625 1299.0899658203125 1014.24102783203125 1701.52294921875 1458.3953857421875
1120.18505859375 2211.471435546875 2274.06103515625 1391.6689453125 1158.7421875 1258.0150146484375 3074.4560546875 2600.237548828125 1909.3992919921875 1407.8189697265625 1881.051025390625 995.55926513671875 1456.2410888671875 1513.6834716796875 355.68634033203125 506.881988525390625 2825.52099609375 3046.703857421875 972.24200439453125 1519.8282470703125 1217.47802734375 1911.7236328125 995.9169921875 3134.055908203125 1767.8206787109375 1183.25244140625 1011.99298095703125 4964.23681640625 17567.654296875 17567.654296875 3777.05615234375 1754.187255859375 711.17138671875 2104.91943359375 1983.658203125 807.85040283203125 1161.8515625 2204.460205078125 2280.801513671875 581.547607421875 12852.43359375 3002.592041015625 2927.37548828125 1528.093994140625 1074.820556640625 1764.9654541015625 1584.3189697265625 1213.2530517578125 1970.2197265625 2025.771484375 677.20697021484375 2410.237548828125 3609.04150390625
1068.12841796875 1156.86669921875 1753.5570068359375 2319.865234375 1311.829345703125 1297.4478759765625 1845.0479736328125 2852.634521484375 2073.107421875 1237.8262939453125 1049.5355224609375 1916.4503173828125 2129.154541015625 805.73797607421875 867.24420166015625 667.698974609375 669.93499755859375 965.06719970703125 965.08380126953125 1047.1510009765625 2637.7314453125 4279.5380859375 4279.5380859375 114.38950347900390625 0 0 0 0 0 0 3317.310546875 2441.734619140625 3140.1826171875 6075.61669921875 693.70977783203125 903.27166748046875 896.052490234375 1773.0760498046875 1951.029541015625 4195.7255859375 5330.91064453125 2745.006103515625 2093.3876953125 1699.489990234375 1752.1500244140625 3240.498779296875 4614.9345703125 0 2756.62109375 6641.81982421875 2301.976806640625 1891.502197265625 4840.03173828125
1844.61328125 2224.922607421875 1196.6893310546875 1560.5186767578125 2220.03076171875 2272.53759765625 1748.14697265625 2642.83740234375 1613.8897705078125 680.9229736328125 685.32086181640625 1599.677001953125 3760.866455078125 2827.843017578125 978.9990234375 665.7509765625 666.62298583984375 894.11651611328125 1043.4139404296875 1144.83154296875 1234.5250244140625 0 0 0 0 0 0 0 0 0 829.05645751953125 3257.5439453125 2697.046875 953.2301025390625 17908.966796875 600.3507080078125 569.53900146484375 1030.80029296875 1783.3380126953125 4501.10400390625 4405.3818359375 3743.829345703125 2167.24462890625 1777.218994140625 1222.572021484375 8271.703125 8271.703125 1810.7391357421875 0 1219.7010498046875 8058.5400390625 3067.678466796875 4832.880859375
2475.710205078125 2049.924560546875 1764.780029296875 2098.9248046875 1872.824462890625 2057.07080078125 1961.283447265625 1622.75634765625 788.95697021484375 741.28179931640625 681.07244873046875 1621.413330078125 2350.7861328125 3087.21875 4301.74072265625 10887.3359375 609.32269287109375 572.451171875 1747.06396484375 1720.36865234375 3936.044677734375 8218.1630859375 8218.1630859375 0 0 0 0 0 0 0 0 73.44463348388671875 10812.6611328125 21484.142578125 1892.0572509765625 555.6600341796875 5149.49072265625 803.92364501953125 1058.9512939453125 1569.0576171875 1933.4000244140625 1609.851318359375 1505.3564453125 1575.64501953125 970.4337158203125 1243.8427734375 3037.807373046875 1265.0360107421875 1655.335693359375 1325.428955078125 1509.108642578125 4917.904296875 3415.197509765625
2749.186279296875 984.84136962890625 1037.956298828125 3405.5517578125 2593.0595703125 1542.1947021484375 2462.685546875 846.93017578125 902.510498046875 1567.406982421875 1369.2518310546875 1458.6650390625 1299.6080322265625 3026.031005859375 5719.4248046875 10887.3359375 484.079986572265625 1821.43798828125 1956.6920166015625 1947.68994140625 8218.1630859375 4727.361328125 2761.798095703125 31.437000274658203125 26.5 0 627.301025390625 0 0 0 0 0 1.0682832002639770508 116.3243865966796875 2653.45751953125 8427.4462890625 7689.283203125 591.4219970703125 671.5050048828125 809.62652587890625 1074.029052734375 1039.083984375 4462.8427734375 1160.9090576171875 864.77252197265625 1163.374755859375 1263.733642578125 1823.8370361328125 2561.60888671875 1723.3072509765625 1001.61578369140625 1303.873046875 1142.14404296875
5633.80615234375 1110.406005859375 1110.406005859375 5477.47412109375 16762.1796875 22422.333984375 15042.0263671875 910.336181640625 1611.866943359375 0 1369.092041015625 3388.24462890625 3338.1201171875 7922.32080078125 9172.955078125 4456.12109375 2843.69091796875 2264.7490234375 434.365386962890625 581.1920166015625 1837.177734375 1811.205810546875 1167.66064453125 1087.9803466796875 26.5 612.66497802734375 627.301025390625 0 0 0 0 0 239.02099609375 369.023284912109375 2775.255615234375 717.142333984375 332.021728515625 0 1073.35498046875 1273.24072265625 1262.2276611328125 2573.44921875 10461.4404296875 3353.851318359375 886.39373779296875 1461.4610595703125 1912.5335693359375 1471.378662109375 414.862396240234375 8641.587890625 1383.4322509765625 1380.93017578125 3455.162109375
1805.3699951171875 1715.64111328125 1772.36572265625 43275.59375 43275.59375 43275.59375 43275.59375 0 419.196990966796875 0 1742.365234375 5769.18505859375 5824.4296875 5954.14404296875 8075.94189453125 10992.0927734375 9482.0419921875 764.71197509765625 535.0113525390625 826.18280029296875 1708.438232421875 1890.50341796875 1150.1016845703125 1178.6390380859375 1074.1219482421875 972.6510009765625 972.6510009765625 0 2395.958984375 2395.958984375 587.7869873046875 0 426.102996826171875 1775.69921875 2597.07861328125 7672.36865234375 5586.21533203125 845.24798583984375 1430.6800537109375 2280.455078125 1439.842041015625 2399.84326171875 6316.2939453125 4047.712890625 1422.907958984375 1651.6947021484375 2164.526611328125 1460.30322265625 1164.031005859375 611.13836669921875 1700.0679931640625 610.1221923828125 3873.44482421875
2107.5400390625 1426.1221923828125 1423.6634521484375 336.1387939453125 19655.1015625 17700.294921875 2958.859375 0 419.196990966796875 0 3203.37109375 1817.1492919921875 0 3460.09130859375 6511.94189453125 9482.0419921875 11762.8017578125 3275.01806640625 1533.1488037109375 4175.59228515625 1002.81280517578125 1033.316650390625 1003.4329833984375 1480.6695556640625 1445.85986328125 1077.460693359375 602.43048095703125 129.0959930419921875 2395.958984375 1558.8360595703125 654.75 97.83032989501953125 321.59100341796875 613.18499755859375 2977.904052734375 12982.1806640625 127.634063720703125 800.101318359375 1199.12255859375 1194.9610595703125 1340.72802734375 2606.991943359375 1897.0672607421875 875.77398681640625 1039.4539794921875 1773.008056640625 1696.6953125 1466.6207275390625 1421.446044921875 1337.2239990234375 1622.2396240234375 1883.2020263671875 0
1819.0316162109375 1421.387451171875 1381.7130126953125 2067.95947265625 474.5782470703125 7169.8896484375 0 0 8124.80615234375 5509.50537109375 6664.74755859375 0 2923.771484375 2726.5439453125 2555.640380859375 5520.6552734375 6002.19775390625 8114.34619140625 6487.13916015625 3868.5625 1397.810546875 1500.1033935546875 644.1810302734375 1099.058837890625 1598.46337890625 861.15460205078125 737.81597900390625 622.2540283203125 261.86566162109375 721.7130126953125 721.7130126953125 0 52.241001129150390625 0 0 16938.955078125 3983.537353515625 1265.657470703125 840.78680419921875 774.67999267578125 968.65380859375 886.44232177734375 1024.9525146484375 2105.10205078125 2062.419921875 1547.6810302734375 1484.7496337890625 1553.3165283203125 1272.591796875 1100.258544921875 1187.8492431640625 1917.3175048828125 0
1635.3590087890625 1351.35498046875 1085.933349609375 1126.862548828125 25.700351715087890625 22048.82421875 0 7547.63134765625 7547.63134765625 13050.5908203125 7761.626953125 5496.08251953125 3531.355712890625 3829.224365234375 2957.85986328125 3045.52734375 3998.2958984375 6065.93603515625 4942.7548828125 66.4337615966796875 6363.8251953125 1765.9417724609375 1188.7811279296875 1117.623779296875 1345.343017578125 1128.2225341796875 1233.803466796875 980.8905029296875 176.872406005859375 198.2740020751953125 0 0 0 0 0 356.04437255859375 3285.95751953125 5482.21484375 1658.293212890625 1957.4002685546875 876.917724609375 1133.15869140625 1333.3265380859375 0 1526.009521484375 1275.9967041015625 805.2440185546875 3380.534912109375 3380.534912109375 459.035003662109375 0 0 0
4879.1767578125 3073.01123046875 3484.05908203125 1040.2027587890625 1148.413330078125 3554.508056640625 0 7547.63134765625 14629.8486328125 14105.35546875 6517.943359375 2771.964599609375 11723.6650390625 2428.989501953125 3847.033203125 2940.86767578125 2201.2099609375 3721.18603515625 5651.662109375 2107.9814453125 4153.47607421875 1521.93896484375 1065.1326904296875 1598.332763671875 949.37152099609375 1139.02197265625 917.32037353515625 949.51800537109375 132.8813323974609375 184.4040069580078125 37.02700042724609375 0 536.426025390625 536.426025390625 29.656999588012695312 0 84.57736968994140625 21042.931640625 2532.55908203125 3071.327392578125 1783.4822998046875 1597.51953125 0 0 1018.71826171875 60105.58984375 1211.0240478515625 3181.641357421875 5427.7373046875 40802.8046875 40802.8046875 23253.298828125 5703.794921875
8718.701171875 8718.701171875 4211.71923828125 4211.71923828125 2171.327880859375 6047.14990234375 3687.51953125 1634.5389404296875 3073.555908203125 15160.1201171875 2858.800537109375 20954.724609375 6425.1943359375 2020.3206787109375 4788.43212890625 4210.56689453125 2245.184326171875 4006.073974609375 2475.17578125 3095.038818359375 5134.39697265625 16496.8359375 7420.5849609375 1336.801513671875 669.08599853515625 1171.893310546875 759.88775634765625 702.74798583984375 38.409999847412109375 0 42.6510009765625 57.6790008544921875 36.993999481201171875 800.18798828125 29.656999588012695312 39.5110015869140625 3694.9501953125 0.41860273480415344238 13532.2216796875 1435.2086181640625 2349.151611328125 1255.8792724609375 2883.750244140625 4162.47705078125 2828.8857421875 11878.015625 5523.6650390625 3715.20654296875 7025.4033203125 40802.8046875 40802.8046875 40802.8046875 5909.26123046875
3987.22509765625 4061.666015625 4394.93798828125 2440.60107421875 2263.857421875 3640.014892578125 4852.21533203125 10720.0458984375 5461.1953125 3338.414794921875 2795.789794921875 10976.45703125 1251.591552734375 2282.097412109375 4581.98681640625 4558.2021484375 1293.3070068359375 2425.048828125 8184.533203125 8663.2138671875 2744.72705078125 8613.0400390625 5384.0576171875 1041.670654296875 908.7413330078125 1063.178466796875 1066.213623046875 613.68450927734375 0 1281.9739990234375 0 57.689998626708984375 0 0 0 0 7221.24267578125 3639.747314453125 1491.4583740234375 11723.408203125 1648.7650146484375 3975.32177734375 3201.492431640625 14166.4814453125 741.73480224609375 1479.8148193359375 14379.8681640625 11778.5341796875 12806.8994140625 29920.3671875 40802.8046875 40802.8046875 5354.58154296875
154.4310150146484375 3266.36865234375 3266.968017578125 2684.068115234375 2085.53271484375 2162.159912109375 8001.0498046875 10720.0458984375 370.350830078125 668.495849609375 709.32373046875 2083.8662109375 1586.9576416015625 2016.2872314453125 3158.819091796875 3645.48291015625 2308.118896484375 2778.118896484375 1793.341064453125 981.9681396484375 733.81317138671875 1430.6630859375 785.66070556640625 1029.155029296875 946.84234619140625 922.57330322265625 883.13726806640625 664.843505859375 0 0 0 20889.67578125 13953.9638671875 14153.6884765625 3590.18603515625 0 0 17129.375 1088.0662841796875 9177.296875 16792.31640625 4800.09130859375 3965.0751953125 6112.94091796875 2474.657958984375 1522.1898193359375 9705.0654296875 24580.083984375 26430.03125 19037.931640625 29920.3671875 40802.8046875 7994.3388671875
6125.45703125 2687.2880859375 2319.19580078125 1378.8792724609375 1123.3802490234375 2311.062744140625 5598.1669921875 5598.1669921875 3136.333984375 3772.355712890625 2086.329345703125 1230.1966552734375 1545.5350341796875 2205.77978515625 2870.029296875 2558.479248046875 2284.884521484375 2179.484375 2337.2861328125 3650.090087890625 2416.1669921875 564.5218505859375 926.0028076171875 994.5726318359375 1026.1181640625 1368.7315673828125 601.51849365234375 0 0 0 0 217.23077392578125 13982.6357421875 8193.982421875 4678.7744140625 1226.4873046875 1770.45361328125 42437.18359375 31.042415618896484375 2821.008056640625 5436.8486328125 14669.7724609375 1141.3636474609375 6112.94091796875 10258.8017578125 5335.1220703125 12291.353515625 24580.083984375 33822.1328125 26430.03125 19037.931640625 15216.0869140625 5764.68994140625
2180.83251953125 1851.998046875 1790.08935546875 1589.719482421875 1579.8035888671875 2266.611083984375 4028.868896484375 5094.10302734375 3606.67041015625 5986.72509765625 11513.1357421875 5619.39794921875 3007.18017578125 2104.7236328125 2082.1474609375 2619.18408203125 2608.6630859375 2496.644775390625 2087.343994140625 2232.667236328125 709.7486572265625 1402.2069091796875 598.78997802734375 1020.57501220703125 1551.5804443359375 3632.81689453125 6402.99658203125 0 0 0 5158.1640625 4977.86572265625 131.6941680908203125 4168.22705078125 587.64312744140625 13736.685546875 31.353504180908203125 17082.67578125 3988.45263671875 16254.4462890625 8324.47265625 14469.48828125 7030.35888671875 160.3912200927734375 6040.88916015625 452.290252685546875 3596.84033203125 8529.2978515625 33822.1328125 33822.1328125 0 11394.2421875 5737.521484375
2504.712158203125 2523.593994140625 1661.573974609375 2310.64208984375 1723.9052734375 1758.0596923828125 2725.2431640625 3857.140380859375 5219.81689453125 1469.0465087890625 1556.7974853515625 5935.21533203125 4101.2119140625 2763.01318359375 2795.725341796875 5332.01611328125 3614.506591796875 2568.234619140625 2120.9931640625 3140.1630859375 2612.819580078125 3120.597900390625 986.6612548828125 1039.8682861328125 4156.08642578125 6652.23046875 7749.94580078125 3673.306884765625 0 0 3629.572998046875 12363.52734375 960.90069580078125 2232.306640625 5842.6220703125 8145.77783203125 3797.473876953125 1373.068115234375 1864.348388671875 3441.695068359375 1642.26318359375 286.436492919921875 2338.998291015625 611.47589111328125 3254.852783203125 351.0546875 14713.3486328125 4035.35693359375 19229.693359375 33822.1328125 9448.9609375 9448.9609375 3744.50146484375
1925.9571533203125 2326.018310546875 1727.6524658203125 3090.47607421875 1970.7110595703125 5975.6728515625 17760.220703125 17760.220703125 6310.64111328125 5163.45947265625 1444.6300048828125 1843.419189453125 3294.6494140625 3983.87890625 2954.49755859375 2789.552978515625 3167.007568359375 3809.168701171875 3262.586669921875 2452.31298828125 1466.279052734375 3114.718017578125 996.0443115234375 1278.5460205078125 3639.427978515625 2720.669921875 646.47601318359375 0 0 0 107.13677215576171875 18517.498046875 582.65838623046875 9093.54296875 1292.55517578125 5328.47216796875 4019.805908203125 78.69503021240234375 580.52459716796875 4686.875 10813.2265625 17630.861328125 12.19207000732421875 1470.0855712890625 2879.4853515625 7477.6923828125 6391.61767578125 1865.7476806640625 9055.787109375 6701.73583984375 9448.9609375 9448.9609375 7985.81591796875
2075.857421875 2067.91796875 3885.591064453125 3498.943603515625 8195.8798828125 29550.923828125 29550.923828125 29550.923828125 2391.087890625 3050.056640625 4367.994140625 2308.1005859375 2099.608642578125 1631.9248046875 1420.0543212890625 2179.064453125 822.25592041015625 3777.955322265625 4797.17578125 3041.41357421875 2008.0169677734375 3108.837890625 2428.799072265625 2192.216064453125 1016.80975341796875 723.52679443359375 1117.5784912109375 0 56.145000457763671875 0 0 0 0 0 2034.9937744140625 7880.9638671875 6919.296875 3770.51318359375 906.55926513671875 979.47857666015625 7150.47509765625 4968.17236328125 4617.2880859375 2467.47216796875 69.0131683349609375 21038.693359375 10.313678741455078125 3194.117919921875 1046.9703369140625 8766.2177734375 8766.2177734375 0 7985.81591796875
2414.090087890625 2812.057861328125 3354.393310546875 2227.239501953125 10676.1611328125 15659.1298828125 14067.6640625 5664.17041015625 15167.673828125 15167.673828125 9870.5224609375 3950.198486328125 3533.982421875 2423.21875 773.59844970703125 3091.95263671875 9464.958984375 3289.9140625 5925.27880859375 4730.52197265625 10101.560546875 1978.575439453125 2020.734619140625 1812.5694580078125 1179.2572021484375 1149.64111328125 501.553009033203125 0 1151.273681640625 386.29571533203125 1795.9188232421875 2892.732666015625 1149.9429931640625 756.2760009765625 0 1983.16455078125 2632.9931640625 16125 1110.6517333984375 4642.56884765625 3167.78515625 1540.9912109375 11649.3369140625 149.2568359375 3516.69970703125 3563.45947265625 827.3834228515625 3364.7490234375 6552.15869140625 7389.70361328125 7389.70361328125 3914.0830078125 3236.888427734375
2471.74658203125 3238.587646484375 755.9520263671875 1664.760009765625 2475.19287109375 2382.908447265625 4090.01513671875 9090.759765625 11116.3974609375 10254.8310546875 9870.5224609375 4180.76953125 4328.4921875 1939.05029296875 1186.731201171875 795.17791748046875 4560.16455078125 4554.49853515625 17747.390625 6058.16259765625 1256.207763671875 2612.90087890625 1428.7144775390625 1553.3572998046875 1727.1669921875 1811.0523681640625 1953.5389404296875 6401.42578125 1536.72705078125 552.96905517578125 2631.998046875 1209.076171875 964.80682373046875 661.021728515625 4462.56884765625 3594.198486328125 2126.1416015625 10134.76953125 810.208251953125 2462.180419921875 651.0638427734375 958.25244140625 11875.0634765625 7026.89306640625 1454.8643798828125 5703.77783203125 1806.8643798828125 13780.2734375 11033.85546875 3880.177978515625 4908.7060546875 3914.0830078125 4642.9189453125
1304.8988037109375 2407.04296875 1959.8822021484375 2202.7373046875 3166.40478515625 3353.544921875 4527.95703125 22931.732421875 16238.642578125 5341.98876953125 0 7860.619140625 6781.8779296875 0 4014.763916015625 4014.763916015625 0 0 2390.564453125 568.5594482421875 498.447479248046875 5471.2412109375 6141.724609375 320.91546630859375 20088.35546875 9348.1025390625 4207.26708984375 204.454071044921875 5775.41796875 2308.4853515625 2285.12646484375 5139.35302734375 521.04449462890625 0 0 0 1922.8565673828125 1825.260009765625 747.05364990234375 1332.06689453125 1790.983154296875 5959.12255859375 4642.63623046875 385.123504638671875 4002.55859375 16999.046875 6433.896484375 7931.8046875 5933.5068359375 2930.098876953125 4780.7734375 3406.39794921875 2341.6220703125
