ForecastVariables/BuildingArea_Mean_100m/BuildingAreaMean_Random4.asc
ncols        529
nrows        344
xllcorner    2700.000000000000
yllcorner    15900.000000000000
cellsize     100.000000000000
NODATA_value  0
[rows 207 to 229 of 344, columns 212 to 264 of 529]
428.427001953125 322.08367919921875 762.486328125 687.48468017578125 190.8730010986328125 61493.30078125 61493.30078125 61493.30078125 61493.30078125 35512.16796875 6526.5478515625 3522.05810546875 2826.2939453125 2607.451416015625 880.25701904296875 1692.301025390625 561.8699951171875 3131.593017578125 3618.700927734375 4146.5087890625 1562.208984375 2268.936279296875 2714.2578125 4072.6455078125 4347.8310546875 7593.1904296875 2006.251953125 692.19476318359375 1353.68798828125 1734.470947265625 2183.56494140625 1172.433349609375 2688.267822265625 3130.94970703125 1070.9365234375 1090.8494873046875 1233.411376953125 6133.376953125 1938.4647216796875 1446.556884765625 1306.10107421875 1713.4261474609375 949.908203125 1026.9031982421875 145.9278106689453125 146.4247589111328125 842.48333740234375 1805.1473388671875 0 9267.5634765625 9702.26171875 2075.193603515625 1989.973388671875
0 427.20965576171875 452.4737548828125 403.121002197265625 206.5904998779296875 30843.560546875 61493.30078125 61493.30078125 61493.30078125 24486.90625 5983.70849609375 7651.06787109375 5064.740234375 4420.9990234375 778.64947509765625 3167.759765625 2648.60546875 1894.8106689453125 2175.909912109375 0 11761.974609375 12687.373046875 4039.02294921875 3350.0458984375 5788.3671875 4720.93212890625 3653.4970703125 2598.8134765625 1725.7669677734375 1343.255615234375 1575.654052734375 1859.404052734375 3891.135498046875 1912.177734375 2291.04345703125 868.60498046875 1359.95166015625 1726.0987548828125 2600.705322265625 1746.54296875 1705.4329833984375 2972.992919921875 0 4839.19189453125 2738.207275390625 317.604705810546875 4799.59814453125 3225.208251953125 0 9477.1015625 1947.970947265625 3382.236083984375 2421.5283203125
202.18133544921875 395.860992431640625 334.9837646484375 413.21099853515625 204.2064056396484375 365.80621337890625 61493.30078125 1625.6561279296875 61493.30078125 4900.77294921875 0 704.33251953125 1092.74853515625 3978.421142578125 2482.874755859375 4024.58642578125 2803.152099609375 1926.3101806640625 1569.968505859375 1029.3560791015625 1143.0875244140625 0 1143.946044921875 1143.946044921875 2952.89501953125 2453.701904296875 2839.400390625 2335.20654296875 2440.75 1865.925048828125 0 2253.091064453125 1785.5693359375 1015.194580078125 3569.827880859375 3389.2470703125 1961.16064453125 918.9771728515625 1561.4183349609375 2643.10888671875 1178.262939453125 1708.13623046875 3341.184814453125 6586.7734375 4184.916015625 3281.970458984375 7053.265625 465.429595947265625 4371.8369140625 15326.4736328125 2521.114501953125 3032.660400390625 49.55556488037109375
363.017486572265625 369.54766845703125 369.345489501953125 393.03033447265625 301.178680419921875 555.4110107421875 0 3943.17138671875 7049.91064453125 411.9942626953125 674.7796630859375 0 1580.928466796875 1859.029541015625 3696.867919921875 3651.30908203125 1705.9100341796875 1847.738525390625 1798.9273681640625 1333.2144775390625 4641.77490234375 7138.47314453125 0 0 2760.7919921875 2591.947021484375 2349.153076171875 2796.75048828125 3501.4833984375 3136.20947265625 1219.844970703125 1466.0169677734375 1398.08544921875 2805.33251953125 4536.6123046875 1484.9373779296875 1199.763916015625 848.55401611328125 8183.20166015625 17266.130859375 1496.1175537109375 1775.198974609375 16482.548828125 12002.689453125 5284.37744140625 3633.1669921875 5163.65087890625 1185.25537109375 139.7285919189453125 69.54117584228515625 2056.81494140625 1770.6932373046875 7090.126953125
439.885009765625 0 351.269012451171875 461.561676025390625 269.839263916015625 1997.2509765625 0 791.5396728515625 181.6303253173828125 677.399658203125 1050.7884521484375 0 0 0 0 0 0 1240.85400390625 617.99102783203125 1792.87451171875 4641.77490234375 7138.47314453125 9635.1708984375 1133.9410400390625 1133.9410400390625 2809.95361328125 3699.04052734375 3250.659912109375 4890.93310546875 7525.47119140625 1599.5159912109375 1632.428955078125 1615.1533203125 1572.0037841796875 1673.57568359375 1775.1627197265625 982.593017578125 3354.772216796875 4887.81298828125 1375.60205078125 547.69915771484375 16771.873046875 29943.21875 17418.60546875 4346.75146484375 4599.9521484375 6962.39306640625 3550.00390625 2904.325927734375 3723.286865234375 2919.466796875 590.8350830078125 1386.662353515625
898.01373291015625 722.530029296875 0 0 4198.6708984375 4198.6708984375 739.1185302734375 0 456.058013916015625 413.024505615234375 0 0 0 33.832500457763671875 28.947500228881835938 43.356998443603515625 0 0 975.5579833984375 0 0 9635.1708984375 9635.1708984375 1389.22119140625 1118.1346435546875 980.65802001953125 0 0 0 0 0 0 1533.9656982421875 1781.844482421875 1692.8358154296875 1406.675537109375 9839.474609375 12634.00390625 15906.36328125 0.1460285484790802002 11938.625 29943.21875 29943.21875 17969.20703125 3932.285888671875 6276.8837890625 4682.57666015625 3614.12060546875 4840.1669921875 3071.091064453125 1009.07012939453125 1421.233642578125 2395.065185546875
6445.529296875 9438.6005859375 12601.818359375 8298.6240234375 5962.07177734375 5007.453125 1638.9234619140625 0 446.98040771484375 665.02197265625 0 961.68597412109375 1909.5579833984375 0 0 0 0 0 48.322498321533203125 0 0 0 6725.05517578125 3174.262451171875 1892.8946533203125 906.88201904296875 967.98150634765625 1348.599609375 1186.816650390625 1492.175537109375 9240.0478515625 7850.5869140625 834.98797607421875 1539.2459716796875 1599.2049560546875 1810.552978515625 1229.7576904296875 1430.656982421875 16416.81640625 4612.2861328125 2027.238037109375 29943.21875 20211.369140625 8237.3583984375 8237.3583984375 0 783.6510009765625 8316.373046875 4277.08154296875 4665.93115234375 6570.92529296875 1792.270263671875 3136.85009765625
10908.0048828125 27311.166015625 23581.123046875 12191.474609375 4750.494140625 4785.38525390625 2648.387451171875 2800.135009765625 445.33599853515625 210.384002685546875 0 1222.556640625 2263.25537109375 1119.4786376953125 833.0264892578125 1316.41748046875 0 0 0 0 0 0 6725.05517578125 6725.05517578125 1445.2996826171875 1193.483154296875 702.69732666015625 1325.326171875 2552.360107421875 1449.9129638671875 75.496307373046875 700.16229248046875 4081.972900390625 2315.83642578125 1278.10205078125 4041.1103515625 1362.398681640625 923.04583740234375 1315.33544921875 887.6099853515625 718.1259765625 0 4812.62646484375 6163.65185546875 5189.2783203125 2773.91259765625 1749.0284423828125 1096.671142578125 1270.5277099609375 14560.4833984375 4821.8662109375 1348.6585693359375 2710.731689453125
3731.60693359375 15481.54296875 38290.47265625 19328.734375 14736.3466796875 15536.1083984375 5989.86181640625 5128.9609375 2005.2403564453125 186.3719940185546875 0 828.3790283203125 1896.7015380859375 2444.6943359375 1687.3480224609375 2461.011962890625 2240.91259765625 2136.29150390625 2141.73291015625 0 0 0 0 0 600.71600341796875 1056.1827392578125 1758.2991943359375 1873.7989501953125 8470.359375 8470.359375 878.60498046875 3509.93701171875 3201.593505859375 4928.45361328125 65.12102508544921875 345.66741943359375 2032.3795166015625 1826.4200439453125 346.0548095703125 3056.80322265625 4235.21435546875 1178.31640625 2733.4365234375 2622.25048828125 3576.345703125 2462.794189453125 1715.6466064453125 1293.279296875 2847.718994140625 4591.09130859375 2432.87060546875 4392.84326171875 3942.83203125
8283.0771484375 8561.5126953125 23884.21484375 35250.14453125 25108.962890625 21558.53515625 9213.4404296875 9213.4404296875 3291.708740234375 0 0 1584.5699462890625 1863.3822021484375 2060.17822265625 1534.9444580078125 1328.9342041015625 1666.30615234375 2249.83154296875 1584.77001953125 1306.2884521484375 0 0 0 0 0 2256.279052734375 2318.102783203125 4462.0029296875 8470.359375 4626.59619140625 2606.047607421875 4661.4560546875 2685.352783203125 22902.4140625 6916.5986328125 746.5679931640625 1258.528076171875 1753.61962890625 3428.931884765625 4481.71484375 734.9937744140625 771.39666748046875 2137.940185546875 825.3994140625 2665.158935546875 2308.845947265625 1656.762939453125 2927.07421875 4009.5791015625 1544.1468505859375 2232.8154296875 4664.38720703125 7800.3935546875
16738.65625 32209.818359375 32209.818359375 32209.818359375 13972.0087890625 6042.38720703125 2541.4580078125 1289.0257568359375 513.797607421875 0 0 2452.839599609375 1903.8812255859375 1610.8824462890625 1156.0635986328125 1766.7049560546875 1745.6258544921875 2101.51416015625 1751.412353515625 1326.780029296875 0 0 0 0 0 2473.89990234375 2522.43505859375 1511.8349609375 1712.8380126953125 1576.52294921875 4429.26220703125 439.5252685546875 2249.761962890625 2109.05078125 2337.777587890625 970.7249755859375 2510.212890625 3970.066162109375 892.5946044921875 3427.902587890625 2319.211669921875 3986.416259765625 2804.64404296875 2592.738037109375 1246.2626953125 0 0 2133.587890625 690.0789794921875 1230.0069580078125 2856.70068359375 3581.473388671875 1575.0054931640625
953.16900634765625 923.8599853515625 0 14626.53125 18544.71484375 6650.2822265625 1581.61865234375 1645.5550537109375 1562.241455078125 1428.0245361328125 1997.9189453125 2201.389892578125 3000.022705078125 2726.0859375 2642.659423828125 1950.487060546875 1187.6478271484375 1080.5498046875 1839.656982421875 0 817.33197021484375 0 27.232999801635742188 0 0 0 1640.043701171875 1089.2034912109375 1271.956787109375 1657.6199951171875 0 2035.89794921875 2255.39306640625 2427.529052734375 413.088958740234375 723.3231201171875 256.770233154296875 631.7802734375 5266.5341796875 887.26806640625 206.448699951171875 3040.69873046875 13358.1513671875 14252.998046875 23666.21484375 701.3756103515625 2144.912109375 13349.6806640625 378.411376953125 2010.6776123046875 2104.78076171875 1282.3458251953125 4330.93798828125
8728.126953125 467.47674560546875 2064.7939453125 5834.888671875 17131.775390625 2692.72119140625 1854.656005859375 3396.933349609375 1984.1190185546875 484.369384765625 978.63568115234375 2182.31103515625 926.3289794921875 884.2919921875 3196.9453125 1465.134521484375 1097.8717041015625 365.70599365234375 0 343.0052490234375 576.17236328125 0 0 0 275.519012451171875 0 1106.1090087890625 1056.5045166015625 1580.772216796875 1523.9110107421875 1537.9930419921875 1537.9930419921875 1572.8675537109375 1809.7459716796875 852.13922119140625 3901.69384765625 2842.176025390625 11909.08984375 5314.62158203125 3617.090576171875 931.5672607421875 6426.27685546875 3943.04345703125 12599.27734375 276.48712158203125 1794.292236328125 1686.602783203125 6460.458984375 10192.921875 1910.49462890625 2787.924072265625 2703.9716796875 4381.10791015625
12533.9658203125 758.66497802734375 4233.30029296875 1471.92431640625 2389.885986328125 23809.22265625 1597.910400390625 7455.36279296875 1278.989990234375 402.55853271484375 608.03973388671875 1100.0557861328125 654.52197265625 594.3060302734375 1335.6011962890625 1161.0660400390625 1604.4366455078125 1983.4857177734375 2026.75048828125 231.4512481689453125 222.240753173828125 0 29.063333511352539062 0 2600.59912109375 2600.59912109375 0 0 1446.301025390625 1067.46435546875 1261.1175537109375 0 1704.1514892578125 1109.362060546875 1017.86029052734375 2015.34423828125 850.63726806640625 2283.68505859375 1415.157958984375 550.831298828125 2103.56591796875 3722.638427734375 3887.5732421875 5340.42529296875 8082.47998046875 8082.3193359375 8082.1591796875 8082.1591796875 0 1071.945556640625 2502.007568359375 5717.30615234375 0
982.197998046875 5043.171875 13295.740234375 3914.58544921875 7222.5302734375 2264.985595703125 876.5390625 9606.6806640625 691.02618408203125 573.631103515625 1581.300537109375 2917.10888671875 1095.8988037109375 6329.08837890625 433.123199462890625 2618.93603515625 2338.781005859375 1714.29638671875 1766.05126953125 951.6236572265625 149.2445068359375 0 0 0 0 2600.59912109375 2600.59912109375 0 1172.6319580078125 1204.2340087890625 633.32598876953125 985.343017578125 0 3264.910888671875 1300.1376953125 1635.5736083984375 2203.6416015625 873.675537109375 1454.55712890625 0 0 0 0 0 0 0 0 0 0 0 750.3389892578125 5717.30615234375 0
0 4721.8671875 6354.5751953125 2134.193603515625 574.86932373046875 2689.961669921875 1842.476318359375 134.102935791015625 2400.4111328125 2643.089111328125 8492.2744140625 2281.322509765625 1141.6646728515625 4943.9462890625 3972.735595703125 3160.592529296875 3601.7177734375 509.596832275390625 37.1342315673828125 540.57867431640625 802.0323486328125 0 132.529998779296875 0 579.12200927734375 0 310.337005615234375 356.5675048828125 57.894001007080078125 1235.8360595703125 375.0013427734375 1548.2060546875 0 507.79180908203125 1305.332275390625 1060.294677734375 789.65118408203125 0 0 0 0 0 0 0 0 0 0 0 0 0 0 0 0
0 500.302001953125 5304.10791015625 5304.10791015625 824.37298583984375 3359.62939453125 543.44708251953125 963.28680419921875 4872.38623046875 2933.622802734375 1341.5091552734375 2053.17724609375 4328.63916015625 761.12628173828125 611.65191650390625 3781.63916015625 1145.963134765625 9431.5810546875 3256.97314453125 1778.2999267578125 720.69964599609375 688.33197021484375 255.8873291015625 418.4530029296875 390.10198974609375 345.8489990234375 245.6207427978515625 392.959320068359375 221.2819976806640625 0 0 1019.89898681640625 1116.0760498046875 3536.808837890625 4585.78125 1341.6741943359375 0 0 0 0 0 0 0 0 0 0 0 0 0 0 0 0 0
0 0 0 0 925.83148193359375 0 1345.5836181640625 1825.1827392578125 2788.4560546875 646.419677734375 7455.859375 1330.6011962890625 1762.7105712890625 4917.38623046875 1026.3038330078125 1651.9849853515625 562.62689208984375 1706.474853515625 3908.460693359375 516.614501953125 1055.89697265625 0 0 11.284999847412109375 0 0 311.545989990234375 209.1963348388671875 802.073974609375 929.947998046875 0 1019.89898681640625 961.39300537109375 210.17108154296875 688.94964599609375 0 0 0 0 0 0 0 0 0 0 0 0 0 0 0 0 0 0
0 0 0 0 925.83148193359375 0 0 2671.014892578125 128.10455322265625 1133.40185546875 3899.765380859375 2877.96337890625 1289.8564453125 336.290771484375 4415.54052734375 906.206298828125 658.348876953125 2559.576904296875 3373.731201171875 1425.3468017578125 1692.2215576171875 988.26123046875 611.4776611328125 1195.622314453125 2199.530029296875 2199.530029296875 0 0 455.8955078125 763.73699951171875 146.8600006103515625 0 0 1410.8868408203125 0 0 0 0 0 0 0 0 0 0 0 0 0 0 0 0 0 0 0
0 0 0 0 0 0 0 0 2092.27197265625 475.0169677734375 477.229217529296875 6218.5009765625 525.352783203125 4257.44873046875 1148.646484375 1560.094482421875 852.989013671875 885.21697998046875 1610.0059814453125 2096.083984375 1986.42822265625 1059.5712890625 557.66583251953125 1227.1082763671875 1225.7021484375 3210.718017578125 336.298004150390625 423.0155029296875 675.42169189453125 889.83526611328125 742.1002197265625 789.073486328125 187.102996826171875 893.121337890625 2021.68701171875 0 0 0 0 0 0 0 0 0 0 0 0 0 0 0 0 0 0
0 0 0 0 0 0 0 0 837.77178955078125 3146.03564453125 430.87750244140625 1084.2413330078125 2976.4140625 2323.630615234375 1021.125 1109.408447265625 0 0 0 2168.403076171875 1281.2198486328125 598.8818359375 1600.2872314453125 1963.2357177734375 5401.28125 5324.85595703125 22390.126953125 495.993988037109375 0 0 0 2566.16748046875 2001.9520263671875 1876.158447265625 0 0 0 0 0 0 0 0 0 0 0 0 0 0 0 0 0 0 0
0 0 0 0 0 0 0 14.798000335693359375 0 962.05023193359375 878.2274169921875 0 0 0 0 0 324.2459716796875 2222.95849609375 3092.791015625 0 641.47601318359375 703.51800537109375 1557.90869140625 2022.3717041015625 4132.83935546875 5416.6181640625 22390.126953125 11793.7041015625 0 0 0 4718.2578125 3841.4140625 0 0 0 0 0 0 0 0 0 0 0 0 0 0 0 0 0 0 0 0
0 0 0 0 0 0 0 0 0 207.0373382568359375 463.01300048828125 0 0 0 0 1224.785400390625 12.242280960083007812 150.46978759765625 3092.791015625 0 0 819.70697021484375 8959.1748046875 6969.44287109375 17943.537109375 655.22064208984375 22390.126953125 22390.126953125 0 0 0 0 0 0 0 0 0 0 0 0 0 0 0 0 0 0 0 0 0 0 0 0 0
