ForecastVariables/BuildingArea_Mean_100m/BuildingAreaMean_Random5.asc
ncols        529
nrows        344
xllcorner    2700.000000000000
yllcorner    15900.000000000000
cellsize     100.000000000000
NODATA_value  0
[rows 138 to 160 of 344, columns 212 to 264 of 529]
1427.2376708984375 8545.9501953125 2799.211669921875 935.6055908203125 0 0 0 0 0 0 0 0 0 0 0 0 0 0 0 0 0 0 0 0 0 0 0 0 0 0 0 0 0 0 0 0 0 0 0 0 0 0 0 0 4444.45361328125 1305.8289794921875 297.66900634765625 34915.5625 19961.38671875 10602.357421875 10602.357421875 1786.7398681640625 10287.3330078125
2384.13330078125 3958.268798828125 2859.384521484375 684.4637451171875 1611.43896484375 0 0 0 0 0 0 0 0 0 0 0 0 0 0 0 0 0 0 0 0 0 0 0 0 0 0 0 0 0 0 0 0 0 0 0 0 0 0 0 0 269.008575439453125 244.7760009765625 461.499847412109375 4.0414128303527832031 4043.44287109375 400.515228271484375 4016.5283203125 1170.451171875
2132.50537109375 953.625 172.0927886962890625 3255.835693359375 2332.97509765625 1466.5972900390625 0 0 0 0 0 0 0 0 0 0 0 0 0 0 0 0 0 0 0 0 0 0 0 0 0 0 0 0 0 0 0 0 0 0 0 0 428.49200439453125 428.49200439453125 0 236.891265869140625 202.8383941650390625 3105.329345703125 5559.51953125 3607.03173828125 4613.2802734375 19386.919921875 917.563720703125
10468.857421875 1257.831298828125 64.179718017578125 2595.9423828125 1552.78857421875 395.92840576171875 3166.04052734375 0 0 0 0 0 0 0 0 0 0 0 0 0 0 0 0 0 0 0 0 0 0 0 0 0 0 0 0 0 0 0 0 0 0 0 0 306.92926025390625 242.5605926513671875 274.2615966796875 1472.288330078125 1548.7652587890625 2643.544677734375 163.5100860595703125 1026.4005126953125 19386.919921875 19386.919921875
4988.0537109375 638.4881591796875 2379.143798828125 943.07806396484375 4157.96435546875 1213.8331298828125 1520.51806640625 273.77850341796875 1190.0360107421875 1190.0360107421875 0 0 0 0 0 1954.261962890625 1954.261962890625 0 0 0 0 0 0 0 0 0 0 0 0 0 0 0 0 0 0 0 0 0 0 0 0 0 807.177978515625 401.1199951171875 194.02545166015625 1944.9462890625 2605.537109375 3427.31591796875 789.3946533203125 1552.712646484375 1366.8753662109375 19386.919921875 19386.919921875
783.342041015625 6850.70263671875 2672.29931640625 1811.4471435546875 5069.0107421875 2550.022216796875 357.2166748046875 764.17022705078125 2645.221435546875 1178.805908203125 2123.00244140625 3615.6708984375 2298.145751953125 1242.562255859375 348.334014892578125 1282.4439697265625 1618.35302734375 0 0 0 0 0 0 0 0 0 0 0 0 0 0 0 0 0 0 0 0 0 0 252.319000244140625 212.19549560546875 0 0 0 636.35601806640625 1047.21044921875 1452.44580078125 1646.4759521484375 2621.331298828125 1452.6829833984375 811.666015625 949.49200439453125 1217.7650146484375
2049.990478515625 325.45904541015625 3800.316162109375 1543.031494140625 3118.834228515625 1685.05419921875 488.933624267578125 3111.618408203125 1823.96923828125 193.7664337158203125 748.6021728515625 2377.8203125 1979.8380126953125 824.92010498046875 2496.638916015625 1228.677490234375 5361.4892578125 0 0 0 0 0 0 0 0 0 0 0 0 0 0 0 0 0 0 0 0 0 283.045013427734375 274.2030029296875 0 354.12799072265625 838.13641357421875 509.510986328125 817.344970703125 644.3590087890625 1210.7257080078125 3334.779052734375 5023.08203125 306.04876708984375 6254.55078125 33326.70703125 1244.6600341796875
1048.72900390625 1626.0562744140625 2214.431396484375 1072.02001953125 903.769287109375 4751.326171875 3561.3798828125 3125.759521484375 1431.453369140625 410.298431396484375 3683.641357421875 1028.5672607421875 296.3773193359375 1115.23583984375 1803.164306640625 1049.64794921875 865.2579345703125 3477.38916015625 0 0 0 0 0 0 0 0 253.906005859375 151.67529296875 148.861663818359375 0 0 0 0 0 0 0 0 0 310.63616943359375 307.661346435546875 269.500457763671875 315.524749755859375 533.76531982421875 760.70477294921875 1182.1214599609375 1137.393310546875 0 0 2082.658447265625 3907.564208984375 2116.497314453125 80.8096923828125 0
2763.56103515625 3438.5224609375 1084.7994384765625 2727.788818359375 2173.138916015625 555.26763916015625 690.22393798828125 5884.7509765625 879.86114501953125 3950.4267578125 2883.076171875 202.224395751953125 158.7744903564453125 2379.1796875 1610.822509765625 1964.373046875 707.2042236328125 378.325714111328125 1879.255859375 2701.800537109375 7553.083984375 0 0 0 0 0 275.493804931640625 274.135986328125 0 0 0 0 0 0 0 0 0 335.923248291015625 269.603912353515625 2233.62939453125 3472.8310546875 1784.172607421875 581.88275146484375 670.9935302734375 1471.8876953125 2954.72265625 831.2344970703125 0 1058.701171875 3858.83984375 1980.249755859375 5649.42626953125 1072.8564453125
4982.7275390625 6071.04052734375 3879.252685546875 2111.838134765625 349.849273681640625 3995.363525390625 0 426.587005615234375 481.75634765625 802.14300537109375 3662.81884765625 2429.54541015625 8521.900390625 4201.1943359375 1901.4638671875 7069.03369140625 988.01611328125 584.26324462890625 1019.53125 1484.429443359375 1160.3250732421875 1732.2679443359375 0 0 0 433.941009521484375 478.00677490234375 0 0 0 0 0 0 0 0 0 0 369.27850341796875 313.13800048828125 2466.0732421875 3643.633544921875 2443.26220703125 553.55035400390625 594.24322509765625 1540.213134765625 2475.3115234375 7487.8359375 2358.821044921875 363.485015869140625 1306.560791015625 945.32470703125 99.962371826171875 1288.47021484375
1125.708251953125 911.845947265625 1689.069580078125 1731.072998046875 555.0672607421875 616.32647705078125 706.1240234375 437.511505126953125 417.888427734375 1429.904052734375 424.282012939453125 1222.4349365234375 3020.6953125 3253.354736328125 1280.492919921875 530.71026611328125 1470.8787841796875 2450.2900390625 1719.6737060546875 3062.51416015625 566.69189453125 5798.48388671875 1822.265625 0 0 382.970703125 433.1925048828125 0 0 0 0 0 0 0 31.673999786376953125 0 0 0 2405.693359375 2142.95947265625 1378.1683349609375 956.813232421875 505.10699462890625 804.6029052734375 789.8599853515625 2893.846923828125 122.18860626220703125 985.21270751953125 3980.29443359375 2061.7236328125 6631.8681640625 1679.68408203125 3433.142578125
1297.6248779296875 534.56768798828125 1783.9681396484375 390.12298583984375 252.0821380615234375 178.3163299560546875 381.463134765625 364.444183349609375 406.058807373046875 1250.0152587890625 392.343505859375 800.42132568359375 299.5478515625 972.19464111328125 2530.28662109375 5057.43017578125 229.3385772705078125 1668.7069091796875 1616.34375 780.75592041015625 1424.17236328125 5106.564453125 4761.6552734375 3315.053955078125 897.81329345703125 274.759674072265625 331.511993408203125 0 0 0 0 0 0 0 718.69384765625 1388.1666259765625 1730.981201171875 3812.843994140625 78.73152923583984375 4071.286376953125 1785.205078125 7385.4140625 570.6060791015625 632.826171875 560.30169677734375 1696.1690673828125 1431.8026123046875 2865.736328125 429.78753662109375 2452.0546875 882.7757568359375 6764.65234375 857.79522705078125
3324.877197265625 2079.11328125 356.2030029296875 387.87030029296875 373.3465576171875 329.4796142578125 466.874176025390625 451.54974365234375 413.740081787109375 941.861572265625 385.04046630859375 317.415008544921875 392.10040283203125 1137.99560546875 861.04974365234375 482.842498779296875 3410.6845703125 1779.4473876953125 747.5848388671875 2569.6796875 850.156982421875 237.648895263671875 3215.013916015625 823.84576416015625 2066.179443359375 282.561004638671875 0 0 0 0 0 0 0 0 891.96435546875 2701.3779296875 2183.6748046875 466.64935302734375 1366.408447265625 587.180419921875 1282.528076171875 1922.3304443359375 2826.861083984375 3969.41748046875 174.067474365234375 1235.9041748046875 6449.76953125 1729.35546875 46.5312347412109375 338.58837890625 1520.9156494140625 8794.4443359375 1263.3409423828125
5077.15673828125 1084.9935302734375 907.84124755859375 324.5989990234375 322.09100341796875 292.87725830078125 500.928466796875 520.47216796875 478.8514404296875 547.879150390625 398.637847900390625 264.347564697265625 337.46234130859375 893.84423828125 1009.718017578125 10317.7392578125 3153.53955078125 268.576629638671875 2783.7509765625 2403.990966796875 4287.47998046875 1246.085693359375 1938.7315673828125 1897.1241455078125 2471.824462890625 278.6998291015625 2354.714111328125 0 0 0 0 0 0 2770.640869140625 1524.3623046875 2352.480224609375 1206.3612060546875 3074.9541015625 171.4544219970703125 5271.1552734375 3717.36669921875 2224.826416015625 5720.9970703125 1246.9345703125 433.33831787109375 641.00811767578125 2866.962890625 771.9522705078125 4617.79638671875 688.5828857421875 2008.1661376953125 8794.4443359375 1149.5655517578125
1040.5296630859375 5677.3046875 549.65570068359375 319.465789794921875 323.74127197265625 353.28582763671875 386.026702880859375 464.94281005859375 384.073272705078125 362.03314208984375 348.681304931640625 281.601898193359375 246.0635833740234375 457.193511962890625 721.01947021484375 1308.372314453125 2983.93798828125 0 0 0 0 0 0 3059.91064453125 4058.037841796875 2421.873291015625 395.915313720703125 853.76739501953125 0 0 104.259002685546875 0 0 62.49637603759765625 4306.44775390625 145.8488311767578125 430.175872802734375 990.68707275390625 1612.487060546875 3471.3740234375 1651.4356689453125 3905.3046875 4607.490234375 1171.0146484375 3703.134521484375 0 0 4001.39013671875 5048.146484375 4106.2451171875 1743.8836669921875 13735.3095703125 1085.4615478515625
4047.381103515625 267.674957275390625 350.62713623046875 448.43353271484375 946.337646484375 465.447998046875 433.6339111328125 466.28466796875 761.1634521484375 813.43841552734375 346.282501220703125 327.40228271484375 275.399200439453125 326.489898681640625 267.51544189453125 227.290557861328125 249.0110015869140625 0 232.696746826171875 344.842987060546875 0 0 0 1168.5020751953125 22.395738601684570312 882.49139404296875 4218.89599609375 3777.197998046875 1121.2481689453125 0 0 0 0 1783.3759765625 6293.31298828125 1625.32861328125 665.14959716796875 3627.19580078125 2651.4521484375 1113.489013671875 946.66259765625 2249.64501953125 1063.3941650390625 1221.566162109375 575.0523681640625 0 1177.969970703125 4072.502197265625 523.5662841796875 1594.38720703125 3228.356201171875 13735.3095703125 5426.580078125
155.77520751953125 5878.6025390625 333.227935791015625 453.257476806640625 837.0125732421875 2476.5703125 1757.0006103515625 2428.188232421875 9770.66796875 9770.66796875 366.524169921875 578.7276611328125 479.31298828125 229.2813568115234375 315.412689208984375 198.8459320068359375 250.0641937255859375 290.648681640625 168.79437255859375 160.8711395263671875 0 0 2293.61474609375 693.07232666015625 2066.2333984375 4434.74658203125 2564.71533203125 5979.22509765625 522.1495361328125 0 0 385.79290771484375 1513.9620361328125 881.5673828125 1678.1142578125 2123.045654296875 2717.50634765625 3552.33544921875 1580.884033203125 7823.41552734375 292.24041748046875 1745.708251953125 5880.70166015625 872.56414794921875 1354.0045166015625 1295.3504638671875 814.416015625 890.32000732421875 1879.1422119140625 318.397186279296875 963.67584228515625 1795.6588134765625 1279.18505859375
1518.4033203125 108.22499847412109375 496.457672119140625 472.441436767578125 482.09307861328125 4616.4873046875 12169.0791015625 7305.294921875 9658.802734375 16876.09375 2800.759521484375 761.005859375 229.0416412353515625 359.9560546875 864.8516845703125 325.45184326171875 321.86492919921875 394.410858154296875 176.301910400390625 269.9007568359375 0 1215.2950439453125 1779.381591796875 1104.802490234375 6001.55908203125 598.93182373046875 1022.9249267578125 2098.40380859375 2519.936767578125 0 0 2459.1611328125 3293.44140625 400.9593505859375 3742.162353515625 2340.573974609375 2515.749755859375 869.62835693359375 5846.43896484375 4741.4697265625 1668.955078125 796.512451171875 2093.6484375 388.49981689453125 681.17486572265625 1941.146240234375 562.90625 903.9388427734375 3134.6875 1227.8055419921875 1572.52099609375 1600.283203125 1868.4483642578125
809.989990234375 404.80523681640625 373.497772216796875 426.643829345703125 297.229827880859375 702.64666748046875 12169.0791015625 12169.0791015625 16876.09375 10669.5478515625 3930.423583984375 1299.6590576171875 354.80194091796875 357.00738525390625 550.4517822265625 498.355987548828125 1188.5802001953125 1009.85552978515625 264.5469970703125 258.742340087890625 216.5252532958984375 235.116851806640625 530.5234375 344.03582763671875 348.73529052734375 261.694244384765625 353.64715576171875 0 0 0 0 0 319.871978759765625 1310.3582763671875 3246.595458984375 1856.2957763671875 1116.80078125 339.872772216796875 1445.6572265625 1198.0867919921875 1295.0155029296875 1102.5325927734375 143.6714935302734375 457.96331787109375 3043.521484375 369.7647705078125 383.770263671875 724.61962890625 5814.25537109375 2466.56298828125 2097.552001953125 2097.552001953125 0
324.1005859375 582.60198974609375 419.19720458984375 635.01800537109375 432.2080078125 607.7239990234375 1044.863525390625 0 0 0 0 747.36309814453125 652.48638916015625 847.22540283203125 510.574737548828125 944.9921875 1176.730224609375 1302.5006103515625 1228.0179443359375 328.48699951171875 520.8994140625 609.878662109375 519.32952880859375 576.2318115234375 706.7830810546875 352.37249755859375 3522.822998046875 5444.611328125 1023.97650146484375 4540.70263671875 4595.662109375 4089.20947265625 1518.63818359375 922.2576904296875 392.974700927734375 416.05218505859375 1683.131591796875 646.72662353515625 677.95501708984375 2709.296142578125 207.10894775390625 3571.542724609375 731.84039306640625 1636.9205322265625 3236.968994140625 2008.101318359375 389.495513916015625 2135.21875 237.0833892822265625 4791.3740234375 1044.01904296875 835.88299560546875 1070.160400390625
828.7901611328125 547.4991455078125 468.241241455078125 787.37176513671875 460.529632568359375 1348.490966796875 1279.5360107421875 0 0 0 511.029754638671875 519.518310546875 405.276458740234375 470.281463623046875 485.108001708984375 730.99951171875 443.276214599609375 1192.3648681640625 776.08782958984375 490.115325927734375 667.107421875 806.58697509765625 405.52099609375 656.03289794921875 892.0064697265625 536.606201171875 355.68011474609375 1543.8201904296875 981.3284912109375 448.663177490234375 3787.099365234375 5531.58203125 2715.887451171875 2674.82861328125 2865.179931640625 736.54473876953125 2213.87646484375 878.57208251953125 0 8919.990234375 3180.42724609375 3128.312255859375 4345.17041015625 399.98052978515625 916.339599609375 3486.417724609375 394.8583984375 7481.3408203125 111.953643798828125 5890.17333984375 1221.856201171875 724.802734375 606.39263916015625
567.609375 447.1610107421875 544.3287353515625 763.73956298828125 244.9952545166015625 13596.3017578125 8595.76171875 12370.326171875 0 0 0 0 242.5103607177734375 272.54345703125 420.9691162109375 878.96502685546875 1184.5020751953125 2297.015869140625 844.1463623046875 522.71160888671875 521.78399658203125 470.716278076171875 343.7694091796875 401.284912109375 403.75830078125 598.756103515625 385.742584228515625 318.601104736328125 255.467803955078125 264.128753662109375 367.074920654296875 338.917327880859375 534.40753173828125 1575.0057373046875 134.9314727783203125 0 1059.73291015625 635.05328369140625 381.96240234375 2122.11279296875 742.26129150390625 1290.1414794921875 12528.5751953125 1454.0753173828125 200.669403076171875 342.950714111328125 265.96514892578125 17746.447265625 1453.2105712890625 37172.21484375 2145.12353515625 808.10699462890625 730.8541259765625
354.26666259765625 460.562286376953125 397.771575927734375 1038.1719970703125 3805.1669921875 6594.9775390625 23731.634765625 23731.634765625 23731.634765625 13299.7197265625 6240.56982421875 9613.3349609375 490.738006591796875 308.683319091796875 280.561614990234375 467.935821533203125 1720.831298828125 1873.03857421875 910.44854736328125 377.210845947265625 353.366485595703125 299.5042724609375 294.3538818359375 363.448638916015625 540.40478515625 519.55615234375 363.791656494140625 416.370758056640625 431.479644775390625 615.4161376953125 605.74749755859375 304.04962158203125 2157.829833984375 2250.315673828125 551.39898681640625 0 0 3169.5263671875 2898.489501953125 3756.496337890625 1606.2744140625 3033.532470703125 11883.1396484375 11883.1396484375 254.659149169921875 247.7362060546875 270.17138671875 372.2025146484375 311.225921630859375 597.69439697265625 1506.774169921875 2211.45458984375 1928.355224609375
