ForecastVariables/BuildingArea_Mean_100m/BuildingAreaMean_Random1.asc
ncols        529
nrows        344
xllcorner    2700.000000000000
yllcorner    15900.000000000000
cellsize     100.000000000000
NODATA_value  0
[rows 207 to 229 of 344, columns 212 to 264 of 529]
428.427001953125 322.08367919921875 762.486328125 687.48468017578125 190.8730010986328125 61493.30078125 61493.30078125 61493.30078125 61493.30078125 35512.16796875 6526.5478515625 3522.05810546875 2826.2939453125 2607.451416015625 880.25701904296875 1692.301025390625 561.8699951171875 3131.593017578125 3618.700927734375 4146.5087890625 1562.208984375 2268.936279296875 2714.2578125 4072.6455078125 4347.8310546875 7593.1904296875 2006.251953125 692.19476318359375 1353.68798828125 1734.470947265625 2183.56494140625 1172.433349609375 2688.267822265625 3130.94970703125 1070.9365234375 1090.8494873046875 1233.411376953125 6133.376953125 1938.4647216796875 1446.556884765625 1306.10107421875 1713.4261474609375 949.908203125 1026.9031982421875 1391.8245849609375 589.1807861328125 2756.236328125 2080.393310546875 0 5765.82763671875 129.30145263671875 2075.193603515625 1989.973388671875
0 427.20965576171875 452.4737548828125 403.121002197265625 206.5904998779296875 30843.560546875 61493.30078125 61493.30078125 61493.30078125 24486.90625 5983.70849609375 7651.06787109375 5064.740234375 4420.9990234375 778.64947509765625 3167.759765625 2648.60546875 1894.8106689453125 2175.909912109375 0 232.4282379150390625 491.91766357421875 4039.02294921875 3350.0458984375 5788.3671875 4720.93212890625 3653.4970703125 2598.8134765625 1725.7669677734375 1343.255615234375 1575.654052734375 1859.404052734375 3891.135498046875 1912.177734375 2291.04345703125 868.60498046875 1359.95166015625 1726.0987548828125 2600.705322265625 1746.54296875 1705.4329833984375 2972.992919921875 0 4839.19189453125 781.25958251953125 1254.3585205078125 387.09661865234375 4786.0224609375 0 1541.49755859375 1947.970947265625 3382.236083984375 2421.5283203125
202.18133544921875 395.860992431640625 334.9837646484375 413.21099853515625 204.2064056396484375 365.80621337890625 61493.30078125 1595.9853515625 61493.30078125 4900.77294921875 0 704.33251953125 1092.74853515625 3978.421142578125 2482.874755859375 4024.58642578125 2803.152099609375 1926.3101806640625 1569.968505859375 1029.3560791015625 1143.0875244140625 0 1143.946044921875 1143.946044921875 2952.89501953125 2453.701904296875 2839.400390625 2335.20654296875 2440.75 1865.925048828125 0 2253.091064453125 1785.5693359375 1015.194580078125 3569.827880859375 3389.2470703125 1961.16064453125 918.9771728515625 1561.4183349609375 2643.10888671875 1178.262939453125 1708.13623046875 3341.184814453125 6586.7734375 4184.916015625 3281.970458984375 1572.736572265625 1156.8563232421875 14991.5439453125 8369.7978515625 2521.114501953125 3032.660400390625 2167.53759765625
363.017486572265625 369.54766845703125 369.345489501953125 393.03033447265625 301.178680419921875 555.4110107421875 0 2179.289306640625 435.44073486328125 411.9942626953125 674.7796630859375 0 1580.928466796875 1859.029541015625 3696.867919921875 3651.30908203125 1705.9100341796875 1847.738525390625 1798.9273681640625 1333.2144775390625 4641.77490234375 7138.47314453125 0 0 2760.7919921875 2591.947021484375 2349.153076171875 2796.75048828125 3501.4833984375 3136.20947265625 1219.844970703125 1466.0169677734375 1398.08544921875 2805.33251953125 4536.6123046875 1484.9373779296875 1199.763916015625 848.55401611328125 2645.86669921875 14741.9375 1658.966064453125 1775.198974609375 16482.548828125 12002.689453125 5284.37744140625 3633.1669921875 5163.65087890625 9273.9912109375 7526.6748046875 7012.181640625 2056.81494140625 565.39208984375 5443.8076171875
439.885009765625 0 351.269012451171875 461.561676025390625 269.839263916015625 1997.2509765625 0 611.21734619140625 11276.7109375 677.399658203125 1050.7884521484375 0 0 0 0 0 0 1240.85400390625 617.99102783203125 1792.87451171875 4641.77490234375 7138.47314453125 9635.1708984375 1133.9410400390625 1133.9410400390625 2809.95361328125 3699.04052734375 3250.659912109375 4890.93310546875 7525.47119140625 1599.5159912109375 1632.428955078125 1615.1533203125 1572.0037841796875 1673.57568359375 1775.1627197265625 982.593017578125 3007.03466796875 5131.46142578125 9780.537109375 34232.578125 16771.873046875 29943.21875 17418.60546875 4346.75146484375 4599.9521484375 6962.39306640625 3550.00390625 2904.325927734375 3723.286865234375 969.5587158203125 6378.6005859375 3713.1552734375
898.01373291015625 722.530029296875 0 0 4198.6708984375 4198.6708984375 739.1185302734375 0 456.058013916015625 413.024505615234375 0 0 0 33.832500457763671875 28.947500228881835938 43.356998443603515625 0 0 975.5579833984375 0 0 9635.1708984375 9635.1708984375 1389.22119140625 1118.1346435546875 980.65802001953125 0 0 0 0 0 0 1533.9656982421875 1781.844482421875 1692.8358154296875 1406.675537109375 20067.623046875 331.172393798828125 4519.23974609375 1583.4208984375 4426.3154296875 29943.21875 29943.21875 17969.20703125 3932.285888671875 6276.8837890625 4682.57666015625 3614.12060546875 4840.1669921875 3071.091064453125 2128.7880859375 1421.233642578125 2395.065185546875
6445.529296875 9438.6005859375 12601.818359375 8298.6240234375 5962.07177734375 5007.453125 1638.9234619140625 0 446.98040771484375 665.02197265625 0 961.68597412109375 1909.5579833984375 0 0 0 0 0 48.322498321533203125 0 0 0 6725.05517578125 3174.262451171875 1892.8946533203125 906.88201904296875 967.98150634765625 1348.599609375 1186.816650390625 1492.175537109375 12579.53515625 697.7822265625 834.98797607421875 1539.2459716796875 1599.2049560546875 1810.552978515625 1229.7576904296875 1430.656982421875 5968.49755859375 3690.81640625 2027.238037109375 29943.21875 20211.369140625 8237.3583984375 8237.3583984375 0 783.6510009765625 8316.373046875 4277.08154296875 4665.93115234375 6570.92529296875 1792.270263671875 3136.85009765625
10908.0048828125 27311.166015625 23581.123046875 12191.474609375 4750.494140625 4785.38525390625 2648.387451171875 2800.135009765625 445.33599853515625 210.384002685546875 0 1222.556640625 2263.25537109375 1119.4786376953125 833.0264892578125 1316.41748046875 0 0 0 0 0 0 6725.05517578125 6725.05517578125 1445.2996826171875 1193.483154296875 702.69732666015625 1325.326171875 2552.360107421875 1449.9129638671875 3074.15478515625 934.83984375 4081.972900390625 14160.1591796875 1278.10205078125 2746.573974609375 5796.42431640625 4840.224609375 1315.33544921875 887.6099853515625 718.1259765625 0 4812.62646484375 6163.65185546875 5189.2783203125 2773.91259765625 1749.0284423828125 1096.671142578125 1270.5277099609375 14560.4833984375 4821.8662109375 1348.6585693359375 2710.731689453125
3731.60693359375 15481.54296875 38290.47265625 19328.734375 14736.3466796875 15536.1083984375 5989.86181640625 5128.9609375 2005.2403564453125 186.3719940185546875 0 828.3790283203125 1896.7015380859375 2444.6943359375 1687.3480224609375 2461.011962890625 2240.91259765625 2136.29150390625 2141.73291015625 0 0 0 0 0 600.71600341796875 1056.1827392578125 1758.2991943359375 1873.7989501953125 8470.359375 8470.359375 878.60498046875 3509.93701171875 3201.593505859375 56.1338348388671875 2716.498291015625 1921.158935546875 160.577850341796875 170.8549957275390625 88.364837646484375 3853.22998046875 578.6165771484375 724.20513916015625 1016.54241943359375 6270.62841796875 3576.345703125 2462.794189453125 1715.6466064453125 1293.279296875 2847.718994140625 4591.09130859375 2432.87060546875 4392.84326171875 3942.83203125
8283.0771484375 8561.5126953125 23884.21484375 35250.14453125 25108.962890625 21558.53515625 9213.4404296875 9213.4404296875 3291.708740234375 0 0 1584.5699462890625 1863.3822021484375 2060.17822265625 1534.9444580078125 1328.9342041015625 1666.30615234375 2249.83154296875 1584.77001953125 1306.2884521484375 0 0 0 0 0 2256.279052734375 2318.102783203125 4462.0029296875 8470.359375 4626.59619140625 2606.047607421875 4661.4560546875 2685.352783203125 2826.556396484375 1429.5572509765625 11377.8896484375 851.16070556640625 342.510345458984375 2169.6962890625 382.711822509765625 921.23687744140625 150.96466064453125 3885.272216796875 6114.955078125 2665.158935546875 2308.845947265625 1656.762939453125 2927.07421875 4009.5791015625 1544.1468505859375 2232.8154296875 4664.38720703125 7800.3935546875
16738.65625 32209.818359375 32209.818359375 32209.818359375 13972.0087890625 6042.38720703125 2541.4580078125 1289.0257568359375 513.797607421875 0 0 2452.839599609375 1903.8812255859375 1610.8824462890625 1156.0635986328125 1766.7049560546875 1745.6258544921875 2101.51416015625 1751.412353515625 1326.780029296875 0 0 0 0 0 2473.89990234375 2522.43505859375 1511.8349609375 1712.8380126953125 1576.52294921875 4429.26220703125 17391.861328125 2249.761962890625 2109.05078125 2337.777587890625 628.683837890625 495.909820556640625 947.57177734375 598.88873291015625 1038.7197265625 3417.501953125 475.53271484375 3652.29150390625 950.32550048828125 1246.2626953125 0 0 2133.587890625 690.0789794921875 1230.0069580078125 2856.70068359375 3581.473388671875 142.20361328125
953.16900634765625 923.8599853515625 0 14626.53125 18544.71484375 6650.2822265625 1581.61865234375 1645.5550537109375 1562.241455078125 1428.0245361328125 1997.9189453125 2201.389892578125 3000.022705078125 2726.0859375 2642.659423828125 1950.487060546875 1187.6478271484375 1080.5498046875 1839.656982421875 0 817.33197021484375 0 27.232999801635742188 0 0 0 1640.043701171875 1089.2034912109375 1271.956787109375 1657.6199951171875 0 2035.89794921875 2255.39306640625 2427.529052734375 413.088958740234375 1518.665283203125 245.738555908203125 1462.0255126953125 1389.1204833984375 1042.16748046875 4220.20751953125 3035.36572265625 10566.625 7513.482421875 2734.158203125 7795.21630859375 10724.0625 4549.30419921875 8525.587890625 2010.6776123046875 2104.78076171875 1282.3458251953125 83.93253326416015625
8728.126953125 467.47674560546875 2064.7939453125 5834.888671875 1798.479248046875 722.10858154296875 1854.656005859375 1965.9967041015625 412.804229736328125 484.369384765625 978.63568115234375 2182.31103515625 926.3289794921875 884.2919921875 3196.9453125 1465.134521484375 1097.8717041015625 365.70599365234375 0 343.0052490234375 576.17236328125 0 0 0 275.519012451171875 0 1106.1090087890625 1056.5045166015625 1580.772216796875 1523.9110107421875 1537.9930419921875 1537.9930419921875 1572.8675537109375 1809.7459716796875 852.13922119140625 1537.352783203125 2748.4052734375 1411.2235107421875 1438.9573974609375 2581.46044921875 2735.148193359375 3955.26513671875 3729.599853515625 6952.935546875 15210.8583984375 78.97547149658203125 14064.8271484375 1457.4078369140625 124.30716705322265625 1910.49462890625 2787.924072265625 2703.9716796875 4381.10791015625
12533.9658203125 758.66497802734375 4233.30029296875 3727.497802734375 11122.474609375 8045.0205078125 5069.94921875 4076.662353515625 6420.38427734375 9454.89453125 4025.510498046875 1141.2298583984375 654.52197265625 594.3060302734375 1335.6011962890625 1161.0660400390625 1604.4366455078125 1983.4857177734375 2026.75048828125 231.4512481689453125 222.240753173828125 0 29.063333511352539062 0 2600.59912109375 2600.59912109375 0 0 1446.301025390625 1067.46435546875 1261.1175537109375 0 1704.1514892578125 1109.362060546875 367.858551025390625 254.436065673828125 1630.380615234375 1944.2100830078125 1160.35498046875 793.50970458984375 2103.56591796875 3722.638427734375 3887.5732421875 5340.42529296875 8082.47998046875 8082.3193359375 8082.1591796875 8082.1591796875 0 1071.945556640625 2502.007568359375 5717.30615234375 0
982.197998046875 5043.171875 13295.740234375 16880.13671875 10488.6103515625 5318.20166015625 832.92254638671875 1154.5003662109375 2452.685546875 2089.53369140625 3494.7783203125 7505.09130859375 861.479736328125 2923.557373046875 2646.82666015625 135.78558349609375 97.7918548583984375 1714.29638671875 1766.05126953125 951.6236572265625 149.2445068359375 0 0 0 0 2600.59912109375 2600.59912109375 0 1172.6319580078125 1204.2340087890625 633.32598876953125 985.343017578125 0 2695.8056640625 1197.57373046875 2265.7275390625 828.88348388671875 3719.470703125 3022.60693359375 0 0 0 0 0 0 0 0 0 0 0 750.3389892578125 5717.30615234375 0
0 4721.8671875 6354.5751953125 2134.193603515625 574.86932373046875 1540.362060546875 2595.202880859375 1518.849609375 420.871551513671875 394.692413330078125 1595.6138916015625 323.401214599609375 2284.107666015625 5391.2431640625 3010.13916015625 3926.826904296875 5141.8017578125 661.1966552734375 319.718902587890625 540.57867431640625 802.0323486328125 0 132.529998779296875 0 579.12200927734375 0 310.337005615234375 356.5675048828125 57.894001007080078125 1235.8360595703125 375.0013427734375 1548.2060546875 0 1652.44482421875 3071.245361328125 1064.2982177734375 3925.521484375 0 0 0 0 0 0 0 0 0 0 0 0 0 0 0 0
0 500.302001953125 5304.10791015625 5304.10791015625 824.37298583984375 2110.74267578125 2875.09130859375 1005.230224609375 1600.44384765625 1169.20458984375 2484.652099609375 7133.3974609375 4682.21533203125 1963.1070556640625 658.560546875 1938.1025390625 199.061248779296875 3789.94970703125 4111.0439453125 1114.334228515625 720.69964599609375 688.33197021484375 255.8873291015625 418.4530029296875 390.10198974609375 345.8489990234375 245.6207427978515625 392.959320068359375 221.2819976806640625 0 0 1019.89898681640625 1116.0760498046875 2304.018310546875 3679.318603515625 267.064971923828125 0 0 0 0 0 0 0 0 0 0 0 0 0 0 0 0 0
0 0 0 0 925.83148193359375 0 960.593505859375 2428.73388671875 627.42547607421875 1097.9765625 11656.07421875 314.92474365234375 5396.50537109375 4536.7119140625 1517.9219970703125 195.434600830078125 1265.0283203125 2296.506591796875 224.31317138671875 845.659423828125 1055.89697265625 0 0 11.284999847412109375 0 0 311.545989990234375 209.1963348388671875 802.073974609375 929.947998046875 0 1019.89898681640625 961.39300537109375 2509.9736328125 635.1715087890625 0 0 0 0 0 0 0 0 0 0 0 0 0 0 0 0 0 0
0 0 0 0 925.83148193359375 0 0 357.29931640625 377.071044921875 708.76641845703125 3624.0986328125 2667.697998046875 498.65179443359375 6490.7861328125 6233.41748046875 2690.885986328125 984.986083984375 6577.2275390625 3440.609375 1425.3468017578125 1692.2215576171875 988.26123046875 611.4776611328125 1428.4334716796875 2199.530029296875 2199.530029296875 0 0 455.8955078125 763.73699951171875 146.8600006103515625 0 0 4954.51416015625 0 0 0 0 0 0 0 0 0 0 0 0 0 0 0 0 0 0 0
0 0 0 0 0 0 0 0 2447.237060546875 2735.552978515625 7888.84814453125 4606.03564453125 443.150238037109375 5003.380859375 1148.646484375 1560.094482421875 852.989013671875 885.21697998046875 1610.0059814453125 2096.083984375 1986.42822265625 1059.5712890625 557.66583251953125 4104.771484375 1856.62255859375 3210.718017578125 336.298004150390625 423.0155029296875 675.42169189453125 889.83526611328125 742.1002197265625 789.073486328125 187.102996826171875 893.121337890625 2021.68701171875 0 0 0 0 0 0 0 0 0 0 0 0 0 0 0 0 0 0
0 0 0 0 0 0 0 0 1249.909423828125 2775.911865234375 2446.27197265625 1929.782470703125 75.0716552734375 704.32733154296875 1021.125 1109.408447265625 0 0 0 2168.403076171875 1281.2198486328125 598.8818359375 4377.62548828125 2842.529052734375 5401.28125 5324.85595703125 22390.126953125 495.993988037109375 0 0 0 2566.16748046875 2001.9520263671875 1876.158447265625 0 0 0 0 0 0 0 0 0 0 0 0 0 0 0 0 0 0 0
0 0 0 0 0 0 0 14.798000335693359375 0 1582.1798095703125 838.6510009765625 0 0 0 0 0 323.398040771484375 459.141815185546875 3092.791015625 0 641.47601318359375 703.51800537109375 680.884521484375 3368.64501953125 4132.83935546875 5416.6181640625 22390.126953125 11793.7041015625 0 0 0 4718.2578125 3841.4140625 0 0 0 0 0 0 0 0 0 0 0 0 0 0 0 0 0 0 0 0
0 0 0 0 0 0 0 0 0 207.0373382568359375 463.01300048828125 0 0 0 0 7224.2646484375 8210.57421875 2654.347900390625 3092.791015625 0 0 819.70697021484375 4687.2646484375 6717.99072265625 2567.025390625 6019.7919921875 22390.126953125 22390.126953125 0 0 0 0 0 0 0 0 0 0 0 0 0 0 0 0 0 0 0 0 0 0 0 0 0
