ForecastVariables/BuildingArea_Mean_100m/BuildingAreaMean_Random4.asc
ncols        529
nrows        344
xllcorner    2700.000000000000
yllcorner    15900.000000000000
cellsize     100.000000000000
NODATA_value  0
[rows 92 to 114 of 344, columns 318 to 370 of 529]
2567.00439453125 992.73626708984375 1095.8463134765625 3215.76904296875 3162.261474609375 4071.8896484375 1251.7777099609375 2654.417724609375 917.274169921875 959.0955810546875 1065.1798095703125 1472.9993896484375 2577.44775390625 5484.22998046875 1578.8385009765625 1410.5560302734375 1333.523681640625 1537.8585205078125 1747.1763916015625 1716.64892578125 2396.837890625 1856.653076171875 944.2786865234375 1476.3411865234375 1004.73211669921875 2683.4306640625 0 1883.1668701171875 10107.1142578125 11309.0400390625 1889.1055908203125 3988.513671875 15035.2802734375 8719.5146484375 971.06964111328125 3294.860107421875 4299.35888671875 389.23480224609375 195.1721343994140625 7.6512074470520019531 1546.867431640625 6500.345703125 6805.32861328125 12249.4658203125 11488.5166015625 438.632293701171875 6078.8232421875 353.698699951171875 29907.259765625 9557.8720703125 2607.313720703125 2582.302001953125 22026.796875
2341.2177734375 1745.864990234375 1290.3609619140625 2496.729248046875 3903.499755859375 1188.6278076171875 2944.26171875 8069.02587890625 8069.02587890625 1147.3216552734375 1109.874755859375 770.2862548828125 1579.3050537109375 3350.572021484375 1240.8148193359375 1305.797607421875 1532.4775390625 1426.890625 2629.80078125 5167.91943359375 1066.8704833984375 2121.79296875 2607.696044921875 5579.14892578125 3981.331298828125 0 2898.65234375 4781.04248046875 2730.96435546875 5486.203125 21312.220703125 6182.98388671875 15296.9130859375 12891.1025390625 3481.443115234375 2951.807861328125 12909.3251953125 2501.400634765625 1598.048828125 7517.47802734375 874.7218017578125 3236.63916015625 5132.396484375 3241.8427734375 23967.390625 7963.62158203125 3768.41748046875 18956.9765625 16562.419921875 4606.10791015625 18003.08984375 8403.9443359375 2325.8935546875
1117.0098876953125 1452.7552490234375 1250.3370361328125 879.88018798828125 1395.0400390625 1405.9647216796875 3080.053466796875 2605.654296875 2735.010986328125 1358.4287109375 2176.344482421875 4664.28515625 3417.53955078125 1147.49853515625 1196.9339599609375 1573.031982421875 2577.256103515625 2728.178466796875 1425.0743408203125 1174.225341796875 0 2443.9384765625 1191.2091064453125 1302.9307861328125 2349.70556640625 0 3705.514892578125 25259.796875 4466.59912109375 5604.01220703125 1810.4990234375 417.23236083984375 2702.0048828125 1959.1627197265625 461.93212890625 15417.076171875 7197.05322265625 318.84002685546875 4069.74560546875 5796.63818359375 2048.181396484375 1880.97412109375 210.6652984619140625 8141.353515625 1499.158447265625 435.37506103515625 2698.923583984375 1887.441650390625 378.97900390625 5750.66943359375 5191.96630859375 566.92626953125 2435.600830078125
370.31463623046875 1845.572509765625 1240.810791015625 890.84051513671875 1029.2840576171875 901.4356689453125 1534.7957763671875 1134.7900390625 922.9033203125 1273.826416015625 2601.033203125 4734.99755859375 1350.1436767578125 1193.8502197265625 0 0 0 5947.732421875 756.9547119140625 1198.17333984375 12477.517578125 17293.607421875 0 0 10896.8134765625 1837.0653076171875 15232.197265625 10185.787109375 2810.89697265625 15468.6953125 9018.599609375 15089.3955078125 8040.72119140625 11731.1142578125 10228.7548828125 10972.2236328125 396.55584716796875 10997.3779296875 4957.91064453125 5279.8173828125 1015.884033203125 10667.9638671875 8810.154296875 524.54656982421875 3428.66748046875 1031.1580810546875 8357.9150390625 9794.5087890625 3455.033935546875 7063.85498046875 1767.611083984375 1583.4036865234375 1425.5556640625
21301.587890625 18401.716796875 1045.3680419921875 984.0223388671875 1219.9093017578125 1264.464599609375 1826.7142333984375 1000.6796875 956.1243896484375 1469.1453857421875 1230.615234375 1160.3875732421875 1498.4847412109375 1698.3780517578125 0 3929.4638671875 2538.992431640625 23861.388671875 3221.87646484375 6124.7314453125 13443.3212890625 1756.405029296875 1396.9552001953125 5191.22802734375 22433.75390625 26224.919921875 0 0 0 0 5802.390625 11189.58984375 6306.453125 9.2026729583740234375 10436.658203125 4745.96044921875 16921.400390625 8388.5966796875 3633.635498046875 2687.70458984375 2610.437255859375 11854.08203125 4079.264404296875 1103.061767578125 1421.5242919921875 1840.57275390625 10881.9501953125 492.1336669921875 10783.3271484375 6027.0185546875 208.9667816162109375 3234.8095703125 1725.102783203125
554.5877685546875 3616.10595703125 1304.921630859375 2438.67333984375 7205.630859375 2134.4130859375 1108.68115234375 705.781005859375 1244.6920166015625 1002.599365234375 1501.8172607421875 1152.031982421875 1499.1280517578125 0 0 1862.699462890625 3739.24755859375 3785.66015625 4387.5009765625 5049.78173828125 4167.14208984375 1540.5802001953125 5093.74560546875 10012.7763671875 2609.909912109375 734.52117919921875 0 0 0 556.224853515625 14859.39453125 12026.16796875 67.1993255615234375 969.2181396484375 475.3505859375 5615.75244140625 227.6056060791015625 542.49212646484375 2382.12109375 12285.1044921875 7759.76416015625 520.69561767578125 11749.6181640625 4946.45751953125 7104.20458984375 217.5495147705078125 22900.58203125 2756.8818359375 30542.0546875 2317.22607421875 3148.3408203125 1974.4945068359375 909.710205078125
4728.73486328125 30336.333984375 1304.9285888671875 648.67181396484375 1233.691162109375 1749.0943603515625 1642.7816162109375 9395.7138671875 4338.7568359375 1364.491943359375 1671.1353759765625 1556.655029296875 1784.1922607421875 0 0 3851.50439453125 11415.796875 8130.01953125 14320.8095703125 4788.35107421875 4140.25048828125 4546.7578125 8891.046875 3531.228515625 553.53253173828125 276.7567138671875 0 0 0 6355.9931640625 11034.38671875 20066.158203125 4726.029296875 27619.103515625 1570.7669677734375 15497.9755859375 11925.716796875 975.3538818359375 3027.86962890625 8152.630859375 11101.408203125 2473.854248046875 1032.566162109375 3789.87158203125 3815.334716796875 7850.7216796875 10963.267578125 30542.0546875 30542.0546875 1638.3297119140625 1946.765380859375 1450.7762451171875 659.83770751953125
591.01702880859375 520.69427490234375 590.00677490234375 924.7979736328125 809.31097412109375 1150.567626953125 2837.56494140625 6116.6396484375 1700.787109375 138.632110595703125 708.15069580078125 782.00457763671875 901.75048828125 0 0 9481.9990234375 2568.134765625 4541.390625 31927.47265625 4582.9130859375 7614.62109375 914.5015869140625 9542.3759765625 948.70159912109375 3667.22119140625 3987.95849609375 0 0 0 0 3651.500732421875 6367.67041015625 4098.998046875 7060.85888671875 3476.535400390625 9366.919921875 240.500457763671875 329.946380615234375 50.5731353759765625 5213.09130859375 7115.13232421875 780.4619140625 9175.0576171875 7.9798212051391601562 2779.6953125 8555.568359375 4253.77734375 30542.0546875 15783.80078125 1341.5999755859375 1227.7723388671875 1461.532958984375 1311.560302734375
602.79168701171875 463.62249755859375 457.1409912109375 2119.299072265625 1460.595458984375 1295.5479736328125 1989.566650390625 2790.2314453125 786.8333740234375 967.4010009765625 718.76031494140625 793.60797119140625 922.55902099609375 0 0 394.954193115234375 635.487060546875 325.219879150390625 4098.51025390625 450.458099365234375 5624.39013671875 6454.93701171875 42.90238189697265625 8390.2744140625 4580.16259765625 7991.193359375 0 0 0 0 0 1661.5255126953125 4639.583984375 12952.541015625 5468.57470703125 9829.392578125 19177.55078125 6791.94775390625 2832.640625 16246.716796875 968.45733642578125 501.88201904296875 868.5325927734375 5569.9208984375 30874.458984375 20648.462890625 19802.962890625 543.66802978515625 944.067138671875 1927.876220703125 1474.5413818359375 947.173828125 7149.990234375
2138.14453125 1660.7047119140625 1642.9237060546875 1044.61376953125 1321.94580078125 1895.103515625 2835.7529296875 2835.7529296875 0 1318.5889892578125 1413.8609619140625 1460.5606689453125 1186.0062255859375 808.92730712890625 1178.801025390625 4405.4755859375 4512.75341796875 1110.93994140625 11663.166015625 6935.2783203125 517.97930908203125 4666.5224609375 462.61334228515625 397.07452392578125 3677.946044921875 0 0 0 0 0 0 7184.88232421875 15444.0400390625 6034.966796875 457.641693115234375 6024.49462890625 29273.654296875 5714.23876953125 13358.4658203125 283.737945556640625 361.7950439453125 1647.77294921875 867.52288818359375 5692.24658203125 10175.421875 37891.12109375 19802.962890625 1441.6209716796875 1826.4261474609375 2652.787353515625 2085.31201171875 1517.7467041015625 3902.46630859375
1640.820556640625 2264.594970703125 2398.641357421875 2821.221923828125 1243.68310546875 1528.1519775390625 0 0 0 1644.553955078125 1523.70751953125 984.61749267578125 815.41119384765625 877.70501708984375 1220.633056640625 2336.923828125 19008.25390625 30116.125 3288.116455078125 19311.369140625 2763.333740234375 20652.984375 19424.259765625 76.2842864990234375 3459.0576171875 384.239990234375 204.34100341796875 0 0 0 0 8.2250871658325195312 10075.7939453125 55603.2109375 5176.40380859375 2090.094482421875 9501.6923828125 200.7628936767578125 1891.905029296875 2966.122802734375 3070.9775390625 7485.8125 4989.3125 12732.1220703125 2668.7939453125 1824.7813720703125 13904.6279296875 1457.5264892578125 1266.920654296875 1095.488525390625 2070.08837890625 2396.1982421875 3374.354736328125
1555.7635498046875 1797.0806884765625 2225.23681640625 2801.13134765625 1185.5511474609375 1201.8465576171875 0 0 0 1128.4990234375 1293.968017578125 650.4210205078125 1904.0723876953125 1698.2989501953125 1243.8675537109375 14232.912109375 6.2705225944519042969 8462.9765625 6146.6201171875 573.965087890625 12002.353515625 828.595703125 6861.4560546875 0 0 0 0 0 0 0 175.5926055908203125 11648.22265625 13061.556640625 7187.15234375 9770.421875 6985.60693359375 3843.5830078125 1133.58251953125 279.510528564453125 1339.9608154296875 159.80511474609375 374.437286376953125 7566.07373046875 4534.45751953125 2580.693359375 2044.3814697265625 1566.6796875 1704.3900146484375 1285.757568359375 1191.5142822265625 8136.74755859375 2257.376953125 3676.37158203125
2534.9365234375 1256.559326171875 1318.676513671875 1265.8275146484375 1067.2099609375 815.1409912109375 0 0 0 1738.2313232421875 1249.364013671875 1386.0240478515625 398.86773681640625 1108.128662109375 0 957.333251953125 1560.8297119140625 13343.615234375 7648.615234375 1533.288330078125 1500.542236328125 1733.377685546875 0 0 0 0 0 0 0 0 460.891204833984375 3216.761474609375 3066.58251953125 4794.88623046875 12062.791015625 10994.71484375 11285.8837890625 5575.9189453125 190.3177032470703125 7875.06201171875 18085.31640625 14602.9248046875 7343.267578125 9054.1943359375 1534.0196533203125 11473.091796875 1221.24072265625 1306.408447265625 2619.099365234375 5652.1015625 13545.8291015625 13545.8291015625 1096.20703125
2248.910888671875 843.0460205078125 1680.5169677734375 1696.4063720703125 1540.8673095703125 1738.366455078125 0 0 0 1798.800537109375 2750.061767578125 2746.0380859375 505.68438720703125 627.31298828125 759.4119873046875 715.99981689453125 6116.10400390625 1901.2899169921875 10.226933479309082031 8689.7685546875 0 0 0 0 0 0 0 0 0 660.47100830078125 412.99249267578125 3530.49853515625 3374.762451171875 23777.509765625 17452.359375 9757.427734375 1532.325927734375 539.237060546875 2596.80224609375 14954.5224609375 2099.572998046875 23722.244140625 23722.244140625 23722.244140625 0 1466.89697265625 1444.5279541015625 1944.33154296875 2888.569091796875 1140.5977783203125 5045.546875 13545.8291015625 9267.666015625
1712.68994140625 842.094970703125 2399.486572265625 1935.9420166015625 1175.9068603515625 1075.71044921875 944.36798095703125 380.614501953125 336.900665283203125 855.3184814453125 1962.83154296875 7354.2919921875 2826.6103515625 743.531494140625 788.008056640625 501.887237548828125 498.718353271484375 10389.9716796875 981.9703369140625 2560.979248046875 814.40753173828125 10914.40234375 0 0 0 0 0 0 0 0 459.993988037109375 148.8205718994140625 3182.593994140625 1723.531005859375 253.87158203125 9757.427734375 1655.671142578125 3240.53466796875 12211.0654296875 20912.595703125 1796.2703857421875 1052.9952392578125 19521.224609375 15114.0498046875 19547.609375 19547.609375 0 5750.59423828125 2534.706298828125 861.136474609375 1083.082275390625 1759.54150390625 4919.5693359375
2040.719970703125 2635.97607421875 3557.285400390625 770.33837890625 1001.56317138671875 997.90185546875 763.0504150390625 546.03265380859375 492.270660400390625 243.995849609375 354.17645263671875 548.6036376953125 716.12451171875 656.86199951171875 9496.951171875 5539.8662109375 571.662353515625 3785.689208984375 5725.080078125 22239.31640625 722.68951416015625 3137.53271484375 0 52.050998687744140625 0 0 0 0 0 0 0 24356.033203125 9730.75390625 11194.0068359375 3976.931640625 1771.1070556640625 74067.65625 9184.607421875 12.563035964965820312 1951.1470947265625 5199.2431640625 441.38525390625 1229.19677734375 6505.85498046875 19547.609375 19547.609375 14588.3427734375 3031.687744140625 4939.37158203125 821.29498291015625 798.66802978515625 1444.7113037109375 921.1295166015625
4290.35546875 344.348297119140625 4163.03857421875 1436.6707763671875 1681.3782958984375 1224.015380859375 1853.0810546875 631.73382568359375 1143.5126953125 369.825347900390625 545.2794189453125 627.62518310546875 741.62701416015625 2377.736572265625 6490.55419921875 4325.57275390625 15232.7470703125 4761.46484375 4464.44775390625 4911.98876953125 3199.041259765625 25880.578125 25880.578125 0 0 0 0 0 0 0 0 12398.3525390625 15029.478515625 8789.7529296875 1145.804443359375 8582.0771484375 8733.287109375 7760.84814453125 21276.419921875 8056.35302734375 5687.37744140625 20440.0234375 20440.0234375 0 17710.1015625 19547.609375 9629.0751953125 8641.1572265625 4946.310546875 6399.67822265625 0 1369.4410400390625 1637.9935302734375
22128.05078125 5053.1005859375 3368.536376953125 2845.173828125 4873.11865234375 2952.836181640625 1164.2305908203125 1360.6722412109375 877.343994140625 0 620.26202392578125 604.1810302734375 2384.30908203125 5595.3779296875 1563.23095703125 8682.5947265625 8496.5234375 899.35455322265625 1503.742431640625 15191.7978515625 20536.1875 25880.578125 0 0 0 0 0 0 0 0 0 0 21055.9453125 13008.509765625 16934.99609375 2121.60693359375 866.809814453125 10621.75 6624.2685546875 5247.087890625 9084.1337890625 20440.0234375 20440.0234375 5311.87939453125 4504.259765625 17710.1015625 18289.978515625 2484.10791015625 2075.760498046875 10367.8203125 0 1601.8341064453125 2186.919921875
4436.517578125 3305.60498046875 504.996978759765625 3654.329345703125 7948.94287109375 2678.159423828125 607.05108642578125 1397.2625732421875 0 0 0 3745.079345703125 4251.49365234375 41639.25 7048.6845703125 13113.8134765625 5886.4248046875 1239.1563720703125 13969.068359375 14580.4326171875 20536.1875 25880.578125 0 0 0 0 0 0 0 0 0 0 0 12339.5390625 1851.7591552734375 8038.2470703125 4745.47802734375 826.33001708984375 829.7320556640625 2448.859619140625 14478.90234375 28230.099609375 28230.099609375 1471.0302734375 15822.3544921875 3821.52294921875 18289.978515625 1953.6966552734375 385.932586669921875 865.81085205078125 1246.7498779296875 2496.1123046875 4320.673828125
612.5413818359375 1804.3470458984375 3296.7265625 4595.544921875 2155.471923828125 1018.8955078125 972.2115478515625 1404.960205078125 1051.0872802734375 0 0 10707.6669921875 3245.076416015625 731.519775390625 6671.5185546875 34138.3515625 7454.8203125 409.42681884765625 13969.068359375 2519.357421875 9426.25390625 25880.578125 0 0 0 0 0 0 0 0 0 0 0 0 2372.991455078125 2834.54833984375 627.8056640625 5276.06298828125 1117.354736328125 10456.611328125 6271.1845703125 28230.099609375 28230.099609375 7788.30078125 7368.1318359375 1924.536865234375 1691.0289306640625 3493.0634765625 1584.7625732421875 2415.47021484375 2117.620361328125 3369.91796875 7779.2734375
2817.414306640625 2208.833740234375 942.10748291015625 806.83502197265625 1144.291259765625 1044.7935791015625 1220.3160400390625 1090.627197265625 599.121826171875 0 0 8507.9912109375 1289.9786376953125 6675.5361328125 2248.755615234375 484.244964599609375 17288.130859375 6510.4765625 13427.8759765625 165.6371917724609375 495.235198974609375 0 0 0 0 0 0 0 0 0 0 0 0 0 0 2525.1806640625 12942.1552734375 2917.6875 2021.393798828125 12559.6005859375 9823.4013671875 589.0321044921875 2307.25390625 21077.439453125 5449.767578125 10150.0400390625 1415.881103515625 3003.917724609375 3107.671142578125 2705.870849609375 1615.3778076171875 465.61871337890625 1160.993408203125
172.1975250244140625 9012.3720703125 1242.7490234375 1947.198486328125 1307.0255126953125 1732.5899658203125 1595.4830322265625 1313.7816162109375 878.0958251953125 0 2932.68408203125 1669.8740234375 3193.624755859375 11251.1181640625 5985.9072265625 1587.0372314453125 11292.5029296875 12886.6826171875 12886.6826171875 1976.871337890625 7110.146484375 0 0 0 0 0 0 0 0 0 0 0 0 0 0 0 265.023193359375 4922.48876953125 6137.5400390625 12824.072265625 824.395263671875 105.29547119140625 1634.2027587890625 12489.1845703125 5721.36474609375 9185.9716796875 5273.24609375 601.20416259765625 1577.086669921875 4094.28173828125 765.08465576171875 1115.9149169921875 4105.294921875
411.600738525390625 1531.6566162109375 1650.154052734375 1542.218994140625 2142.803955078125 1119.281982421875 1063.37353515625 1699.1199951171875 1169.7716064453125 0 293.318878173828125 4625.02099609375 3298.11962890625 4752.6748046875 5395.548828125 14.108507156372070312 3079.97119140625 15223.453125 1723.848388671875 13450.68359375 1544.561279296875 0 0 0 0 0 0 0 0 0 0 0 0 0 0 0 0 0 15537.6220703125 6910.44482421875 8670.60546875 4248.51513671875 6266.39892578125 11752.6162109375 33696.11328125 10141.8232421875 2358.730224609375 742.6983642578125 2138.636474609375 984.96478271484375 378.18768310546875 16832.119140625 6383.91748046875
