ForecastVariables/BuildingArea_Mean_100m/BuildingAreaMean_Random1.asc
ncols        529
nrows        344
xllcorner    2700.000000000000
yllcorner    15900.000000000000
cellsize     100.000000000000
NODATA_value  0
[rows 115 to 137 of 344, columns 106 to 158 of 529]
0 0 0 0 0 0 0 0 0 0 0 0 13720.388671875 4668.20947265625 6399.6162109375 10957.4375 5914.52734375 8538.3603515625 270.29083251953125 6271.25830078125 10228.6669921875 69.357452392578125 16479.404296875 5093.498046875 4673.74951171875 2551.107666015625 3282.9169921875 291.025726318359375 0.059090159833431243896 15.990683555603027344 8728.697265625 4305.9228515625 1120.294677734375 22607.978515625 306.94317626953125 1403.504150390625 2103.093994140625 3617.0830078125 6620.48486328125 2340.864990234375 0 0 2880.28955078125 794.55078125 782.20941162109375 8.109771728515625 4153.07861328125 1189.1064453125 1854.7183837890625 280.88677978515625 315.43267822265625 76.30292510986328125 2269.966796875
0 0 0 0 0 0 0 0 0 0 17635.341796875 2502.3642578125 3936.748046875 7920.44677734375 7644.78759765625 450.5311279296875 431.741668701171875 5969.10986328125 8545.2392578125 6774.95947265625 14263.197265625 3683.20263671875 5890.5107421875 20394.37109375 4943.81396484375 8244.751953125 2778.072265625 32.043766021728515625 2157.297607421875 34575.4453125 4956.7783203125 9581.740234375 11210.734375 981.41363525390625 7330.37890625 1905.741943359375 2478.65380859375 2073.444580078125 2361.630126953125 2958.788330078125 1458.3824462890625 0 2807.751953125 1877.2403564453125 1652.785400390625 978.525634765625 1209.6527099609375 952.195068359375 267.502593994140625 750.90277099609375 2672.94140625 982.9228515625 500.4200439453125
10684.1533203125 2984.962890625 0 0 0 0 0 0 0 6152.7724609375 14130.740234375 164.76885986328125 12205.3662109375 5368.033203125 5755.49365234375 467.43353271484375 1415.9105224609375 2820.3056640625 16037.025390625 4399.353515625 1425.6903076171875 3433.75634765625 8762.15625 5510.68310546875 6556.87841796875 12.874873161315917969 3804.500732421875 1981.16259765625 5993.2412109375 3541.232177734375 4899.07470703125 3588.668701171875 1310.2523193359375 1424.455810546875 2980.440185546875 4540.5986328125 802.6968994140625 4476.24267578125 2881.3330078125 2704.421630859375 676.3519287109375 3001.440673828125 0 762.27532958984375 482.126007080078125 224.218902587890625 1792.931884765625 3257.342041015625 1066.3978271484375 1101.909423828125 611.0447998046875 3530.50830078125 1291.9061279296875
6174.99169921875 20179.564453125 3607.82763671875 0 0 0 0 0 5577.390625 8337.078125 4394.595703125 4264.67041015625 589.14080810546875 19734.498046875 3924.844482421875 826.17242431640625 2341.270751953125 1978.8519287109375 69.71057891845703125 213.469390869140625 3653.06396484375 16551.2578125 7280.6982421875 8202.46875 8761.7392578125 7599.1708984375 6450.3212890625 9007.3564453125 7589.69482421875 330.447998046875 8.9219942092895507812 779.1578369140625 137.5465850830078125 4854.98193359375 5253.07373046875 2955.083740234375 1754.0262451171875 662.05224609375 9037.81640625 292.260589599609375 1766.301513671875 1795.831787109375 1820.87255859375 4667.8095703125 892.4525146484375 1732.2926025390625 1358.1243896484375 8579.0966796875 4807.9638671875 2247.104736328125 1039.791748046875 1184.4334716796875 1440.7879638671875
8313.3935546875 6624.4697265625 914.21014404296875 0 0 0 0 0 2437.8701171875 8128.48828125 372.721893310546875 6698.73876953125 198.3298492431640625 8978.517578125 4575.48291015625 1712.961181640625 2383.65185546875 2164.908447265625 2159.10791015625 24165.244140625 12127.7646484375 34298.90625 344.480621337890625 3410.3076171875 12686.068359375 6009.14208984375 937.61578369140625 3478.76806640625 3186.553466796875 2881.9755859375 5360.0986328125 372.985565185546875 3269.075439453125 513.82513427734375 5038.203125 1889.3140869140625 1379.0771484375 2018.422119140625 980.1043701171875 3107.383056640625 2948.463623046875 3514.04833984375 3765.0546875 1957.79345703125 0 0 0 8579.0966796875 8579.0966796875 3113.58447265625 1432.7010498046875 1175.0369873046875 1029.5560302734375
12478.9501953125 3702.8232421875 11759.1376953125 0 29770.099609375 854.8641357421875 812.123779296875 4033.239013671875 235.368865966796875 1622.602783203125 1888.7960205078125 2057.88232421875 6166.51123046875 14671.8564453125 135.6602020263671875 2136.002197265625 6188.4052734375 10921.775390625 9569.9541015625 1608.6412353515625 4900.34228515625 14969.173828125 2274.338134765625 18688.34765625 17741.88671875 2894.153076171875 2936.834716796875 4717.7587890625 2931.15966796875 2116.2568359375 335.467681884765625 4540.10009765625 1617.3634033203125 809.26654052734375 790.69073486328125 446.55865478515625 1284.715576171875 14607.1396484375 764.93231201171875 3896.96240234375 401.42022705078125 2769.040771484375 856.91937255859375 0 1966.507568359375 277.896392822265625 1069.3616943359375 2208.279541015625 959.93878173828125 1263.0732421875 1845.9163818359375 1567.35302734375 1368.999755859375
3827.5439453125 11345.0634765625 10496.0859375 8922.7978515625 1429.9580078125 989.492431640625 511.171722412109375 34869.80078125 9809.828125 18723.916015625 9875.3115234375 42.633636474609375 8176.85302734375 6042.39697265625 1820.783447265625 10539.46484375 3780.174560546875 5884.76123046875 4687.39892578125 19166.240234375 6204.564453125 40065.171875 4238.78955078125 10809.505859375 7648.712890625 212.9258270263671875 833.623046875 6370.78466796875 8442.169921875 22550.95703125 9199.06640625 1072.9501953125 884.8662109375 1536.495361328125 978.7110595703125 382.643341064453125 3936.20068359375 2553.8173828125 2551.467041015625 1107.053466796875 3236.658203125 198.8195953369140625 148.157379150390625 0 4421.83203125 4457.2041015625 450.268280029296875 201.201446533203125 1162.634521484375 1590.3468017578125 1215.0264892578125 1391.3907470703125 1366.334228515625
3020.33740234375 28320.345703125 15136.3251953125 9851.044921875 379.3179931640625 464.421905517578125 120.11235809326171875 4629.08837890625 6737.623046875 1848.5233154296875 1775.8046875 1364.482666015625 2209.321533203125 17036.677734375 246.713470458984375 7368.6904296875 6723.5 5825.97607421875 11854.787109375 11889.126953125 23652.96875 3045.838623046875 10749.158203125 17115.9765625 7701.43603515625 6765.91357421875 7833.66845703125 63.89810943603515625 14667.91796875 7153.0361328125 394.88397216796875 4928.759765625 550.46649169921875 141.6725311279296875 946.9658203125 1496.84130859375 6854.3076171875 2428.707275390625 2623.809326171875 461.804351806640625 782.45916748046875 1606.860107421875 2673.27490234375 940.26898193359375 2482.8447265625 2877.6904296875 714.1400146484375 403.232513427734375 0 2134.323974609375 1544.3070068359375 1221.519287109375 1076.4112548828125
5587.5654296875 10856.5380859375 223.89459228515625 8263.1015625 3139.603759765625 1470.9151611328125 8521.1962890625 33715.53515625 2754.217041015625 9757.1396484375 2519.071044921875 17390.216796875 399.0350341796875 4838.95849609375 16802.158203125 4065.472900390625 31.753904342651367188 510.86468505859375 22072.841796875 1612.9404296875 8614.0849609375 12993.5625 1877.2344970703125 9804.4375 826.20135498046875 852.5992431640625 2952.321533203125 1231.186279296875 3051.2138671875 11712.8173828125 2484.25048828125 4208.2666015625 1154.705078125 2689.474853515625 96.68912506103515625 719.6422119140625 1610.035400390625 23993.224609375 1731.8052978515625 6587.98876953125 63.383068084716796875 1892.6343994140625 6117.7587890625 326.016510009765625 4504.974609375 0 1430.510498046875 2019.519775390625 3010.565185546875 0 2046.97900390625 3210.71875 2371.97509765625
1667.9300537109375 5203.37646484375 10757.794921875 20228.80859375 11580.28125 517.28485107421875 2307.437744140625 1989.67822265625 27.841005325317382812 1903.979248046875 1535.1348876953125 29279.43359375 15339.1328125 963.353515625 1216.3565673828125 5317.7431640625 2506.4521484375 796.84564208984375 1913.6925048828125 149.354644775390625 4178.21142578125 7779.36767578125 570.06298828125 4827.77978515625 5422.6044921875 2330.303466796875 24544.91015625 2624.42236328125 2502.258056640625 4057.23974609375 2569.84619140625 615.3836669921875 1888.0733642578125 471.316802978515625 9419.2490234375 660.65093994140625 1257.908447265625 980.8983154296875 1270.1749267578125 3949.1572265625 3662.42578125 3038.32861328125 8232.49609375 992.2005615234375 17626.3671875 2557.593017578125 941.3389892578125 4050.62255859375 1104.988525390625 415.71478271484375 0 2530.794921875 2550.93115234375
3158.08349609375 6276.29296875 683.98370361328125 3562.193359375 1095.568603515625 13236.0546875 9587.111328125 7867.30126953125 9180.4111328125 7908.42138671875 12396.806640625 710.38525390625 2440.73974609375 1701.8740234375 0 0 204.8194427490234375 338.852752685546875 10017.478515625 27860.58203125 1637.9017333984375 2086.498291015625 1660.6475830078125 9909.5341796875 7758.8232421875 10261.5458984375 5997.9599609375 4659.1953125 3978.00830078125 1724.9517822265625 1099.9803466796875 4012.818115234375 297.913848876953125 1728.0877685546875 2923.513427734375 2337.393798828125 1128.8958740234375 2292.633056640625 1373.1219482421875 2093.7783203125 465.186553955078125 2763.338134765625 193.615386962890625 5506.0361328125 3209.77978515625 3630.0986328125 1265.66796875 52.029315948486328125 2402.32666015625 2000.9385986328125 225.1610107421875 1873.197998046875 1258.0831298828125
926.62237548828125 28007.404296875 532.2706298828125 620.146484375 2181.189453125 463.67059326171875 1520.12060546875 4980.0771484375 260.486114501953125 702.185302734375 4354.3525390625 51.01055908203125 12159.2578125 551.28662109375 4969.14990234375 9436.486328125 0 0 8616.1181640625 0 0 0 9328.6083984375 4068.368896484375 0 7658.275390625 6435.44287109375 5783.4697265625 3425.081298828125 3654.526123046875 3385.500732421875 1020.70654296875 623.9573974609375 433.955963134765625 1984.0386962890625 951.3695068359375 1990.29638671875 910.035400390625 1166.7589111328125 400.27117919921875 2648.781005859375 3218.12548828125 837.95269775390625 5797.71435546875 327.911651611328125 772.37811279296875 7143.994140625 1422.8653564453125 1590.1478271484375 5578.37353515625 5414.61181640625 2623.744384765625 1135.9549560546875
18886.662109375 16197.232421875 5909.81884765625 461.09906005859375 999.2008056640625 2584.6337890625 20696.41015625 17993.671875 3089.16943359375 1025.005859375 7102.98291015625 7142.58251953125 8551.294921875 509.20611572265625 1992.4783935546875 5968.04150390625 5082.61083984375 0 0 0 0 0 0 0 0 0 0 0 1410.0050048828125 4355.46630859375 2373.720458984375 1808.7998046875 127.34136962890625 1249.273193359375 1169.3546142578125 1685.240478515625 1333.3997802734375 2386.360595703125 1131.5498046875 2495.621337890625 3546.43408203125 2410.93017578125 10815.029296875 6576.615234375 43.9503631591796875 3990.267578125 2964.260009765625 566.3572998046875 655.40008544921875 1837.72998046875 5249.80224609375 1327.4921875 0
16252.1025390625 4025.2333984375 7160.64697265625 2330.329833984375 552.56268310546875 28170.85546875 20696.41015625 26264.9453125 31833.48046875 15367.166015625 12661.6650390625 1827.326416015625 3587.195556640625 10372.2197265625 10484.666015625 346.901336669921875 33577.30859375 0 0 1886.821044921875 1481.882080078125 6435.44921875 1648.814453125 1775.2330322265625 408.878570556640625 806.77728271484375 0 0 0 3995.228271484375 2626.7939453125 1932.3797607421875 855.357666015625 1649.283203125 5844.37158203125 13654.287109375 3097.648681640625 217.5782012939453125 3642.852783203125 226.863433837890625 6685.4794921875 430.90020751953125 1542.6943359375 376.91375732421875 4032.677734375 1112.219482421875 3149.351806640625 9030.3515625 1233.0316162109375 500.7265625 5206.10205078125 4656.38671875 8396.744140625
970.974609375 1947.44970703125 2860.8193359375 3168.966064453125 10481.9638671875 8205.380859375 170.7171630859375 26264.9453125 30985.091796875 30136.701171875 1629.9425048828125 11243.1201171875 11936.177734375 3582.60791015625 1748.8955078125 2150.903564453125 6145.4775390625 1251.1883544921875 1637.5830078125 1342.6527099609375 2375.09912109375 767.98651123046875 1549.7186279296875 1626.82470703125 2258.867919921875 1877.5201416015625 1012.41668701171875 1621.0009765625 1785.925048828125 0 5895.0986328125 5331.92529296875 484.913238525390625 750.9010009765625 3827.568603515625 4446.369140625 1652.6173095703125 5773.7392578125 2025.2723388671875 1884.72900390625 1884.72900390625 5718.755859375 1969.73193359375 1870.515869140625 3051.6201171875 2450.85888671875 3842.21875 3459.108642578125 2918.695068359375 3819.9501953125 1906.3778076171875 2583.173583984375 8396.744140625
894.5391845703125 1205.3514404296875 1367.9288330078125 1580.1832275390625 793.6005859375 10227.23046875 11455.076171875 31833.48046875 30136.701171875 30136.701171875 1675.06298828125 13722.9765625 2819.867431640625 12731.7841796875 31878.353515625 1536.751708984375 1580.1082763671875 1740.543701171875 1852.475341796875 1706.1240234375 894.71490478515625 2637.42578125 5362.31982421875 3429.987060546875 2583.891845703125 3291.429443359375 1470.0350341796875 1358.1041259765625 2610.672119140625 541.71002197265625 0 3949.3134765625 1594.52685546875 0 2075.009765625 4157.78662109375 3179.345703125 4764.51318359375 2357.389892578125 1943.677001953125 4646.9169921875 2713.62353515625 1910.5560302734375 3184.458984375 6204.16455078125 1608.2977294921875 1171.3990478515625 3847.700439453125 476.8330078125 2873.382568359375 3233.107666015625 1678.788330078125 877.8052978515625
526.292236328125 1652.4014892578125 1239.366943359375 1092.9150390625 6263.47021484375 10090.3828125 1217.5716552734375 8902.1171875 22501.6171875 17491.69140625 18804.271484375 403.510955810546875 42785.10546875 6019.71630859375 1148.865966796875 1294.669189453125 1059.5986328125 1695.82666015625 2022.86279296875 1587.1112060546875 1546.3900146484375 1432.61572265625 9458.3876953125 3548.12451171875 1333.683349609375 1305.0225830078125 1411.1964111328125 1561.0863037109375 4697.61181640625 4260.29833984375 7523.0927734375 7523.0927734375 0 0 2343.198974609375 1694.7353515625 5505.0009765625 1864.516845703125 1194.071044921875 1588.532470703125 2853.0390625 7061.38818359375 991.33978271484375 703.97369384765625 2146.52490234375 3542.819580078125 2219.5263671875 941.86822509765625 3237.783447265625 5761.87060546875 1904.5494384765625 2528.9521484375 416.847076416015625
1530.0849609375 3888.386474609375 1853.4683837890625 1231.2860107421875 25481.203125 12006.802734375 24394.66796875 2513.4814453125 14866.5322265625 11169.1865234375 11169.1865234375 1807.0050048828125 708.03277587890625 541.7298583984375 0 1643.263671875 1135.5382080078125 1247.7388916015625 1857.208740234375 1579.7669677734375 1550.8333740234375 1724.4224853515625 5196.43115234375 2119.386962890625 1065.9580078125 1378.3521728515625 1408.73486328125 1321.7425537109375 2272.431884765625 3532.87060546875 5703.64453125 3650.763427734375 1097.1512451171875 1193.4525146484375 833.88653564453125 372.156402587890625 1200.97021484375 3388.367431640625 3061.272705078125 264.6993408203125 2853.0390625 2755.529296875 3951.6083984375 5208.28662109375 2786.21240234375 334.306915283203125 1098.376953125 5917.42529296875 932.1875 1158.760009765625 1060.6348876953125 1033.4854736328125 1364.615478515625
1690.5975341796875 2291.92138671875 4535.8017578125 1393.09912109375 50543.5 21814.9765625 10630.48046875 240.80120849609375 6770.92919921875 14866.5322265625 2011.1309814453125 1889.5159912109375 2947.0263671875 769.7020263671875 1300.0240478515625 1297.3963623046875 1694.310546875 1589.3284912109375 1992.6533203125 3211.5712890625 2038.211669921875 1350.211181640625 1158.2232666015625 1229.7197265625 4644.72998046875 4979.21435546875 3401.524169921875 1530.791015625 1044.6165771484375 1295.1519775390625 3884.196044921875 2109.23291015625 1419.9967041015625 1314.1190185546875 1298.498046875 0 305.60552978515625 1751.44140625 22.133436203002929688 3242.106689453125 835.17791748046875 873.3909912109375 877.27532958984375 0 9634.140625 9634.140625 1079.998046875 1086.1180419921875 1161.2039794921875 1362.025634765625 1009.31878662109375 1318.7972412109375 2536.85791015625
705.66949462890625 863.07232666015625 2407.80908203125 2117.0927734375 3435.83251953125 6766.52880859375 3019.162353515625 6881.30712890625 2547.358154296875 1918.7330322265625 1839.1510009765625 2299.363037109375 2032.5032958984375 1564.0576171875 791.802490234375 1008.9892578125 956.03497314453125 1464.83544921875 3390.07373046875 3919.552734375 2391.472900390625 1430.56494140625 1354.9010009765625 1328.45751953125 782.89764404296875 794.538818359375 5472.26025390625 4563.21923828125 1131.2159423828125 1209.166015625 1571.064453125 1257.08203125 1368.054443359375 1414.112548828125 1335.56884765625 1186.91748046875 0 4124.01513671875 326.23223876953125 1004.80023193359375 488.382537841796875 0 0 5862.8251953125 3316.014892578125 2042.6099853515625 1335.5552978515625 1145.96435546875 750.9453125 702.94647216796875 1212.6187744140625 1098.41015625 3210.068115234375
1978.5203857421875 80.7360687255859375 1150.8724365234375 1613.7806396484375 4458.42529296875 6779.447265625 3448.60595703125 23345.955078125 1265.9708251953125 1213.1424560546875 1833.849609375 1644.4163818359375 1216.1412353515625 1912.7425537109375 1959.43603515625 1145.1199951171875 861.12261962890625 925.85247802734375 2688.625732421875 2647.003173828125 1649.426025390625 1613.2540283203125 1428.0904541015625 1346.883056640625 3561.75537109375 5381.1240234375 3296.98828125 1413.6123046875 1331.5821533203125 1208.5369873046875 1271.0863037109375 1148.241943359375 988.76483154296875 1220.896484375 1641.3211669921875 2300.183349609375 1941.0340576171875 0 1248.878662109375 1607.5921630859375 802.3720703125 0 0 7009.81005859375 7009.81005859375 1240.38134765625 3392.53955078125 6208.20361328125 1617.5145263671875 1276.896240234375 1184.252197265625 1701.8642578125 1664.820556640625
2479.47705078125 4.6744999885559082031 3158.283203125 6706.71484375 2289.092041015625 1576.68310546875 896.5953369140625 1350.6131591796875 1220.0858154296875 1017.88897705078125 1561.2264404296875 1643.99755859375 1582.5064697265625 1959.64453125 1959.3585205078125 684.0050048828125 1147.363037109375 1430.0186767578125 3650.8251953125 3864.63232421875 1665.2025146484375 1677.1195068359375 1692.964599609375 3217.14697265625 1837.7845458984375 1036.1278076171875 1095.13427734375 2552.308349609375 4493.55615234375 904.03997802734375 1669.9610595703125 2592.537353515625 1046.164794921875 1479.6014404296875 1102.969482421875 1518.5399169921875 2163.48876953125 1210.531005859375 147.4855804443359375 3076.71923828125 763.0155029296875 0 0 4429.28369140625 2098.581298828125 1674.2877197265625 1470.697998046875 4838.7900390625 6396.107421875 1368.6793212890625 1675.28662109375 1734.5660400390625 1780.550048828125
470.056427001953125 1247.1710205078125 807.9288330078125 2113.75927734375 4423.06982421875 927.07598876953125 1044.4427490234375 785.71282958984375 803.62957763671875 1106.46630859375 1881.23095703125 4240.21923828125 5419.712890625 1069.2554931640625 2385.111083984375 3042.70556640625 957.041015625 1068.3482666015625 2270.023681640625 3360.935546875 3936.25390625 1231.9697265625 1130.2567138671875 3063.987060546875 3277.298583984375 1294.2080078125 1284.16162109375 2255.352783203125 7178.01123046875 0 3036.882080078125 5923.63623046875 1167.1973876953125 2130.367431640625 1340.2740478515625 932.036376953125 1527.4921875 2269.402587890625 2180.487060546875 2622.150634765625 1932.878173828125 0 136.5579986572265625 686.88720703125 1312.5479736328125 1603.1619873046875 1641.117431640625 1407.6710205078125 1314.052001953125 1493.894287109375 1475.31201171875 1781.6104736328125 1700.9449462890625
