ForecastVariables/BuildingArea_Mean_100m/BuildingAreaMean_Random1.asc
ncols        529
nrows        344
xllcorner    2700.000000000000
yllcorner    15900.000000000000
cellsize     100.000000000000
NODATA_value  0
[rows 138 to 160 of 344, columns 53 to 105 of 529]
0 0 0 0 0 0 0 0 0 0 0 0 0 0 0 0 0 0 0 0 0 0 0 0 0 0 0 3990.241943359375 23480.685546875 22784.982421875 85947.21875 85947.21875 22760.861328125 1061.2056884765625 642.8182373046875 826.587646484375 654.5150146484375 816.040283203125 1009.326171875 836.35198974609375 0 0 1361.2669677734375 1659.789306640625 1390.3345947265625 1588.1226806640625 1336.8756103515625 1404.846435546875 1488.9327392578125 1193.9517822265625 1322.1240234375 1470.7435302734375 1771.358642578125
0 0 0 0 0 0 0 0 0 0 0 0 0 0 0 0 0 0 0 0 0 0 0 0 0 0 211.6236419677734375 6043.0185546875 8745.4609375 34081.140625 85947.21875 85947.21875 22569.29296875 1762.1390380859375 438.822998046875 403.017333984375 314.448211669921875 940.79736328125 1276.656494140625 0 1286.148681640625 1319.8310546875 1305.3472900390625 1591.8638916015625 1540.25927734375 1524.129150390625 1229.4564208984375 1397.182373046875 931.66357421875 1910.674560546875 2655.470458984375 2307.69677734375 2060.946044921875
0 0 0 0 0 0 0 0 0 0 0 0 0 0 0 0 0 0 0 0 0 0 0 0 0 0 148.235931396484375 3033.0126953125 9100.5849609375 49723.94921875 85947.21875 43744.4453125 23381.27734375 30615.552734375 1787.47802734375 0 869.14434814453125 887.8115234375 1134.7354736328125 1155.1500244140625 1348.053466796875 1432.9141845703125 1442.39404296875 1235.6419677734375 1182.3699951171875 1527.7047119140625 1828.8184814453125 2005.931640625 2071.265380859375 2017.9111328125 2473.912841796875 1664.5916748046875 1154.2462158203125
0 0 0 0 0 0 0 0 0 0 0 0 0 0 0 0 0 0 0 0 0 0 0 0 0 0 12031.283203125 7382.31640625 4700.4912109375 31546.216796875 44969.08203125 43744.4453125 15705.9990234375 2149.83837890625 0 0 0 1208.9954833984375 1191.035400390625 1160.7889404296875 1360.0009765625 1494.656005859375 1609.400634765625 985.59466552734375 1152.7734375 1081.7325439453125 1404.6920166015625 1656.299560546875 1930.875 1890.0489501953125 1676.4659423828125 1348.703125 1171.4090576171875
0 0 0 0 0 0 0 0 0 0 0 0 0 0 0 0 0 0 0 0 0 0 0 0 0 0 24487.810546875 1026.3677978515625 44828.71875 44828.71875 33783.8125 48680.24609375 14291.0458984375 953.1939697265625 0 1855.803955078125 1489.156982421875 1200.1407470703125 1219.726806640625 969.44940185546875 1099.4393310546875 1483.567626953125 1860.3873291015625 1607.8470458984375 1469.997802734375 1697.5789794921875 1368.6710205078125 1438.89794921875 2207.281005859375 2267.1611328125 1680.7159423828125 1443.4676513671875 996.4283447265625
0 0 0 0 0 0 0 0 0 0 0 0 0 0 0 0 0 0 0 0 0 0 0 0 0 0 0 0 3710.220947265625 30440.798828125 11413.2734375 7293 3778.49853515625 1467.3372802734375 1856.157958984375 1597.6236572265625 1412.6292724609375 1321.637451171875 1215.933349609375 1205.4708251953125 1437.6185302734375 2285.550048828125 2132.3896484375 1164.442138671875 1211.84228515625 2257.242919921875 1582.6075439453125 1188.0054931640625 2947.38623046875 2309.2294921875 1231.2947998046875 1250.06103515625 2191.781982421875
0 0 0 0 0 0 0 0 0 0 0 0 0 0 0 0 0 0 0 0 0 0 0 0 0 0 0 0 724.07501220703125 912.33660888671875 1335.237548828125 2838.823974609375 3172.72705078125 0 1470.396484375 855.6903076171875 1450.1650390625 1336.6162109375 1241.495849609375 1411.93701171875 1471.707275390625 2493.8193359375 1149.54638671875 2371.552001953125 1289.46875 1766.8084716796875 1298.8333740234375 1288.1243896484375 1384.0557861328125 1431.914306640625 1356.1763916015625 1717.2989501953125 1475.5660400390625
0 0 0 0 0 0 0 0 0 0 0 0 0 0 0 0 0 0 0 0 0 0 0 0 0 0 0 0 0 0 0 0 0 0 0 0 1523.6826171875 5956.55419921875 4520.67431640625 1435.63720703125 1217.7142333984375 1153.9234619140625 6503.82861328125 1493.5211181640625 1302.9552001953125 1980.916015625 1467.345947265625 1352.9610595703125 1286.314453125 2083.88720703125 5188.9921875 2187.51806640625 1207.5047607421875
0 0 0 0 0 0 0 0 0 0 0 0 0 0 0 0 0 0 0 0 0 0 0 0 0 0 0 0 0 0 0 0 0 0 0 0 5159.54931640625 8348.3984375 1583.873046875 5592.43701171875 1057.5919189453125 935.83447265625 1018.76397705078125 1425.76953125 5057.78955078125 8670.521484375 1926.218017578125 1485.1826171875 1211.28076171875 1194.9906005859375 2328.239013671875 1948.0802001953125 1294.69873046875
0 0 0 0 0 0 0 0 0 0 0 0 0 0 0 0 0 0 0 0 0 0 0 0 0 0 0 0 85.05899810791015625 85.05899810791015625 0 0 0 0 0 0 9126.296875 9126.296875 13052.154296875 540.2088623046875 966.8699951171875 1140.9422607421875 1027.9022216796875 755.75164794921875 8670.521484375 8670.521484375 0 1964.23828125 2246.47900390625 1947.237060546875 1992.487060546875 1414.968017578125 1151.0689697265625
0 0 0 0 0 0 0 0 0 0 0 0 0 0 0 0 0 0 0 0 0 0 0 0 0 0 0 0 0 0 0 0 0 0 0 0 0 0 0 0 1456.697509765625 1357.1820068359375 1097.876953125 2011.540283203125 964.27734375 1505.90771484375 1465.0999755859375 1969.5074462890625 1402.238525390625 1074.950439453125 2559.767333984375 5529.375 860.2509765625
23.373798370361328125 2787.05810546875 532.5462646484375 0 0 0 0 0 0 0 0 0 0 0 0 0 0 0 0 0 0 0 0 0 0 0 0 0 0 0 0 0 0 0 0 0 0 0 0 0 0 1547.39501953125 709.9813232421875 929.7628173828125 1446.9266357421875 1648.3800048828125 1490.312744140625 2074.150390625 1050.966552734375 1777.7552490234375 1749.1741943359375 1672.1007080078125 1614.40380859375
3988.8427734375 12027.1708984375 26.73291015625 4867.14111328125 0 0 0 0 0 0 0 0 0 0 0 0 0 0 0 0 0 0 0 0 0 0 0 0 0 0 0 0 0 0 0 0 0 0 0 0 0 0 4196.1748046875 2901.340576171875 286.80926513671875 1653.416015625 2251.5 2849.583984375 2087.992919921875 2190.724365234375 1298.9949951171875 1234.3653564453125 2675.0029296875
17586.34375 835.12408447265625 1077.7760009765625 2003.4267578125 0 0 0 0 0 0 0 0 0 0 0 0 0 0 0 0 0 0 0 0 0 0 3980.66796875 0 0 0 0 0 0 0 0 0 0 0 0 0 0 1645.2293701171875 2184.453369140625 2618.763671875 1818.491455078125 1740.6920166015625 0 0 9399.8203125 10871.740234375 12941.7646484375 13539.8701171875 7953.00439453125
4843.203125 224.5986480712890625 150.1656494140625 6382.9658203125 1730.76953125 1261.33984375 0 0 0 0 0 0 0 0 0 0 0 0 0 0 0 0 0 0 0 0 3980.66796875 4844.06982421875 5539.6318359375 0 0 0 0 0 0 0 0 0 0 0 2971.52587890625 2077.90869140625 1522.99365234375 3580.00341796875 1835.8167724609375 1028.8104248046875 1041.3448486328125 2189.330078125 12450.7109375 12415.02734375 6952.7880859375 13539.8701171875 1467.407470703125
7525.240234375 277.56597900390625 1240.690673828125 6061.1806640625 945.7122802734375 3990.19091796875 6341.44287109375 681.628662109375 46.2649383544921875 0 0 0 0 0 0 0 0 0 0 0 0 0 0 0 0 2245.31494140625 3980.66796875 10344.212890625 10344.212890625 10344.212890625 0 0 0 0 0 0 0 0 0 0 2512.21142578125 2340.891357421875 1620.10888671875 3951.13427734375 3105.71142578125 1283.465576171875 1309.0147705078125 1723.1064453125 3823.613037109375 6402.98681640625 1496.3563232421875 454.905487060546875 12734.9482421875
1515.7630615234375 7292.88330078125 14895.30078125 10002.1025390625 11890.615234375 4432.73193359375 4685.96923828125 3604.756591796875 1232.691162109375 755.762939453125 12168.8525390625 0 0 0 0 0 0 0 0 0 0 0 0 0 0 2245.31494140625 2245.31494140625 0 0 0 0 0 0 0 0 0 0 0 0 3515.847412109375 3009.664794921875 2102.058349609375 2241.134521484375 3355.887939453125 5437.58251953125 6295.923828125 6865.49072265625 6865.49072265625 3289.168212890625 3639.422607421875 162.2711334228515625 2963.939453125 2200.4951171875
17676.685546875 23994.818359375 1060.890869140625 1670.1558837890625 58339.953125 9182.703125 561.78515625 252.5999603271484375 3816.36962890625 41.446746826171875 1098.4395751953125 2175.7333984375 475.901641845703125 1139.23583984375 0 0 0 0 0 0 0 0 0 2108.60888671875 2108.60888671875 0 0 0 0 0 0 0 0 0 0 0 0 0 1462.3990478515625 2434.481201171875 4180.2998046875 3740.25341796875 3409.4296875 3543.860107421875 3021.818115234375 2943.02978515625 4764.7763671875 7970.5556640625 969.15521240234375 461.586181640625 3730.820068359375 2315.75927734375 2724.00732421875
11284.70703125 15425.3359375 246.3698577880859375 580.07073974609375 27356.08203125 8626.2744140625 195.5775146484375 5.9227185249328613281 1883.37646484375 1437.940185546875 1532.88623046875 1059.309326171875 2630.314697265625 965.70196533203125 19851.943359375 0 0 0 0 2186.634033203125 1458.7139892578125 1740.462646484375 2449.87158203125 1940.96044921875 4001.89599609375 1466.8443603515625 4261.16064453125 13494.9287109375 15298.9892578125 14824.0791015625 2823.669921875 1941.779296875 2502.248046875 2545.110107421875 6781.14794921875 7437.42626953125 3692.116943359375 9137.6611328125 5554.0068359375 2635.735595703125 3810.7490234375 6036.3037109375 3786.521484375 4060.03662109375 2085.05126953125 2529.3642578125 5382.12451171875 6754.27099609375 1386.6075439453125 0 5436.87060546875 491.884765625 7562.8564453125
3759.78369140625 5074.255859375 6744.75439453125 3719.571533203125 7817.78564453125 23864.75390625 6201.90576171875 4953.5126953125 3945.24951171875 14568.142578125 8195.4228515625 2118.843994140625 9749.841796875 12216.373046875 4886.89208984375 150.7021942138671875 0 3886.79541015625 2837.142822265625 2140.19091796875 2311.461669921875 1724.9644775390625 3229.304443359375 3826.026611328125 4810.2939453125 3291.00634765625 5416.091796875 13494.9287109375 15298.9892578125 14824.0791015625 8804.935546875 8767.056640625 7109.96337890625 4545.71875 6386.203125 7437.42626953125 470.488677978515625 9434.6513671875 2212.072265625 2006.5040283203125 2789.572265625 1449.088623046875 2012.56005859375 1609.82763671875 995.0426025390625 3522.952880859375 4110.6748046875 2799.924072265625 1853.821533203125 1845.82470703125 2897.650634765625 1400.3402099609375 1915.240966796875
3935.53466796875 3113.18603515625 4001.19482421875 5466.7509765625 24149.673828125 13635.580078125 3565.253173828125 7447.41455078125 10686.25390625 3786.22998046875 116.24912261962890625 10260.8671875 12781.837890625 5291.44921875 5083.64013671875 9097.95703125 736.2764892578125 4550.61865234375 2910.897705078125 1955.3167724609375 2263.72509765625 2016.1373291015625 8818.73046875 5581.240234375 2963.5390625 3045.68359375 12496.83203125 15460.59765625 11063.328125 14824.0791015625 11795.568359375 8767.056640625 3759.428466796875 6276.0595703125 6470.95947265625 5098.59765625 916.64581298828125 1028.85302734375 6142.97900390625 1618.085693359375 3323.718017578125 3506.72216796875 3495.458984375 2285.611083984375 1470.292236328125 2912.763671875 3304.29541015625 1908.7879638671875 4284.00830078125 4025.499755859375 4205.32177734375 2645.0791015625 2469.545166015625
2398.8759765625 3573.076416015625 4058 12945.5400390625 24149.673828125 22475.451171875 1794.9730224609375 159.0595703125 2280.449462890625 6242.31884765625 13002.607421875 1454.9742431640625 8562.876953125 1957.0323486328125 1714.1614990234375 1986.41455078125 1878.406005859375 4152.89794921875 2202.7529296875 3020.8515625 2000.2569580078125 3269.89892578125 2868.877685546875 1713.302001953125 1851.7724609375 1708.020751953125 13063.7666015625 31785.619140625 16580.00390625 10452.9267578125 19531.46484375 10306.4091796875 2341.0283203125 7099.2490234375 2875.12939453125 2607.09521484375 2228.912353515625 1972.479248046875 2078.98828125 2443.94873046875 2689.51708984375 5490.77880859375 5145.63720703125 3014.78955078125 2962.174560546875 2463.4453125 1320.31787109375 950.6556396484375 6337.365234375 3910.388916015625 5743.93896484375 2851.0830078125 2882.012939453125
2818.231201171875 3582.1552734375 3508.0029296875 11500.4873046875 22475.451171875 22475.451171875 22305.091796875 4211.48828125 13884.91796875 3126.39794921875 11179.84375 26240.048828125 3101.83984375 208.318084716796875 6068.1328125 1462.4752197265625 3945.13525390625 3632.10400390625 2734.580078125 1376.61328125 1644.923583984375 2669.28466796875 4544.43505859375 1821.0682373046875 1782.0419921875 1715.7156982421875 3870.25439453125 31785.619140625 16580.00390625 8792.9140625 9741.40625 9741.40625 5106.89306640625 5106.89306640625 2303.122314453125 2745.339111328125 2430.299072265625 2406.01416015625 2200.175048828125 1885.335693359375 3554.780517578125 2224.414306640625 3526.322021484375 3968.6298828125 2304.10791015625 2181.54150390625 1595.36572265625 1078.4019775390625 8191.2470703125 6268.5341796875 3763.147216796875 5968.47412109375 3520.9306640625
