ForecastVariables/BuildingArea_Mean_100m/BuildingAreaMean_Random2.asc
ncols        529
nrows        344
xllcorner    2700.000000000000
yllcorner    15900.000000000000
cellsize     100.000000000000
NODATA_value  0
[rows 24 to 47 of 344, columns 212 to 264 of 529]
6694.12451171875 10321.7109375 6313.25146484375 6787.95361328125 2076.076171875 1743.9244384765625 1380.7703857421875 1271.29150390625 4347.9951171875 2961.136962890625 3329.32373046875 3218.513427734375 3517.686767578125 10562.685546875 24943.98828125 14600.2373046875 3293.0283203125 3078.92041015625 3122.659423828125 3041.441650390625 1461.9654541015625 2091.768310546875 1850.5726318359375 2386.032470703125 1535.0870361328125 4913.4130859375 6459.59765625 2688.8818359375 21308.087890625 0 0 0 0 1931.6622314453125 4113.5478515625 4343.32763671875 2138.17626953125 3310.1875 1201.651611328125 538.3590087890625 3145.973388671875 1522.186279296875 0 0 0 0 0 0 0 0 0 0 0
18338.630859375 7007.75439453125 1540.251953125 1039.3271484375 2172.537109375 3055.559814453125 1763.3370361328125 1336.2509765625 2521.17724609375 4241.24267578125 5349.8642578125 4901.76611328125 14300.9755859375 24943.98828125 15867.0478515625 4504.6513671875 2882.322998046875 3667.408447265625 3085.864990234375 2879.006103515625 1727.107666015625 2711.207275390625 2104.77294921875 1839.9222412109375 1614.216796875 4460.9609375 3819.207763671875 523.81170654296875 22.355016708374023438 0 0 0 0 5136.3720703125 4779.9375 3210.96142578125 1497.0445556640625 3841.23974609375 2448.927001953125 1252.5059814453125 3361.440673828125 4757.8671875 10909.224609375 0 0 0 0 0 0 0 0 0 0
1471.00537109375 1712.522216796875 1557.6986083984375 1511.6627197265625 2177.9697265625 4239.6064453125 3639.201904296875 835.268310546875 1261.447998046875 2577.84423828125 4904.72314453125 12142.630859375 18139.69140625 10931.7099609375 5256.91748046875 5668.1943359375 10660.267578125 0 1459.3590087890625 3754.539306640625 1892.187255859375 1786.0047607421875 1707.7261962890625 1447.4046630859375 954.72515869140625 1256.5875244140625 1483.36669921875 1820.7364501953125 3425.8076171875 1307.5894775390625 0 0 0 0 1502.0518798828125 1610.8638916015625 1606.2833251953125 938.58306884765625 1371.0364990234375 1427.416015625 3347.415771484375 10909.224609375 6173.458984375 0 0 0 0 0 0 0 0 0 0
1281.15380859375 3341.036865234375 6027.31689453125 784.36151123046875 1625.4605712890625 4041.764892578125 7355.5029296875 4240.4052734375 1461.9876708984375 1562.6331787109375 1721.6278076171875 10901.783203125 18139.69140625 10931.7099609375 7257.599609375 13782.8623046875 16774.25390625 0 2469.528076171875 3215.28173828125 3217.009521484375 1149.747802734375 3162.5703125 21.822626113891601562 2161.9814453125 1719.2286376953125 1654.6826171875 2256.2958984375 3139.7548828125 1220.27099609375 0 0 0 1431.877197265625 5128.98388671875 14206.1748046875 1379.84716796875 1271.66845703125 2507.271240234375 1797.5821533203125 1462.68896484375 2278.419921875 1827.8697509765625 1420.9659423828125 0 1560.9110107421875 1479.228515625 0 0 0 0 0 0
1119.8533935546875 3779.037841796875 5092.73583984375 1998.114990234375 1985.7496337890625 1420.394775390625 3506.42236328125 7355.5029296875 0 830.03497314453125 1161.2327880859375 1100.902587890625 1209.0400390625 1744.91455078125 10791.470703125 13782.8623046875 16774.25390625 11833.333984375 4717.15283203125 1010.8280029296875 1250.8089599609375 2946.240478515625 6903.87890625 4087.826171875 2278.031494140625 2220.593994140625 3832.276611328125 2485.210693359375 3104.189208984375 3363.932373046875 530.59649658203125 515.55841064453125 7224.7421875 1143.231201171875 1462.8612060546875 2733.6806640625 2570.756103515625 2986.012451171875 2417.040283203125 2571.625732421875 2002.3504638671875 1092.010986328125 1504.8623046875 1383.10546875 7818.43896484375 1431.0384521484375 1460.79150390625 1427.42431640625 1390.4820556640625 0 0 0 0
1253.799560546875 1472.78955078125 1699.8563232421875 1746.29052734375 1774.9764404296875 1487.502685546875 1617.8238525390625 1236.550048828125 598.51397705078125 818.1845703125 1396.1253662109375 913.6136474609375 2261.590576171875 1845.31201171875 986.2376708984375 0 0 11833.333984375 11833.333984375 1592.4320068359375 1751.8065185546875 1605.0867919921875 1455.6474609375 355.494171142578125 1701.189453125 2388.4423828125 3119.41943359375 2364.643798828125 1874.491943359375 2125.73974609375 3679.7314453125 492.3262939453125 2750.69873046875 4845.57177734375 2806.7421875 3267.30615234375 5414.9208984375 1786.3389892578125 2637.5126953125 1579.750244140625 1983.687255859375 1350.014404296875 1508.1219482421875 3327.589111328125 4501.97021484375 6161.001953125 1440.36328125 1331.18017578125 1390.4820556640625 0 0 0 0
1258.9425048828125 1368.7838134765625 1505.823974609375 2562.899169921875 2750.948974609375 1651.8084716796875 1462.628173828125 1537.9840087890625 1089.9771728515625 574.11370849609375 533.72698974609375 2320.11572265625 2145.89892578125 2303.106689453125 0 755.7034912109375 1045.904052734375 0 0 1592.4320068359375 1592.4320068359375 1362.380615234375 1987.3990478515625 2289.5224609375 934.3289794921875 875.34967041015625 0 3797.753173828125 1293.5797119140625 3740.64453125 473.324951171875 2543.400390625 1077.65869140625 724.39129638671875 3747.187744140625 2629.541748046875 5138.45166015625 6975.12109375 2544.43505859375 5414.126953125 1508.3050537109375 4021.2880859375 2650.718017578125 1843.3377685546875 3048.46044921875 3904.64111328125 2940.542724609375 4041.873046875 0 0 0 0 0
1421.106689453125 1021.11517333984375 1195.5374755859375 2156.611328125 2855.049560546875 1806.211669921875 1407.7664794921875 1414.6058349609375 1650.171630859375 1702.012939453125 2218.74560546875 1913.1319580078125 2315.054443359375 3270.7119140625 0 0 0 0 0 0 0 0 0 0 883.1185302734375 633.75537109375 1981.152099609375 6361.529296875 3282.912841796875 4061.446044921875 2605.800537109375 3267.1298828125 334.88690185546875 346.587554931640625 580.3878173828125 2056.059814453125 338.48583984375 857.55157470703125 5414.126953125 968.22601318359375 4021.2880859375 2603.224365234375 1904.216796875 2159.65869140625 2623.836669921875 3148.048583984375 2056.797607421875 5878.98828125 7716.10400390625 0 0 0 250.1719970703125
1628.2657470703125 1780.356689453125 3040.312255859375 1628.63671875 1379.0001220703125 1603.240966796875 1479.0865478515625 2313.7744140625 2593.313232421875 2262.464599609375 1463.7562255859375 1794.90478515625 1577.4822998046875 0 0 303.032012939453125 303.032012939453125 0 0 0 0 0 0 0 6740.5859375 2654.486328125 4725.6845703125 7370.68798828125 648.1202392578125 2661.1396484375 738.81396484375 5661.9765625 1300.255615234375 375.877716064453125 2067.933837890625 3888.560791015625 5302.80859375 658.3861083984375 7438.337890625 4331.3193359375 158.11199951171875 2205.7373046875 2775.101318359375 2122.55859375 2664.0810546875 2127.202880859375 1486.8912353515625 2718.878173828125 7716.10400390625 35991.6953125 35991.6953125 0 0
1474.714111328125 1822.279052734375 3007.068603515625 1493.4576416015625 2972.30078125 4672.05419921875 2689.890625 3279.020263671875 4902.837890625 4758.337890625 2308.552001953125 1769.9432373046875 2087.221923828125 4753.46728515625 5394.64599609375 0 0 0 0 0 0 0 0 0 1734.90673828125 509.15631103515625 3224.8828125 1916.132568359375 3836.21533203125 0 3151.80908203125 2525.238037109375 393.56787109375 2100.61767578125 2871.322265625 3071.041259765625 1512.5863037109375 1022.51226806640625 1057.4234619140625 25841.01953125 1536.6309814453125 1612.126708984375 2581.10205078125 8153.98876953125 12750.6298828125 4559.11376953125 1751.0345458984375 2080.596435546875 35991.6953125 35991.6953125 9462.826171875 5193.982421875 0
1496.052490234375 1603.0419921875 3915.093017578125 1675.615966796875 6146.8837890625 3369.77099609375 2092.01123046875 5522.5185546875 7658.94287109375 4531.01123046875 2775.0341796875 1325.6773681640625 0 22041.134765625 1750.6177978515625 0 0 0 0 0 0 0 0 0 0 15236.755859375 93.5679931640625 4542.03564453125 4585.49853515625 2941.618408203125 6.2760548591613769531 1012.1876220703125 419.41387939453125 1940.332763671875 2540.969970703125 1783.0760498046875 1704.6986083984375 0 2323.71240234375 2746.176513671875 16839.248046875 4620.154296875 2446.2626953125 4779.81005859375 2658.896484375 1738.33544921875 1504.3675537109375 1447.0037841796875 35991.6953125 28744.904296875 13728.375 7874.626953125 21212.0078125
1943.7135009765625 1700.7020263671875 2041.850830078125 1722.8115234375 2713.809814453125 3315.827880859375 1728.6400146484375 4011.50244140625 3243.512451171875 1570.99462890625 1771.3480224609375 13574.56640625 2441.7041015625 10053.55078125 4956.3037109375 0 0 0 0 0 0 0 0 0 0 0 11259.6982421875 4912.619140625 1904.951904296875 875.417724609375 4767.84912109375 222.8379974365234375 436.5531005859375 604.98785400390625 1593.818603515625 4371.412109375 2775.50146484375 2916.175537109375 4230.048828125 6629.28076171875 14440.79296875 4586.9345703125 3564.3779296875 99.86243438720703125 938.15447998046875 5169.015625 2180.752685546875 3264.87890625 9226.1513671875 21498.11328125 15857.8544921875 17547.203125 36892.35546875
2572.541748046875 1811.6407470703125 1686.2083740234375 1330.4488525390625 1543.6378173828125 1427.110595703125 1727.762939453125 1832.533203125 2166.728515625 8398.580078125 7609.66357421875 13574.56640625 13380.845703125 26274.439453125 0 0 0 0 0 0 0 0 0 0 0 0 0 2415.514404296875 3489.020751953125 5115.9462890625 286.525787353515625 2180.84228515625 2204.59716796875 376.58349609375 245.8018646240234375 1554.535400390625 159.65899658203125 0 1058.4410400390625 648.00750732421875 1056.0450439453125 0 0 0 2911.4912109375 1608.98095703125 2261.63330078125 2269.921630859375 1957.349853515625 11230.556640625 20773.1015625 36892.35546875 24939.73046875
2431.183349609375 2942.474609375 1482.8470458984375 3045.131591796875 2879.13134765625 1572.314453125 1577.394775390625 1592.3299560546875 5303.8251953125 13653.7412109375 1645.926513671875 19228.78125 13380.845703125 0 0 0 0 0 0 0 0 0 0 0 0 0 0 18064.541015625 5452.90185546875 1980.7420654296875 3589.97509765625 7732.34619140625 886.34423828125 175.09454345703125 2414.685546875 3169.22607421875 0 7775.42578125 1612.6602783203125 1518.772216796875 1680.3548583984375 1918.864013671875 1170.8509521484375 0 7540.841796875 3092.562744140625 1583.267822265625 1143.478515625 1155.2613525390625 1149.835205078125 2461.969482421875 15501.908203125 19281.224609375
1716.3062744140625 2057.094482421875 1603.1905517578125 3222.285888671875 8363.927734375 2974.961181640625 1545.894287109375 1138.615966796875 6986.078125 8456.3984375 12183.123046875 12183.123046875 0 0 0 0 0 0 0 0 0 0 0 0 0 0 0 0 6111.568359375 1587.0240478515625 3555.557861328125 1276.109375 395.160430908203125 212.539459228515625 1027.304443359375 2076.69189453125 4926.05908203125 7775.42578125 3212.50634765625 770.7904052734375 1469.4217529296875 1328.013671875 2126.652587890625 2267.21240234375 2916.8154296875 5612.580078125 2403.50341796875 1217.2601318359375 2397.291015625 3774.732421875 1242.9093017578125 10593.2197265625 10593.2197265625
1575.2374267578125 2112.2392578125 1636.436767578125 1476.738037109375 4649.95556640625 1611.6383056640625 4422.8173828125 13310.3603515625 6199.9931640625 6199.9931640625 9191.5576171875 0 0 0 0 0 0 0 0 0 0 0 0 0 0 0 0 0 0 932.3955078125 979.69769287109375 1652.1756591796875 2356.05810546875 4255.0400390625 2897.80810546875 2071.48583984375 2714.599609375 5247.85400390625 1735.720703125 1563.342041015625 1672.63427734375 113.4890594482421875 2574.256591796875 2574.256591796875 2971.166015625 3080.633056640625 1590.7735595703125 1399.493408203125 2804.289794921875 2936.752197265625 1416.085205078125 4130.52978515625 2904.96484375
2418.722412109375 3315.35205078125 2344.402099609375 1958.662353515625 1805.59521484375 2087.664306640625 5209.7509765625 10800.3115234375 12217.1962890625 6199.9931640625 0 0 0 0 0 0 0 0 0 0 0 0 0 0 0 0 0 0 0 272.82501220703125 272.82501220703125 0 1866.198486328125 4255.0400390625 3014.263671875 1866.5797119140625 1444.84521484375 1944.8468017578125 2008.810791015625 1565.4510498046875 3005.0771484375 1954.1207275390625 3062.96435546875 1250.143798828125 1188.3824462890625 1501.9334716796875 1426.662841796875 1624.35205078125 1146.11328125 1263.902587890625 1247.932861328125 1379.1209716796875 699.38922119140625
2836.947998046875 1669.8184814453125 1971.3004150390625 1944.123046875 2148.26171875 1543.0810546875 10800.3115234375 18234.400390625 18234.400390625 0 0 0 0 0 0 0 0 0 0 0 0 0 0 0 0 0 0 0 0 0 0 415.371002197265625 2760.35595703125 3972.386474609375 3972.386474609375 1526.0140380859375 1812.9739990234375 1957.093505859375 1761.604248046875 2137.293212890625 3875.5673828125 5745.76513671875 2970.563720703125 1178.3690185546875 1257.779541015625 1855.9462890625 2300.551025390625 1365.8258056640625 1496.8211669921875 1550.012451171875 3342.477783203125 1270.1158447265625 842.1033935546875
1509.8243408203125 1024.3887939453125 3912.86962890625 5334.27294921875 1575.815185546875 1478.3189697265625 0 18234.400390625 0 0 0 0 0 0 0 0 0 0 0 0 0 0 0 0 0 0 0 0 0 0 0 383.25201416015625 1267.616455078125 1984.68603515625 3878.556396484375 2357.128173828125 1833.1322021484375 0 1868.3587646484375 1561.1419677734375 2189.339599609375 2296.022705078125 2305.791259765625 1503.28955078125 1148.3055419921875 7487.7978515625 7487.7978515625 2743.971435546875 2607.590576171875 5304.20556640625 2414.957275390625 1114.4383544921875 962.123779296875
1350.554443359375 1267.6363525390625 2979.97021484375 2572.663818359375 1333.4588623046875 325.8712158203125 0 0 0 0 0 0 0 0 0 0 0 0 0 0 0 0 0 0 0 0 0 0 0 0 0 1361.957763671875 1240.4959716796875 2125.352783203125 2564.43603515625 1969.125 3087.4541015625 1639.73095703125 1497.6697998046875 1629.914794921875 1858.72705078125 1415.9139404296875 1279.0902099609375 824.41961669921875 702.8096923828125 2726.78857421875 2922.59765625 3316.73974609375 2235.40185546875 1985.7421875 2215.94140625 957.43798828125 933.7755126953125
1954.470947265625 1903.01220703125 1468.0582275390625 737.0040283203125 1080.85400390625 0 0 0 0 0 0 0 0 0 0 0 0 0 0 0 0 0 0 0 0 0 0 0 0 0 0 2170.866943359375 1737.9952392578125 2819.250244140625 6035.81396484375 3726.4541015625 2868.24560546875 1347.63671875 1168.8548583984375 1191.7193603515625 949.3809814453125 1329.010009765625 1202.9456787109375 1774.9326171875 1266.803466796875 1080.1820068359375 1606.6475830078125 2473.293212890625 1525.387939453125 1593.0224609375 2008.037841796875 1663.4083251953125 1420.74072265625
2110.351318359375 1836.9957275390625 2190.843017578125 1399.405029296875 1399.405029296875 0 0 0 0 0 0 0 0 0 0 0 0 0 0 0 0 0 0 0 0 0 0 0 0 0 500.62200927734375 2192.469482421875 2194.317626953125 1811.012939453125 2054.08056640625 1458.009033203125 1428.5146484375 1549.1585693359375 2477.6025390625 1606.324951171875 1631.7039794921875 6372.59033203125 2032.4534912109375 28302.078125 27457.259765625 8525.755859375 5501.68896484375 2687.181396484375 643.492431640625 1914.464599609375 1854.719970703125 1712.2197265625 1457.967529296875
4506.8818359375 3631.16796875 4192.3876953125 3457.718994140625 0 0 0 0 0 0 0 0 0 0 0 0 0 0 0 0 0 0 0 0 0 0 0 0 529.683349609375 529.683349609375 3467.2041015625 826.3997802734375 702.10516357421875 1313.418212890625 1281.7913818359375 1678.3013916015625 1539.415283203125 1251.5936279296875 1604.4647216796875 1533.1173095703125 1652.2989501953125 2746.092041015625 51.9379425048828125 28302.078125 52437.08203125 8525.755859375 8525.755859375 957.02099609375 1939.329345703125 4335.52587890625 1572.9947509765625 1769.0179443359375 1950.5164794921875
6678.48388671875 0 3457.718994140625 3457.718994140625 0 0 0 0 0 0 0 0 0 0 0 0 0 0 0 0 0 0 0 0 0 0 0 0 529.638671875 529.638671875 0 255.79949951171875 260.468536376953125 312.326995849609375 1247.51025390625 3361.16015625 8937.455078125 5368.18017578125 3550.09912109375 1550.0059814453125 0 3860.670166015625 834.30023193359375 52437.08203125 52437.08203125 22952.951171875 8210.8857421875 3266.992919921875 0 600.0635986328125 3250.987548828125 5838.8603515625 3230.3779296875
