ForecastVariables/BuildingArea_Mean_100m/BuildingAreaMean_Random3.asc
ncols        529
nrows        344
xllcorner    2700.000000000000
yllcorner    15900.000000000000
cellsize     100.000000000000
NODATA_value  0
[rows 69 to 91 of 344, columns 265 to 317 of 529]
0 0 0 0 0 0 0 0 44.244998931884765625 0 0 0 0 0 0 0 6367.55908203125 13957.958984375 15022.5341796875 0 0 0 0 300.803009033203125 289.988006591796875 223.71856689453125 190.147430419921875 327.8330078125 0 550.83099365234375 418.295257568359375 309.0675048828125 0 0 0 0 0 0 0 0 0 0 0 0 0 0 0 0 0 0 0 0 0
0 0 0 0 0 0 0 0 0 0 0 0 0 0 0 14065.0302734375 7630.24609375 4136.6748046875 1794.320068359375 0 0 0 0 5630.943359375 3896.392578125 217.1049957275390625 225.7740020751953125 377.08575439453125 560.031982421875 418.399261474609375 826.35528564453125 1589.39501953125 0 0 0 0 0 0 0 0 0 0 0 0 0 0 0 0 0 0 0 0 0
0 0 0 0 0 0 0 0 0 0 0 0 0 0 12508.2001953125 4638.3125 16769.74609375 545.5758056640625 0 0 0 0 0 11095.203125 11095.203125 22912.072265625 606.9962158203125 283.428131103515625 348.819671630859375 365.1334228515625 486.261444091796875 3397.180908203125 0 0 0 0 0 0 0 0 0 0 0 0 0 0 0 0 0 0 0 0 0
0 0 0 0 0 0 0 0 0 0 0 0 2885.53955078125 3157.0771484375 3770.292236328125 7354.2158203125 16435.865234375 5575.2109375 4417.92919921875 0 0 842.55169677734375 17792.97265625 6109.515625 4788.65087890625 2787.990478515625 1350.3619384765625 13685.544921875 342.65924072265625 458.980010986328125 371.168792724609375 0 0 0 0 0 0 0 0 0 0 0 0 0 0 0 0 0 0 0 0 0 14096.859375
0 0 0 0 0 0 0 0 0 0 0 0 1345.0833740234375 6577.845703125 6606.3271484375 526.23187255859375 5400.48681640625 4799.4462890625 11490.62890625 5999.6806640625 207.873199462890625 7137.2236328125 1031.5501708984375 11160.84765625 4788.65087890625 13603.1904296875 17076.6640625 3599.4052734375 421.759796142578125 299.406005859375 255.572662353515625 0 0 0 0 0 0 0 0 0 0 74.3905029296875 0 0 168.26800537109375 0 0 0 0 0 2320.49853515625 5067.91748046875 9935.6259765625
0 0 0 0 0 0 0 0 0 0 0 0 1031.1175537109375 23.743410110473632812 10759.5615234375 323.27313232421875 6573.50244140625 11039.0224609375 8677.2548828125 12532.6015625 27317.83203125 6414.396484375 7628.75439453125 16010.109375 0 295.89752197265625 5314.02099609375 4667.1591796875 385.33380126953125 274.601593017578125 236.350006103515625 0 0 0 0 0 0 0 0 0 0 0 0 0 0 0 0 0 0 1583.262451171875 1773.4185791015625 7428.99658203125 9498.97265625
0 0 0 0 0 0 0 0 0 0 46.13800048828125 258.977996826171875 12745.1162109375 16717.689453125 11443.5283203125 3596.83349609375 1671.15673828125 1492.0379638671875 11401.8359375 6286.279296875 27317.83203125 27317.83203125 19779.349609375 16010.109375 27353.333984375 994.61810302734375 4708.7099609375 394.20831298828125 443.423736572265625 221.47674560546875 336.1300048828125 0 0 0 0 0 0 0 0 0 0 0 0 0 0 0 0 0 3538.62646484375 2359.562255859375 2512.024169921875 3503.641845703125 7890.33447265625
0 0 0 0 0 0 0 0 0 0 3646.885009765625 3646.885009765625 1386.9940185546875 4968.9150390625 11483.5654296875 6360.99755859375 2923.869873046875 590.0914306640625 1300.1585693359375 4124.876953125 7012.22998046875 6871.390625 0 13980.396484375 13736.431640625 13736.431640625 626.5582275390625 10982.42578125 433.069000244140625 503.717987060546875 613.6820068359375 0 0 0 0 0 0 0 0 0 0 0 0 0 0 0 0 0 24.6183929443359375 3299.348876953125 3678.063232421875 16.550722122192382812 2985.3447265625
0 0 0 0 0 0 0 0 0 0 4134.1572265625 3482.293701171875 3179.965576171875 4832.5068359375 133.7918548583984375 174.2391357421875 143.0531768798828125 6894.46923828125 0 0 0 0 0 0 0 0 0 0 0 0 0 0 0 6495.8330078125 1655.88818359375 3634.23779296875 4182.62158203125 1907.876220703125 652.5428466796875 1334.4815673828125 1781.1502685546875 3808.1416015625 3197.6591796875 0 0 0 0 0 3746.173583984375 451.525299072265625 1592.4305419921875 2940.80322265625 922.1796875
0 0 0 0 0 0 0 0 0 0 0 2971.434326171875 3892.82861328125 0 0 4371.8984375 2375.57861328125 50.274829864501953125 2755.7353515625 8008.84375 3932.614501953125 9451.5576171875 1416.675048828125 15489.8056640625 12754.560546875 413.667633056640625 41700.015625 3478.23876953125 1324.6270751953125 3524.63330078125 2287.23193359375 5537.57177734375 444.560821533203125 327.44482421875 536.5887451171875 2942.633056640625 1808.0595703125 5721.31103515625 1119.5499267578125 1677.8143310546875 6190.08056640625 1087.254638671875 1303.8687744140625 0 0 0 0 0 0 1022.97198486328125 769.392333984375 688.88397216796875 7609.98681640625
0 0 0 0 0 0 0 0 0 0 0 1075.20947265625 1485.426025390625 0 0 9472.509765625 11900.2001953125 1547.629638671875 12395.943359375 2667.2021484375 2680.37841796875 862.74481201171875 1942.4791259765625 267.157135009765625 2527.950439453125 1609.9571533203125 2951.0654296875 822.05908203125 1734.93505859375 1421.5927734375 3716.03271484375 1369.169677734375 5115.88525390625 2657.487060546875 1119.7886962890625 786.11572265625 2813.99658203125 570.73779296875 1404.7030029296875 4653.8486328125 2734.319580078125 6711.1396484375 1049.1534423828125 0 0 0 0 0 0 1170.2874755859375 1778.0584716796875 1704.3072509765625 6404.6337890625
0 0 0 0 0 0 0 0 0 0 0 0 0 0 0 7586.98486328125 22176.98828125 1231.82421875 3770.48046875 1297.2928466796875 9638.2578125 13043.3056640625 2488.335693359375 13539.7080078125 10050.3046875 702.00323486328125 1369.4390869140625 1490.550048828125 2539.505859375 2567.694580078125 3267.538818359375 1500.752197265625 473.257568359375 2095.0009765625 5668.123046875 2818.535400390625 5803.23779296875 2057.027587890625 3422.582275390625 774.12664794921875 1808.4949951171875 101.407958984375 3586.615478515625 0 1174.3900146484375 0 0 3272.428955078125 1678.058349609375 904.426513671875 1327.5692138671875 8145.1826171875 2726.81298828125
0 0 0 0 0 0 0 0 0 0 0 0 0 0 0 2252.955322265625 92.409271240234375 18575.044921875 4741.16650390625 4649.21630859375 1431.3345947265625 2912.730712890625 1313.3306884765625 1625.1845703125 13705.7294921875 2630.3037109375 337.0479736328125 1775.1068115234375 1997.9654541015625 1933.0145263671875 284.7423095703125 368.338714599609375 535.20892333984375 5972.109375 64.69158172607421875 1323.0548095703125 901.7752685546875 2853.057373046875 1340.583984375 2887.52197265625 2329.050048828125 1729.9068603515625 3116.49755859375 0 0 0 378.302001953125 1499.2099609375 4179.22412109375 8521.2353515625 1170.475830078125 657.74334716796875 2662.89013671875
0 0 0 0 0 0 0 0 0 0 0 0 0 0 0 8538.685546875 6008.29931640625 701.036376953125 2137.037353515625 1396.308837890625 12021.685546875 241.85003662109375 8642.9775390625 7442.529296875 3240.25 23061.46875 233.4574432373046875 2184.459228515625 1380.4254150390625 4217.0400390625 5223.30029296875 744.661865234375 624.1220703125 335.46844482421875 980.11700439453125 14539.8515625 6519.52587890625 1301.113037109375 4286.2119140625 1186.29296875 831.44476318359375 1876.564697265625 4860.2578125 0 0 0 2459.521728515625 2686.52001953125 2810.55419921875 218.621612548828125 2021.11865234375 664.61126708984375 7102.35400390625
0 0 0 0 0 0 0 0 0 0 0 0 0 0 0 53.876800537109375 5660.18310546875 27723.123046875 8197.8740234375 6893.47705078125 8117.1455078125 4253.59619140625 20643.861328125 6510.951171875 1060.5458984375 3086.87890625 7598.0322265625 14814.49609375 1892.1842041015625 7211.56201171875 6250.1494140625 1485.265869140625 542.430419921875 356.524261474609375 1101.6600341796875 5487.73291015625 2099.93408203125 548.5133056640625 5533.81591796875 1063.4649658203125 803.1209716796875 942.18048095703125 929.239013671875 0 0 0 800.30999755859375 2326.555419921875 2130.768310546875 921.3485107421875 1832.3284912109375 1053.8680419921875 4947.3466796875
0 0 0 0 0 0 0 0 0 0 0 0 0 0 0 6505.56103515625 3440.958740234375 257.309051513671875 18620.658203125 1035.9522705078125 3873.8994140625 7829.251953125 14089.193359375 10944.103515625 1034.2095947265625 2275.512451171875 12891.693359375 255.9866943359375 3573.976806640625 2215.037841796875 1855.8399658203125 4393.4072265625 684.89300537109375 1124.3636474609375 705.63018798828125 636.40826416015625 1421.4954833984375 850.080810546875 1501.073974609375 1042.1705322265625 827.00067138671875 882.01202392578125 0 0 0 1120.759033203125 979.9644775390625 839.16998291015625 765.13348388671875 1235.1741943359375 1683.56396484375 930.37261962890625 1628.101318359375
0 0 0 0 0 0 0 0 0 0 0 0 0 0 0 6820.2529296875 6206.306640625 2451.17626953125 3674.931640625 79.0472259521484375 119.14496612548828125 2335.08154296875 3926.2451171875 3452.638916015625 1894.588623046875 1855.357666015625 2841.7275390625 322.2978515625 1325.3489990234375 529.89031982421875 9866.7607421875 2074.976318359375 840.43017578125 790.919677734375 932.7197265625 1408.86572265625 1015.7139892578125 825.57147216796875 767.73388671875 0 391.06524658203125 205.634002685546875 0 577.90667724609375 3827.765380859375 1206.092529296875 1899.2440185546875 1308.4765625 1112.4393310546875 928.02398681640625 879.03326416015625 516.64422607421875 1533.094482421875
0 0 0 0 0 0 0 0 0 0 0 0 0 0 0 633.222412109375 24863.216796875 7909.107421875 10868.2841796875 5527.43359375 2011.6676025390625 6045.2373046875 3427.452880859375 4589.6376953125 7314.21484375 40127.6015625 13137.62109375 11063.22265625 1144.433837890625 6160.11962890625 1038.2784423828125 280.0496826171875 1426.8304443359375 3891.31640625 2316.9072265625 2063.712890625 702.5460205078125 1685.324951171875 1313.455810546875 610.3316650390625 450.945281982421875 55.18833160400390625 4826.03759765625 2142.9619140625 3030.93798828125 3143.85498046875 1514.8282470703125 1681.988037109375 1535.0069580078125 1095.8343505859375 1158.8094482421875 2034.04296875 1276.43896484375
0 0 0 0 6106.466796875 1007.68597412109375 1007.68597412109375 611.5582275390625 381.007537841796875 320.792510986328125 980.62542724609375 0 0 0 0 0 473.67254638671875 875.083251953125 2193.4599609375 492.140045166015625 278.302978515625 33602.80859375 3152.7587890625 4746.20849609375 2475.95458984375 295.848358154296875 11293.06640625 4083.02294921875 1477.376708984375 204.6160736083984375 4948.17236328125 2066.09326171875 602.32061767578125 869.8836669921875 2537.826904296875 2260.279541015625 930.404296875 2968.8154296875 1406.6080322265625 1133.0242919921875 1189.08935546875 1161.333984375 501.427276611328125 354.54534912109375 676.142578125 1296.6368408203125 4778 2066.757568359375 1407.0391845703125 1123.0228271484375 1204.700439453125 3562.04833984375 3053.007568359375
0 0 8379.7958984375 5773.73779296875 4637.07373046875 2081.155029296875 2963.896240234375 67.97412872314453125 347.157470703125 1523.5506591796875 428.78265380859375 4422.3896484375 1488.0540771484375 145.8849639892578125 3526.0546875 0 5847.50537109375 16331.8359375 253.52325439453125 2664.87109375 3122.402099609375 15603.20703125 20113.431640625 15940.484375 2234.390625 927.6387939453125 5362.84716796875 9374.505859375 1592.80419921875 553.601318359375 2869.179443359375 1336.0484619140625 659.9639892578125 1032.3104248046875 1268.6214599609375 6143.52783203125 2686.38525390625 5426.4462890625 7933.3828125 1444.3192138671875 1440.6053466796875 967.989013671875 0 0 1519.822021484375 1290.3013916015625 1350.7017822265625 4035.509521484375 2809.1943359375 1314.247802734375 1141.263427734375 1348.290771484375 1809.4285888671875
0 10604.12890625 7137.30419921875 7614.7451171875 6856.96923828125 6438.07373046875 987.0361328125 1640.432373046875 985.34600830078125 3787.78564453125 1751.8646240234375 3100.557373046875 326.136322021484375 609.966552734375 3237.072998046875 2522.277099609375 1189.8563232421875 517.5614013671875 5152.14208984375 5801.79345703125 3318.32666015625 15262.4326171875 2981.49169921875 639.4627685546875 219.121002197265625 661.3067626953125 7180.46728515625 3969.79443359375 1732.0523681640625 3144.1796875 3237.8798828125 0 7342.68994140625 7342.68994140625 5334.5732421875 1169.9427490234375 972.58740234375 4073.67578125 4068.104248046875 690.59552001953125 958.5064697265625 0 0 0 0 2370.89697265625 1671.7117919921875 1848.3961181640625 2411.813720703125 1270.048828125 3457.125 2673.022705078125 1110.5567626953125
12828.4619140625 12828.4619140625 12045.884765625 1709.596435546875 5594.0732421875 10106.3046875 1452.1954345703125 3686.568359375 7376.32275390625 2421.0732421875 247.4100799560546875 7251.5390625 443.785003662109375 436.40252685546875 1015.42401123046875 6244.10302734375 884.88238525390625 480.95892333984375 407.50384521484375 358.718719482421875 317.464508056640625 336.12225341796875 5753.88720703125 10047.2041015625 5957.13623046875 4140.0107421875 2601.87255859375 14682.271484375 1398.205078125 1111.5380859375 1266.026611328125 783.4014892578125 1708.1466064453125 2854.3349609375 3920.111572265625 1301.908203125 1013.12274169921875 1134.4637451171875 1781.6409912109375 851.2646484375 959.44769287109375 0 0 0 0 0 1207.5693359375 1282.83544921875 1130.8721923828125 936.53472900390625 8016.02490234375 8016.02490234375 2638.569580078125
5828.66259765625 2037.8189697265625 12903.5263671875 19625.296875 18013.0234375 3988.831787109375 5594.52392578125 1249.26953125 742.127197265625 689.8480224609375 517.38525390625 898.58837890625 713.6939697265625 844.0247802734375 497.714935302734375 305.829986572265625 907.780029296875 626.4508056640625 391.934417724609375 329.585784912109375 327.84283447265625 426.79473876953125 415.3927001953125 374.149169921875 283.885162353515625 2066.731201171875 25446.708984375 1013.27972412109375 1487.2269287109375 3839.1181640625 4008.074462890625 1143.141845703125 1088.1339111328125 1529.6280517578125 1610.372802734375 2110.92138671875 608.826904296875 336.095458984375 1792.7750244140625 1313.675537109375 1361.719482421875 0 3358.2275390625 13025.8291015625 0 0 23871.158203125 23871.158203125 5789.39892578125 1196.8509521484375 2188.09716796875 2755.494384765625 1014.7135009765625
