ForecastVariables/BuildingArea_Mean_100m/BuildingAreaMean_Random2.asc
ncols        529
nrows        344
xllcorner    2700.000000000000
yllcorner    15900.000000000000
cellsize     100.000000000000
NODATA_value  0
[rows 192 to 215 of 344, columns 0 to 52 of 529]
0 0 0 0 0 0 0 0 0 0 0 0 0 0 0 73.1537017822265625 18941.27734375 10341.255859375 2130.543212890625 3662.239501953125 237.1837310791015625 1518.363525390625 1416.5699462890625 7101.849609375 0 10391.95703125 15369.65625 20347.35546875 15139.330078125 1869.443115234375 19019.501953125 9507.015625 1030.105712890625 8392.01171875 8392.01171875 1397.81201171875 0 0 5428.39990234375 3019.047607421875 20389.66796875 4596.32373046875 4644.47802734375 0 0 0 0 0 0 0 0 0 0
0 0 0 0 0 0 0 0 0 0 0 0 12317.09375 12317.09375 0 32813.53125 16664.29296875 9129.1591796875 11835.2158203125 5442.21630859375 2098.3154296875 1957.7603759765625 4751.73095703125 12894.2919921875 10391.95703125 10391.95703125 6477.22119140625 2562.485107421875 9931.3056640625 5151.18310546875 257.6451416015625 49835.38671875 2458.239013671875 4435.18310546875 8667.068359375 0 10884.583984375 10884.583984375 23437.333984375 1901.8602294921875 0 393.606414794921875 968.1177978515625 0 0 0 0 0 0 0 0 0 0
0 0 0 0 0 0 0 0 0 0 0 0 12317.09375 12317.09375 544.3060302734375 18465.685546875 12528.115234375 0 12135.064453125 21354.8984375 1766.29248046875 1862.7122802734375 4288.3330078125 10246.7099609375 109.17462158203125 429.353485107421875 2220.595458984375 1809.3570556640625 0 6306.82177734375 19103.8671875 5389.0068359375 4422.033203125 4451.15234375 0 19876.353515625 1186.48388671875 5363.66015625 1575.3487548828125 26877.53515625 24177.541015625 14828.7158203125 13087.564453125 0 0 0 0 0 0 0 0 0 0
0 0 0 0 0 0 0 0 0 0 0 0 12317.09375 6299.771484375 282.449005126953125 2307.907470703125 2396.500732421875 2418.68701171875 21354.8984375 7864.12451171875 1566.8001708984375 1617.271728515625 1969.2340087890625 12949.642578125 17021.552734375 9863.248046875 10912.244140625 11074.646484375 1076.93310546875 2912.94189453125 3315.830322265625 1217.1689453125 3910.159423828125 5149.8154296875 4859.4130859375 1010.693359375 24.030918121337890625 1894.7872314453125 22160.021484375 16189.9306640625 24177.541015625 10816.5029296875 4135.9833984375 672.2864990234375 0 0 0 0 0 0 0 0 0
0 0 0 0 0 0 0 0 0 0 0 0 0 5773.83154296875 20258.4375 2173.723388671875 11265.1171875 1036.0738525390625 11308.7880859375 7005.0849609375 2184.157470703125 3030.447265625 3182.0810546875 8192.3037109375 6220.49755859375 9182.1376953125 8383.919921875 341.91326904296875 1599.4761962890625 3028.169921875 5856.47607421875 7384.234375 11008.5859375 420.05859375 5463.82080078125 2568.64892578125 673.73712158203125 340.989227294921875 339.52850341796875 3403.8603515625 24177.541015625 475.23040771484375 1034.0994873046875 2569.9462890625 0 0 0 0 0 0 0 0 0
0 0 0 0 0 0 0 0 0 0 0 0 0 13999.958984375 16866.28515625 2015.6796875 6978.7119140625 6699.9609375 798.6573486328125 2419.84375 3560.25390625 2150.328369140625 596.54766845703125 1923.92724609375 6540.80908203125 1393.8148193359375 53.5517578125 6593.0205078125 3985.79248046875 0 4714.81787109375 15997.6728515625 15997.6728515625 18683.185546875 5987.1953125 1383.8597412109375 4259.7470703125 7232.76611328125 4950.25 4845.17724609375 217.507415771484375 28721.5859375 6291.7314453125 7755.5205078125 400.925994873046875 0 0 0 0 0 0 0 0
0 0 0 0 0 0 0 0 0 0 0 0 0 6009.5517578125 854.56341552734375 4232.34423828125 14797.2744140625 11560.6162109375 56.8088531494140625 3128.9033203125 4136.4228515625 3255.75341796875 15393.869140625 4290.9365234375 1210.4556884765625 1734.995849609375 351.348480224609375 895.31610107421875 3927.2880859375 964.20050048828125 5406.9169921875 2894.015869140625 6318.34814453125 6140.82666015625 10401.1484375 506.93865966796875 2582.943115234375 3557.99609375 3386.58447265625 2282.313720703125 242.2158966064453125 305.01971435546875 9346.6943359375 654.74700927734375 477.44500732421875 0 0 0 0 0 0 0 0
0 0 0 0 0 0 0 0 0 0 0 0 0 0 23308.318359375 472.265380859375 287.339080810546875 26797.046875 1526.256103515625 13598.447265625 3939.0576171875 2790.2919921875 6931.11279296875 7807.80615234375 2521.08056640625 660.2474365234375 1751.7645263671875 945.18804931640625 0 1609.8900146484375 1373.4521484375 823.37408447265625 7754.791015625 2861.333984375 2861.333984375 0 1273.593994140625 1273.593994140625 629.10150146484375 476.35150146484375 283.8416748046875 420.6820068359375 444.105987548828125 484.448089599609375 23431.08984375 31883.841796875 0 0 0 0 0 0 0
0 0 0 0 0 0 0 0 0 0 0 0 0 0 982.33392333984375 13572.3544921875 637.8516845703125 18660.2421875 9583.9951171875 23334.255859375 23334.255859375 847.37298583984375 5310.5751953125 12803.7001953125 24548.876953125 12447.3994140625 2232.512939453125 4046.80859375 3129.787109375 1925.9310302734375 993.4310302734375 1331.6920166015625 2444.0654296875 2123.023681640625 0 5628.83203125 40310.65625 0 1296.080322265625 1009.20147705078125 1990.468017578125 0 0 463.381988525390625 0 4414.0537109375 12503.7158203125 0 0 0 0 0 0
0 0 0 0 0 0 0 0 0 0 0 0 0 0 0 1183.7025146484375 7142.08056640625 1636.172119140625 2016.064208984375 19130.298828125 23334.255859375 5719.841796875 6362.3388671875 4939.4013671875 4873.6591796875 5592.40966796875 10939.48046875 8020.599609375 1308.010009765625 2381.651611328125 1382.1568603515625 333.71148681640625 4072.5400390625 4072.5400390625 0 22969.744140625 40310.65625 40310.65625 40310.65625 40310.65625 40310.65625 0 0 764.948974609375 0 744.37548828125 3695.6513671875 6252.96044921875 0 0 0 0 0
0 0 0 0 0 0 0 0 0 0 0 0 0 0 0 6986.732421875 896.4012451171875 1672.944091796875 7677.2138671875 9940.8203125 3635.173828125 4351.47216796875 6217.66845703125 175.340301513671875 6925.44873046875 2301.73095703125 6656.0576171875 1806.182861328125 467.62078857421875 1670.695556640625 2392.87109375 763.0369873046875 1054.1932373046875 15848.5234375 1580.156005859375 20945.40625 15660.86328125 25848.982421875 25848.982421875 40310.65625 40310.65625 0 0 0 0 0 2320.14599609375 2545.739990234375 0 0 0 0 0
0 0 0 0 0 0 0 0 0 0 0 0 0 0 0 9437 5507.599609375 1354.411376953125 14926.3427734375 6909.58984375 3962.656494140625 11617.6826171875 14015.6083984375 6944.0703125 2190.538330078125 1289.847900390625 4775.6650390625 1248.43505859375 9742.9443359375 2498.1416015625 16723.58203125 12730.4326171875 20004.439453125 15848.5234375 953.81500244140625 2468.1357421875 3335.966552734375 11387.306640625 11387.306640625 11387.306640625 0 0 0 0 148.522003173828125 148.522003173828125 1172.30908203125 8058.5517578125 2120.995361328125 0 0 0 0
0 0 0 0 0 0 0 0 0 0 0 0 0 0 0 2097.601806640625 1854.6610107421875 86.758697509765625 5228.6845703125 1817.536376953125 11004.6728515625 5798.08837890625 3655.208984375 2051.68505859375 14796.740234375 10243.7861328125 33791.23046875 3548.359619140625 2612.673828125 3115.710693359375 2144.0595703125 6159.1162109375 11860.8974609375 67.7135162353515625 0 0 0 0 0 1888.4019775390625 5336.12060546875 1172.5538330078125 5629.6396484375 355.9893798828125 513.09881591796875 52.77774810791015625 3104.111083984375 2555.544921875 434.456298828125 0 0 0 0
0 0 0 0 0 0 0 0 0 0 0 0 0 0 0 716.14239501953125 2407.130126953125 11007.5341796875 1158.7208251953125 368.572845458984375 2309.714599609375 29307.43359375 4745.7265625 21784.216796875 13752.1103515625 1070.2811279296875 7752.2421875 5410.54541015625 5422.80517578125 14324.6953125 257.480133056640625 2647.6787109375 35606.28515625 10302.9208984375 1732.56396484375 0 1264.4134521484375 1475.1429443359375 0 0 3994.85009765625 8351.8544921875 3147.75390625 314.368438720703125 3943.829345703125 1669.40234375 43.68428802490234375 3539.08740234375 4185.27001953125 8029.22119140625 0 0 0
0 0 0 0 0 0 0 0 0 0 0 0 0 0 0 1365.89892578125 11031.7412109375 16554.783203125 16310.232421875 372.814697265625 10245.1376953125 1792.814453125 13226.0478515625 3037.5439453125 6105.88427734375 10430.5078125 26473.3203125 111.952911376953125 775.79351806640625 3758.27978515625 3598.25732421875 8868.5009765625 13709.73046875 3978.99462890625 1770.5159912109375 726.28448486328125 1475.1429443359375 1014.68597412109375 540.0570068359375 0 2348.96240234375 4126.396484375 582.38287353515625 879.082763671875 16086.5771484375 464.42572021484375 10833.2275390625 11456.296875 2403.390869140625 637.6610107421875 0 0 0
0 0 0 0 0 0 0 0 0 0 0 0 0 0 0 3961.712158203125 2517.24462890625 3243.318603515625 4866.43994140625 8826.283203125 5450.76171875 80.34026336669921875 5816.83837890625 18440.33203125 3163.18994140625 10451.3232421875 26473.3203125 4050.7099609375 14102.96484375 201.6485748291015625 669.98992919921875 9567.123046875 2444.369384765625 1986.5902099609375 1424.3485107421875 449.1202392578125 1027.5970458984375 1449.266357421875 1535.7469482421875 878.443359375 1256.2681884765625 3534.61962890625 834.78851318359375 9982.619140625 1303.9033203125 226.2511749267578125 2553.482177734375 159.01055908203125 7895.30126953125 982.738037109375 0 0 0
0 0 0 0 0 0 0 0 0 0 0 0 0 0 8873.79296875 5734.80810546875 20432.783203125 2351.145263671875 2646.571533203125 2860.631103515625 15876.958984375 15478.9326171875 1530.626953125 6789.31640625 799.39349365234375 26473.3203125 26473.3203125 486.0120849609375 218.736724853515625 7937.01953125 2597.647705078125 637.96221923828125 1884.0335693359375 850.31268310546875 637.12799072265625 193.0780029296875 6606.41455078125 3894.866943359375 180.1150054931640625 9.5192737579345703125 298.98834228515625 628.40704345703125 342.060302734375 674.6180419921875 6881.29052734375 3890.6162109375 741.65478515625 18.189807891845703125 1498.8875732421875 14.466831207275390625 0 0 0
0 0 0 0 0 0 0 0 0 0 0 0 0 3801.6220703125 952.48992919921875 3132.532470703125 8553.482421875 294.16510009765625 2404.068359375 1367.5435791015625 9344.5791015625 16960.912109375 12576.337890625 2926.119384765625 666.61102294921875 1691.27294921875 0 9374.859375 44338.96875 22544.216796875 2441.6787109375 7931.26611328125 5939.8798828125 773.77734375 0 4102.18994140625 5362.6416015625 5872.58349609375 0 4569.4345703125 2404.5869140625 10375.01171875 4921.84423828125 463.7437744140625 1253.1444091796875 1015.18365478515625 6078.8515625 971.271484375 309.719970703125 0 0 0 0
0 0 0 0 0 0 0 0 0 0 0 0 2102.972900390625 5313.0126953125 1223.714111328125 5319.1904296875 7538.5 515.3477783203125 253.5343170166015625 6203.98681640625 2608.63330078125 19809.517578125 2610.938720703125 6385.73779296875 0 0 0 903.9296875 10094.5791015625 804.37872314453125 420.0880126953125 2914.29638671875 2999.267578125 37956.91796875 0 2427.583251953125 2521.375244140625 3156.21337890625 1294.7855224609375 10315.16796875 584.9261474609375 10240.3544921875 9425.392578125 10699.6396484375 3422.770751953125 14691.404296875 3393.4931640625 6267.7001953125 201.8349456787109375 0 0 0 0
0 0 0 0 0 0 0 0 0 0 759.24615478515625 2751.391357421875 13243.9501953125 7607.49267578125 22618.208984375 11733.2255859375 1288.9898681640625 662.90087890625 4093.1865234375 15108.6748046875 1426.27294921875 19809.517578125 38192.765625 38192.765625 3895.083984375 0 0 6401.8447265625 833.76953125 741.03302001953125 902.09930419921875 2850.732421875 5979.59619140625 2649.93505859375 21692.568359375 1686.9739990234375 1781.343017578125 3164.031982421875 3537.97509765625 7073.3115234375 1738.1876220703125 6162.138671875 2494.14990234375 3418.4599609375 7066.2490234375 210.4519195556640625 2629.1796875 725.861572265625 0 0 0 0 0
0 0 0 0 0 0 0 1427.933349609375 19997.626953125 2233.1220703125 1729.1534423828125 1901.3665771484375 12268.6201171875 1066.457763671875 7300.35302734375 1409.12353515625 3756.662841796875 5664.1181640625 771.6634521484375 4856.17626953125 592.7989501953125 3146.62646484375 38192.765625 20253.89453125 4915.2255859375 7515.4267578125 0 3731.7919921875 2504.7041015625 3293.985107421875 3345.494384765625 2704.801025390625 2603.161376953125 8677.2314453125 11736.701171875 11569.1875 2610.22900390625 2948.975341796875 20786.861328125 759.24713134765625 1868.7109375 6375.4326171875 2025.3109130859375 3149.894287109375 8948.0478515625 1558.6021728515625 901.78985595703125 0 0 0 0 0 0
0 0 0 0 0 0 9057.36328125 1301.00390625 8010.3271484375 6675.404296875 1001.72412109375 10854.8916015625 4672.93994140625 4851.50048828125 10190.291015625 1918.5072021484375 8915.03515625 4542.69189453125 4275.7900390625 3673.1728515625 21002.013671875 4297.72802734375 14136.87890625 6973.69091796875 4042.47119140625 11611.0419921875 10435.810546875 4379.25 2983.834716796875 1738.4161376953125 1347.68701171875 1775.232666015625 2384.862060546875 4578.26025390625 3331.43505859375 13243.40625 4522.9794921875 14568.1826171875 14166.048828125 0 0 0 0 0 0 0 0 0 0 0 0 0 0
0 0 0 0 0 4035.382080078125 1158.2376708984375 7695.32861328125 703.160888671875 1897.3629150390625 1990.110595703125 8191.8203125 106.7904510498046875 5479.158203125 2613.0703125 10524.3134765625 8824.40234375 1336.089599609375 20793.4453125 4022.64599609375 12056.2041015625 7531.6591796875 4968.63232421875 695.7586669921875 3883.73486328125 3300.152099609375 258.2281494140625 3033.2890625 2373.076904296875 1615.199951171875 2123.851318359375 1859.7012939453125 2235.15234375 4318.4208984375 3442.45068359375 8136.861328125 20855.212890625 6455.00927734375 25388.578125 0 0 0 0 0 0 0 0 0 0 0 0 0 0
0 0 0 0 0 2650.23046875 5152.66845703125 6109.6357421875 22395.162109375 7219.16064453125 21293.224609375 1502.5147705078125 14285.359375 2979.254638671875 10679.8310546875 349.306365966796875 3799.33740234375 12825.57421875 12825.57421875 1062.4959716796875 260.757293701171875 20740.48828125 1410.603271484375 12985.705078125 1625.19775390625 20.178554534912109375 3786.2041015625 2882.926513671875 1959.547607421875 1253.99169921875 2085.490478515625 13199.7470703125 18559.580078125 3135.279541015625 4185.5283203125 481.407440185546875 4073.81396484375 13207.6630859375 5593.88330078125 0 0 0 0 0 0 0 0 0 0 0 0 0 0
