ForecastVariables/BuildingArea_Mean_100m/BuildingAreaMean_Random4.asc
ncols        529
nrows        344
xllcorner    2700.000000000000
yllcorner    15900.000000000000
cellsize     100.000000000000
NODATA_value  0
[rows 161 to 183 of 344, columns 318 to 370 of 529]
2637.198974609375 5150.36181640625 2338.565185546875 2784.686767578125 4799.82080078125 5308.07861328125 4551.9267578125 3592.012939453125 1014.375 2053.91845703125 649.681396484375 4438.62744140625 1330.27099609375 2968.972412109375 3825.6640625 908.6710205078125 451.7139892578125 367.1534423828125 423.97601318359375 404.46319580078125 2035.7149658203125 976.1761474609375 569.2852783203125 625.82843017578125 711.79718017578125 662.89727783203125 375.82000732421875 251.89263916015625 3295.5537109375 4356.27197265625 7082.203125 3250.160888671875 1231.1363525390625 1147.2080078125 1312.0360107421875 4523.1923828125 3729.501708984375 1120.76904296875 814.43768310546875 6072.5791015625 4326.44091796875 1185.1297607421875 3587.69677734375 4570.5634765625 2218.203125 2370.1044921875 2823.1923828125 2249.8623046875 536.4266357421875 5.0071115493774414062 410.417327880859375 758.14068603515625 176.358978271484375
3440.010009765625 4883.919921875 2681.947998046875 2451.813720703125 3143.4384765625 0 1251.1966552734375 1380.15869140625 734.1798095703125 2614.389404296875 2107.030029296875 3491.0029296875 1226.615966796875 2223.82080078125 2958.98193359375 559.15234375 401.459930419921875 475.8892822265625 465.866241455078125 570.38275146484375 1729.833740234375 1927.56005859375 858.4739990234375 403.02398681640625 368.272491455078125 308.68017578125 272.220703125 364.393096923828125 432.34149169921875 949.4219970703125 2409.119873046875 3009.391357421875 2599.44140625 3524.26806640625 2791.217041015625 1529.1287841796875 1429.711181640625 966.41180419921875 504.238677978515625 4845.8505859375 9451.931640625 665.885009765625 3004.56689453125 4921.451171875 1981.3465576171875 2235.581298828125 1932.009521484375 2033.1080322265625 2339.360107421875 2492.447021484375 2337.011962890625 2645.7587890625 1495.2550048828125
0 0 2134.241943359375 1769.364501953125 2244.88330078125 2136.94970703125 1296.605712890625 1248.8780517578125 1161.055419921875 2550.7099609375 1424.173583984375 373.07171630859375 1126.4642333984375 1181.1417236328125 1225.4073486328125 364.800262451171875 585.5020751953125 568.8431396484375 360.61395263671875 510.90460205078125 768.68115234375 1105.00048828125 2578.95556640625 854.31787109375 2572.79833984375 236.207794189453125 325.423492431640625 498.625 478.8875732421875 631.9041748046875 716.07952880859375 3054.431640625 5832.51904296875 6306.62890625 5984.7587890625 1467.7537841796875 1824.707275390625 1721.3076171875 1946.06494140625 0 41166.21875 20871.9140625 11669.658203125 3410.04052734375 843.13531494140625 1523.135986328125 1497.2154541015625 2005.3927001953125 2013.71533203125 1305.872802734375 1992.1629638671875 1108.022216796875 5376.37158203125
1938.1209716796875 0 2030.0699462890625 2438.178955078125 2936.368408203125 2803.7939453125 1067.1710205078125 1542.9820556640625 2458.416015625 3482.80322265625 4237.34912109375 1508.1650390625 1278.1319580078125 1173.6595458984375 1027.3699951171875 504.203857421875 516.2030029296875 463.61834716796875 415.76922607421875 503.2579345703125 437.540802001953125 622.9117431640625 1190.4649658203125 5211.0537109375 9544.875 344.2415771484375 270.880462646484375 463.55853271484375 1086.7864990234375 758.822021484375 412.25164794921875 5841.0830078125 5805.4619140625 3997.061767578125 2504.715087890625 415.22430419921875 675.9598388671875 842.7423095703125 1179.4862060546875 910.5985107421875 41166.21875 41166.21875 22947.943359375 20488.236328125 15568.8251953125 1230.782470703125 2023.37548828125 1713.8013916015625 659.1556396484375 1446.8055419921875 1592.74853515625 1429.218017578125 1832.0714111328125
2636.040283203125 2172.760986328125 3091.3330078125 2829.443603515625 2534.46533203125 2823.53662109375 2451.69091796875 2008.322998046875 2390.8037109375 2314.207763671875 2097.82666015625 1787.7506103515625 1380.08544921875 1237.231689453125 1034.0762939453125 538.28900146484375 608.22662353515625 659.8134765625 401.591583251953125 483.8619384765625 536.6729736328125 537.3812255859375 621.215576171875 1597.1861572265625 1224.8060302734375 293.242584228515625 418.927490234375 791.07257080078125 1070.4801025390625 564.7991943359375 270.922149658203125 254.9717559814453125 445.520416259765625 757.4378662109375 987.7855224609375 869.00286865234375 1588.796630859375 1259.6820068359375 1493.205810546875 398.33349609375 41166.21875 25860.861328125 17454.93359375 21334.19140625 15568.8251953125 1624.595947265625 2190.189453125 2426.783935546875 856.34002685546875 1600.57275390625 1313.7760009765625 1568.6929931640625 1377.14794921875
2985.35107421875 2903.31494140625 1053.245361328125 2386.114013671875 1870.025634765625 2115.953857421875 2108.6943359375 1834.90673828125 1316.5426025390625 762.45550537109375 1125.77880859375 1391.5589599609375 1052.621826171875 1532.3037109375 1366.0133056640625 628.41455078125 359.048858642578125 764.9764404296875 705.881103515625 746.5367431640625 714.6141357421875 396.9986572265625 1754.112548828125 2006.32373046875 1564.90478515625 334.724639892578125 438.031341552734375 503.970916748046875 438.64715576171875 478.18170166015625 279.1756591796875 301.252105712890625 272.107177734375 341.486114501953125 285.194000244140625 1966.9677734375 2331.409912109375 2814.927490234375 1896.42529296875 360.510162353515625 5352.00537109375 10555.5048828125 9509.416015625 9256.373046875 2033.643798828125 1180.9342041015625 1501.9520263671875 2677.193603515625 2721.32666015625 1728.557373046875 1284.1485595703125 1549.95849609375 1342.5159912109375
7395.771484375 398.058380126953125 2019.98974609375 2932.308837890625 3467.07470703125 2601.463623046875 2855.290283203125 2330.923583984375 920.75250244140625 1443.791015625 1671.9197998046875 1682.7813720703125 1384.900146484375 2033.2860107421875 0 2418.948974609375 1145.674560546875 1054.4993896484375 363.449005126953125 322.96490478515625 451.683502197265625 563.80535888671875 717.25390625 793.838623046875 1983.2955322265625 601.193359375 265.378387451171875 311.7332763671875 298.6317138671875 594.6153564453125 260.167236328125 271.83251953125 205.18389892578125 360.85028076171875 808.93115234375 2217.18359375 2280.33935546875 2014.261962890625 1385.59521484375 511.23040771484375 1670.439208984375 8326.0947265625 16283.57421875 10396.0595703125 6107.17626953125 1069.239990234375 610.62750244140625 1804.677490234375 5883.56201171875 5497.22265625 311.147613525390625 709.92498779296875 708.1279296875
1577.945556640625 14416.3359375 15213.671875 18897.771484375 7069.5673828125 1948.11328125 2626.72021484375 1825.200439453125 1061.29443359375 669.27777099609375 649.19342041015625 1259.4949951171875 0 0 0 1483.6077880859375 1064.03564453125 1141.3974609375 494.49530029296875 499.5003662109375 746.857421875 787.07257080078125 581.9031982421875 685.61138916015625 576.10382080078125 426.691009521484375 283.11749267578125 595.3236083984375 2238.55078125 2879.7119140625 238.3325958251953125 233.7831268310546875 285.590789794921875 893.9483642578125 2464.228759765625 1589.3470458984375 492.3377685546875 1163.599365234375 1231.8248291015625 572.90972900390625 418.00799560546875 2178.510498046875 3491.235107421875 13485.08203125 9974.3779296875 9262.166015625 2022.9200439453125 0 13378.462890625 3549.607666015625 621.06488037109375 372.3924560546875 337.29534912109375
1085.9674072265625 7391.5068359375 6132.40576171875 4674.69580078125 8392.544921875 128.6219329833984375 676.53875732421875 3414.017822265625 148.730224609375 7144.7939453125 1561.35595703125 1298.802490234375 0 0 2004.8690185546875 3781.452880859375 22729.921875 2658.29052734375 966.8458251953125 556.617919921875 672.49468994140625 1104.640869140625 538.66839599609375 666.01446533203125 593.8482666015625 437.511322021484375 343.34906005859375 338.73052978515625 272.0196533203125 399.38519287109375 576.80426025390625 301.723175048828125 288.32342529296875 681.71051025390625 1442.67138671875 1767.5926513671875 908.3831787109375 708.24102783203125 694.689208984375 501.773040771484375 347.145538330078125 1246.3740234375 6582.49169921875 4044.5654296875 4023.036376953125 10416.77734375 1369.9456787109375 858.15399169921875 13378.462890625 3417.52294921875 825.74700927734375 376.222198486328125 385.349945068359375
3057.944580078125 10035.302734375 5878.6435546875 39173.33203125 13293.00390625 10258.513671875 1716.2672119140625 4947.57470703125 4751.53271484375 1728.3853759765625 1062.276123046875 1242.83154296875 1280.6171875 646.676025390625 516.797119140625 2029.2135009765625 20656.54296875 1355.2872314453125 409.05999755859375 508.004547119140625 390.244171142578125 587.08148193359375 375.71905517578125 562.40325927734375 748.567138671875 456.068450927734375 311.471099853515625 276.456329345703125 277.11199951171875 474.621917724609375 633.57086181640625 499.16522216796875 452.210845947265625 468.76446533203125 1872.081787109375 2249.7626953125 456.7318115234375 789.6685791015625 591.47344970703125 266.427825927734375 354.775360107421875 516.98602294921875 1273.33056640625 2143.137451171875 4728.56103515625 11571.388671875 1473.0694580078125 1605.843994140625 2569.478271484375 809.348876953125 581.10809326171875 336.794708251953125 400.8204345703125
3703.42578125 7266.80810546875 5796.13623046875 907.7344970703125 476.40264892578125 2057.66796875 7232.98486328125 4242.462890625 1184.19873046875 753.56829833984375 585.55242919921875 1190.42236328125 657.91131591796875 532.7037353515625 671.465087890625 672.0303955078125 422.3497314453125 279.44744873046875 352.28167724609375 539.922607421875 472.09747314453125 495.125274658203125 684.6873779296875 668.092041015625 870.5194091796875 330.81256103515625 274.339385986328125 268.048187255859375 360.3590087890625 517.33740234375 731.09527587890625 2252.314697265625 2167.01025390625 2028.022705078125 2572.1396484375 71.761444091796875 886.45355224609375 1015.2384033203125 671.384521484375 374.3243408203125 522.21197509765625 554.9320068359375 530.641845703125 2298.53564453125 3371.20263671875 5171.58642578125 1085.4024658203125 567.565673828125 366.38458251953125 374.313262939453125 436.05426025390625 443.41729736328125 345.69537353515625
1949.443115234375 7407.83642578125 8254.8212890625 4789.6171875 1555.49853515625 1401.8663330078125 3912.2587890625 2263.225830078125 1277.662841796875 805.86224365234375 976.77197265625 1214.455078125 682.9315185546875 372.15545654296875 517.79681396484375 538.86932373046875 407.7872314453125 491.50244140625 688.529296875 610.97113037109375 891.04864501953125 864.540283203125 570.50018310546875 646.20440673828125 741.85430908203125 456.378997802734375 323.51171875 409.18548583984375 412.982574462890625 581.98968505859375 929.17486572265625 468.250457763671875 361.931060791015625 2398.807373046875 523.03521728515625 711.54608154296875 1165.6658935546875 1063.56298828125 857.83673095703125 695.78302001953125 585.296142578125 547.441162109375 572.5460205078125 3157.64208984375 1198.6414794921875 1722.878662109375 819.57159423828125 545.17254638671875 580.00335693359375 298.52386474609375 193.59063720703125 309.68438720703125 489.21856689453125
2919.240966796875 3486.404296875 5004.9248046875 2069.717529296875 1037.2872314453125 723.1309814453125 536.1954345703125 1160.73876953125 802.50726318359375 992.95257568359375 968.87628173828125 944.84417724609375 650.190673828125 622.2152099609375 455.862274169921875 625.59979248046875 414.1236572265625 604.3941650390625 817.45361328125 509.893157958984375 456.33343505859375 1112.233642578125 486.680267333984375 449.999664306640625 414.94000244140625 686.544677734375 575.3184814453125 428.161529541015625 373.24542236328125 468.6368408203125 718.61114501953125 623.7855224609375 8147.32763671875 1747.771484375 410.03436279296875 663.3287353515625 355.073333740234375 470.97650146484375 1422.43115234375 1069.0615234375 611.4837646484375 528.5714111328125 515.15081787109375 464.483001708984375 613.94012451171875 482.9046630859375 1562.87353515625 477.81658935546875 662.6817626953125 475.432220458984375 365.74267578125 906.59735107421875 499.551513671875
1667.37158203125 466.547821044921875 421.631561279296875 635.27947998046875 918.58831787109375 961.2337646484375 600.9478759765625 1040.919921875 1324.633056640625 2345.652099609375 2113.58154296875 795.39801025390625 735.691162109375 375.890869140625 391.27020263671875 415.715576171875 581.08514404296875 353.251312255859375 517.928955078125 486.70916748046875 365.886993408203125 565.631103515625 580.3458251953125 550.042236328125 469.723419189453125 599.15447998046875 515.466552734375 432.936737060546875 471.42120361328125 446.87322998046875 466.447235107421875 409.385498046875 3038.717529296875 699.49896240234375 303.124755859375 639.85028076171875 440.887176513671875 517.0809326171875 1299.90478515625 880.561279296875 691.5999755859375 514.3778076171875 645.0386962890625 1007.2235107421875 659.29864501953125 399.515594482421875 377.0159912109375 2263.156982421875 1022.58160400390625 793.55352783203125 737.20147705078125 977.52044677734375 792.489990234375
1719.831298828125 8742.607421875 574.71331787109375 501.2098388671875 511.337158203125 994.7239990234375 852.76373291015625 719.052001953125 1271.0069580078125 920.40875244140625 414.97418212890625 889.8563232421875 1164.8162841796875 380.25872802734375 461.23565673828125 324.810272216796875 489.95721435546875 397.6837158203125 786.802978515625 682.75482177734375 637.45025634765625 461.6993408203125 716.61602783203125 439.9964599609375 378.092315673828125 680.97119140625 798.077880859375 512.4146728515625 547.44915771484375 415.33367919921875 505.44110107421875 417.200408935546875 368.75518798828125 651.7994384765625 1487.298828125 1741.416748046875 1119.0977783203125 3361.13671875 1973.2730712890625 5212.83056640625 1894.758056640625 604.31890869140625 511.227508544921875 515.46142578125 615.66558837890625 463.35931396484375 573.04473876953125 1903.15771484375 995.86773681640625 1434.5679931640625 1708.5899658203125 805.73272705078125 967.5826416015625
434.966064453125 815.15069580078125 983.532470703125 465.99432373046875 522.42242431640625 847.90460205078125 912.2894287109375 542.9847412109375 1259.5677490234375 1388.633056640625 622.7904052734375 1458.085205078125 883.34063720703125 450.639617919921875 286.345428466796875 335.070465087890625 429.44061279296875 372.59051513671875 501.13177490234375 648.19927978515625 669.7403564453125 613.5396728515625 408.138824462890625 339.35894775390625 392.378082275390625 653.135498046875 605.9146728515625 854.69476318359375 560.9046630859375 372.989105224609375 417.626068115234375 371.09283447265625 649.02227783203125 2297.530517578125 2361.813232421875 631.2557373046875 918.22845458984375 1113.649658203125 2358.23486328125 1238.9925537109375 1651.708984375 496.318572998046875 433.748443603515625 742.96826171875 510.9744873046875 423.66448974609375 418.260009765625 274.808013916015625 1271.2364501953125 1867.5643310546875 1524.267333984375 660.1263427734375 700.8311767578125
731.49127197265625 610.142333984375 559.12139892578125 505.509002685546875 554.66485595703125 569.876220703125 549.556640625 349.372222900390625 582.564208984375 737.31951904296875 607.3961181640625 1048.1126708984375 753.11676025390625 669.52667236328125 473.934814453125 330.74365234375 557.22918701171875 429.944427490234375 349.91845703125 453.934539794921875 306.57305908203125 363.799072265625 343.8829345703125 364.761077880859375 291.363250732421875 528.6593017578125 557.50848388671875 706.45782470703125 535.21527099609375 474.1849365234375 777.57147216796875 868.6497802734375 685.06658935546875 906.553466796875 440.250701904296875 493.266754150390625 913.13385009765625 394.31048583984375 747.906982421875 1899.4515380859375 2481.68505859375 634.22344970703125 469.26055908203125 729.345458984375 391.071807861328125 0 828.656982421875 828.656982421875 0 640.90252685546875 702.32000732421875 1259.074951171875 732.22900390625
324.657012939453125 544.04058837890625 449.804840087890625 437.76458740234375 338.587738037109375 748.90167236328125 655.852783203125 327.0313720703125 405.104736328125 333.5665283203125 561.41162109375 1323.2366943359375 824.50628662109375 595.3763427734375 621.695556640625 471.11773681640625 634.5714111328125 633.7034912109375 381.690216064453125 315.0162353515625 516.94268798828125 525.64117431640625 554.88226318359375 567.2523193359375 809.76898193359375 717.90423583984375 843.84100341796875 906.45318603515625 3255.58154296875 995.919189453125 940.0054931640625 755.1619873046875 705.84393310546875 480.0543212890625 426.235443115234375 466.48968505859375 1347.4925537109375 985.69268798828125 543.8258056640625 1913.9046630859375 2857.239013671875 280.845001220703125 381.480010986328125 1066.8349609375 987.55731201171875 740.54998779296875 631.78302001953125 828.83099365234375 0 0 0 0 0
2042.1043701171875 356.957611083984375 506.724456787109375 415.403411865234375 755.37127685546875 4370.84912109375 3029.1552734375 308.744903564453125 369.512542724609375 520.77593994140625 732.7200927734375 1518.184326171875 865.853271484375 490.381103515625 549.9110107421875 830.80224609375 834.6268310546875 1052.885986328125 1224.773193359375 900.10931396484375 651.2354736328125 1180.767333984375 793.96075439453125 604.5001220703125 555.75164794921875 417.071258544921875 458.691192626953125 5975.40087890625 11278.2998046875 4681.31689453125 1274.6966552734375 862.719970703125 707.8209228515625 447.315460205078125 387.15325927734375 438.83843994140625 1162.3599853515625 952.43902587890625 166.4709930419921875 9226.3837890625 5134.99609375 828.79901123046875 828.74365234375 828.66949462890625 828.78497314453125 533.1815185546875 533.25897216796875 0 0 0 0 0 0
968.76953125 278.02813720703125 289.960205078125 459.695556640625 2268.22802734375 6721.048828125 686.9315185546875 1104.078369140625 357.239013671875 432.339508056640625 683.29302978515625 1560.764404296875 842.57452392578125 628.54901123046875 421.930389404296875 751.52777099609375 943.51611328125 141.6820220947265625 484.7904052734375 1296.510009765625 765.890869140625 928.2880859375 429.7030029296875 548.19964599609375 621.75299072265625 591.1214599609375 557.8812255859375 2488.75146484375 4054.722900390625 4181.9814453125 699.22100830078125 2149.656494140625 313.798431396484375 403.468597412109375 371.79486083984375 678.54815673828125 964.1451416015625 844.28314208984375 1247.407958984375 5658.201171875 3947.6787109375 0 828.71600341796875 828.6710205078125 0 0 0 0 68.55500030517578125 0 0 0 0
291.148895263671875 293.384185791015625 313.861053466796875 504.407623291015625 5249.78173828125 727.7469482421875 748.35333251953125 312.3316650390625 555.409912109375 505.50299072265625 616.2783203125 1108.8343505859375 727.22918701171875 1139.6553955078125 1209.386474609375 1157.269775390625 1444.672607421875 9297.3740234375 434.013763427734375 935.4339599609375 3314.7724609375 1313.5765380859375 540.06549072265625 886.0604248046875 812.82879638671875 662.54412841796875 677.96099853515625 754.20947265625 9916.23828125 5014.9619140625 9048.072265625 16568.185546875 639.07147216796875 622.823974609375 1184.404052734375 2009.8084716796875 722.718017578125 1294.90869140625 732.8599853515625 2090.01806640625 0 0 0 0 43.591999053955078125 0 0 625.16998291015625 404.807586669921875 195.173004150390625 195.173004150390625 0 0
5009.16748046875 294.608154296875 268.54156494140625 310.335418701171875 652.393310546875 1080.786376953125 4021.784912109375 727.16802978515625 593.3492431640625 1136.30029296875 1424.2220458984375 949.97357177734375 514.24444580078125 1527.2197265625 2257.663330078125 1105.08154296875 1123.5230712890625 693.2020263671875 636.14154052734375 3662.201416015625 1737.5302734375 3097.681884765625 973.84197998046875 1736.7149658203125 1576.115966796875 1110.2742919921875 1362.93017578125 1554.4776611328125 8434.1689453125 8434.1689453125 9048.072265625 16568.185546875 787.71099853515625 772.91448974609375 789.29168701171875 786.5908203125 918.15765380859375 932.13323974609375 135.9239959716796875 0 0 0 0 1288.615966796875 0 0 0 242.8627471923828125 267.029327392578125 18.509000778198242188 0 0 0
8016.36962890625 311.104248046875 253.06512451171875 352.34320068359375 749.65069580078125 5948.2197265625 314.18182373046875 1210.5572509765625 1378.9449462890625 1586.4632568359375 1358.1910400390625 1178.8890380859375 935.146728515625 3065.812255859375 2796.115234375 1364.9132080078125 985.3582763671875 891.97943115234375 770.48834228515625 2341.74755859375 3564.965087890625 7875.796875 4023.378662109375 1125.9410400390625 1231.5450439453125 1233.37255859375 1415.0015869140625 1730.0660400390625 4090.31103515625 2923.611572265625 8036.8330078125 16568.185546875 0 787.63397216796875 787.70098876953125 0 0 0 0 0 0 1008.4840087890625 1094.3199462890625 1175.8604736328125 172.00799560546875 0 0 0 0 0 0 0 0
