ForecastVariables/BuildingArea_Mean_100m/BuildingAreaMean_Random1.asc
ncols        529
nrows        344
xllcorner    2700.000000000000
yllcorner    15900.000000000000
cellsize     100.000000000000
NODATA_value  0
[rows 138 to 160 of 344, columns 318 to 370 of 529]
725.63531494140625 10444.8271484375 4271.73291015625 2766.590576171875 2410.31494140625 12200.8388671875 240.4297332763671875 8524.17578125 0 0 0 0 0 0 0 0 0 0 0 0 0 0 0 0 0 0 0 0 0 0 0 0 0 0 0 0 0 0 0 0 0 3343.451904296875 27941.837890625 14955.828125 11345.9658203125 14902.98046875 10004.0087890625 3650.56591796875 1305.3963623046875 1211.586181640625 1192.8929443359375 1263.1444091796875 1029.4305419921875
6632.49658203125 3116.44775390625 13582.39453125 534.7757568359375 2157.50146484375 11654.2470703125 3281.42822265625 8524.17578125 0 0 0 0 0 0 0 0 0 0 0 0 0 0 0 0 0 0 0 0 0 0 0 0 0 0 0 0 0 0 0 0 0 0 0 3048.029541015625 4126.240234375 11177.123046875 6641.421875 4698.2236328125 7713.02294921875 0 1628.7445068359375 1273.96044921875 115.4908447265625
27129.302734375 6218.9912109375 378.9522705078125 1489.575439453125 4202.07080078125 7650.78564453125 41.419567108154296875 5961.3232421875 0 0 0 0 0 0 0 0 0 0 0 0 0 0 0 0 0 0 0 0 0 0 0 0 0 0 0 0 0 0 0 0 0 0 0 0 3110.1015625 3212.01708984375 2357.573974609375 2214.7294921875 13630.06640625 11669.2451171875 11669.2451171875 2355.141357421875 1875.135986328125
6552.59375 176.385955810546875 9269.1015625 46243.63671875 13618.201171875 1073.9544677734375 10098.3623046875 10510.34765625 0 0 0 0 0 0 0 0 0 0 0 0 0 0 0 0 0 0 1657.53857421875 0 0 0 0 1119.991943359375 0 0 0 0 0 0 0 0 0 0 0 53.464000701904296875 4018.9130859375 3811.9453125 4910.029296875 4130.64892578125 9154.4443359375 23129.484375 11916.5771484375 8162.5634765625 3306.03515625
1171.4183349609375 1315.373291015625 8161.7255859375 2460.05810546875 10266.8017578125 44.2773895263671875 7328.998046875 5933.07763671875 0 0 0 0 0 0 0 0 0 0 0 0 7012.98193359375 7012.98193359375 10434.8486328125 12145.7822265625 12145.7822265625 9884.556640625 775.90869140625 0 0 0 0 1119.991943359375 0 0 0 0 0 0 0 0 0 0 0 0 0 5582.97802734375 5582.97802734375 0 11666.341796875 12026.5869140625 6680.99072265625 1652.6844482421875 1964.0625
1189.5833740234375 678.66400146484375 1362.634033203125 1094.5467529296875 1480.469970703125 929.85302734375 1378.530029296875 1355.8070068359375 0 0 0 0 0 0 0 0 0 0 0 7305.90283203125 7159.4423828125 11389.3837890625 21047.20703125 12145.7822265625 4809.22900390625 4904.32080078125 29606.93359375 2581.05517578125 0 0 111.73400115966796875 0 0 0 0 0 0 0 0 0 0 0 0 0 0 0 0 0 0 923.69000244140625 4401.16650390625 472.16070556640625 1588.503173828125
1344.512939453125 0 957.21966552734375 1155.36328125 1083.2989501953125 1106.6326904296875 1466.833984375 0 0 0 0 0 0 0 0 394.936004638671875 0 0 0 7305.90283203125 11535.8447265625 8992.7421875 3941.42578125 2026.7076416015625 1081.4385986328125 324.090087890625 6060.3056640625 850.99700927734375 6156.99365234375 6133.73779296875 0 0 0 0 0 0 0 0 0 0 0 0 0 0 0 0 0 0 0 1091.7535400390625 3939.07275390625 4188.6884765625 0.87089127302169799805
1529.0963134765625 2217.076416015625 1794.6883544921875 842.9696044921875 920.38397216796875 2234.076904296875 2752.594482421875 2797.655517578125 0 0 0 2667.26708984375 17649.578125 7484.01416015625 2631.95068359375 0 0 0 0 0 15765.7861328125 8992.7421875 13224.4765625 2794.778076171875 21765.794921875 596.93939208984375 12968.798828125 2869.098876953125 4028.916015625 7365.63671875 871.9730224609375 0 0 0 0 0 0 0 0 0 0 0 0 0 0 0 261.2139892578125 0 0 1794.082275390625 6496.29296875 349.3184814453125 411.03326416015625
1912.6180419921875 3330.307373046875 3211.742431640625 1771.3194580078125 822.9219970703125 4285.63427734375 4914.73583984375 6614.1748046875 8128.78564453125 7250.27099609375 511.41766357421875 6452.9287109375 16133.36328125 833.0858154296875 1680.246337890625 655.82806396484375 8909.1962890625 19455.185546875 1896.86865234375 562.62298583984375 596.18402099609375 2678.175048828125 1707.9757080078125 10431.7265625 3800.183837890625 5189.923828125 665.862060546875 4842.78857421875 2139.816162109375 2356.89404296875 746.09783935546875 744.1142578125 856.16497802734375 2170.69189453125 3979.758544921875 1783.7869873046875 0 0 9496.369140625 1973.0274658203125 1541.1337890625 2014.8330078125 2036.4620361328125 0 0 0 0 0 612.013671875 490.334716796875 1665.5128173828125 3324.42822265625 299.770751953125
2114.26904296875 2057.324951171875 1453.6512451171875 2919.089599609375 4335.26513671875 9148.896484375 6960.29150390625 7906.4150390625 18978.107421875 4763.08935546875 18693.966796875 3966.30859375 3017.25244140625 887.913330078125 1603.948974609375 8182.19677734375 18638.919921875 4847.744140625 1602.561767578125 2939.12890625 7412.6025390625 5380.3984375 1957.337646484375 5796.1201171875 15041.626953125 2382.87890625 3658.913330078125 4489.47265625 5817.47509765625 1325.4749755859375 917.84564208984375 775.34698486328125 1187.326171875 4041.580322265625 2767.72900390625 1555.699462890625 2041.0670166015625 2041.0670166015625 3077.493408203125 5576.55859375 879.50701904296875 1083.4945068359375 1002.20672607421875 1548.17431640625 1551.5439453125 639.49249267578125 780.19451904296875 788.33502197265625 689.48651123046875 651.75732421875 2914.7353515625 698.81536865234375 1590.555419921875
4029.3369140625 2261.834228515625 2285.04931640625 3187.96728515625 2232.406005859375 0 6505.75146484375 6654.5908203125 2877.091796875 13065.2265625 6803.8466796875 3285.205078125 3112.5458984375 2300.39111328125 3031.714599609375 3489.569580078125 2992.336669921875 3590.334228515625 2750.919677734375 12776.677734375 14309.0234375 5451.36083984375 1978.0191650390625 1991.6304931640625 1801.358642578125 3815.509521484375 730.3504638671875 9386.1064453125 6620.08740234375 2045.2535400390625 1180.7724609375 1303.82470703125 2330.2021484375 1348.7591552734375 2437.90673828125 3224.8369140625 2059.490478515625 3250.2109375 7564.0107421875 9496.369140625 1099.7149658203125 1562.2686767578125 1007.947998046875 426.25299072265625 615.67852783203125 616.7056884765625 983.8956298828125 1029.5018310546875 409.26361083984375 588.07684326171875 1449.2764892578125 516.14691162109375 4515.61328125
2347.987060546875 2534.84765625 3134.767578125 2105.640380859375 2500.885986328125 1575.3199462890625 5553.68896484375 6915.2578125 6857.28369140625 16201.31640625 997.24273681640625 1291.877685546875 3259.705078125 2940.47900390625 4159.3759765625 9022.97265625 2353.000732421875 3309.333984375 2641.1357421875 6285.50439453125 14309.0234375 6441.330078125 1569.841796875 1639.4423828125 2439.014892578125 1914.942138671875 19359.138671875 737.8656005859375 174.11175537109375 5229.22265625 1029.765625 2137.013916015625 3601.6796875 2652.555908203125 2814.33154296875 2605.50830078125 1223.81103515625 2948.6845703125 5631.65185546875 9496.369140625 45.754001617431640625 0 0 0 1061.06494140625 793.690673828125 1675.3287353515625 1838.9110107421875 1537.5277099609375 1592.4207763671875 1380.912841796875 1710.1236572265625 1972.8372802734375
2014.26953125 1023.6455078125 1717.0794677734375 1975.977783203125 2499.878662109375 2611.0947265625 4355.5810546875 3727.255615234375 5395.05712890625 14954.990234375 9313.162109375 8835.720703125 3637.166259765625 2016.85546875 2023.762939453125 9022.97265625 5017.07470703125 3157.927001953125 1847.643310546875 3154.965087890625 9684.296875 2925.887939453125 1464.07861328125 1454.787109375 1052.48974609375 1236.02197265625 1104.56201171875 2053.506103515625 8164.35009765625 109.42198944091796875 1378.3115234375 2574.862548828125 6275.14794921875 3452.5869140625 2749.931884765625 2053.869384765625 125.6399993896484375 89.2519989013671875 0 1510.220947265625 2278.694580078125 3047.16796875 1674.11865234375 1890.8570556640625 387.715667724609375 279.28466796875 0 131.628997802734375 7555.27490234375 0 3507.722900390625 3286.492919921875 3286.492919921875
4507.46826171875 1534.234375 8136.5869140625 12105.498046875 6502.96875 2194.02783203125 3152.9892578125 3463.333251953125 2423.92578125 14116.783203125 25790.826171875 14499.607421875 4182.28466796875 2073.870361328125 3523.2548828125 3611.24365234375 1442.2349853515625 1418.478759765625 1727.64697265625 3712.435791015625 9684.296875 3879.7470703125 1314.62548828125 1261.783447265625 1400.5721435546875 1362.1529541015625 1293.9449462890625 1028.652099609375 1011.53619384765625 1147.8360595703125 509.84051513671875 0 0 25.497999191284179688 0 2551.235107421875 2551.235107421875 1573.7449951171875 2731.74853515625 2324.57275390625 1636.4110107421875 2359.159912109375 2020.5863037109375 1975.4923095703125 1915.386962890625 1452.1295166015625 2158.193603515625 4717.7822265625 7555.27490234375 4418.69873046875 1139.8636474609375 1299.849609375 1211.1729736328125
2896.1318359375 10064.697265625 26214.265625 17301.369140625 8434.0419921875 4833.39990234375 3852.8720703125 5070.4638671875 2861.442626953125 2711.979248046875 11563.75390625 8545.357421875 6479.71484375 2821.935546875 3752.66796875 4442.46630859375 2503.215087890625 2096.658447265625 1781.9237060546875 2643.471435546875 1774.77001953125 1510.9681396484375 1289.656982421875 1416.368408203125 3050.126708984375 3043.83203125 3073.5419921875 919.60968017578125 1190.22802734375 1470.33837890625 0 0 0 1082.0970458984375 1196.709716796875 1413.84912109375 1815.7640380859375 1209.045166015625 2237.1552734375 2445.06005859375 2327.670654296875 1743.646484375 1815.61669921875 1656.134033203125 2858.921142578125 2709.31494140625 1175.3685302734375 6466.44189453125 7010.8583984375 2908.468017578125 1967.0369873046875 1926.467041015625 2339.653076171875
3703.71630859375 7682.9599609375 26214.265625 21282.6640625 8851.279296875 2891.67626953125 3757.65771484375 1549.6092529296875 1693.163330078125 2597.733154296875 5851.79931640625 12575.1533203125 8577.7275390625 3762.0234375 2564.234130859375 1423.1798095703125 2559.4228515625 2124.530517578125 2169.885986328125 5027.48046875 10672.7138671875 1430.01171875 1528.2509765625 1806.08935546875 2620.557373046875 1789.499755859375 2117.739013671875 1760.25830078125 1385.2847900390625 1157.1455078125 0 0 0 3630.50439453125 1920.0191650390625 2978.157470703125 4055.822509765625 2549.33349609375 2515.491943359375 1339.80322265625 2165.117919921875 2400.57666015625 2632.780029296875 4087.87890625 2220.9599609375 1530.7979736328125 582.73626708984375 1504.54150390625 1504.54150390625 1511.0849609375 2498.085693359375 3269.114501953125 2521.5224609375
3477.355224609375 2255.5126953125 2948.837890625 16351.0654296875 12844.216796875 9123.0078125 4409.4111328125 1226.32666015625 1232.033203125 1446.9825439453125 6546.56201171875 6546.56201171875 4647.63916015625 1948.8697509765625 1136.070556640625 1315.43994140625 1519.2989501953125 958.603759765625 841.30322265625 3747.112548828125 642.184326171875 7216.9208984375 2323.0703125 1876.2939453125 1440.79638671875 1041.398193359375 1127.6993408203125 1793.5885009765625 2114.27294921875 6896.8837890625 6896.8837890625 0 0 3847.759521484375 2906.257568359375 1982.6529541015625 2158.316162109375 4032.423095703125 2080.29541015625 1402.436279296875 1917.4637451171875 2127.355712890625 1438.3189697265625 1557.29345703125 1334.28076171875 1185.605712890625 1134.907958984375 2141.332763671875 1965.1180419921875 974.5833740234375 2604.927978515625 1973.5870361328125 3471.739990234375
3494.82470703125 4102.69970703125 4326.6611328125 6341.5947265625 5217.9072265625 4235.72021484375 1948.39697265625 1742.0736083984375 1449.0078125 1912.1607666015625 4145.37890625 1682.4517822265625 1361.206298828125 1579.45361328125 1951.35498046875 1647.6514892578125 376.448883056640625 322.680877685546875 797.58319091796875 1263.194091796875 1539.9764404296875 3571.1943359375 2376.022705078125 1412.16943359375 1707.2540283203125 1571.1710205078125 3021.341064453125 4471.51123046875 4425.060546875 6536.09033203125 3307.119384765625 2154.93798828125 0 1516.6070556640625 1805.85498046875 1728.6593017578125 1191.2386474609375 2415.06201171875 1528.940673828125 1760.997802734375 2007.2340087890625 1886.859619140625 572.21697998046875 579.41802978515625 6303.8740234375 2146.11474609375 1704.49853515625 1883.5479736328125 1658.695556640625 1896.875 2243.662353515625 1709.0157470703125 1916.10546875
3972.2763671875 4979.58203125 4174.6943359375 1484.1524658203125 1638.808837890625 2431.03662109375 4197.25341796875 1477.1807861328125 1025.0164794921875 2093.8447265625 3926.527587890625 5398.39111328125 310.276580810546875 1315.90234375 1682.446044921875 1402.5030517578125 371.811798095703125 389.917205810546875 513.61083984375 1217.5760498046875 862.06182861328125 2897.403564453125 1739.9903564453125 1742.135986328125 1759.51953125 1157.8958740234375 1535.9561767578125 1271.650146484375 2797.92041015625 3446.03369140625 4645.98583984375 4163.2373046875 4141.68896484375 2429.91552734375 2189.014404296875 2054.886962890625 2319.962890625 2991.35546875 2456.205078125 1881.66796875 1881.623046875 1441.4534912109375 1066.6864013671875 1011.25933837890625 6303.8740234375 1919.42822265625 1278.26904296875 1550.877685546875 1469.174560546875 1770.6700439453125 1624.723388671875 1769.2855224609375 1719.34033203125
3045.03662109375 4885.97998046875 1874.4083251953125 1320.6572265625 3070.10791015625 3834.4892578125 2209.969970703125 2550.80908203125 1594.8604736328125 3434.43505859375 4666.52685546875 2691.29638671875 1097.748779296875 1404.8790283203125 1188.0467529296875 1402.5030517578125 808.03399658203125 661.666015625 424.467010498046875 1037.043212890625 1468.93701171875 1755.5589599609375 701.25799560546875 422.155853271484375 472.441558837890625 736.8970947265625 495.865997314453125 469.6448974609375 2878.142578125 2980.432861328125 2405.00830078125 3769.093017578125 3192.73828125 1457.928955078125 2220.571044921875 1914.2235107421875 2145.675048828125 2012.324951171875 1945.6500244140625 1708.929443359375 1335.62744140625 1602.9715576171875 1455.642333984375 1591.556640625 2541.029052734375 1491.218505859375 1055.6197509765625 544.42633056640625 1003.4439697265625 1362.115234375 1705.093994140625 2360.553955078125 1393.5369873046875
2675.1298828125 2968.1650390625 1980.145263671875 2712.180419921875 2621.962890625 2347.0029296875 1157.659423828125 1775.93505859375 1273.1531982421875 2879.846923828125 5809.89990234375 5301.62890625 723.875732421875 1249.469970703125 1116.7431640625 585.18402099609375 742.88568115234375 694.9920654296875 539.17291259765625 663.53070068359375 1386.386474609375 855.0943603515625 593.84283447265625 341.936065673828125 319.711273193359375 358.462005615234375 700.42724609375 1036.5733642578125 1148.232177734375 1057.490478515625 1428.946044921875 4629.6748046875 5040.416015625 1426.4163818359375 1777.310791015625 1052.6805419921875 1021.72900390625 1130.19677734375 1840.5660400390625 1474.6290283203125 1893.2733154296875 2091.345947265625 2187.2685546875 1506.739990234375 1582.93798828125 4603.7080078125 2398.0849609375 1672.3909912109375 1360.7674560546875 1090.573486328125 1366.9090576171875 1263.947998046875 2472.68017578125
3143.471435546875 2708.654052734375 2575.59228515625 3653.81103515625 5523.6435546875 6759.16259765625 7373.2861328125 2425.165771484375 1458.20166015625 2884.74072265625 2572.964111328125 3772.49609375 821.22552490234375 1170.1058349609375 1314.029052734375 1543.68896484375 550.04522705078125 549.4091796875 639.84014892578125 655.61181640625 1098.0177001953125 607.5634765625 449.910675048828125 478.3719482421875 703.85308837890625 978.864990234375 679.41363525390625 1279.343994140625 672.906005859375 2338.86181640625 1050.87548828125 3280.8759765625 7964.83203125 1252.63330078125 1880.6309814453125 881.7197265625 1023.15081787109375 856.438232421875 1712.0699462890625 2207.2705078125 2786.490966796875 3024.06298828125 2310.672119140625 1931.407958984375 12172.5234375 7505.35693359375 1825.9237060546875 2286.663818359375 0.79747623205184936523 944.780517578125 174.357391357421875 1008.31622314453125 399.220428466796875
2137.7451171875 3674.803955078125 2078.83642578125 7745.62646484375 16488.904296875 11010.720703125 7719.30029296875 3999.537109375 906.469970703125 1302.70166015625 1087.0472412109375 1222.7705078125 1153.8092041015625 1041.9256591796875 0 0 417.652008056640625 433.751617431640625 451.81500244140625 698.43359375 1684.1556396484375 634.93597412109375 326.4678955078125 553.5518798828125 1358.906494140625 972.35723876953125 585.212158203125 703.14849853515625 2311.73583984375 714.18316650390625 1909.1083984375 1323.496337890625 1518.9425048828125 1457.688232421875 1516.4647216796875 2941.57275390625 2468.877685546875 1608.29296875 1021.81927490234375 2020.7130126953125 2441.240966796875 1502.974365234375 3531.228515625 1917.6673583984375 4267.81591796875 4637.60693359375 2303.662353515625 2360.10888671875 7141.7734375 2401.145263671875 6357.8642578125 1586.626953125 2136.95556640625
