ForecastVariables/BuildingArea_Mean_100m/BuildingAreaMean_Random3.asc
ncols        529
nrows        344
xllcorner    2700.000000000000
yllcorner    15900.000000000000
cellsize     100.000000000000
NODATA_value  0
[rows 161 to 183 of 344, columns 159 to 211 of 529]
3096.64208984375 3297.904052734375 0 0 1803.614990234375 1136.4530029296875 0 0 0 0 25305.45703125 4612.9912109375 14.292144775390625 708.06866455078125 7298.2861328125 5914.9619140625 4880.841796875 1439.55029296875 448.716705322265625 411.066070556640625 265.9002685546875 4272.77734375 3554.888427734375 817.56536865234375 2448.511962890625 692.46478271484375 812.407470703125 899.8631591796875 2644.558349609375 1777.9381103515625 1917.156982421875 4713.14404296875 3410.79638671875 2506.501708984375 1023.6326904296875 1950.734375 752.60894775390625 3052.680908203125 470.31048583984375 315.809722900390625 1628.974365234375 11120.0615234375 649.576904296875 3377.421630859375 759.86163330078125 413.163482666015625 778.89788818359375 3676.500244140625 4783.1640625 416.702362060546875 346.089324951171875 349.6737060546875 377.40069580078125
2194.396240234375 2481.952880859375 1878.990966796875 0 0 0 703.16400146484375 903.36138916015625 1756.494384765625 2588.693115234375 0 218.387420654296875 1881.62744140625 87.664093017578125 415.06158447265625 1652.5279541015625 315.661468505859375 1203.7828369140625 735.00250244140625 486.7608642578125 329.329803466796875 362.710296630859375 1060.1214599609375 1810.1412353515625 1488.36962890625 1514.755615234375 1700.3525390625 6365.9970703125 3368.816650390625 3387.221923828125 1981.8321533203125 249.3253021240234375 988.3941650390625 2854.58203125 1523.8682861328125 2859.53466796875 691.3612060546875 4911.95068359375 588.13970947265625 492.66156005859375 556.71697998046875 429.07733154296875 408.121063232421875 4529.73681640625 289.1351318359375 552.74249267578125 2641.0927734375 2667.336181640625 4961.083984375 362.165924072265625 385.798828125 323.178955078125 414.27947998046875
26490.505859375 1140.0350341796875 7297.994140625 0 2457.290771484375 707.12158203125 4561.36279296875 462.490447998046875 593.4068603515625 1234.86669921875 1642.81494140625 2117.84130859375 1166.1815185546875 1215.4898681640625 2743.581298828125 2931.530029296875 293.29937744140625 1178.0126953125 6593.185546875 941.66064453125 1534.861328125 3625.76513671875 1680.991943359375 1215.3470458984375 1399.8060302734375 674.27862548828125 262.732086181640625 1149.6280517578125 2665.80859375 2391.8505859375 1714.358154296875 7069.87890625 2301.283935546875 2306.69775390625 1412.3092041015625 1182.3955078125 3492.80126953125 401.89556884765625 649.83154296875 598.89129638671875 543.148681640625 397.642364501953125 380.074554443359375 2706.0478515625 1443.094482421875 3904.185791015625 2670.246826171875 2053.068115234375 602.70867919921875 464.47369384765625 498.55340576171875 437.90899658203125 524.21160888671875
12000.384765625 6664.3583984375 1435.45849609375 0 4194.490234375 572.23345947265625 1655.5853271484375 433.586944580078125 475.41436767578125 983.39251708984375 2127.658203125 3258.142822265625 474.291412353515625 95.23336029052734375 895.01617431640625 729.7314453125 5471.3544921875 960.78912353515625 1149.211181640625 2833.910888671875 0 1381.885009765625 1288.741455078125 1489.6368408203125 2013.9775390625 213.11767578125 1621.11474609375 2528.016845703125 2991.389404296875 9831.93359375 628.37469482421875 214.221435546875 2738.05517578125 597.15167236328125 261.74859619140625 14.958606719970703125 4334.42626953125 439.327392578125 575.28369140625 368.759735107421875 397.458160400390625 366.9083251953125 328.91650390625 4083.041748046875 1229.926513671875 202.80291748046875 2093.64794921875 2187.92236328125 515.199462890625 445.56304931640625 405.7506103515625 693.6279296875 507.975677490234375
12000.384765625 1260.947509765625 2386.35791015625 1835.5174560546875 1524.0145263671875 4383.4091796875 1045.757080078125 732.6553955078125 1000.05255126953125 827.55877685546875 333.257415771484375 422.852386474609375 2629.530029296875 1090.4306640625 7838.56884765625 1894.2711181640625 1044.4722900390625 1328.779541015625 1716.586181640625 1795.4388427734375 1525.9110107421875 0 1182.1309814453125 1742.739501953125 3047.924072265625 571.8919677734375 883.326904296875 1688.2490234375 266.209259033203125 3301.342041015625 1797.9976806640625 7146.6494140625 661.01849365234375 3758.9931640625 609.856201171875 882.6943359375 7358.03466796875 2136.832275390625 1807.7578125 397.780426025390625 472.588409423828125 458.039306640625 527.51611328125 1676.7774658203125 209.567901611328125 146.7798919677734375 1067.5572509765625 523.87115478515625 503.615875244140625 421.902008056640625 427.456451416015625 456.471435546875 378.29693603515625
1221.073974609375 1375.886962890625 2386.35791015625 2735.137939453125 2499.875732421875 142.7589263916015625 2665.167236328125 727.91436767578125 889.23138427734375 545.9832763671875 471.152374267578125 404.650299072265625 335.53070068359375 5971.3369140625 207.0364532470703125 1184.3194580078125 1734.718994140625 2072.928955078125 1611.04296875 2009.6614990234375 1757.27001953125 1779.9630126953125 1410.0999755859375 1653.3509521484375 2926.76953125 4697.07080078125 164.87628173828125 878.781982421875 2613.76123046875 2632.636962890625 442.986297607421875 1386.7125244140625 676.39849853515625 1856.9189453125 3247.239013671875 591.73248291015625 420.662689208984375 1147.5592041015625 1022.226806640625 0 559.684326171875 527.3809814453125 4264.0439453125 227.5953826904296875 5280.36376953125 513.8798828125 416.831756591796875 850.77685546875 791.85626220703125 394.735809326171875 425.67486572265625 1985.9111328125 2253.161865234375
925.3330078125 651.6209716796875 0 3702.715576171875 48.6288299560546875 1179.512451171875 1464.7738037109375 1122.0262451171875 447.537139892578125 882.27716064453125 763.7025146484375 642.0445556640625 312.52508544921875 1680.5780029296875 3893.62255859375 1447.2459716796875 2062.36767578125 1585.2564697265625 2106.34375 1190.3883056640625 1508.6915283203125 1599.1153564453125 1682.0899658203125 1978.260986328125 8297.96484375 3141.009765625 2867.397216796875 2708.31884765625 1709.4210205078125 1017.60821533203125 1020.815185546875 539.3074951171875 940.83502197265625 3247.239013671875 2957.1923828125 1151.2978515625 5243.69091796875 249.9526214599609375 1198.9482421875 695.87542724609375 530.9600830078125 511.51611328125 1715.7098388671875 710.7431640625 675.02569580078125 712.97454833984375 440.06085205078125 701.16900634765625 748.754150390625 663.68701171875 629.06787109375 1841.5032958984375 851.375
900.0355224609375 651.6209716796875 2196.9921875 0 1419.3057861328125 705.14678955078125 4333.88037109375 1525.0460205078125 938.66680908203125 705.7735595703125 945.5601806640625 562.10235595703125 1598.914794921875 4192.3134765625 2988.67578125 558.77935791015625 2944.330078125 1908.943603515625 2134.574951171875 1692.760009765625 1370.915771484375 1483.4730224609375 1145.4530029296875 1641.9993896484375 1657.3590087890625 0 0 1607.3216552734375 2834.615966796875 2428.008056640625 2706.098388671875 841.7286376953125 1640.5040283203125 3949.951904296875 2071.46337890625 754.94598388671875 482.51806640625 6221.42431640625 2966.83349609375 1253.7652587890625 666.41668701171875 551.49432373046875 391.4249267578125 297.178070068359375 965.567138671875 737.36968994140625 763.47998046875 629.38690185546875 835.65216064453125 462.54461669921875 1458.5675048828125 1614.7034912109375 832.9755859375
1271.501953125 6260.9404296875 2347.372314453125 881.494873046875 2173.804931640625 556.86199951171875 285.248992919921875 326.69036865234375 796.490478515625 757.41864013671875 488.519561767578125 5033.0224609375 192.6353912353515625 2159.8037109375 1294.136474609375 3604.421142578125 784.64288330078125 1842.033203125 2466.785400390625 1216.8087158203125 1384.813720703125 1494.411376953125 970.71002197265625 1144.567626953125 1557.261962890625 0 2666.989501953125 1266.5789794921875 1837.7413330078125 2450.40087890625 1910.185791015625 454.39373779296875 941.373779296875 828.017333984375 510.7650146484375 575.3336181640625 486.345672607421875 489.4552001953125 669.81671142578125 6440.716796875 1423.2939453125 607.2904052734375 289.936614990234375 334.793212890625 741.766357421875 559.87152099609375 661.45782470703125 586.14202880859375 659.551025390625 502.240325927734375 422.412384033203125 692.97784423828125 495.337432861328125
0 1892.41796875 3353.091796875 4695.32666015625 4000.6103515625 505.834991455078125 299.550323486328125 288.334320068359375 855.35302734375 1507.025634765625 6082.37890625 1628.5877685546875 1453.1171875 1007.22625732421875 1641.1834716796875 725.6324462890625 1887.3447265625 3532.90234375 3178.339599609375 1731.4534912109375 2802.59716796875 3269.00537109375 1083.6944580078125 1648.5980224609375 1543.515625 2772.73193359375 691.81219482421875 2323.65625 940.760009765625 951.5194091796875 721.91375732421875 814.955322265625 984.5980224609375 869.3170166015625 713.36065673828125 667.42120361328125 854.16998291015625 739.29010009765625 1863.4195556640625 2992.312744140625 1352.995849609375 574.2432861328125 325.414825439453125 333.40545654296875 598.52569580078125 751.7296142578125 753.7415771484375 575.09832763671875 596.494384765625 367.9078369140625 370.34613037109375 370.934234619140625 451.69415283203125
3243.0234375 4067.572265625 3719.321533203125 912.961181640625 595.5406494140625 385.99267578125 743.6014404296875 318.355010986328125 1044.683349609375 1042.67626953125 942.90850830078125 834.1644287109375 2639.960693359375 1657.5401611328125 3262.105224609375 2719.27001953125 1321.0155029296875 5945.53173828125 2932.22998046875 1443.1219482421875 4053.974609375 3508.406005859375 594.9415283203125 932.6500244140625 1277.6669921875 827.4217529296875 5072.97607421875 3386.737060546875 3377.05224609375 1782.3837890625 281.9908447265625 993.31597900390625 948.81622314453125 1102.3046875 554.95452880859375 601.5201416015625 590.4300537109375 1700.818115234375 3302.4375 1424.5291748046875 726.16265869140625 831.7730712890625 337.3609619140625 337.391815185546875 471.792999267578125 940.6854248046875 692.21417236328125 641.07501220703125 410.072509765625 362.171661376953125 409.240234375 694.7362060546875 578.34002685546875
2610.587890625 3141.843505859375 5352.78515625 1812.4478759765625 1156.96923828125 3164.21728515625 1896.30322265625 553.18719482421875 939.7650146484375 1481.0277099609375 1183.7724609375 905.7249755859375 1422.75537109375 18.353754043579101562 8824.4404296875 6379.5400390625 6413.32421875 4649.49853515625 2224.658447265625 1480.594482421875 2417.227294921875 2318.737060546875 1186.9229736328125 1935.1309814453125 3187.868896484375 1538.781494140625 356.122467041015625 830.3157958984375 471.54864501953125 4436.021484375 898.1728515625 412.726654052734375 702.386474609375 492.121337890625 512.66571044921875 432.3994140625 384.70184326171875 396.199249267578125 441.04132080078125 2674.915283203125 2822.879638671875 1852.17822265625 696.9935302734375 402.685699462890625 468.36187744140625 787.44732666015625 743.5301513671875 502.204345703125 599.5328369140625 499.490509033203125 571.79486083984375 662.06500244140625 621.19158935546875
2133.249267578125 3165.92333984375 4395.94384765625 4887.2783203125 6330.69287109375 980.48150634765625 1087.8323974609375 629.001220703125 1006.99053955078125 1381.6512451171875 1871.9420166015625 685.461669921875 463.3179931640625 1341.6729736328125 1875.4024658203125 2013.626953125 3650.285400390625 2983.097900390625 2116.406494140625 1412.0260009765625 1509.6934814453125 1318.9613037109375 686.40667724609375 2374.96435546875 3785.10693359375 4843.84326171875 3286.468017578125 317.3118896484375 1679.826416015625 10923.359375 2377.68701171875 3228.236083984375 847.545166015625 681.906982421875 474.76324462890625 456.85516357421875 475.8800048828125 405.762237548828125 336.079132080078125 419.426788330078125 2299.04150390625 3258.76513671875 4166.7880859375 2380.4921875 4334.2626953125 2243.687744140625 321.06341552734375 401.069488525390625 511.735565185546875 625.76397705078125 712.32598876953125 655.78070068359375 652.84197998046875
3143.86474609375 4786.3974609375 3271.687744140625 1694.6500244140625 2983.8515625 2806.136962890625 2633.4990234375 309.186187744140625 1110.700927734375 1788.2437744140625 1339.8421630859375 825.76800537109375 605.1875 0 2550.922607421875 2199.588623046875 2081.48974609375 2006.078369140625 3056.626220703125 2307.24658203125 1725.5345458984375 1804.79736328125 1270.741943359375 2512.20458984375 5911.8330078125 3236.31103515625 924.06451416015625 6194.51318359375 2521.523681640625 1639.9373779296875 2495.434326171875 2684.476318359375 2678.425537109375 1829.35546875 425.507843017578125 948.60687255859375 859.32318115234375 380.24810791015625 578.33197021484375 797.87652587890625 523.1231689453125 1363.7919921875 806.2076416015625 1606.8853759765625 845.7113037109375 1671.2894287109375 309.74041748046875 427.465240478515625 556.40631103515625 1429.9410400390625 951.5736083984375 520.24053955078125 812.444091796875
3612.1044921875 4296.1357421875 2782.261474609375 1366.045654296875 2278.115478515625 2117.626708984375 2702.056884765625 277.407989501953125 732.117431640625 1342.3709716796875 470.7430419921875 1671.935302734375 1002.8599853515625 1374.00244140625 0 1501.594482421875 1316.3997802734375 1051.9378662109375 2369.63134765625 1901.1602783203125 1153.4525146484375 1775.162353515625 1513.8863525390625 1530.4014892578125 1735.7047119140625 1083.123046875 2791.7548828125 5615.97900390625 4572.8681640625 917.2080078125 1549.5631103515625 1123.8868408203125 7333.48779296875 2020.6820068359375 2592.45556640625 5118.69580078125 5028.5791015625 379.056915283203125 612.80877685546875 1104.439208984375 1291.2042236328125 595.25543212890625 4104.7001953125 3232.638916015625 3776.499267578125 371.132720947265625 339.589508056640625 293.852752685546875 710.5595703125 3958.34033203125 1464.5888671875 573.49700927734375 967.1719970703125
5490.73193359375 5683.17578125 3032.009765625 2166.5166015625 2780.687255859375 3145.30126953125 1502.1387939453125 2572.868896484375 1903.4736328125 2955.319580078125 3937.253662109375 2676.15673828125 1331.950439453125 1233.72705078125 947.0853271484375 0 1515.4095458984375 1605.7904052734375 1573.4862060546875 1696.8841552734375 1509.178955078125 2643.5810546875 801.33734130859375 2040.739013671875 1690.5064697265625 579.572021484375 923.69598388671875 684.12750244140625 11495.162109375 6932.0078125 27546.060546875 27539.048828125 1901.282470703125 4650.71142578125 2091.3994140625 4161.77685546875 6075.61083984375 1827.381103515625 1265.9541015625 1453.2655029296875 1217.0732421875 594.53662109375 721.1925048828125 1666.15673828125 197.82568359375 1497.0286865234375 77.4029083251953125 1022.86480712890625 1948.7437744140625 737.40380859375 1499.525146484375 1566.7939453125 906.14312744140625
13572.8603515625 7790.28271484375 5820.9912109375 6256.59423828125 5694.55419921875 2070.51123046875 2201.4833984375 2254.6826171875 4040.486083984375 6133.9609375 6213.9326171875 3056.0654296875 1010.214599609375 1163.2435302734375 750.72918701171875 1125.2713623046875 0 1707.0042724609375 1584.9615478515625 1385.30078125 3102.318115234375 2075.600341796875 10568.234375 10662.435546875 15327.361328125 4075.250732421875 43.628787994384765625 6152.86181640625 5669.9697265625 11495.162109375 35571.51171875 68774.171875 34453.75390625 36682.30859375 758.5574951171875 2278.219482421875 972.273193359375 7814.77587890625 2504.1787109375 356.3731689453125 555.2974853515625 838.05499267578125 1076.6507568359375 2299.557373046875 4739.70654296875 721.2174072265625 1799.483642578125 622.23626708984375 1830.821044921875 711.4215087890625 4544.81787109375 2528.565673828125 1252.277099609375
0 0 7435.72314453125 5354.7900390625 1895.1014404296875 3665.859375 3331.6357421875 1440.0013427734375 1622.5679931640625 8227.435546875 8227.435546875 8227.435546875 1615.2900390625 1258.7679443359375 1346.2855224609375 1545.5770263671875 6381.7470703125 4188.58056640625 288.065521240234375 947.0975341796875 610.2540283203125 8060.56591796875 29425.72265625 29425.72265625 1283.9954833984375 3540.516357421875 24192.103515625 3825.54541015625 5669.9697265625 1211.43603515625 68774.171875 68774.171875 34453.75390625 24242.681640625 2753.5859375 327.21087646484375 3500.842529296875 8966.603515625 1906.603515625 4085.2802734375 3149.0458984375 1107.5810546875 1558.640380859375 2425.886474609375 1835.3126220703125 2043.2379150390625 1319.2296142578125 1898.1199951171875 1860.47119140625 1162.696533203125 1914.6810302734375 2032.199951171875 1630.134033203125
0 0 0 0 5491.1103515625 6714.36865234375 5065.46533203125 1845.7528076171875 1794.79345703125 1927.288330078125 8227.435546875 1322.5040283203125 1490.995361328125 1768.2476806640625 1399.7578125 845.69287109375 1376.831298828125 330.5711669921875 310.493408203125 1263.1014404296875 2718.962890625 19002.34765625 19002.34765625 10018.15625 5488.56005859375 0 975.29302978515625 2701.1494140625 167.7239990234375 1211.43603515625 35110.88671875 36079.09765625 68774.171875 36057.19140625 35470.5625 35470.5625 34925.66796875 5674.3154296875 4008.905029296875 2870.55810546875 2306.17041015625 2360.524658203125 987.37274169921875 1436.6719970703125 1154.478515625 1195.1534423828125 52.953125 620.95697021484375 1028.0633544921875 1744.5947265625 1674.6529541015625 1704.7640380859375 1845.6798095703125
0 1040.5450439453125 1040.5450439453125 0 0 5581.34033203125 3286.647216796875 2388.065673828125 2450.305419921875 4560.78369140625 6447.71826171875 1661.58935546875 1136.105224609375 1292.504150390625 942.62115478515625 994.15899658203125 635.12445068359375 456.687408447265625 546.9429931640625 178.4720916748046875 2252.74462890625 5721.08056640625 8578.9736328125 3695.5595703125 1208.6566162109375 8754.3583984375 2304.51513671875 658.6573486328125 148.3699951171875 148.735504150390625 2415.8154296875 25123.181640625 35992.7578125 68774.171875 35942.40625 35942.40625 68774.171875 17722.8203125 871.35638427734375 1835.65966796875 29385.1796875 4314.48779296875 809.1746826171875 3314.504150390625 560.53594970703125 8740.4951171875 1392.369140625 0 1429.9923095703125 1547.9935302734375 1340.2860107421875 1530.6876220703125 1160.6531982421875
0 1040.5450439453125 1040.5450439453125 0 0 0 2578.572021484375 1610.501953125 4762.08447265625 7763.35791015625 7411.71533203125 2639.91650390625 1674.4346923828125 1832.051513671875 2074.404296875 832.37017822265625 287.25860595703125 2307.8994140625 5220.01220703125 1510.513671875 1242.241943359375 1391.8746337890625 2558.111328125 5990.7470703125 1980.7650146484375 10395.703125 3901.36865234375 773.2803955078125 165.6266632080078125 215.5137939453125 252.113006591796875 168.8350067138671875 3211.35107421875 0 2800.583740234375 19293.98046875 14.977680206298828125 1941.4739990234375 934.56024169921875 1690.066162109375 1054.2718505859375 3789.0400390625 9995.7666015625 8369.3671875 6064.869140625 5478.00244140625 4910.35107421875 4525.12109375 30120.015625 36132.87109375 1666.7855224609375 1840.2652587890625 1794.373046875
0 0 1152.593994140625 638.31097412109375 0 0 1288.3544921875 1288.3544921875 775.21697998046875 7763.35791015625 6526.154296875 6428.16845703125 1814.0205078125 1834.44580078125 1731.7320556640625 1742.0968017578125 2430.50390625 1962.041015625 1427.3985595703125 528.6575927734375 361.066680908203125 747.2554931640625 2580.49609375 5990.7470703125 0 10395.703125 5683.73486328125 1581.39013671875 464.697998046875 212.694000244140625 192.576568603515625 155.514007568359375 0 5514.58203125 3816.219482421875 1286.975341796875 2146.156982421875 1693.8609619140625 457.665008544921875 1355.128662109375 1326.0601806640625 4036.44677734375 1219.9595947265625 3127.857177734375 5976.0986328125 8699.35546875 87.966064453125 8782.9873046875 5150.46630859375 5374.3046875 1381.5294189453125 1594.1400146484375 728.02423095703125
0 0 4990.82421875 727.42901611328125 0 0 0 2218 1246.1937255859375 8877.8701171875 8893.1328125 9048.8037109375 5193.8017578125 1491.52099609375 1590.4713134765625 1538.508544921875 1783.877685546875 323.29913330078125 658.19879150390625 576.20623779296875 847.3604736328125 1221.72802734375 2456.06396484375 0 0 7749.04150390625 9732.9599609375 3364.565673828125 755.865478515625 200.365203857421875 244.53399658203125 190.5659942626953125 0 5514.58203125 5514.58203125 0 1527.741455078125 1054.572509765625 669.3289794921875 669.3223876953125 1617.70703125 242.53509521484375 16602.783203125 4895.97021484375 3107.615966796875 15135.91796875 6594.087890625 2554.03759765625 16344.2841796875 3833.105224609375 1653.9857177734375 2297.305908203125 2215.9033203125
