ForecastVariables/BuildingArea_Mean_100m/BuildingAreaMean_Random2.asc
ncols        529
nrows        344
xllcorner    2700.000000000000
yllcorner    15900.000000000000
cellsize     100.000000000000
NODATA_value  0
[rows 0 to 23 of 344, columns 212 to 264 of 529]
0 0 0 0 0 0 0 0 0 0 0 0 0 0 0 0 0 2873.6044921875 2796.381591796875 3415.014404296875 4825.89404296875 3614.009521484375 914.71697998046875 1128.571044921875 0 0 0 0 0 0 0 0 0 0 0 0 0 0 0 0 0 0 0 0 0 0 0 0 0 0 0 0 0
0 0 0 0 0 0 0 0 0 285.37799072265625 0 0 1706.7049560546875 1183.017333984375 2141.050048828125 2776.1630859375 2581.16943359375 2784.29638671875 3030.274658203125 2981.47802734375 4045.064453125 1547.7740478515625 1189.197998046875 1569.7659912109375 1331.2353515625 749.67218017578125 881.79498291015625 0 0 0 0 0 0 0 0 0 0 0 0 0 0 0 0 0 0 0 0 0 0 0 0 0 0
0 0 0 0 0 0 873.8499755859375 2839.666015625 3725.06298828125 702.98577880859375 1502.3997802734375 1106.1376953125 1918.2987060546875 3457.82177734375 16281.6787109375 3893.543701171875 3959.618408203125 2290.576416015625 2981.6318359375 2641.835693359375 1329.218505859375 1155.926025390625 1267.779296875 684.5625 2576.972900390625 1451.20068359375 897.2833251953125 799.385986328125 0 0 0 0 0 0 0 0 0 0 0 0 0 0 0 0 0 0 0 0 0 0 0 0 0
0 0 0 0 0 188.00543212890625 998.725341796875 1693.7158203125 4776.53076171875 2260.53759765625 2191.9326171875 1929.716796875 1986.00048828125 4513.0068359375 3633.241943359375 3194.3310546875 3661.854248046875 2691.205810546875 1697.4730224609375 1351.105224609375 0 1478.6820068359375 1006.1793212890625 518.40252685546875 942.04620361328125 1049.6072998046875 0 0 0 0 0 0 0 0 0 0 0 0 0 0 0 0 0 0 0 0 0 0 0 0 0 0 0
0 0 0 6524.212890625 3947.20458984375 458.49957275390625 946.11663818359375 2112.24658203125 1921.8973388671875 2665.582763671875 4329.4609375 2546.789306640625 1663.871826171875 4238.865234375 3282.46875 3333.42822265625 4132.1884765625 3670.605224609375 4312.78076171875 756.92852783203125 742.88897705078125 1914.29296875 1418.8037109375 1002.77618408203125 568.7340087890625 0 0 0 0 0 0 0 0 0 957.59124755859375 1161.84716796875 1062.9150390625 0 0 0 0 0 0 0 0 0 0 0 0 0 0 0 0
0 0 2889.23095703125 4846.6533203125 3302.228271484375 2290.98486328125 1216.3077392578125 1869.52490234375 3640.781005859375 3925.048095703125 5342.904296875 5492.03125 1980.0477294921875 3447.522216796875 3081.909423828125 1820.9112548828125 3660.890625 4150.8369140625 7508.24853515625 6595.62109375 1453.524658203125 2513.521728515625 1618.0565185546875 1998.4940185546875 0 0 0 0 0 0 0 0 0 17743.306640625 16806.28125 5729.70556640625 1362.130615234375 2106.31298828125 0 1708.4169921875 0 0 0 0 0 0 0 0 0 0 0 0 0
0 2609.367919921875 11175.9658203125 11455.8291015625 10806.349609375 2519.498779296875 2680.080810546875 4275.23974609375 3720.89013671875 3420.493408203125 5947.89990234375 5324.73486328125 2795.604248046875 3713.490966796875 4255.00390625 2464.40478515625 5425.98876953125 3798.787109375 10624.189453125 11467.34375 3035.149169921875 3315.19140625 2053.138916015625 1730.1326904296875 932.98797607421875 0 0 145.587005615234375 3532.85693359375 3532.85693359375 0 0 0 17743.306640625 18187.943359375 32046.75 13866.8369140625 4776.880859375 4710.54736328125 1509.2239990234375 5155.833984375 0 0 0 0 0 0 0 0 0 0 0 0
19742.564453125 19742.564453125 13111.55859375 13111.55859375 4086.6279296875 2731.001708984375 2925.04443359375 2839.73486328125 3258.185302734375 2919.17236328125 3884.385986328125 3225.17138671875 1824.599365234375 1576.5159912109375 1315.904052734375 7700.8818359375 12639.4970703125 9554.2470703125 6468.998046875 12701.4521484375 3095.848388671875 1352.692626953125 1521.3780517578125 3182.54833984375 932.98797607421875 1143.3280029296875 2133.83203125 1201.781005859375 1896.3360595703125 3532.85693359375 0 0 11249.166015625 7789.15087890625 15875.017578125 32046.75 32046.75 2036.7960205078125 3138.63671875 2034.3160400390625 2107.5703125 770.181640625 96.93000030517578125 9894.705078125 0 0 0 0 0 0 0 0 0
0 11221.60546875 7301.0283203125 1150.3131103515625 2802.1064453125 5675.662109375 5668.47998046875 938.46875 2366.8525390625 5463.50048828125 6280.36767578125 4507.6572265625 1297.9937744140625 1974.9317626953125 7232.91650390625 9957.361328125 11298.4287109375 44682.1640625 31588.390625 18494.619140625 18494.619140625 11501.974609375 743.45123291015625 1378.99462890625 5494.611328125 0 6342.74853515625 2242.864990234375 1730.6510009765625 0 0 0 11249.166015625 15311.6650390625 19374.1640625 0 0 2017.498046875 4480.6357421875 4787.8603515625 5902.9453125 1248.9749755859375 9894.705078125 9894.705078125 5408.2587890625 921.81298828125 0 0 0 0 0 0 0
2700.512939453125 2700.452392578125 2700.650390625 1779.28564453125 2830.025146484375 8892.4208984375 5135.3603515625 5872.31396484375 11307.482421875 11307.482421875 5993.603515625 4367.37646484375 3886.75439453125 3624.801025390625 7232.91650390625 3038.5419921875 44682.1640625 44682.1640625 44682.1640625 12370.673828125 12081.107421875 11501.974609375 3358.610595703125 3025.963134765625 4576.2568359375 6335.36962890625 9561.1611328125 2383.2265625 1073.984619140625 2277.031005859375 0 0 0 19374.1640625 19374.1640625 19374.1640625 0 950.63934326171875 5587.64306640625 11041.5546875 11542.3251953125 0 9894.705078125 9894.705078125 0 0 444.0369873046875 3266.034423828125 0 0 0 0 0
2700.634033203125 11890.1376953125 5125.63525390625 4541.82568359375 3749.10107421875 7551.99365234375 16848.16015625 9703.4130859375 10750.607421875 9055.666015625 3493.51025390625 4590.3154296875 5953.56005859375 1505.175537109375 1614.3946533203125 2032.5155029296875 16249.064453125 44682.1640625 923.680908203125 3075.556640625 1380.2666015625 1519.4810791015625 1847.6871337890625 2913.40478515625 1288.9549560546875 6335.36962890625 6033.78955078125 935.47601318359375 1428.271484375 0 2766.636962890625 2766.636962890625 0 0 19374.1640625 19374.1640625 19374.1640625 7085.29296875 9002.1865234375 9848.8994140625 11542.3251953125 0 0 0 0 342.70001220703125 877.3359375 3292.731201171875 1433.6431884765625 0 0 0 0
1477.608642578125 23507.650390625 670.810546875 3309.912841796875 3399.1875 7623.89013671875 6626.41015625 1594.2774658203125 3459.603271484375 4419.39697265625 6886.6650390625 5702.64208984375 1168.073486328125 1464.941650390625 1408.375 0 2949.05029296875 665.30706787109375 1074.7730712890625 2573.014892578125 1715.76708984375 761.5548095703125 3020.738037109375 2515.45263671875 400.796844482421875 3658.07421875 480.68060302734375 1177.8199462890625 5405.18505859375 1672.2105712890625 1070.7125244140625 1715.28955078125 0 0 543.010009765625 475.18865966796875 9845.716796875 0 9002.1865234375 10919.0810546875 10567.05859375 10567.05859375 0 0 0 430.406494140625 619.7298583984375 1058.4227294921875 2078.25 2441.5087890625 0 0 0
2155.84375 546.738037109375 523.77069091796875 9741.78515625 6014.95166015625 143.700714111328125 1947.2022705078125 6600.640625 6139.2529296875 4974.24951171875 9759.9189453125 5110.630859375 1083.177978515625 880.53997802734375 1304.103515625 1304.2010498046875 1822.19873046875 1652.1298828125 3040.599365234375 2064.73486328125 2162.116455078125 1941.923828125 824.3594970703125 1863.52392578125 1180.89599609375 923.58258056640625 4209.5087890625 1391.389892578125 5405.18505859375 5405.18505859375 548.04486083984375 532.03106689453125 544.5296630859375 0 549.750732421875 359.093994140625 136.5475006103515625 372.010009765625 0 2547.070068359375 6557.064453125 10567.05859375 0 0 0 265.021240234375 482.772705078125 693.04949951171875 2225.040283203125 5832.42431640625 7791.703125 89.772003173828125 398.38299560546875
2931.3349609375 2241.187744140625 1754.5306396484375 2849.524169921875 9687.11328125 8455.6640625 13787.57421875 7421.62841796875 3365.087890625 3276.0732421875 5148.96875 5937.654296875 4026.52197265625 954.21099853515625 905.90899658203125 0 1430.4979248046875 201.2632904052734375 1318.5172119140625 1287.5643310546875 7160.0234375 1510.4869384765625 1794.026123046875 3023.647216796875 1311.960693359375 4399.38671875 1150.3974609375 578.21112060546875 5444.96630859375 629.1954345703125 2178.265380859375 557.90594482421875 3880.935302734375 373.453704833984375 2001.373046875 1231.2569580078125 261.35650634765625 164.4279937744140625 577.47198486328125 617.43499755859375 1602.2340087890625 588.3330078125 439.15234375 0 334.417205810546875 324.40106201171875 609.9063720703125 1192.5360107421875 3795.451416015625 3499.078857421875 509.140380859375 1014.97900390625 375.775390625
3229.792236328125 2466.29736328125 1531.9599609375 5873.33642578125 17536.513671875 19347.04296875 16567.30859375 6194.43115234375 2414.465087890625 2292.064208984375 4266.9697265625 4237.4111328125 2926.306640625 1154.3087158203125 507.714996337890625 1876.317626953125 6362.41796875 1646.5091552734375 5589.62890625 1651.8167724609375 7089.9365234375 1122.202392578125 1041.7430419921875 3496.118408203125 1349.04052734375 4849.3505859375 2028.1329345703125 3966.258544921875 5241.90576171875 893.25421142578125 1063.3441162109375 2960.402587890625 644.22943115234375 1375.1058349609375 1153.8341064453125 652.39990234375 2068.09423828125 0 364.159759521484375 358.4580078125 558.86199951171875 608.46331787109375 598.27001953125 486.144744873046875 269.5147705078125 303.570556640625 641.28656005859375 557.58416748046875 436.264129638671875 609.19549560546875 1567.6270751953125 1589.05859375 5891.9755859375
2651.6123046875 3117.847900390625 3595.287109375 5371.1416015625 12546.73046875 19347.04296875 3327.0146484375 1765.7513427734375 2992.9560546875 4308.28662109375 4925.201171875 4902.29052734375 1303.9129638671875 5801.69775390625 3117.841552734375 2392.04736328125 7313.64208984375 209.989166259765625 2399.317626953125 1741.552734375 1860.1630859375 858.50799560546875 861.635009765625 6111.845703125 3220.167724609375 1900.5660400390625 3049.613037109375 206.81195068359375 2593.094970703125 978.11907958984375 1761.002197265625 3264.53369140625 1467.3443603515625 4293.0810546875 523.12042236328125 640.83087158203125 533.13275146484375 313.4703369140625 361.785491943359375 425.81573486328125 265.47174072265625 472.08624267578125 629.0789794921875 315.633392333984375 1239.24267578125 1499.396728515625 2311.04052734375 3281.615478515625 24.158329010009765625 1129.14404296875 386.658294677734375 2217.16015625 0
3360.724365234375 3353.3505859375 6649.26513671875 11969.970703125 11969.970703125 6061.54833984375 3689.930908203125 2166.654296875 4820.1865234375 4942.88623046875 4049.54833984375 10557.5146484375 18738.650390625 3702.4921875 6527.982421875 11179.60546875 3666.159912109375 5102.7705078125 2976.339599609375 2539.9482421875 1526.2882080078125 1613.2105712890625 1308.4169921875 863.21820068359375 256.59552001953125 7637.005859375 1429.6148681640625 161.380950927734375 407.72515869140625 4544.19140625 1089.416259765625 1622.2906494140625 4458.1474609375 2351.98681640625 2210.939208984375 3568.81396484375 3015.60986328125 3227.496337890625 245.2870025634765625 254.824493408203125 387.0311279296875 575.120361328125 1903.906494140625 532.695068359375 1859.9154052734375 9668.3330078125 573.15655517578125 1964.35546875 57.7174835205078125 3134.742431640625 0 0 0
871.54400634765625 3178.62939453125 8393.705078125 7252.453125 7015.96484375 4569.6279296875 2517.969970703125 4391.95068359375 4773.63330078125 2874.656005859375 2329.857666015625 177.1636810302734375 786.17803955078125 6793.47998046875 1695.172607421875 3739.9453125 5011.97607421875 7573.39501953125 1514.196044921875 1524.3414306640625 2217.6064453125 1347.601806640625 973.12152099609375 3133.704833984375 2820.971435546875 1810.980224609375 2056.769287109375 3821.732421875 3055.9169921875 2322.0166015625 1709.3206787109375 7005.42578125 5232.3037109375 1657.4779052734375 2081.95654296875 356.326385498046875 4707.08984375 1555.2032470703125 1180.840576171875 511.883209228515625 550.648193359375 408.673492431640625 1532.331787109375 1547.122802734375 2778.965576171875 4332.91064453125 4090.4208984375 4053.440185546875 3568.490234375 0 0 0 0
1621.939208984375 3992.184814453125 2276.812744140625 2303.514892578125 3647.02099609375 3938.688232421875 4526.484375 3657.30615234375 2004.6385498046875 1760.9976806640625 1139.062255859375 2320.32861328125 30323.193359375 1566.9329833984375 1442.54248046875 3850.971923828125 12657.4404296875 29087.216796875 0 3467.552978515625 3736.974365234375 1588.07080078125 1399.237060546875 0 1955.808837890625 1556.185791015625 3083.911376953125 2118.457275390625 513.662353515625 1763.8936767578125 3220.8876953125 1944.5762939453125 1288.80322265625 1527.287353515625 3608.7197265625 1252.1182861328125 978.6787109375 1756.435791015625 3682.642333984375 444.126678466796875 1552.194580078125 10.803735733032226562 1893.2742919921875 213.6029510498046875 1055.8775634765625 1015.90716552734375 2256.598388671875 0 0 0 0 0 0
1999.1947021484375 1234.8408203125 1113.731689453125 2548.963623046875 2384.634033203125 2937.176025390625 3533.47412109375 4160.529296875 3267.730224609375 4679.3017578125 2555.14111328125 1632.320556640625 1458.135009765625 2263.860107421875 2487.11865234375 2754.6298828125 14695.4619140625 29087.216796875 0 6819.5908203125 4120.77099609375 950.37158203125 1216.4100341796875 1235.341552734375 1706.6143798828125 2543.20361328125 1379.34375 5709.32373046875 2972.02099609375 4894.63134765625 150.78826904296875 1087.9595947265625 286.733856201171875 2110.50634765625 888.44573974609375 3375.95556640625 3686.2763671875 282.423187255859375 33.48598480224609375 811.1734619140625 413.410614013671875 838.0943603515625 1139.1766357421875 3149.674072265625 1413.04052734375 0 0 0 0 0 0 0 0
671.77386474609375 714.8204345703125 760.024169921875 887.59564208984375 1268.22705078125 5033.005859375 2535.315673828125 3436.704345703125 3640.0439453125 2988.884765625 3077.593994140625 1880.9195556640625 2140.8701171875 3684.844970703125 3862.18603515625 1422.452880859375 7907.9228515625 29087.216796875 0 2800.33837890625 2121.613037109375 1613.6650390625 1908.436767578125 2392.33642578125 2151.749755859375 2644.84521484375 1728.7713623046875 1322.0943603515625 6685.27392578125 2558.419921875 749.27789306640625 1669.5352783203125 1472.828125 1285.659912109375 1389.915283203125 2291.237548828125 475.47186279296875 940.22271728515625 4686.8330078125 901.620849609375 112.12116241455078125 3078.009033203125 887.6962890625 4886.4736328125 0 0 0 0 0 0 0 0 0
453.396575927734375 1104.237060546875 1885.11669921875 2383.959228515625 2537.983154296875 5033.005859375 3096.9970703125 2333.47119140625 1919.8953857421875 3045.81982421875 2487.832763671875 4324.1123046875 4885.740234375 5062.494140625 1908.785400390625 4046.035888671875 11418.287109375 29087.216796875 0 2932.090087890625 2865.5205078125 2559.37548828125 1272.34814453125 2157.677490234375 1457.53564453125 1558.565185546875 2036.718017578125 1462.560302734375 2269.13427734375 2760.351318359375 1348.2806396484375 2122.873046875 1149.76025390625 2403.63818359375 193.8238372802734375 4022.255615234375 408.817352294921875 2144.321533203125 1067.077392578125 1612.459228515625 3188.26611328125 189.8707275390625 0 0 0 0 0 0 0 0 0 0 0
2737.37158203125 2382.26611328125 2303.257080078125 1529.5821533203125 1529.97802734375 6939.9140625 6939.9140625 3731.900390625 4674.97216796875 2762.656982421875 4451.02294921875 5631.27587890625 3869.8486328125 1856.3194580078125 2142.959228515625 7555.91259765625 19366.728515625 19366.728515625 0 1577.93505859375 3075.49658203125 3087.231201171875 1132.5045166015625 1689.3062744140625 1680.447021484375 1084.803955078125 1406.5780029296875 1102.9154052734375 1463.5810546875 2073.634521484375 1928.2427978515625 16449.365234375 5071.4365234375 1471.330810546875 3018.96630859375 743.191650390625 979.03997802734375 1586.54541015625 984.6591796875 1130.7283935546875 1686.9239501953125 0 0 0 0 0 0 0 0 0 0 0 0
844.28973388671875 2393.10986328125 3274.20458984375 848.9739990234375 0 6939.9140625 2839.9892578125 5868.10595703125 5013.6640625 4419.1328125 4011.965087890625 3542.489990234375 2718.129150390625 3341.853271484375 11230.35546875 13351.9384765625 5257.77734375 6507.77294921875 3159.4541015625 2477.852294921875 1231.9866943359375 1194.760498046875 1059.364501953125 1246.42919921875 1608.9825439453125 1266.4012451171875 982.850830078125 837.45635986328125 1879.490966796875 2075.7373046875 1672.9820556640625 1379.2967529296875 1393.404296875 603.9224853515625 14991.6064453125 3439.6806640625 2788.296630859375 8227.9326171875 4577.82958984375 1949.699951171875 1951.8521728515625 0 0 0 0 0 0 0 0 0 0 0 0
