ForecastVariables/BuildingArea_Mean_100m/BuildingAreaMean_Random5.asc
ncols        529
nrows        344
xllcorner    2700.000000000000
yllcorner    15900.000000000000
cellsize     100.000000000000
NODATA_value  0
[rows 207 to 229 of 344, columns 212 to 264 of 529]
428.427001953125 322.08367919921875 762.486328125 687.48468017578125 190.8730010986328125 61493.30078125 61493.30078125 61493.30078125 61493.30078125 35512.16796875 6526.5478515625 3522.05810546875 2826.2939453125 2607.451416015625 880.25701904296875 1692.301025390625 561.8699951171875 3131.593017578125 3618.700927734375 4146.5087890625 1562.208984375 2268.936279296875 2714.2578125 4072.6455078125 4347.8310546875 7593.1904296875 2006.251953125 692.19476318359375 1353.68798828125 1734.470947265625 2183.56494140625 1172.433349609375 2688.267822265625 3130.94970703125 1070.9365234375 1090.8494873046875 1233.411376953125 6133.376953125 1938.4647216796875 1446.556884765625 1306.10107421875 1713.4261474609375 949.908203125 1026.9031982421875 4545.05908203125 2234.614501953125 1833.0772705078125 1781.1048583984375 0 3036.85888671875 3160.2255859375 2075.193603515625 1989.973388671875
0 427.20965576171875 452.4737548828125 403.121002197265625 206.5904998779296875 30843.560546875 61493.30078125 61493.30078125 61493.30078125 24486.90625 5983.70849609375 7651.06787109375 5064.740234375 4420.9990234375 778.64947509765625 3167.759765625 2648.60546875 1894.8106689453125 2175.909912109375 0 8062.05126953125 12629.98828125 4039.02294921875 3350.0458984375 5788.3671875 4720.93212890625 3653.4970703125 2598.8134765625 1725.7669677734375 1343.255615234375 1575.654052734375 1859.404052734375 3891.135498046875 1912.177734375 2291.04345703125 868.60498046875 1359.95166015625 1726.0987548828125 2600.705322265625 1746.54296875 1705.4329833984375 2972.992919921875 0 4839.19189453125 1493.334716796875 1911.545166015625 8228.1337890625 3491.844482421875 0 5221.0693359375 1947.970947265625 3382.236083984375 2421.5283203125
202.18133544921875 395.860992431640625 334.9837646484375 413.21099853515625 204.2064056396484375 365.80621337890625 61493.30078125 4928.03857421875 61493.30078125 4900.77294921875 0 704.33251953125 1092.74853515625 3978.421142578125 2482.874755859375 4024.58642578125 2803.152099609375 1926.3101806640625 1569.968505859375 1029.3560791015625 1143.0875244140625 0 1143.946044921875 1143.946044921875 2952.89501953125 2453.701904296875 2839.400390625 2335.20654296875 2440.75 1865.925048828125 0 2253.091064453125 1785.5693359375 1015.194580078125 3569.827880859375 3389.2470703125 1961.16064453125 918.9771728515625 1561.4183349609375 2643.10888671875 1178.262939453125 1708.13623046875 3341.184814453125 6586.7734375 4184.916015625 3281.970458984375 1796.206298828125 9787.142578125 3.5026941299438476562 1673.105224609375 2521.114501953125 3032.660400390625 3678.33740234375
363.017486572265625 369.54766845703125 369.345489501953125 393.03033447265625 301.178680419921875 555.4110107421875 0 5150.078125 916.97137451171875 411.9942626953125 674.7796630859375 0 1580.928466796875 1859.029541015625 3696.867919921875 3651.30908203125 1705.9100341796875 1847.738525390625 1798.9273681640625 1333.2144775390625 4641.77490234375 7138.47314453125 0 0 2760.7919921875 2591.947021484375 2349.153076171875 2796.75048828125 3501.4833984375 3136.20947265625 1219.844970703125 1466.0169677734375 1398.08544921875 2805.33251953125 4536.6123046875 1484.9373779296875 1199.763916015625 848.55401611328125 4622.0693359375 10100.240234375 1751.5330810546875 1775.198974609375 16482.548828125 12002.689453125 5284.37744140625 3633.1669921875 5163.65087890625 2442.07861328125 24460.974609375 4978.7255859375 2056.81494140625 1662.96240234375 2613.175537109375
439.885009765625 0 351.269012451171875 461.561676025390625 269.839263916015625 1997.2509765625 0 2253.458740234375 1537.7203369140625 677.399658203125 1050.7884521484375 0 0 0 0 0 0 1240.85400390625 617.99102783203125 1792.87451171875 4641.77490234375 7138.47314453125 9635.1708984375 1133.9410400390625 1133.9410400390625 2809.95361328125 3699.04052734375 3250.659912109375 4890.93310546875 7525.47119140625 1599.5159912109375 1632.428955078125 1615.1533203125 1572.0037841796875 1673.57568359375 1775.1627197265625 982.593017578125 11086.23046875 35.356842041015625 2513.1474609375 2989.65771484375 16771.873046875 29943.21875 17418.60546875 4346.75146484375 4599.9521484375 6962.39306640625 3550.00390625 2904.325927734375 3723.286865234375 2761.981689453125 575.59344482421875 130.7533416748046875
898.01373291015625 722.530029296875 0 0 4198.6708984375 4198.6708984375 739.1185302734375 0 456.058013916015625 413.024505615234375 0 0 0 33.832500457763671875 28.947500228881835938 43.356998443603515625 0 0 975.5579833984375 0 0 9635.1708984375 9635.1708984375 1389.22119140625 1118.1346435546875 980.65802001953125 0 0 0 0 0 0 1533.9656982421875 1781.844482421875 1692.8358154296875 1406.675537109375 6369.39794921875 3220.3642578125 9208.2666015625 253.923583984375 1665.14013671875 29943.21875 29943.21875 17969.20703125 3932.285888671875 6276.8837890625 4682.57666015625 3614.12060546875 4840.1669921875 3071.091064453125 335.788116455078125 1421.233642578125 2395.065185546875
6445.529296875 9438.6005859375 12601.818359375 8298.6240234375 5962.07177734375 5007.453125 1638.9234619140625 0 446.98040771484375 665.02197265625 0 961.68597412109375 1909.5579833984375 0 0 0 0 0 48.322498321533203125 0 0 0 6725.05517578125 3174.262451171875 1892.8946533203125 906.88201904296875 967.98150634765625 1348.599609375 1186.816650390625 1492.175537109375 7382.64404296875 3469.02392578125 834.98797607421875 1539.2459716796875 1599.2049560546875 1810.552978515625 1229.7576904296875 1430.656982421875 7050.07568359375 3344.440185546875 2027.238037109375 29943.21875 20211.369140625 8237.3583984375 8237.3583984375 0 783.6510009765625 8316.373046875 4277.08154296875 4665.93115234375 6570.92529296875 1792.270263671875 3136.85009765625
10908.0048828125 27311.166015625 23581.123046875 12191.474609375 4750.494140625 4785.38525390625 2648.387451171875 2800.135009765625 445.33599853515625 210.384002685546875 0 1222.556640625 2263.25537109375 1119.4786376953125 833.0264892578125 1316.41748046875 0 0 0 0 0 0 6725.05517578125 6725.05517578125 1445.2996826171875 1193.483154296875 702.69732666015625 1325.326171875 2552.360107421875 1449.9129638671875 3166.539306640625 842.87042236328125 4081.972900390625 661.9532470703125 1278.10205078125 2678.203857421875 3969.41845703125 1884.6668701171875 1315.33544921875 887.6099853515625 718.1259765625 0 4812.62646484375 6163.65185546875 5189.2783203125 2773.91259765625 1749.0284423828125 1096.671142578125 1270.5277099609375 14560.4833984375 4821.8662109375 1348.6585693359375 2710.731689453125
3731.60693359375 15481.54296875 38290.47265625 19328.734375 14736.3466796875 15536.1083984375 5989.86181640625 5128.9609375 2005.2403564453125 186.3719940185546875 0 828.3790283203125 1896.7015380859375 2444.6943359375 1687.3480224609375 2461.011962890625 2240.91259765625 2136.29150390625 2141.73291015625 0 0 0 0 0 600.71600341796875 1056.1827392578125 1758.2991943359375 1873.7989501953125 8470.359375 8470.359375 878.60498046875 3509.93701171875 3201.593505859375 27941.123046875 1527.7921142578125 194.8171234130859375 1242.05517578125 1942.635498046875 1473.277099609375 1010.7109375 612.49945068359375 979.99114990234375 4320.94189453125 4861.671875 3576.345703125 2462.794189453125 1715.6466064453125 1293.279296875 2847.718994140625 4591.09130859375 2432.87060546875 4392.84326171875 3942.83203125
8283.0771484375 8561.5126953125 23884.21484375 35250.14453125 25108.962890625 21558.53515625 9213.4404296875 9213.4404296875 3291.708740234375 0 0 1584.5699462890625 1863.3822021484375 2060.17822265625 1534.9444580078125 1328.9342041015625 1666.30615234375 2249.83154296875 1584.77001953125 1306.2884521484375 0 0 0 0 0 2256.279052734375 2318.102783203125 4462.0029296875 8470.359375 4626.59619140625 2606.047607421875 4661.4560546875 2685.352783203125 20590.14453125 151.663909912109375 10.532527923583984375 29.895383834838867188 2821.281494140625 1006.62518310546875 569.41998291015625 3998.602294921875 240.828704833984375 4323.3232421875 982.30523681640625 2665.158935546875 2308.845947265625 1656.762939453125 2927.07421875 4009.5791015625 1544.1468505859375 2232.8154296875 4664.38720703125 7800.3935546875
16738.65625 32209.818359375 32209.818359375 32209.818359375 13972.0087890625 6042.38720703125 2541.4580078125 1289.0257568359375 513.797607421875 0 0 2452.839599609375 1903.8812255859375 1610.8824462890625 1156.0635986328125 1766.7049560546875 1745.6258544921875 2101.51416015625 1751.412353515625 1326.780029296875 0 0 0 0 0 2473.89990234375 2522.43505859375 1511.8349609375 1712.8380126953125 1576.52294921875 4429.26220703125 1057.65576171875 2249.761962890625 2109.05078125 2337.777587890625 937.85028076171875 4738.244140625 127.78481292724609375 9753.8115234375 1843.5350341796875 3214.28564453125 307.757965087890625 506.971160888671875 2060.431396484375 1246.2626953125 0 0 2133.587890625 690.0789794921875 1230.0069580078125 2856.70068359375 3581.473388671875 1188.2821044921875
953.16900634765625 923.8599853515625 0 14626.53125 18544.71484375 6650.2822265625 1581.61865234375 1645.5550537109375 1562.241455078125 1428.0245361328125 1997.9189453125 2201.389892578125 3000.022705078125 2726.0859375 2642.659423828125 1950.487060546875 1187.6478271484375 1080.5498046875 1839.656982421875 0 817.33197021484375 0 27.232999801635742188 0 0 0 1640.043701171875 1089.2034912109375 1271.956787109375 1657.6199951171875 0 2035.89794921875 2255.39306640625 2427.529052734375 413.088958740234375 2150.279541015625 579.9930419921875 1507.625244140625 2847.274169921875 2145.547119140625 921.48046875 2473.60498046875 766.7879638671875 10802.8857421875 11463.802734375 973.878173828125 19267.265625 156.256072998046875 13314.40625 2010.6776123046875 2104.78076171875 1282.3458251953125 254.1057891845703125
8728.126953125 467.47674560546875 2064.7939453125 5834.888671875 2600.18603515625 15959.6875 1854.656005859375 1579.912353515625 1255.56689453125 484.369384765625 978.63568115234375 2182.31103515625 926.3289794921875 884.2919921875 3196.9453125 1465.134521484375 1097.8717041015625 365.70599365234375 0 343.0052490234375 576.17236328125 0 0 0 275.519012451171875 0 1106.1090087890625 1056.5045166015625 1580.772216796875 1523.9110107421875 1537.9930419921875 1537.9930419921875 1572.8675537109375 1809.7459716796875 852.13922119140625 2662.6484375 1971.94970703125 4761.97412109375 2295.751220703125 1538.659423828125 1059.4095458984375 1199.886962890625 4784.37060546875 8314.6474609375 439.81524658203125 20548.34375 3021.677490234375 10813.4228515625 2504.02197265625 1910.49462890625 2787.924072265625 2703.9716796875 4381.10791015625
12533.9658203125 758.66497802734375 4233.30029296875 697.151611328125 8315.9462890625 11976.439453125 7665.41455078125 1057.7008056640625 1621.256591796875 3846.158935546875 1536.65087890625 2095.44873046875 654.52197265625 594.3060302734375 1335.6011962890625 1161.0660400390625 1604.4366455078125 1983.4857177734375 2026.75048828125 231.4512481689453125 222.240753173828125 0 29.063333511352539062 0 2600.59912109375 2600.59912109375 0 0 1446.301025390625 1067.46435546875 1261.1175537109375 0 1704.1514892578125 1109.362060546875 1114.0418701171875 3422.15625 674.41571044921875 408.97210693359375 1095.7236328125 1663.6575927734375 2103.56591796875 3722.638427734375 3887.5732421875 5340.42529296875 8082.47998046875 8082.3193359375 8082.1591796875 8082.1591796875 0 1071.945556640625 2502.007568359375 5717.30615234375 0
982.197998046875 5043.171875 13295.740234375 20703.634765625 3561.492431640625 2825.83984375 5999.71875 3011.2431640625 375.78179931640625 4850.568359375 907.86907958984375 2321.173583984375 1659.2308349609375 1944.9150390625 5483.33056640625 2699.220458984375 3459.46435546875 1714.29638671875 1766.05126953125 951.6236572265625 149.2445068359375 0 0 0 0 2600.59912109375 2600.59912109375 0 1172.6319580078125 1204.2340087890625 633.32598876953125 985.343017578125 0 593.49981689453125 1405.8956298828125 456.81854248046875 92.79052734375 5084.96630859375 535.813720703125 0 0 0 0 0 0 0 0 0 0 0 750.3389892578125 5717.30615234375 0
0 4721.8671875 6354.5751953125 2134.193603515625 574.86932373046875 595.11248779296875 3772.74560546875 1076.4031982421875 3264.527587890625 5520.37841796875 7068.3515625 9857.9580078125 1292.0340576171875 3364.175048828125 330.342742919921875 5081.30615234375 853.7967529296875 3659.8681640625 748.90234375 540.57867431640625 802.0323486328125 0 132.529998779296875 0 579.12200927734375 0 310.337005615234375 356.5675048828125 57.894001007080078125 1235.8360595703125 375.0013427734375 1548.2060546875 0 4415.6962890625 1005.79254150390625 1326.301513671875 100.5919952392578125 0 0 0 0 0 0 0 0 0 0 0 0 0 0 0 0
0 500.302001953125 5304.10791015625 5304.10791015625 824.37298583984375 5420.30126953125 4923.70458984375 3867.68994140625 1612.695068359375 1681.8433837890625 840.0830078125 1597.4093017578125 513.76031494140625 5078.05712890625 2211.13720703125 1464.636962890625 1240.4737548828125 120.5229644775390625 95.4817657470703125 8784.013671875 720.69964599609375 688.33197021484375 255.8873291015625 418.4530029296875 390.10198974609375 345.8489990234375 245.6207427978515625 392.959320068359375 221.2819976806640625 0 0 1019.89898681640625 1116.0760498046875 9745.5947265625 4964.296875 992.56304931640625 0 0 0 0 0 0 0 0 0 0 0 0 0 0 0 0 0
0 0 0 0 925.83148193359375 0 935.31732177734375 1528.0869140625 455.459747314453125 1087.6929931640625 2053.520263671875 1560.4970703125 3267.7265625 511.320404052734375 357.5379638671875 3549.061279296875 1104.1737060546875 370.116180419921875 848.0592041015625 4668.0556640625 1055.89697265625 0 0 11.284999847412109375 0 0 311.545989990234375 209.1963348388671875 802.073974609375 929.947998046875 0 1019.89898681640625 961.39300537109375 337.128753662109375 4241.84130859375 0 0 0 0 0 0 0 0 0 0 0 0 0 0 0 0 0 0
0 0 0 0 925.83148193359375 0 0 3525.563720703125 1471.680908203125 1224.7857666015625 3525.849609375 1673.3890380859375 3464.748779296875 774.176513671875 209.535003662109375 2511.240478515625 5082.02197265625 3622.023681640625 2136.78125 1425.3468017578125 1692.2215576171875 988.26123046875 611.4776611328125 2743.6220703125 2199.530029296875 2199.530029296875 0 0 455.8955078125 763.73699951171875 146.8600006103515625 0 0 4370.3310546875 0 0 0 0 0 0 0 0 0 0 0 0 0 0 0 0 0 0 0
0 0 0 0 0 0 0 0 1313.077880859375 104.525421142578125 1581.49462890625 1511.3524169921875 453.576416015625 3880.100341796875 1148.646484375 1560.094482421875 852.989013671875 885.21697998046875 1610.0059814453125 2096.083984375 1986.42822265625 1059.5712890625 557.66583251953125 7477.38330078125 1091.9287109375 3210.718017578125 336.298004150390625 423.0155029296875 675.42169189453125 889.83526611328125 742.1002197265625 789.073486328125 187.102996826171875 893.121337890625 2021.68701171875 0 0 0 0 0 0 0 0 0 0 0 0 0 0 0 0 0 0
0 0 0 0 0 0 0 0 1660.2322998046875 1692.77685546875 3396.4794921875 2049.903564453125 5412.8896484375 2990.033203125 1021.125 1109.408447265625 0 0 0 2168.403076171875 1281.2198486328125 598.8818359375 3142.11474609375 2833.727783203125 5401.28125 5324.85595703125 22390.126953125 495.993988037109375 0 0 0 2566.16748046875 2001.9520263671875 1876.158447265625 0 0 0 0 0 0 0 0 0 0 0 0 0 0 0 0 0 0 0
0 0 0 0 0 0 0 14.798000335693359375 0 2089.429931640625 439.39404296875 0 0 0 0 0 1646.8450927734375 2828.298095703125 3092.791015625 0 641.47601318359375 703.51800537109375 532.48577880859375 343.624420166015625 4132.83935546875 5416.6181640625 22390.126953125 11793.7041015625 0 0 0 4718.2578125 3841.4140625 0 0 0 0 0 0 0 0 0 0 0 0 0 0 0 0 0 0 0 0
0 0 0 0 0 0 0 0 0 207.0373382568359375 463.01300048828125 0 0 0 0 391.699066162109375 937.5545654296875 4201.3017578125 3092.791015625 0 0 819.70697021484375 6026.05419921875 692.237060546875 2031.6488037109375 236.415618896484375 22390.126953125 22390.126953125 0 0 0 0 0 0 0 0 0 0 0 0 0 0 0 0 0 0 0 0 0 0 0 0 0
