ForecastVariables/BuildingArea_Mean_100m/BuildingAreaMean_Random4.asc
ncols        529
nrows        344
xllcorner    2700.000000000000
yllcorner    15900.000000000000
cellsize     100.000000000000
NODATA_value  0
[rows 184 to 206 of 344, columns 0 to 52 of 529]
0 0 0 0 0 0 0 0 0 0 0 0 0 0 0 0 0 4148.18212890625 841.981689453125 789.048095703125 1374.3477783203125 9151.9697265625 14479.8642578125 6868.59228515625 2719.413330078125 3526.367431640625 4335.58642578125 3999.0595703125 0 2813.662109375 1557.6475830078125 11294.48046875 15621.98046875 12559.2236328125 1936.750732421875 1207.046875 4343.83740234375 13693.689453125 2594.191650390625 7473.228515625 1577.951416015625 4445.3310546875 593.29229736328125 1430.19775390625 28183.767578125 2335.9326171875 32967.51171875 3846.04833984375 0 0 0 952.14599609375 1321.503662109375
0 0 0 0 0 0 0 0 0 0 0 0 0 0 0 0 0 0 6305.63916015625 4404.6591796875 238.1211090087890625 19520.552734375 6348.3701171875 1757.7666015625 2260.2939453125 3557.647705078125 4099.47412109375 13788.525390625 13788.525390625 11478.328125 3961.454345703125 793.25201416015625 3690.53662109375 14970.3583984375 573.3841552734375 892.609375 12644.798828125 8336.9638671875 1920.5623779296875 21297.984375 3997.549072265625 6980.80126953125 9525.7568359375 1964.6138916015625 4908.3916015625 535.459228515625 14575.0458984375 0 0 0 1909.9139404296875 1949.164306640625 1397.0032958984375
0 0 0 0 0 0 0 0 0 0 0 0 0 0 0 0 11118.46484375 8055.80810546875 1281.1295166015625 495.87451171875 28098.72265625 28098.72265625 28098.72265625 2910.9619140625 1476.5701904296875 3291.193115234375 3291.193115234375 13788.525390625 7796.28076171875 8253.564453125 3256.36962890625 933.0889892578125 9332.03515625 3993.66455078125 11038.9853515625 1919.37353515625 3427.4365234375 4376.35986328125 14811.279296875 6790.21533203125 266.10321044921875 4935.60595703125 3444.077392578125 5701.22216796875 12515.369140625 1262.433837890625 0 0 395.8900146484375 0 778.4739990234375 1587.8175048828125 1048.8060302734375
0 0 0 0 0 0 0 0 0 0 0 0 0 0 0 0 21644.388671875 11965.2216796875 2286.054931640625 0 15058.060546875 28098.72265625 16631.970703125 4775.87158203125 2524.879638671875 2657.4755859375 3374.529541015625 7760.1533203125 7796.28076171875 1633.0445556640625 1202.635498046875 900.2230224609375 2537.549072265625 18767.537109375 15120.66796875 10251.013671875 1421.11962890625 44561.34765625 6999.6650390625 17489.203125 2225.445068359375 1051.8507080078125 15135.294921875 1407.30517578125 7917.0419921875 0 0 0 0 2348.52197265625 1922.1949462890625 778.4739990234375 0
0 0 0 0 0 0 0 0 0 0 0 0 0 0 0 152.1785125732421875 4069.8486328125 8254.80859375 1332.431640625 838.461669921875 1462.125732421875 1159.726806640625 3476.524658203125 6244.96142578125 4834.474609375 3723.25439453125 11825.375 2336.153076171875 11229.5966796875 1683.8060302734375 10522.2265625 1504.8782958984375 2014.85498046875 2261.92333984375 558.73297119140625 2506.586181640625 4440.89794921875 899.32415771484375 1267.8992919921875 22493.30078125 7691.57568359375 2829.83984375 11087.130859375 4665.2529296875 0 0 0 0 0 0 0 0 0
0 0 0 0 0 0 0 0 0 0 0 0 0 0 0 4009.490234375 1976.3857421875 2471.14501953125 1566.8262939453125 649.4007568359375 1346.8367919921875 1263.3717041015625 2525.74072265625 2913.52197265625 3207.3720703125 1325.5626220703125 4173.755859375 2102.806396484375 204.52197265625 20495.0234375 2525.117431640625 246.853607177734375 1115.7991943359375 6520.77490234375 6792.2197265625 3112.0478515625 1950.6927490234375 2104.291259765625 6371.7373046875 16193.630859375 22236.7265625 3225.75390625 49416.77734375 0 0 0 0 0 0 0 0 0 0
0 0 0 0 0 0 0 0 0 0 0 0 0 0 3983.817626953125 4124.2421875 8476.0322265625 0 1888.001953125 11906.8232421875 4452.2412109375 2759.793212890625 1248.186279296875 1398.4005126953125 1446.5572509765625 3573.8515625 886.50347900390625 332.243316650390625 2987.684326171875 16280.6943359375 1126.633056640625 1270.35302734375 3286.3076171875 9549.1376953125 4205.0986328125 1529.1571044921875 18594.0234375 7462.52880859375 6114.91259765625 10830.8994140625 13950.1572265625 1682.450927734375 0 0 0 0 0 0 0 0 0 0 0
0 0 0 0 0 0 0 0 0 0 0 0 0 0 5898.81689453125 40043.3984375 3889.06103515625 2071.310546875 23866.06640625 14520.439453125 11487.3349609375 3983.264404296875 1320.708740234375 1090.4100341796875 0 6979.3359375 10218.55078125 9392.8173828125 11094.734375 16227.359375 4864.35498046875 1952.8692626953125 13336.9248046875 8392.01171875 3823.5947265625 1075.7130126953125 978.30902099609375 0 0 2788.655517578125 2263.07421875 1962.3294677734375 0 0 0 0 0 0 0 0 0 0 0
0 0 0 0 0 0 0 0 0 0 0 0 0 0 0 2560.08251953125 18941.27734375 10341.255859375 22625.38671875 15271.423828125 4727.99365234375 1518.363525390625 1416.5699462890625 7101.849609375 0 10391.95703125 15369.65625 20347.35546875 15139.330078125 17381.771484375 4451.71826171875 24851.23046875 1318.30517578125 8392.01171875 8392.01171875 1397.81201171875 0 0 5428.39990234375 3019.047607421875 6278.82958984375 127.2249603271484375 3393.508056640625 0 0 0 0 0 0 0 0 0 0
0 0 0 0 0 0 0 0 0 0 0 0 12317.09375 12317.09375 0 32813.53125 16664.29296875 9129.1591796875 11462.103515625 1857.39892578125 26963.263671875 1957.7603759765625 4751.73095703125 12894.2919921875 10391.95703125 10391.95703125 6477.22119140625 2562.485107421875 9931.3056640625 10554.1826171875 257.416961669921875 45744.98828125 2458.239013671875 4435.18310546875 8667.068359375 0 10884.583984375 10884.583984375 4098.62841796875 202.63604736328125 0 7352.8330078125 11670.896484375 0 0 0 0 0 0 0 0 0 0
0 0 0 0 0 0 0 0 0 0 0 0 12317.09375 12317.09375 544.3060302734375 18465.685546875 12528.115234375 0 12135.064453125 21354.8984375 1766.29248046875 1862.7122802734375 4288.3330078125 15832.060546875 9555.078125 12037.3671875 12151.298828125 1809.3570556640625 0 6306.82177734375 5471.49755859375 1496.9439697265625 4422.033203125 4451.15234375 0 4609.94140625 1907.8905029296875 612.3062744140625 12050.2490234375 917.11578369140625 24177.541015625 14828.7158203125 5072.0888671875 0 0 0 0 0 0 0 0 0 0
0 0 0 0 0 0 0 0 0 0 0 0 12317.09375 6299.771484375 282.449005126953125 2307.907470703125 2396.500732421875 2418.68701171875 21354.8984375 7864.12451171875 1566.8001708984375 1617.271728515625 1969.2340087890625 3422.911865234375 9573.1494140625 3192.767578125 4552.58349609375 7339.69482421875 2860.287353515625 2912.94189453125 17119.09765625 10457.5908203125 3910.159423828125 5149.8154296875 4859.4130859375 6289.00244140625 1238.1776123046875 15568.890625 14894.9814453125 10052.1513671875 24177.541015625 10816.5029296875 4135.9833984375 672.2864990234375 0 0 0 0 0 0 0 0 0
0 0 0 0 0 0 0 0 0 0 0 0 0 25018.76953125 17289.384765625 2880.46435546875 10932.0205078125 1806.822021484375 11308.7880859375 7005.0849609375 2184.157470703125 3030.447265625 3182.0810546875 13417.841796875 10592.953125 7095.27978515625 1866.134033203125 34061.7734375 184.001220703125 3028.169921875 5856.47607421875 7384.234375 11008.5859375 67.8323974609375 429.00048828125 2568.64892578125 8008.28955078125 711.03375244140625 17962.77734375 7524.20751953125 24177.541015625 8228.6650390625 12438.310546875 9267.123046875 0 0 0 0 0 0 0 0 0
0 0 0 0 0 0 0 0 0 0 0 0 0 636.55328369140625 4407.2607421875 1636.8985595703125 3006.318115234375 822.2093505859375 798.6573486328125 2419.84375 3560.25390625 2150.328369140625 9296.5712890625 31034.8671875 5020.921875 140.9004974365234375 5362.443359375 939.84661865234375 9469.111328125 0 4714.81787109375 15997.6728515625 15997.6728515625 3030.35400390625 20954.185546875 1383.8597412109375 4259.7470703125 7232.76611328125 2522.345703125 3218.560791015625 2938.618408203125 948.98956298828125 5756.46533203125 14203.7685546875 400.925994873046875 0 0 0 0 0 0 0 0
0 0 0 0 0 0 0 0 0 0 0 0 0 747.28131103515625 9374.4482421875 33.091670989990234375 23365.509765625 30168.40234375 7905.474609375 3128.9033203125 4136.4228515625 3255.75341796875 7067.5185546875 12280.146484375 35336.79296875 11804.7138671875 1900.53564453125 19603.26171875 384.479583740234375 964.20050048828125 5181.79248046875 74.94712066650390625 10763.8662109375 16295.443359375 6811.869140625 506.93865966796875 2582.943115234375 3557.99609375 8670.7294921875 9016.0380859375 339.08575439453125 2981.386474609375 9346.6943359375 654.74700927734375 477.44500732421875 0 0 0 0 0 0 0 0
0 0 0 0 0 0 0 0 0 0 0 0 0 0 4547.96044921875 2233.0361328125 681.0767822265625 4824.8544921875 1035.8824462890625 13598.447265625 3939.0576171875 2790.2919921875 6931.11279296875 7807.80615234375 3516.60205078125 18350.34765625 22882.431640625 1838.53759765625 0 1609.8900146484375 809.9342041015625 15871.3759765625 2946.046875 2861.333984375 2861.333984375 0 1273.593994140625 1273.593994140625 629.10150146484375 476.35150146484375 283.8416748046875 420.6820068359375 444.105987548828125 1746.276611328125 55418.79296875 238.4668121337890625 0 0 0 0 0 0 0
0 0 0 0 0 0 0 0 0 0 0 0 0 0 1504.3828125 18141.001953125 8170.08740234375 17906.822265625 427.998077392578125 23334.255859375 23334.255859375 847.37298583984375 5310.5751953125 12803.7001953125 24548.876953125 12447.3994140625 2232.512939453125 4046.80859375 3129.787109375 1925.9310302734375 993.4310302734375 1331.6920166015625 2444.0654296875 2123.023681640625 0 5628.83203125 40310.65625 0 1296.080322265625 1009.20147705078125 1990.468017578125 0 0 463.381988525390625 0 10872.205078125 2620.036865234375 0 0 0 0 0 0
0 0 0 0 0 0 0 0 0 0 0 0 0 0 0 12490.3203125 3238.7001953125 1937.1605224609375 4536.6884765625 19130.298828125 23334.255859375 1903.852294921875 1987.7803955078125 74.449188232421875 4010.343505859375 1338.6673583984375 4315.732421875 5953.353515625 1308.010009765625 2381.651611328125 1382.1568603515625 333.71148681640625 4072.5400390625 4072.5400390625 0 22969.744140625 40310.65625 40310.65625 40310.65625 40310.65625 40310.65625 0 0 764.948974609375 0 744.37548828125 2609.119140625 5474.7822265625 0 0 0 0 0
0 0 0 0 0 0 0 0 0 0 0 0 0 0 0 2960.002685546875 1267.7008056640625 9.3110017776489257812 13446.76171875 9940.8203125 12877.056640625 1771.0992431640625 15255.9599609375 6742.39599609375 2366.688720703125 6428.39501953125 4462.97265625 5755.80224609375 467.62078857421875 1670.695556640625 2392.87109375 763.0369873046875 1054.1932373046875 15848.5234375 1580.156005859375 20945.40625 15660.86328125 25848.982421875 25848.982421875 40310.65625 40310.65625 0 0 0 0 0 1238.1536865234375 121.59059906005859375 0 0 0 0 0
0 0 0 0 0 0 0 0 0 0 0 0 0 0 0 16214.3662109375 1518.758544921875 21662.814453125 14926.3427734375 6909.58984375 13790.6201171875 6916.478515625 31533.95703125 1564.0352783203125 7562.1552734375 358.05084228515625 13610.546875 2198.38720703125 6344.7666015625 9549.134765625 338.24212646484375 39318.046875 2976.6572265625 15848.5234375 953.81500244140625 2468.1357421875 3335.966552734375 11387.306640625 11387.306640625 11387.306640625 0 0 0 0 148.522003173828125 148.522003173828125 8557.70703125 3372.084716796875 471.020263671875 0 0 0 0
0 0 0 0 0 0 0 0 0 0 0 0 0 0 0 28330.533203125 4880.357421875 2516.619384765625 6849.853515625 1439.8739013671875 29207.05859375 172.4665679931640625 3655.208984375 2051.68505859375 855.45892333984375 12449.78125 5077.74658203125 8258.34765625 625.049560546875 3882.64990234375 1881.2381591796875 15779.19921875 2303.498779296875 7032.22900390625 0 0 0 0 0 1888.4019775390625 5517.16552734375 1122.1259765625 10544.6181640625 3422.63525390625 279.090362548828125 239.87445068359375 6565.12451171875 220.7976531982421875 1161.4285888671875 0 0 0 0
0 0 0 0 0 0 0 0 0 0 0 0 0 0 0 27873.333984375 2608.348876953125 2837.128662109375 14564.9169921875 2640.76416015625 966.99169921875 45.161285400390625 260.2935791015625 956.99835205078125 15419.9404296875 12598.6142578125 2096.848388671875 2085.614501953125 1285.1630859375 4747.19677734375 13944.802734375 1614.0836181640625 12358.2470703125 3538.341552734375 1732.56396484375 0 1264.4134521484375 1475.1429443359375 0 0 1208.198486328125 2321.9326171875 560.85595703125 3064.386474609375 2754.6748046875 1944.292236328125 5598.19580078125 1932.9095458984375 15276.87109375 422.16424560546875 0 0 0
0 0 0 0 0 0 0 0 0 0 0 0 0 0 0 13805.7216796875 7300.40673828125 1029.34619140625 9019.2958984375 3364.378662109375 1488.22607421875 5566.79248046875 114.77368927001953125 9080.603515625 4757.3173828125 10430.5078125 26473.3203125 17591.45703125 23596.697265625 5636.818359375 1621.27490234375 8974.0703125 1329.3909912109375 6538.619140625 1770.5159912109375 726.28448486328125 1475.1429443359375 1014.68597412109375 540.0570068359375 0 2950.3056640625 567.173828125 542.94976806640625 5194.93310546875 15811.55859375 8107.888671875 3649.688720703125 1003.48370361328125 1949.5899658203125 204.7919464111328125 0 0 0
