ForecastVariables/BuildingArea_Mean_100m/BuildingAreaMean_Random3.asc
ncols        529
nrows        344
xllcorner    2700.000000000000
yllcorner    15900.000000000000
cellsize     100.000000000000
NODATA_value  0
[rows 46 to 68 of 344, columns 212 to 264 of 529]
4506.8818359375 3631.16796875 4192.3876953125 3457.718994140625 0 0 0 0 0 0 0 0 0 0 0 0 0 0 0 0 0 0 0 0 0 0 0 0 529.683349609375 529.683349609375 3467.2041015625 826.3997802734375 702.10516357421875 1313.418212890625 1281.7913818359375 1678.3013916015625 1539.415283203125 1251.5936279296875 1604.4647216796875 1533.1173095703125 1652.2989501953125 1870.20703125 818.40277099609375 28302.078125 52437.08203125 8525.755859375 8525.755859375 957.02099609375 2887.440185546875 792.27642822265625 1572.9947509765625 1769.0179443359375 1950.5164794921875
6678.48388671875 0 3457.718994140625 3457.718994140625 0 0 0 0 0 0 0 0 0 0 0 0 0 0 0 0 0 0 0 0 0 0 0 0 529.638671875 529.638671875 0 255.79949951171875 260.468536376953125 312.326995849609375 1247.51025390625 3361.16015625 8937.455078125 5368.18017578125 3550.09912109375 1550.0059814453125 0 1559.91796875 1668.1307373046875 52437.08203125 52437.08203125 22952.951171875 8210.8857421875 3266.992919921875 0 600.0635986328125 3250.987548828125 5838.8603515625 3230.3779296875
3103.155029296875 0 0 0 0 0 0 0 0 0 0 0 0 0 0 0 0 0 0 0 0 0 0 0 0 0 533.4735107421875 0 0 0 559.3759765625 368.451080322265625 583.4925537109375 1106.760009765625 1612.325439453125 2980.04833984375 1642.391357421875 12847.63671875 3050.955078125 2103.0830078125 2124.712890625 1375.198974609375 1297.8375244140625 52437.08203125 52437.08203125 30166.548828125 5272.4404296875 3960.653076171875 0 15293.015625 15293.015625 15293.015625 6147.14306640625
1597.8861083984375 0 0 0 0 0 0 0 0 0 0 0 0 0 0 0 0 0 0 0 0 0 0 0 0 0 547.9022216796875 0 0 0 383.954010009765625 613.83441162109375 839.52532958984375 1653.137451171875 1580.261962890625 1409.3609619140625 5220.58349609375 3887.74072265625 1520.073486328125 1887.060791015625 1828.47900390625 1494.98876953125 1259.3096923828125 52437.08203125 20571.560546875 30166.548828125 4654.31298828125 0 0 0 0 6093.57080078125 2873.809814453125
0 0 0 0 0 0 0 0 0 0 0 0 0 0 0 0 0 0 0 0 0 0 0 0 0 0 703.79901123046875 0 0 384.20599365234375 456.6279296875 893.05572509765625 1254.99853515625 1660.584716796875 1561.011474609375 2050.35546875 5495.263671875 5197.9736328125 1458.1304931640625 1824.3160400390625 1965.0899658203125 1419.835693359375 1282.1524658203125 0 2232.626953125 1957.8590087890625 7834.45654296875 18017.0078125 0 687.24151611328125 0 0 2115.94140625
1208.83837890625 0 0 0 0 0 0 0 0 0 0 0 0 0 0 0 0 0 0 0 0 0 0 0 0 0 0 0 0 260.6669921875 593.488525390625 1416.438720703125 1424.56298828125 1628.82470703125 1499.1695556640625 1126.489013671875 12699.619140625 12699.619140625 0 1933.56005859375 1498.16796875 1264.329345703125 1125.359375 0 3083.6689453125 7860.69677734375 18017.0078125 18017.0078125 1248.43603515625 966.8316650390625 295.2447509765625 0 0
0 0 0 0 0 0 0 501.78900146484375 0 0 0 0 0 0 0 0 0 0 0 0 0 0 0 0 0 0 0 0 0 0 0 1297.43603515625 1234.5589599609375 1467.0123291015625 2203.465087890625 810.82452392578125 1667.879638671875 7938.48681640625 437.194000244140625 1605.2900390625 1493.6839599609375 4495.46923828125 4495.46923828125 0 2407.284912109375 8385.775390625 18017.0078125 9863.8701171875 1547.406982421875 1616.4940185546875 948.9949951171875 0 0
0 0 0 0 0 0 0 528.0269775390625 561.6939697265625 0 0 0 0 0 0 0 0 0 0 0 0 0 0 0 0 0 0 0 0 0 0 0 0 2203.465087890625 2203.465087890625 1502.00244140625 2214.385009765625 3177.35498046875 3177.35498046875 1587.6490478515625 1267.318359375 3204.694091796875 2403.8583984375 1886.031982421875 2146.658447265625 2714.060791015625 8154.4248046875 1109.2220458984375 1556.339599609375 1020.138671875 0 1153.5140380859375 1144.071533203125
0 0 0 0 0 0 0 0 595.36102294921875 0 0 0 0 0 0 0 0 0 0 1366.5159912109375 3016.208984375 4417.369140625 574.88397216796875 635.03802490234375 653.469970703125 0 0 0 0 0 416.358489990234375 434.27398681640625 2416.802978515625 2230.3798828125 2227.8798828125 1393.2779541015625 2678.445068359375 2933.514892578125 3177.35498046875 1329.9940185546875 1055.8067626953125 1258.0982666015625 1053.25244140625 1137.8740234375 1368.8280029296875 173.438201904296875 36427.87890625 1272.3375244140625 3167.370849609375 4254.51171875 1620.89697265625 968.43133544921875 696.03924560546875
4074.4541015625 0 0 0 0 0 1778.470458984375 1304.447021484375 0 0 0 0 0 0 0 0 0 1292.1739501953125 1518.906005859375 1685.9530029296875 1582.191162109375 1548.7978515625 1280.186279296875 1053.8349609375 980.30322265625 1481.7769775390625 0 0 0 0 0 782.04571533203125 9538.556640625 386.17462158203125 474.14593505859375 1787.5970458984375 2124.011962890625 2280.661376953125 1216.4654541015625 1199.916259765625 1363.6865234375 1142.95703125 1237.2900390625 1316.57861328125 1498.9730224609375 2978.833251953125 1409.673583984375 1042.4449462890625 7302.51904296875 3461.604248046875 1630.634033203125 1423.90234375 1317.1259765625
4074.4541015625 2764.587890625 2764.587890625 0 0 0 2252.493896484375 0 0 0 0 0 0 0 0 893.71197509765625 947.20599365234375 1571.9654541015625 1231.73876953125 299.656707763671875 907.47662353515625 1035.9593505859375 590.51568603515625 595.0321044921875 2376.493896484375 1446.8013916015625 0 0 0 0 0 1247.0032958984375 3146.0986328125 840.94610595703125 143.7722625732421875 1166.2476806640625 4040.541748046875 1485.093994140625 3942.075927734375 2258.021484375 1368.9444580078125 1280.3922119140625 1133.4097900390625 1419.6658935546875 3692.210205078125 7018.6279296875 3645.64306640625 1031.998779296875 1149.862548828125 1465.00537109375 1296.8382568359375 1337.888671875 1298.546142578125
0 51439.83984375 27102.21484375 51439.83984375 0 0 0 0 0 0 0 0 0 0 0 0 248.8070068359375 1859.531982421875 1179.59619140625 922.489990234375 0 1398.7655029296875 1189.8580322265625 479.790985107421875 815.2564697265625 1010.76849365234375 478.470001220703125 0 0 0 0 4722.2802734375 2662.2314453125 528.09063720703125 364.3023681640625 380.345428466796875 100.9567413330078125 2428.79296875 3921.7734375 2730.314697265625 1027.58154296875 1246.7320556640625 1168.59423828125 1186.582763671875 4927.62744140625 8313.0556640625 2445.50927734375 1034.295166015625 940.4114990234375 1677.123779296875 1513.0404052734375 1069.467041015625 2050.510498046875
27338.916015625 51439.83984375 51439.83984375 36647.48828125 21855.134765625 0 0 0 0 0 0 0 0 0 0 0 528.197998046875 644.9173583984375 717.27447509765625 1399.8046875 2179.6201171875 1174.8385009765625 890.78173828125 743.9351806640625 963.0460205078125 1201.4146728515625 505.863677978515625 0 0 0 0 1991.0977783203125 1244.494384765625 2548.28271484375 1579.7052001953125 430.4639892578125 816.027099609375 2164.219482421875 2876.869384765625 1344.1021728515625 1927.36572265625 5378.234375 1126.2579345703125 1424.6121826171875 1217.7724609375 2786.59326171875 1296.501220703125 1255.0416259765625 1219.2139892578125 4079.9755859375 2784.42724609375 3152.14013671875 1027.0445556640625
51439.83984375 51439.83984375 51439.83984375 36647.48828125 21855.134765625 0 0 0 0 0 0 0 0 0 0 0 0 0 0 312.10400390625 775.50701904296875 775.62127685546875 0 1006.3275146484375 0 1147.406982421875 1147.406982421875 0 0 0 2336.837646484375 1165.5223388671875 1404.18603515625 3211.027099609375 4225.447265625 565.13201904296875 565.5172119140625 1044.951904296875 2338.341064453125 1453.154052734375 1786.772216796875 5602.091796875 3916.096435546875 2890.0341796875 1643.44873046875 1288.7271728515625 1214.736328125 1364.940185546875 2067.265869140625 2447.837890625 1248.7449951171875 991.3917236328125 1038.592529296875
677.261474609375 0 51439.83984375 21855.134765625 21855.134765625 0 0 0 0 0 0 0 0 0 0 0 0 0 0 0 0 498.9110107421875 0 0 0 0 0 0 0 0 4290.248046875 3248.979248046875 1657.3079833984375 3875.168701171875 2175.1669921875 6159.9482421875 1356.2406005859375 1631.1800537109375 1333.0302734375 1192.1842041015625 1737.05224609375 2822.859619140625 3848.693115234375 2902.134521484375 1888.70703125 3292.11083984375 5125.14111328125 2320.030517578125 2062.451416015625 1788.821533203125 1179.197021484375 0 1606.0716552734375
155.5030059814453125 0 0 0 0 0 0 0 0 0 0 0 0 0 0 0 0 0 0 0 0 0 0 0 0 0 0 0 0 0 955.862060546875 900.65496826171875 1137.2015380859375 2105.405517578125 426.675323486328125 2774.49560546875 6024.32470703125 68.447967529296875 470.40472412109375 4697.77783203125 1265.2650146484375 1420.1680908203125 2585.576904296875 2652.95751953125 1766.814208984375 3714.661865234375 9118.06640625 7065.7978515625 1433.416748046875 1881.16943359375 1756.4466552734375 2561.249755859375 1456.4940185546875
0 0 0 0 0 0 0 0 0 0 0 0 1938.4549560546875 1861.1534423828125 2190.992919921875 2372.511474609375 1051.2359619140625 0 0 0 0 0 0 0 0 0 0 0 0 0 7730.7724609375 3458.48779296875 3367.9912109375 719.16278076171875 1284.9542236328125 677.74493408203125 1995.128662109375 1569.2119140625 1019.90374755859375 3434.220703125 1314.1251220703125 1239.685546875 1497.5579833984375 1589.6011962890625 1789.686767578125 2279.227783203125 4408.86181640625 1492.466552734375 1679.779541015625 2161.274169921875 3247.658447265625 8522.0966796875 4214.853515625
0 0 0 0 0 0 0 0 0 0 0 0 1066.4014892578125 1904.0799560546875 3540.66357421875 2498.587646484375 1556.0926513671875 0 3584.62890625 3584.62890625 3584.62890625 0 0 0 0 0 0 0 0 292.67578125 625.6727294921875 593.3602294921875 3277.4990234375 895.25506591796875 1016.30963134765625 1435.848388671875 1658.2220458984375 1955.5460205078125 284.6859130859375 1225.9649658203125 1345.99072265625 1055.267822265625 1056.111572265625 768.40985107421875 1352.6048583984375 1587.5694580078125 1544.94921875 1501.301025390625 1447.5679931640625 1321.1119384765625 3491.321533203125 414.26629638671875 1669.1060791015625
0 0 0 0 0 0 0 0 0 0 0 1997.2540283203125 1095.801025390625 194.3480072021484375 3228.5390625 2624.6640625 1568.3536376953125 0 538.54998779296875 1281.3096923828125 2002.7738037109375 643.38848876953125 2603.08154296875 6957.283203125 7743.2392578125 11555.40625 0 0 0 0 4854.515625 390.13275146484375 9479.4599609375 4017.89013671875 83.141937255859375 2301.26904296875 2419.73486328125 635.97509765625 2775.548095703125 0 0 1335.1463623046875 1142.79931640625 1027.4539794921875 1042.363037109375 1209.1490478515625 1041.56494140625 2073.8681640625 1222.7467041015625 2256.33740234375 443.143951416015625 74.65026092529296875 595.3656005859375
0 0 0 0 0 0 0 0 0 0 0 1997.2540283203125 1997.2540283203125 0 0 371.368988037109375 230.0533294677734375 596.46002197265625 1961.08203125 2334.495849609375 3088.156494140625 2852.909912109375 5651.919921875 6653.27783203125 9380.7314453125 17563.091796875 17563.091796875 457.55499267578125 229.9550018310546875 101.65799713134765625 0 4323.00439453125 1031.04150390625 5332.03955078125 5910.45166015625 3837.309326171875 2188.32373046875 1332.078125 5270.85107421875 5270.85107421875 1637.9320068359375 1198.5223388671875 1642.3990478515625 1642.3990478515625 0 0 0 964.3052978515625 1700.8182373046875 1293.61767578125 185.14544677734375 1778.9739990234375 716.73095703125
0 0 0 0 0 0 0 0 0 0 0 0 182.1087493896484375 305.274322509765625 298.776336669921875 231.5789947509765625 1769.0772705078125 5470.89208984375 3325.7041015625 2665.609375 3466.283447265625 3823.758544921875 15260.1005859375 12953.947265625 12508.9599609375 17563.091796875 17563.091796875 1046.6064453125 0 101.65799713134765625 0 0 1996.6158447265625 1920.617919921875 5277.86962890625 3377.58251953125 1849.91015625 3952.27978515625 5270.85107421875 720.71697998046875 684.177001953125 0 0 0 0 0 0 2031.9254150390625 1027.7847900390625 1160.8836669921875 4297.25244140625 2653.239013671875 3057.603759765625
0 0 0 0 0 0 0 0 0 0 0 0 0 819.89349365234375 1792.0350341796875 873.58648681640625 3244.320068359375 2580.232666015625 800.73297119140625 1548.557373046875 2289.474365234375 3272.552734375 8727.47265625 25859.29296875 25859.29296875 1586.1009521484375 1586.1009521484375 1635.657958984375 0 0 300.02301025390625 0 0 0 0 749.5277099609375 3431.7001953125 666.5250244140625 666.5250244140625 320.923004150390625 0 0 0 0 0 0 0 0 0 0 0 775.1875 514.010009765625
0 0 0 0 0 0 0 0 0 0 0 0 0 301.2919921875 243.537994384765625 140.26300048828125 0 708.22662353515625 1062.739013671875 765.09698486328125 2581.72998046875 7228.43798828125 9757.5869140625 20542.857421875 11365.880859375 4283.7080078125 4401.02197265625 0 0 0 0 0 0 0 0 0 0 0 0 0 0 0 0 0 0 0 0 0 0 0 0 0 0
