ForecastVariables/BuildingArea_Mean_100m/BuildingAreaMean_Random2.asc
ncols        529
nrows        344
xllcorner    2700.000000000000
yllcorner    15900.000000000000
cellsize     100.000000000000
NODATA_value  0
[rows 96 to 119 of 344, columns 265 to 317 of 529]
1007.42791748046875 3010.512939453125 2757.910888671875 4258.64990234375 5254.10546875 4808.099609375 3366.637939453125 0 0 0 0 0 0 0 0 0 743.08758544921875 760.1068115234375 644.58966064453125 349.527923583984375 429.022705078125 340.476287841796875 299.53656005859375 333.420318603515625 328.495574951171875 334.73468017578125 316.6781005859375 343.429931640625 384.867767333984375 308.904052734375 358.25885009765625 304.8314208984375 578.43255615234375 125.19771575927734375 197.9935302734375 247.3868408203125 276.538604736328125 209.172119140625 1720.37353515625 4061.041259765625 5338.2421875 30980.466796875 30980.466796875 42285.80078125 53591.13671875 53591.13671875 0 6720.93798828125 283.3468017578125 189.093231201171875 4606.5791015625 2770.3984375 745.3184814453125
634.20538330078125 392.7052001953125 2757.910888671875 0 0 1077.1719970703125 1878.1436767578125 0 0 2744.262451171875 116.88779449462890625 1651.9866943359375 0 0 0 0 2598.8779296875 1106.8621826171875 547.08221435546875 381.09393310546875 612.02349853515625 304.791748046875 2079.518798828125 354.941131591796875 412.46771240234375 335.274749755859375 308.4039306640625 1432.949462890625 280.64324951171875 276.7227783203125 331.583282470703125 206.885040283203125 208.9044036865234375 171.31756591796875 217.193084716796875 227.940277099609375 353.06298828125 1822.62548828125 1634.0032958984375 23904.078125 1889.3134765625 30980.466796875 1620.760009765625 53591.13671875 53591.13671875 53591.13671875 53591.13671875 53591.13671875 5515.7666015625 4812.3349609375 1919.692626953125 1593.7344970703125 11539.3876953125
2263.125 4416.57080078125 2188.341552734375 2852.402099609375 4515.7666015625 5347.44921875 2553.11669921875 26.225406646728515625 939.9376220703125 9081.5166015625 448.994354248046875 455.82696533203125 1378.4075927734375 0 0 0 1830.1123046875 599.61138916015625 503.954986572265625 647.95281982421875 539.29766845703125 919.26593017578125 2186.191650390625 1006.037353515625 530.0592041015625 411.296142578125 363.00372314453125 381.6522216796875 1571.5101318359375 2675.748779296875 1017.3702392578125 210.3614501953125 796.36187744140625 2430.882080078125 1711.461669921875 6444.4169921875 974.88299560546875 19360.87109375 2888.87158203125 4314.873046875 1434.6773681640625 272.27484130859375 4636.24951171875 53591.13671875 53591.13671875 53591.13671875 53591.13671875 53591.13671875 0 3313.3095703125 2490.853271484375 892.26544189453125 561.35723876953125
1532.9820556640625 1532.9820556640625 3866.9619140625 3866.9619140625 5639.93701171875 5061.462890625 3230.180908203125 3189.011474609375 3076.18896484375 1300.8192138671875 202.369140625 1824.040771484375 2178.71142578125 0 0 0 986.52734375 810.73193359375 11098.013671875 22.702465057373046875 5986.220703125 615.99761962890625 699.92047119140625 1770.720947265625 255.789215087890625 420.6385498046875 3361.00732421875 910.21612548828125 2041.063720703125 4680.748046875 1714.603271484375 464.40802001953125 2982.740478515625 4140.82080078125 2444.77490234375 1836.987548828125 1336.258544921875 15719.453125 9971.8232421875 17223.919921875 1833.0623779296875 4672.1474609375 11545.5625 4088.490234375 691.439697265625 27932.275390625 27844.53515625 53591.13671875 1527.5999755859375 1549.68505859375 1667.9010009765625 977.23748779296875 550.65435791015625
0 2332.9609375 3607.241455078125 3252.156494140625 12660.0751953125 8571.5322265625 8571.5322265625 292.55145263671875 10476.6328125 3544.190185546875 4382.82421875 5591.53662109375 5237.44873046875 0 0 0 3342.61669921875 2548.5205078125 918.16790771484375 964.6484375 71.3966064453125 1152.4566650390625 0 710.33709716796875 646.3675537109375 636.98565673828125 515.4686279296875 1311.215087890625 1005.26373291015625 2858.727294921875 4265.70166015625 3077.930908203125 7180.47265625 2872.310791015625 130.1562042236328125 349.9752197265625 967.02862548828125 1515.1817626953125 870.53997802734375 1555.2965087890625 1675.5498046875 6249.17236328125 17362.005859375 3982.2216796875 7091.3671875 1501.3609619140625 1952.573486328125 1963.33203125 3494.267333984375 1314.9180908203125 1241.0875244140625 1404.64404296875 624.27252197265625
1032.0419921875 1359.816650390625 689.44000244140625 1622.791015625 10164.50390625 8313.8076171875 8636.2451171875 1432.4813232421875 1696.8505859375 2112.349609375 1274.1890869140625 2362.8232421875 261.0142822265625 53793.55859375 53793.55859375 0 6888.974609375 2221.0859375 1690.230224609375 3347.924560546875 3568.539794921875 2246.254150390625 2210.75390625 916.635986328125 1013.2772216796875 954.21551513671875 934.4530029296875 397.20062255859375 7474.70556640625 621.2130126953125 782.37799072265625 246.0056610107421875 0 0 0 0 451.21051025390625 1612.747802734375 1151.7783203125 1404.916015625 1224.392333984375 1808.0068359375 4246.05224609375 298.83526611328125 6704.4716796875 1155.0389404296875 1084.47998046875 952.1920166015625 2594.4130859375 2706.2099609375 1276.4794921875 1236.3427734375 2015.189697265625
1431.675048828125 1435.65576171875 652.81402587890625 0 5677.72265625 5274.74609375 4871.77001953125 347.413299560546875 9604.3154296875 626.0633544921875 729.2431640625 593.48089599609375 1163.069580078125 53793.55859375 53793.55859375 0 2666.239013671875 1677.542724609375 3705.63232421875 2583.88916015625 4549.33251953125 0 0 3741.428466796875 3744.680908203125 6698.36865234375 9502.228515625 9502.228515625 15973.66015625 15973.66015625 15973.66015625 26482.994140625 26482.994140625 0 19849.201171875 19849.201171875 1871.300048828125 1974.2969970703125 1256.9849853515625 1004.21600341796875 2854.517822265625 4773.38720703125 2809.2783203125 2895.923828125 1651.2781982421875 2244.317138671875 2074.053955078125 1188.143798828125 2641.501708984375 1357.7181396484375 993.927001953125 1199.2012939453125 1384.8927001953125
2006.4599609375 1232.6669921875 879.62298583984375 0 4790.47216796875 4181.00244140625 3921.2529296875 7139.49951171875 1578.5379638671875 4320.25927734375 2456.659423828125 6297.00927734375 1982.388916015625 53793.55859375 53793.55859375 0 3085.14453125 1245.634033203125 0 0 201.40899658203125 3778.5849609375 3758.380615234375 4021.48876953125 4121.2978515625 6698.36865234375 10199.099609375 9572.0048828125 12799.3955078125 14378.203125 14378.203125 26482.994140625 26482.994140625 15496.8251953125 12179.9287109375 19849.201171875 1666.0460205078125 1532.33056640625 1257.0712890625 997.902587890625 3537.46337890625 4491.208984375 7192.23583984375 4021.034912109375 2025.2606201171875 5342.61083984375 3735.39697265625 1536.2642822265625 1191.408203125 1146.86669921875 1038.5260009765625 1738.966552734375 1555.7635498046875
0 0 654.844482421875 645.5023193359375 0 2962.06298828125 1855.9105224609375 4259.08203125 1579.1715087890625 778.10595703125 1548.5716552734375 384.754241943359375 2312.678955078125 53793.55859375 53793.55859375 0 0 1886.633056640625 2552.09033203125 2249.6259765625 0 0 5258.064453125 5940.998046875 3293.85693359375 3132.394287109375 10547.53515625 9641.7802734375 8842.6455078125 5735.08642578125 5875.0830078125 14127.2578125 14628.6455078125 4538.986328125 3866.07763671875 1847.3575439453125 0 1735.58984375 1126.349853515625 1230.585205078125 1148.615478515625 998.8740234375 1213.156982421875 932.833984375 1073.8753662109375 1919.48876953125 1530.61474609375 2072.152099609375 2864.3544921875 1697.8270263671875 2110.10791015625 2190.97998046875 2155.173583984375
0 0 547.46734619140625 586.6588134765625 1876.968505859375 1876.968505859375 1919.64501953125 2053.86474609375 3869.423583984375 6359.68310546875 1719.9456787109375 434.94464111328125 667.2486572265625 7508.88623046875 12871.365234375 12871.365234375 0 1753.8284912109375 2173.715576171875 1533.04541015625 278.375 0 6130.7587890625 6029.634765625 4442.08251953125 11453.291015625 4804.123046875 955.32733154296875 2558.0869140625 3385.866455078125 2133.765380859375 2015.966552734375 2798.72412109375 4848.23193359375 4148.1142578125 2896.572998046875 2896.572998046875 1822.9407958984375 1062.199951171875 1159.5350341796875 1106.864013671875 1048.6553955078125 1842.2117919921875 2011.1094970703125 1122.6807861328125 2105.58251953125 1757.859619140625 1773.181640625 2006.947509765625 1679.3759765625 2066.365478515625 1485.084716796875 1558.2117919921875
0 2316.24951171875 2096.51611328125 0 1580.8134765625 1580.8134765625 1548.5074462890625 2507.8837890625 6812.55908203125 1619.885009765625 1888.6907958984375 1644.7886962890625 2132.75390625 4452.8955078125 12871.365234375 7165.041015625 1458.717041015625 1619.15478515625 2562.6923828125 2383.622802734375 757.89599609375 3518.410888671875 9672.3134765625 12070.7861328125 8125.3291015625 8458.9560546875 2250.242431640625 14849.1064453125 6272.00439453125 1410.876708984375 1655.099365234375 1834.1116943359375 1464.5423583984375 1403.239013671875 1350.591552734375 1175.4219970703125 1970.9383544921875 1399.46435546875 1578.6524658203125 1414.92236328125 1272.9205322265625 1248.664306640625 2445.680419921875 2219.949951171875 1381.8133544921875 821.7659912109375 3031.8125 1814.6826171875 1047.524658203125 1940.18994140625 3380.046630859375 1660.4554443359375 1839.043212890625
0 1761.5926513671875 1761.5926513671875 0 1422.31005859375 1390.622314453125 1487.529296875 2409.341796875 3730.531005859375 1884.20849609375 2009.7230224609375 2133.481689453125 2959.24658203125 1804.4517822265625 1402.9334716796875 1331.6185302734375 1608.011474609375 2446.384033203125 2670.868896484375 2738.847412109375 2740.1826171875 3823.2236328125 4919.654296875 9091.171875 3679.48681640625 1848.953369140625 8456.3525390625 7631.783203125 8639.0947265625 1572.67333984375 1871.114501953125 1752.490966796875 1622.8087158203125 1353.2591552734375 1051.8909912109375 1236.564208984375 1161.481201171875 1168.425048828125 1483.0582275390625 1725.0374755859375 1507.33544921875 1129.1732177734375 1492.106201171875 1593.97021484375 1395.6282958984375 2072.33740234375 4326.83154296875 2164.093994140625 1786.7655029296875 3526.8603515625 11384.375 1571.511962890625 1854.76025390625
746.489990234375 2197.54541015625 1823.098388671875 1174.0439453125 1496.7550048828125 683.0889892578125 1007.02044677734375 1467.062255859375 1359.3370361328125 1716.844970703125 1489.7020263671875 1750.6644287109375 1572.4237060546875 1766.3602294921875 877.04058837890625 1574.7889404296875 4272.99853515625 2049.658935546875 1901.9986572265625 2386.53955078125 2599.55908203125 3014.966552734375 4574.701171875 4230.02783203125 1976.54296875 449.699554443359375 541.32952880859375 3986.697021484375 3797.5244140625 1273.70849609375 1810.758056640625 1133.773193359375 1276.23828125 7491.36279296875 2383.3740234375 816.322998046875 536.44024658203125 1720.574462890625 1188.5572509765625 840.50848388671875 714.3494873046875 660.30316162109375 3478.571533203125 2771.50634765625 1199.7716064453125 2188.346923828125 4326.83154296875 1883.3927001953125 1195.8671875 3347.037109375 3756.181396484375 912.1898193359375 2591.193115234375
746.489990234375 1757.2159423828125 1637.1240234375 1111.5601806640625 1589.0284423828125 1314.7874755859375 1609.32666015625 1032.3837890625 3861.00146484375 2829.20361328125 2214.25439453125 2495.18994140625 1639.7147216796875 1748.114013671875 1314.6607666015625 2542.823486328125 5533.05517578125 5533.05517578125 1851.6893310546875 1966.0279541015625 2228.822509765625 2698.769287109375 4291.3642578125 5085.33740234375 2581.683837890625 2768.257080078125 4956.53515625 5729.9169921875 3053.721435546875 5270.896484375 1159.1103515625 6221.25634765625 1382.9100341796875 3294.785400390625 2627.660888671875 1246.3048095703125 1103.2852783203125 2192.938232421875 703.79217529296875 644.84674072265625 879.47454833984375 1087.6866455078125 3508.16357421875 5622.0068359375 1220.0113525390625 1295.5498046875 2559.91796875 1527.90234375 1676.2110595703125 1091.028564453125 1281.456787109375 4684.5068359375 25183.29296875
1480.00732421875 1189.353759765625 2075.08837890625 1695.133544921875 1184.3800048828125 685.947021484375 813.4703369140625 67.302001953125 3600.01953125 1707.741455078125 1622.1995849609375 1171.905517578125 1254.76171875 1346.523681640625 1996.51171875 1794.6920166015625 3041.185302734375 1795.25048828125 2125.426513671875 1957.90185546875 1886.181396484375 5441.6923828125 10246.486328125 10501.640625 5852.2158203125 4814.3212890625 8699.0029296875 4705.203125 1468.6923828125 8110.8330078125 7860.068359375 8161.21875 3947.209228515625 1210.4818115234375 1677.46630859375 1528.8675537109375 8390.0498046875 4932.62109375 2333.07666015625 1055.746826171875 986.24847412109375 1012.97357177734375 3400.587890625 4771.80810546875 1282.518798828125 1321.0181884765625 1103.9072265625 1453.832275390625 2318.490478515625 2829.624267578125 7348.66943359375 6273.0849609375 5187.427734375
1363.6536865234375 1556.17431640625 2097.8544921875 3350.791259765625 1682.6519775390625 15163.66015625 28598.048828125 0 7976.69189453125 6929.8525390625 1519.20703125 2124.929443359375 2023.6787109375 1763.707275390625 2119.47705078125 1689.877685546875 1776.979736328125 1938.50244140625 0 9028.52734375 6332.45458984375 4294.73779296875 2710.4130859375 5291.28857421875 1011.85400390625 696.16485595703125 1398.69287109375 4622.30859375 2979.138916015625 1070.9847412109375 4990.97705078125 5680.02783203125 7666.52880859375 8329.2353515625 6786.53369140625 11630.2021484375 15060.447265625 10314.197265625 2635.48681640625 1499.0889892578125 1748.7264404296875 1104.0316162109375 1127.54296875 1392.9305419921875 1348.3177490234375 1194.4222412109375 1192.9525146484375 2851.6630859375 3809.88134765625 3904.87890625 1723.3179931640625 641.00433349609375 325.759307861328125
2282.0458984375 1416.2706298828125 975.91082763671875 3160.112060546875 4760.88671875 21362.96484375 28598.048828125 10663.5830078125 10115.544921875 10245.33203125 10702.6533203125 1980.39501953125 1797.31201171875 1736.28466796875 0 1615.4150390625 2118.160400390625 2096.221923828125 0 12300.203125 2284.527099609375 302.372283935546875 402.40234375 882.68182373046875 794.91802978515625 842.4228515625 598.2774658203125 8191.041015625 3225.833251953125 1458.62646484375 1684.3096923828125 1672.5281982421875 1923.559814453125 5555.2666015625 8665.240234375 11386.89453125 1625.949951171875 1230.2139892578125 1484.7337646484375 1667.3590087890625 1955.1304931640625 1381.77197265625 1658.9334716796875 1552.9105224609375 1073.22021484375 1359.5548095703125 1338.4100341796875 5337.59912109375 2516.686279296875 894.82940673828125 1352.5604248046875 1092.2962646484375 310.948028564453125
1427.817626953125 2035.8709716796875 1830.8590087890625 1706.0205078125 1106.2640380859375 15462.5615234375 15462.5615234375 6803.77490234375 1996.2464599609375 608.68798828125 1024.997314453125 1667.7135009765625 1309.4857177734375 2492.386962890625 1280.552001953125 1395.645751953125 1198.64404296875 0 0 3653.47314453125 348.615753173828125 370.658111572265625 761.78912353515625 795.46234130859375 750.23974609375 1074.0638427734375 1052.214111328125 1377.3792724609375 6670.96337890625 1820.3780517578125 2069.1806640625 1531.5966796875 1520.643310546875 2647.0380859375 1235.9407958984375 1239.762939453125 2024.647705078125 716.4566650390625 684.8404541015625 329.641204833984375 377.457733154296875 215.050140380859375 554.3135986328125 666.4732666015625 657.45037841796875 1104.1419677734375 0 0 967.28814697265625 954.34442138671875 1117.2108154296875 2950.836181640625 1536.0760498046875
3300.093994140625 1800.198486328125 1772.2215576171875 1581.7889404296875 1523.6414794921875 2065.3544921875 2148.861572265625 1251.591552734375 5317.044921875 8400.3154296875 1180.8819580078125 1378.5833740234375 1497.8773193359375 1991.2655029296875 1275.356689453125 1391.362548828125 2010.2509765625 0 0 2029.6802978515625 844.63800048828125 495.05615234375 746.9600830078125 1018.04522705078125 702.65277099609375 1590.503662109375 1699.2061767578125 1290.892822265625 7043.5 5020.6533203125 1298.0281982421875 1274.0897216796875 1510.5489501953125 1826.34326171875 1120.045654296875 181.879425048828125 441.26361083984375 274.272216796875 265.437347412109375 169.3435211181640625 331.81982421875 464.47412109375 321.779937744140625 233.0342559814453125 308.579345703125 130.870330810546875 247.274993896484375 0 1774.341552734375 1502.7286376953125 1554.35302734375 1432.8270263671875 3678.277587890625
5164.75 1252.6724853515625 1602.34375 1399.4554443359375 1367.467529296875 1797.9742431640625 1460.17626953125 1229.154052734375 8400.3154296875 8400.3154296875 1101.8436279296875 1625.2022705078125 2249.959228515625 2080.26171875 1659.412353515625 2024.7440185546875 1068.436279296875 573.5615234375 912.60198974609375 1319.653076171875 416.69451904296875 440.990936279296875 524.62945556640625 1258.2950439453125 849.25714111328125 1649.2099609375 1950.9537353515625 1602.05224609375 2502.57275390625 4886.0361328125 1522.3822021484375 1869.2294921875 1244.749755859375 1479.93017578125 588.2318115234375 166.738189697265625 381.5224609375 508.276458740234375 532.8529052734375 557.62335205078125 498.126495361328125 526.83843994140625 282.570526123046875 239.552032470703125 212.24957275390625 159.5706787109375 178.7357635498046875 0 1504.983642578125 1430.652587890625 1649.0703125 1626.697509765625 430.7833251953125
3286.18115234375 1488.9871826171875 774.6143798828125 1227.4110107421875 1200.8267822265625 1448.649658203125 3596.06494140625 3596.06494140625 7126.7861328125 4849.79443359375 1271.697021484375 1829.9310302734375 2263.368896484375 1901.0264892578125 1606.1429443359375 1274.4097900390625 1845.844970703125 2306.89990234375 1278.5181884765625 474.672454833984375 384.58123779296875 335.19146728515625 591.51641845703125 806.28509521484375 998.71734619140625 734.31585693359375 441.06671142578125 4913.83837890625 1082.8314208984375 0 1224.619384765625 1169.5576171875 900.1134033203125 680.40264892578125 413.487884521484375 226.15289306640625 163.1467437744140625 198.5138397216796875 192.23388671875 459.864349365234375 373.238128662109375 298.95849609375 362.9371337890625 397.576751708984375 340.366851806640625 157.688629150390625 852.1875 7488.115234375 4017.574951171875 1898.0694580078125 1717.58935546875 1565.720458984375 1464.1844482421875
1520.1766357421875 1664.3656005859375 1799.710205078125 1557.5340576171875 1846.5484619140625 1323.864013671875 805.52252197265625 3384.95556640625 5853.2568359375 1209.89794921875 1724.7227783203125 1769.2144775390625 1803.6915283203125 1398.238037109375 1309.051025390625 4061.625 3848.6923828125 2461.878662109375 1108.513671875 436.05181884765625 369.568511962890625 496.2386474609375 1778.115478515625 2306.89111328125 1680.812744140625 413.390167236328125 283.7967529296875 278.127044677734375 342.078857421875 633.89111328125 558.459228515625 509.143798828125 220.9680023193359375 395.57562255859375 538.577392578125 360.721710205078125 214.4954986572265625 157.0045166015625 176.8902130126953125 835.495361328125 313.924530029296875 232.911834716796875 200.27691650390625 234.4161376953125 170.841583251953125 164.2996673583984375 985.2528076171875 13502.857421875 13502.857421875 2480.633056640625 1739.8175048828125 2850.448974609375 2540.47998046875
0 725.26300048828125 1950.1099853515625 1493.89501953125 2088.51904296875 2146.798583984375 912.19769287109375 1510.353271484375 1500.246826171875 1518.0836181640625 1729.359375 1997.071044921875 1327.8343505859375 1916.0816650390625 1987.35498046875 7939.14306640625 7939.14306640625 1754.6810302734375 500.566009521484375 373.329437255859375 410.10467529296875 400.0400390625 789.91748046875 2181.53564453125 1293.52978515625 838.3568115234375 373.22760009765625 376.93731689453125 482.681610107421875 631.19329833984375 508.028045654296875 341.993408203125 331.654510498046875 419.728118896484375 559.59161376953125 315.356903076171875 237.6949462890625 291.303436279296875 322.616943359375 216.7096710205078125 405.758575439453125 197.55072021484375 209.1384735107421875 163.1165618896484375 84.2687530517578125 142.981170654296875 216.9431304931640625 380.76507568359375 2527.682373046875 0 1479.550048828125 1442.18115234375 1421.685791015625
0 0 260.589996337890625 0 3540.14599609375 3271.785888671875 1865.5306396484375 1630.9683837890625 1417.2435302734375 1029.59130859375 1532.2574462890625 1447.739501953125 2021.1026611328125 1798.0897216796875 1744.7982177734375 3746.520751953125 1957.157958984375 513.7777099609375 367.684722900390625 365.795440673828125 430.188629150390625 437.449493408203125 423.726898193359375 548.783203125 581.6630859375 2045.302001953125 925.99102783203125 438.419677734375 392.032012939453125 523.8525390625 637.0631103515625 398.192291259765625 326.9949951171875 488.276458740234375 408.79400634765625 257.438751220703125 190.062225341796875 526.18115234375 225.136993408203125 288.51043701171875 853.7584228515625 754.48309326171875 2188.743408203125 2476.633544921875 387.962371826171875 386.772674560546875 471.330841064453125 388.80511474609375 665.709716796875 843.4840087890625 1063.1949462890625 1224.8621826171875 1184.31494140625
