PredictorVariables/BuildingPerimeter_100m/BuildingPerimeter_redo_100.asc
ncols        529
nrows        344
xllcorner    2700.000000000000
yllcorner    15900.000000000000
cellsize     100.000000000000
NODATA_value  0
[rows 168 to 191 of 344, columns 212 to 264 of 529]
372.906097412109375 390.989898681640625 618.9232177734375 323.61590576171875 469.471221923828125 502.05242919921875 615.5667724609375 643.65411376953125 542.5714111328125 452.17437744140625 647.09405517578125 820.3348388671875 582.7459716796875 291.713134765625 79.38108062744140625 371.851318359375 412.322967529296875 430.6368408203125 531.52740478515625 412.319366455078125 152.58056640625 246.113861083984375 422.29461669921875 396.637969970703125 438.979705810546875 356.650787353515625 457.6602783203125 78.19678497314453125 174.0928955078125 650.9381103515625 672.5562744140625 667.78125 200.614715576171875 725.97674560546875 559.16192626953125 461.342437744140625 285.619903564453125 244.2003173828125 52.696502685546875 60.7574615478515625 303.16015625 319.470916748046875 482.860260009765625 604.77960205078125 536.38433837890625 856.390380859375 835.28753662109375 955.1021728515625 646.094970703125 717.94805908203125 370.5584716796875 179.1748809814453125 297.304351806640625
152.5506591796875 565.07012939453125 318.590789794921875 492.669036865234375 517.051513671875 351.74224853515625 751.88824462890625 586.0634765625 690.10711669921875 307.349609375 575.80792236328125 571.3045654296875 459.98956298828125 516.75244140625 370.53314208984375 701.849609375 223.33612060546875 499.421417236328125 525.22064208984375 473.952911376953125 282.5740966796875 198.36956787109375 337.35211181640625 127.2828369140625 0 280.57232666015625 438.752166748046875 286.39996337890625 297.300506591796875 461.37060546875 405.071929931640625 507.716766357421875 295.29058837890625 664.5498046875 603.67333984375 561.9434814453125 335.530975341796875 454.454254150390625 362.985595703125 342.605926513671875 212.696990966796875 41.06256103515625 8.0115156173706054688 27.000989913940429688 383.6478271484375 765.68133544921875 664.0013427734375 556.6383056640625 530.54034423828125 707.1719970703125 150.8365936279296875 332.00238037109375 455.068756103515625
707.10784912109375 530.613037109375 629.3602294921875 525.38275146484375 659.5469970703125 519.41424560546875 204.49102783203125 670.5845947265625 580.123046875 289.267242431640625 336.888031005859375 217.5262298583984375 282.9566650390625 459.277679443359375 704.2559814453125 274.743316650390625 358.148162841796875 304.819000244140625 507.42266845703125 686.43798828125 344.871856689453125 0 0 98.1641387939453125 155.925689697265625 152.6328277587890625 218.5311126708984375 191.17401123046875 562.3148193359375 473.4173583984375 64.97992706298828125 35.1905059814453125 349.211822509765625 661.8900146484375 664.783935546875 450.447662353515625 392.530364990234375 268.872650146484375 393.370880126953125 431.13507080078125 324.318115234375 323.135223388671875 214.4257659912109375 103.33464813232421875 342.179290771484375 405.047698974609375 622.4599609375 322.203399658203125 648.9698486328125 634.7115478515625 332.455963134765625 430.025848388671875 263.6900634765625
419.4273681640625 517.8138427734375 407.108673095703125 553.85650634765625 630.04443359375 516.59759521484375 122.0080718994140625 199.6671142578125 204.89422607421875 330.85906982421875 158.3892822265625 207.05108642578125 350.0308837890625 376.402496337890625 512.01214599609375 500.06396484375 381.2850341796875 477.7728271484375 645.20367431640625 472.6763916015625 410.684295654296875 152.218414306640625 110.53460693359375 61.906032562255859375 52.364444732666015625 360.503692626953125 396.4312744140625 533.00189208984375 609.30474853515625 621.169189453125 364.083831787109375 156.189117431640625 254.3845977783203125 216.5458526611328125 349.997406005859375 509.616973876953125 411.862823486328125 479.7657470703125 353.307403564453125 537.037109375 365.38812255859375 263.9053955078125 632.5294189453125 472.02301025390625 57.94901275634765625 312.84375 598.90655517578125 204.0281829833984375 361.36114501953125 321.441619873046875 531.54638671875 239.7985076904296875 190.7884979248046875
465.50048828125 516.2071533203125 571.83074951171875 420.761688232421875 416.360443115234375 208.0673370361328125 175.2303466796875 186.4628143310546875 87.43450927734375 126.7427215576171875 531.04296875 533.501953125 417.854705810546875 536.71331787109375 44.853588104248046875 106.13037109375 495.318267822265625 455.522857666015625 637.8658447265625 133.3418426513671875 37.136749267578125 330.2982177734375 86.79170989990234375 0 286.989166259765625 625.45556640625 422.102935791015625 522.82208251953125 780.00262451171875 866.66058349609375 190.2068328857421875 529.23944091796875 706.888427734375 223.471588134765625 442.827392578125 429.869049072265625 376.65093994140625 382.88934326171875 403.8131103515625 347.526580810546875 252.475372314453125 549.9639892578125 372.065399169921875 347.21575927734375 500.477203369140625 65.9456939697265625 268.2667236328125 332.632171630859375 322.881256103515625 169.502960205078125 251.636505126953125 374.8599853515625 239.975982666015625
402.948760986328125 480.40887451171875 347.16363525390625 406.571197509765625 562.401611328125 337.956146240234375 470.30364990234375 57.6899871826171875 154.9044952392578125 246.94171142578125 596.5003662109375 562.94482421875 535.39910888671875 342.813079833984375 49.580478668212890625 102.955902099609375 449.703643798828125 526.44183349609375 529.82720947265625 0 28.753009796142578125 0 0 176.9792022705078125 219.443878173828125 468.490936279296875 546.00830078125 160.2677459716796875 338.168365478515625 322.772308349609375 566.5078125 743.877685546875 382.7117919921875 95.86296844482421875 171.2337646484375 388.9013671875 230.4714508056640625 483.772613525390625 414.859344482421875 328.20538330078125 315.413604736328125 331.5087890625 380.78619384765625 303.30926513671875 515.49462890625 219.7829742431640625 20.981840133666992188 245.38690185546875 183.833221435546875 235.7503509521484375 412.720001220703125 330.166229248046875 300.243408203125
287.309051513671875 425.879730224609375 285.27825927734375 741.98504638671875 357.316192626953125 353.6885986328125 526.94549560546875 0 27.935712814331054688 591.43389892578125 398.550689697265625 409.909271240234375 326.514739990234375 208.3710174560546875 0 91.4694671630859375 31.856748580932617188 373.04144287109375 38.3094635009765625 0 145.21112060546875 0 0 310.14837646484375 400.568023681640625 381.241485595703125 432.980865478515625 229.75714111328125 606.191162109375 521.85870361328125 715.24609375 586.12640380859375 367.040557861328125 290.938568115234375 356.558349609375 295.139739990234375 152.8910675048828125 204.1499481201171875 273.775970458984375 372.926116943359375 110.92960357666015625 168.338897705078125 136.8516998291015625 310.311492919921875 270.524871826171875 178.7311248779296875 96.095672607421875 0 296.9881591796875 188.7693328857421875 74.5067138671875 271.01776123046875 224.0562591552734375
438.702545166015625 619.69049072265625 463.14764404296875 302.871612548828125 439.54205322265625 506.879638671875 52.535396575927734375 0 132.0326080322265625 472.94622802734375 362.7215576171875 491.783782958984375 486.863739013671875 93.12128448486328125 0 0 0 62.248340606689453125 1.2371288537979125977 95.92108154296875 0 0 0 608.82257080078125 535.59033203125 250.69580078125 409.019775390625 485.63775634765625 427.316070556640625 472.37060546875 537.13079833984375 498.97454833984375 216.6798858642578125 136.780975341796875 361.71942138671875 235.403594970703125 371.924591064453125 277.616546630859375 164.830352783203125 59.0606689453125 277.82427978515625 325.894012451171875 233.2314910888671875 345.686859130859375 554.18414306640625 435.308807373046875 165.5161285400390625 142.2042999267578125 75.5281829833984375 348.82342529296875 393.1812744140625 321.008819580078125 466.583984375
420.578033447265625 524.1812744140625 635.299072265625 455.757415771484375 74.956024169921875 276.5799560546875 309.35186767578125 64.12392425537109375 129.393951416015625 279.5328369140625 545.02587890625 503.6495361328125 233.11590576171875 0 0 0 0 0 0 0 378.952728271484375 14.083950042724609375 73.83642578125 415.0009765625 269.711395263671875 452.095703125 189.4968414306640625 601.8109130859375 485.538604736328125 436.486907958984375 555.35504150390625 275.541900634765625 148.2327880859375 190.66619873046875 226.355224609375 437.41778564453125 651.9605712890625 247.0938262939453125 584.86181640625 725.298583984375 306.0052490234375 149.1395416259765625 138.7691802978515625 416.074005126953125 268.131103515625 247.0095672607421875 540.5443115234375 223.6026763916015625 268.186553955078125 198.009613037109375 198.8599395751953125 447.268646240234375 574.37188720703125
692.4808349609375 754.958740234375 679.2718505859375 540.79339599609375 469.031097412109375 341.52899169921875 214.3427276611328125 0 238.2401885986328125 62.956897735595703125 180.95672607421875 452.28472900390625 231.2188873291015625 0 0 0 0 0 0 0 26.98581695556640625 36.95011138916015625 31.840595245361328125 57.054840087890625 398.676239013671875 190.21185302734375 143.45953369140625 347.311798095703125 551.305419921875 436.321044921875 528.54638671875 459.549713134765625 314.247650146484375 186.3130340576171875 229.21160888671875 144.9415435791015625 395.84796142578125 143.6552886962890625 70.3596954345703125 470.408599853515625 417.07427978515625 81.2591552734375 404.99591064453125 325.194580078125 279.06842041015625 265.898468017578125 366.2705078125 296.557525634765625 119.5409088134765625 173.5917510986328125 438.69219970703125 124.79375457763671875 212.565704345703125
513.40350341796875 641.833251953125 625.07635498046875 438.084747314453125 449.449432373046875 175.481597900390625 272.0965576171875 325.0025634765625 642.7149658203125 269.53082275390625 318.5555419921875 221.13446044921875 382.858367919921875 90.00189971923828125 0 43.952068328857421875 0 0 0 0 0 96.98284149169921875 28.042736053466796875 13.292983055114746094 630.1649169921875 294.855804443359375 301.27789306640625 14.360172271728515625 256.092376708984375 442.984527587890625 227.6211700439453125 156.9938201904296875 164.29498291015625 479.1405029296875 207.56182861328125 393.363494873046875 468.6016845703125 364.783905029296875 246.7746124267578125 287.716461181640625 290.23382568359375 0 232.234283447265625 308.458740234375 256.453399658203125 429.24261474609375 184.4595489501953125 241.0515594482421875 425.474609375 375.073150634765625 473.294952392578125 353.92333984375 112.91619873046875
401.642059326171875 515.0623779296875 678.15478515625 309.736846923828125 363.575103759765625 590.5740966796875 420.8638916015625 469.7938232421875 727.7548828125 462.43603515625 534.52978515625 553.35198974609375 553.7725830078125 331.369476318359375 14.13773345947265625 0 0 112.79781341552734375 0 0 0 0 0 260.393707275390625 424.29754638671875 412.42266845703125 332.105804443359375 192.6958770751953125 209.7515106201171875 312.38214111328125 357.475494384765625 634.7794189453125 111.300140380859375 284.47161865234375 535.25543212890625 252.264251708984375 263.347137451171875 379.35906982421875 375.27789306640625 274.913543701171875 435.67230224609375 71.02838897705078125 607.26177978515625 583.37066650390625 264.207550048828125 570.5941162109375 466.581512451171875 330.49383544921875 387.976043701171875 649.0987548828125 371.71697998046875 189.7193603515625 24.469356536865234375
425.337493896484375 254.7808685302734375 704.6923828125 461.263916015625 466.44293212890625 457.125640869140625 36.663715362548828125 643.319580078125 283.88409423828125 397.723358154296875 460.7943115234375 414.24786376953125 580.51837158203125 359.967498779296875 163.9931488037109375 0 0 0 0 0 0 0 59.111072540283203125 169.166259765625 318.8577880859375 462.5084228515625 333.563262939453125 28.848283767700195312 194.4981536865234375 395.9169921875 380.29925537109375 349.154144287109375 326.517181396484375 590.9512939453125 365.361846923828125 357.920745849609375 413.506072998046875 305.3306884765625 240.88232421875 416.42572021484375 403.6328125 241.635650634765625 478.115631103515625 432.806365966796875 392.671112060546875 431.34454345703125 525.9461669921875 356.250640869140625 100.412017822265625 359.884735107421875 76.68277740478515625 88.6738739013671875 28.582134246826171875
235.175018310546875 273.1204833984375 489.178009033203125 118.462799072265625 372.798309326171875 299.64971923828125 127.1535186767578125 92.71546173095703125 31.3347930908203125 196.448394775390625 61.652130126953125 196.1806793212890625 276.77069091796875 81.06038665771484375 156.7742462158203125 178.8900299072265625 0 0 0 0 0 0 0 0 0 130.3807830810546875 397.31561279296875 463.178955078125 421.523834228515625 531.1685791015625 495.109771728515625 186.5830230712890625 531.93170166015625 334.0970458984375 139.4508209228515625 370.524261474609375 329.590911865234375 356.1959228515625 396.668701171875 633.242431640625 458.5301513671875 278.56610107421875 653.06640625 341.5872802734375 401.779754638671875 388.475738525390625 477.324798583984375 381.59075927734375 214.008331298828125 314.6297607421875 73.1793975830078125 436.640655517578125 159.2704620361328125
272.942962646484375 143.5491943359375 200.9674224853515625 420.67938232421875 275.815582275390625 372.08660888671875 36.89446258544921875 196.9233245849609375 464.3428955078125 545.81512451171875 506.295623779296875 602.97772216796875 0 197.3993072509765625 265.37835693359375 167.16448974609375 239.1902618408203125 236.854278564453125 36.994243621826171875 72.6037139892578125 0 121.72600555419921875 0 0 0 0 0 92.58222198486328125 320.449462890625 470.793304443359375 639.07293701171875 264.180450439453125 163.676605224609375 487.40087890625 604.2711181640625 441.168548583984375 331.027618408203125 82.1982879638671875 522.30462646484375 360.790283203125 221.456939697265625 527.7286376953125 671.699951171875 517.23809814453125 489.149749755859375 305.78533935546875 346.43157958984375 465.522003173828125 159.7691192626953125 348.314300537109375 200.5644683837890625 101.51700592041015625 0
153.56524658203125 330.769927978515625 165.0367889404296875 732.15032958984375 642.2584228515625 249.4085540771484375 122.4006195068359375 203.0861358642578125 103.74642181396484375 477.340179443359375 473.35833740234375 557.66070556640625 4.5554561614990234375 193.7229156494140625 99.49784088134765625 343.802032470703125 240.46063232421875 30.177553176879882812 191.5565185546875 38.310497283935546875 90.73209381103515625 184.4083251953125 0 47.951053619384765625 286.46600341796875 204.8787994384765625 262.5045166015625 217.6423187255859375 20.831455230712890625 157.081787109375 375.01593017578125 426.0040283203125 383.266326904296875 468.66815185546875 25.791612625122070312 320.20379638671875 176.3749542236328125 294.10894775390625 334.7239990234375 92.2178955078125 285.012664794921875 449.043212890625 744.0225830078125 463.63873291015625 248.56719970703125 258.275115966796875 517.20062255859375 650.60107421875 290.252899169921875 507.805938720703125 270.158355712890625 165.9561004638671875 0
264.095001220703125 373.74700927734375 423.137359619140625 632.43121337890625 538.96624755859375 0 423.46490478515625 360.261688232421875 307.379150390625 546.88946533203125 601.375732421875 457.66204833984375 50.798587799072265625 221.4656524658203125 268.334136962890625 327.397857666015625 59.997974395751953125 244.27349853515625 144.706817626953125 12.73311614990234375 143.117095947265625 70.55429840087890625 0 131.9015350341796875 279.65289306640625 118.7086334228515625 130.1736907958984375 308.619720458984375 167.9584503173828125 319.921112060546875 461.63916015625 281.53271484375 208.7163238525390625 300.536651611328125 177.066741943359375 147.1070556640625 64.98091888427734375 106.14853668212890625 177.928924560546875 121.01366424560546875 295.498443603515625 217.9867706298828125 389.375213623046875 286.1390380859375 302.885406494140625 264.1153564453125 311.724090576171875 525.6007080078125 305.26080322265625 467.434722900390625 68.82295989990234375 108.85619354248046875 55.036663055419921875
131.9618988037109375 190.755584716796875 342.77764892578125 355.645416259765625 153.8206939697265625 0 116.5194549560546875 126.70571136474609375 273.36859130859375 636.23089599609375 676.27081298828125 384.764373779296875 106.484466552734375 15.603960990905761719 366.291015625 361.488861083984375 102.726959228515625 265.116363525390625 0 0 16.611236572265625 335.343719482421875 156.8071746826171875 0 0 0 401.114776611328125 328.71380615234375 526.05841064453125 449.97021484375 353.846710205078125 164.4961395263671875 145.7646942138671875 43.88878631591796875 207.6609344482421875 334.634613037109375 205.9427642822265625 293.315643310546875 31.480691909790039062 122.16080474853515625 296.968017578125 246.44110107421875 193.543792724609375 193.6235809326171875 447.136138916015625 261.00897216796875 437.855438232421875 479.7476806640625 498.377227783203125 29.20319366455078125 139.640838623046875 75.558380126953125 0
505.018157958984375 401.545928955078125 141.65997314453125 91.302825927734375 479.249481201171875 18.507816314697265625 34.072246551513671875 168.184661865234375 331.756072998046875 617.7423095703125 593.88970947265625 516.13031005859375 252.408935546875 41.682331085205078125 33.862926483154296875 1.8499430418014526367 108.3474578857421875 350.839691162109375 52.248073577880859375 84.61974334716796875 87.43643951416015625 473.109283447265625 383.3175048828125 191.6253204345703125 11.592221260070800781 0 359.755523681640625 751.30450439453125 738.315673828125 422.731719970703125 23.440460205078125 401.0523681640625 593.56787109375 310.83331298828125 730.39544677734375 781.294921875 519.1136474609375 93.6363525390625 103.492431640625 0 158.128692626953125 83.01621246337890625 190.20867919921875 202.1863250732421875 274.40350341796875 323.0621337890625 492.486358642578125 609.20184326171875 383.442108154296875 345.061767578125 22.089809417724609375 0 0
740.40673828125 398.748626708984375 350.665740966796875 143.36669921875 486.6129150390625 23.051919937133789062 0 0 96.58850860595703125 586.9151611328125 518.15087890625 438.85601806640625 507.464935302734375 22.988893508911132812 0 60.999736785888671875 256.142425537109375 338.545257568359375 210.958831787109375 347.87628173828125 438.677947998046875 624.29803466796875 568.01116943359375 466.834625244140625 79.943603515625 496.98748779296875 569.486572265625 543.19219970703125 663.59503173828125 426.206207275390625 308.43310546875 563.7078857421875 567.50531005859375 616.44512939453125 903.91778564453125 882.190185546875 523.95733642578125 511.86907958984375 421.48065185546875 192.786651611328125 0 0 36.635669708251953125 287.685302734375 399.685699462890625 333.263275146484375 402.549468994140625 629.734619140625 357.719482421875 320.247894287109375 288.577117919921875 69.8662872314453125 0
173.2614593505859375 543.38360595703125 436.7650146484375 323.055755615234375 63.518123626708984375 333.659332275390625 288.48944091796875 0 0 498.54339599609375 572.8502197265625 643.1317138671875 190.0030364990234375 77.4982757568359375 0 0 0 93.2144927978515625 162.74114990234375 269.607177734375 332.3114013671875 431.09710693359375 587.0382080078125 163.236572265625 541.46795654296875 480.383148193359375 521.6060791015625 535.75408935546875 745.60247802734375 500.93206787109375 160.826385498046875 528.917236328125 485.94036865234375 929.96856689453125 883.042724609375 644.52838134765625 120.57654571533203125 333.06219482421875 440.665771484375 105.43201446533203125 32.654575347900390625 73.6195831298828125 75.18712615966796875 130.004425048828125 263.21710205078125 237.58343505859375 292.21044921875 197.91448974609375 306.358154296875 394.09576416015625 319.146270751953125 341.5843505859375 0
563.08245849609375 383.34710693359375 303.60919189453125 712.3240966796875 116.96944427490234375 144.988067626953125 318.64471435546875 86.54177093505859375 72.67606353759765625 0 104.149078369140625 434.88677978515625 285.126190185546875 73.65381622314453125 83.6175537109375 277.415802001953125 0 91.435272216796875 195.9600372314453125 183.1958770751953125 267.411346435546875 558.31072998046875 747.46929931640625 238.099273681640625 393.5286865234375 734.61456298828125 770.356201171875 704.84613037109375 553.80267333984375 375.401611328125 437.13812255859375 252.4853515625 361.2353515625 318.113739013671875 292.02862548828125 245.1958160400390625 306.55035400390625 202.2297821044921875 299.292938232421875 219.427154541015625 367.685791015625 85.3612823486328125 214.7154388427734375 163.5565643310546875 370.43194580078125 285.746063232421875 59.920322418212890625 0 183.98785400390625 322.015472412109375 196.98162841796875 48.662750244140625 87.5617523193359375
683.923583984375 448.67010498046875 758.30303955078125 579.98541259765625 236.748809814453125 283.38916015625 94.4214324951171875 375.044281005859375 538.95001220703125 340.798309326171875 72.935394287109375 49.396335601806640625 21.262739181518554688 0 59.73777008056640625 140.2943267822265625 130.09075927734375 224.9344482421875 74.4765167236328125 35.97238922119140625 235.1351165771484375 742.68548583984375 387.169189453125 256.952545166015625 124.841217041015625 419.887725830078125 544.211669921875 536.049560546875 602.3394775390625 627.99969482421875 607.19683837890625 282.324920654296875 185.01422119140625 184.5195770263671875 57.626399993896484375 123.1602783203125 95.07109832763671875 0 23.956609725952148438 364.044677734375 255.7296905517578125 329.175628662109375 204.4608001708984375 252.848724365234375 427.61572265625 339.609710693359375 234.2798004150390625 406.6473388671875 550.08135986328125 521.4061279296875 413.50494384765625 498.62823486328125 257.563140869140625
758.57830810546875 455.67742919921875 692.4044189453125 683.59912109375 275.932830810546875 316.601776123046875 469.965789794921875 155.845977783203125 517.703125 630.79498291015625 282.599395751953125 141.571746826171875 129.021240234375 221.3872222900390625 102.361236572265625 192.9316864013671875 166.017364501953125 296.80523681640625 158.2796173095703125 84.96382904052734375 609.420166015625 623.9853515625 119.40840911865234375 57.7220458984375 450.5115966796875 736.43914794921875 95.4982452392578125 757.24908447265625 655.8785400390625 642.0728759765625 313.26373291015625 274.559112548828125 489.43756103515625 320.10064697265625 424.73553466796875 419.64251708984375 124.15944671630859375 0 53.32483673095703125 201.0816192626953125 290.789764404296875 136.668304443359375 221.68450927734375 357.34124755859375 222.6310272216796875 568.41064453125 643.1290283203125 517.54949951171875 495.8397216796875 855.95159912109375 249.832366943359375 506.45880126953125 282.2259521484375
