PredictorVariables/BuildingPerimeter_100m/BuildingPerimeter_redo_100.asc
ncols        529
nrows        344
xllcorner    2700.000000000000
yllcorner    15900.000000000000
cellsize     100.000000000000
NODATA_value  0
[rows 168 to 191 of 344, columns 53 to 105 of 529]
354.342864990234375 260.352142333984375 114.15729522705078125 343.71142578125 324.29718017578125 81.5814056396484375 160.21240234375 122.1637420654296875 201.9645233154296875 264.760101318359375 103.2359619140625 435.4090576171875 354.330413818359375 331.683258056640625 240.79058837890625 322.472991943359375 317.07342529296875 428.63360595703125 267.0869140625 347.64935302734375 486.0264892578125 481.338104248046875 262.909576416015625 498.987579345703125 524.55316162109375 186.451080322265625 75.78816986083984375 347.572052001953125 81.58414459228515625 200.000823974609375 275.86468505859375 184.490264892578125 227.3003387451171875 168.0123748779296875 344.129302978515625 251.89764404296875 333.69854736328125 317.34136962890625 238.2774658203125 63.8929595947265625 257.044189453125 280.50921630859375 235.09967041015625 221.919708251953125 389.7763671875 218.964019775390625 116.30397796630859375 103.18654632568359375 0 0 0 0 0
319.511871337890625 478.1754150390625 259.181915283203125 285.798675537109375 174.5926055908203125 0 117.23987579345703125 178.2262420654296875 132.3713836669921875 238.3538360595703125 278.3614501953125 425.372283935546875 392.824310302734375 383.99188232421875 394.648895263671875 298.61669921875 307.307861328125 495.08709716796875 240.3860626220703125 273.432464599609375 327.114166259765625 380.019561767578125 225.5749053955078125 325.763336181640625 317.3167724609375 258.991973876953125 208.495513916015625 202.3682403564453125 104.74361419677734375 292.006195068359375 158.0324249267578125 144.7426605224609375 256.767303466796875 320.5721435546875 133.947967529296875 202.5043182373046875 352.30035400390625 350.644134521484375 172.8685302734375 91.365692138671875 209.708526611328125 250.71649169921875 325.13677978515625 273.01251220703125 313.38568115234375 319.6209716796875 157.3509979248046875 9.7604217529296875 0 0 0 40.461803436279296875 0
104.61985015869140625 131.3989715576171875 141.3360443115234375 166.490264892578125 0 181.2579193115234375 210.690826416015625 349.20660400390625 111.84114837646484375 152.1553497314453125 281.186859130859375 257.9703369140625 247.477264404296875 313.657501220703125 148.468658447265625 237.3137359619140625 280.428955078125 249.314422607421875 154.6532745361328125 303.564178466796875 316.31597900390625 448.9810791015625 496.936920166015625 467.93701171875 535.90203857421875 242.3192291259765625 157.5212860107421875 292.03765869140625 49.208080291748046875 443.541534423828125 153.210418701171875 540.87786865234375 91.88286590576171875 0 0 0 20.144636154174804688 352.42633056640625 353.069427490234375 316.331329345703125 162.721954345703125 454.27020263671875 179.59234619140625 3.1260402202606201172 246.7399749755859375 226.1231842041015625 78.32727813720703125 144.1126708984375 113.37126922607421875 0 97.03107452392578125 258.65679931640625 108.6878509521484375
123.17223358154296875 0 96.17073822021484375 66.4658966064453125 0 71.24748992919921875 87.82407379150390625 231.221923828125 389.614837646484375 137.122283935546875 194.129669189453125 145.052337646484375 445.351776123046875 408.461822509765625 358.7376708984375 575.3916015625 516.9173583984375 362.72412109375 244.6799774169921875 463.34600830078125 379.19720458984375 443.70623779296875 277.302825927734375 447.98046875 346.609222412109375 238.24066162109375 166.7518310546875 174.3136444091796875 228.352081298828125 362.42449951171875 237.9004364013671875 572.954345703125 136.2654266357421875 0 0 43.4891815185546875 21.405168533325195312 149.6354217529296875 61.291522979736328125 251.078460693359375 324.9208984375 186.5362091064453125 108.1197052001953125 252.881988525390625 49.967563629150390625 0 159.507171630859375 105.50211334228515625 213.2208099365234375 106.160919189453125 0 0 81.22397613525390625
352.64312744140625 155.3475341796875 108.13761138916015625 90.74909210205078125 139.186279296875 44.36231231689453125 72.34723663330078125 248.0859222412109375 231.8898468017578125 209.8401336669921875 174.6712646484375 364.69140625 324.919647216796875 313.995269775390625 226.9108428955078125 295.645965576171875 171.3025360107421875 211.16448974609375 174.4929351806640625 203.4389495849609375 198.4500732421875 214.74481201171875 237.8765869140625 276.09503173828125 216.460540771484375 151.924591064453125 0 0 401.500457763671875 478.021392822265625 337.058837890625 262.911468505859375 0 40.866260528564453125 275.32598876953125 270.629150390625 272.24603271484375 160.285980224609375 77.43506622314453125 216.99822998046875 207.3401641845703125 41.305767059326171875 119.73558807373046875 160.69207763671875 99.3498382568359375 135.7540283203125 48.492218017578125 47.268039703369140625 127.86357879638671875 65.6076812744140625 0 0 54.088653564453125
292.4766845703125 309.336273193359375 71.42861175537109375 132.9099578857421875 38.23960113525390625 333.8304443359375 327.6419677734375 371.03173828125 328.522125244140625 284.64794921875 247.133392333984375 215.93695068359375 457.638824462890625 102.54555511474609375 254.1085052490234375 463.11590576171875 523.41143798828125 570.05023193359375 391.7984619140625 232.5392303466796875 272.157928466796875 386.265899658203125 181.7620086669921875 220.6116485595703125 394.44195556640625 131.9124603271484375 0 0 328.953460693359375 415.964599609375 237.2560882568359375 0 300.033050537109375 118.119140625 0 186.867828369140625 0 0 0 0 0 0 104.64890289306640625 185.06317138671875 298.23358154296875 197.727813720703125 203.7764892578125 58.907192230224609375 224.2886810302734375 127.44043731689453125 0 0 182.132354736328125
343.171295166015625 126.9241180419921875 386.2781982421875 166.6229248046875 168.5546875 219.15191650390625 222.0636444091796875 307.10809326171875 283.49212646484375 264.270172119140625 258.901824951171875 510.41949462890625 250.380950927734375 182.8513946533203125 168.265350341796875 145.3253631591796875 307.9599609375 46.536724090576171875 167.3051910400390625 338.9649658203125 104.347503662109375 231.0029144287109375 277.725311279296875 233.9627685546875 494.962890625 157.759979248046875 0 0 308.492095947265625 357.072296142578125 114.99622344970703125 71.81629180908203125 217.46343994140625 207.1499176025390625 31.348516464233398438 99.38385009765625 0 171.0108489990234375 0 0 0 0 178.0101165771484375 82.677520751953125 255.318450927734375 278.08746337890625 275.806915283203125 116.16864776611328125 164.327239990234375 0 0 0 43.894458770751953125
147.538330078125 178.12969970703125 220.703704833984375 374.1505126953125 41.813198089599609375 119.532989501953125 302.430694580078125 220.9757080078125 296.84521484375 282.515777587890625 273.01019287109375 384.430419921875 418.033935546875 222.65478515625 81.9824981689453125 119.92331695556640625 100.738311767578125 248.863555908203125 296.086273193359375 268.395904541015625 104.5474853515625 94.25531768798828125 168.563873291015625 70.93598175048828125 125.82132720947265625 148.99322509765625 162.4813995361328125 90.8911285400390625 504.00048828125 540.4996337890625 198.5561370849609375 0 0 64.43845367431640625 0 47.556064605712890625 259.8671875 359.18310546875 12.818696975708007812 0 0 0 5.88544464111328125 140.6432952880859375 326.521881103515625 310.154083251953125 276.277374267578125 160.986419677734375 61.724559783935546875 49.53462982177734375 0 33.782054901123046875 40.47698974609375
391.392608642578125 151.812225341796875 242.062530517578125 143.27703857421875 224.342529296875 208.41009521484375 148.1277313232421875 303.52398681640625 49.30959320068359375 335.3209228515625 306.93798828125 298.702667236328125 233.6695556640625 239.4886322021484375 220.4098968505859375 413.8585205078125 160.109466552734375 100.28534698486328125 251.105743408203125 247.1396331787109375 302.562774658203125 100.2729644775390625 166.554779052734375 212.7330169677734375 256.23638916015625 279.383270263671875 487.607421875 88.451873779296875 463.366790771484375 293.3790283203125 111.0776824951171875 0 0 0 184.0684661865234375 422.804534912109375 415.56585693359375 448.006927490234375 91.1793365478515625 0 0 0 0 55.74591827392578125 247.02825927734375 247.436981201171875 227.3136444091796875 71.62837982177734375 108.73194122314453125 159.4954681396484375 139.34759521484375 201.9723663330078125 25.833375930786132812
193.8048095703125 51.057338714599609375 0 12.988554954528808594 329.9078369140625 299.5916748046875 335.215789794921875 103.7130889892578125 183.0206756591796875 194.4099578857421875 270.606689453125 278.15447998046875 288.345794677734375 368.016204833984375 255.9470062255859375 308.1434326171875 275.613372802734375 100.28543853759765625 378.857452392578125 127.3329620361328125 200.5431365966796875 231.076873779296875 145.25701904296875 272.564208984375 255.7269287109375 299.546630859375 363.1004638671875 41.759471893310546875 394.619140625 56.102764129638671875 0 0 0 116.49822235107421875 40.3951873779296875 0 0 0 0 0 0 0 0 0 175.3685302734375 71.67478179931640625 0 0 118.39000701904296875 234.1507415771484375 118.06882476806640625 186.058319091796875 178.5222015380859375
0.2305456697940826416 0 0 5.3503313064575195312 0 502.161712646484375 344.056884765625 136.4863128662109375 149.1039581298828125 403.772613525390625 283.44805908203125 213.0650787353515625 210.47454833984375 377.927001953125 157.2012481689453125 293.45050048828125 199.38885498046875 112.063262939453125 193.9547119140625 143.1905364990234375 100.270660400390625 170.8108367919921875 282.0750732421875 204.0434112548828125 220.6399383544921875 167.54437255859375 196.13348388671875 0 66.583770751953125 177.18218994140625 180.1103668212890625 0 0 97.29846954345703125 0 0 46.920261383056640625 150.37310791015625 24.225965499877929688 7.93866729736328125 0 0 0 0 0 0 0 0 0 129.84600830078125 130.21795654296875 387.789581298828125 48.17534637451171875
0 0 0 189.07232666015625 203.894287109375 349.040557861328125 301.3848876953125 375.283538818359375 145.86041259765625 174.417388916015625 546.8648681640625 297.000457763671875 238.7016754150390625 484.21923828125 263.97100830078125 205.719818115234375 59.54981231689453125 100.26020050048828125 79.72046661376953125 35.515056610107421875 104.19397735595703125 79.13156890869140625 253.5522308349609375 397.9498291015625 268.994720458984375 253.6146697998046875 14.495922088623046875 0 282.470428466796875 99.57575225830078125 0 0 123.94857025146484375 200.608856201171875 26.376756668090820312 0 0 0 32.961086273193359375 16.82173919677734375 0 50.8866119384765625 191.96697998046875 0 0 0 0 41.515415191650390625 210.307952880859375 127.555145263671875 190.4894866943359375 426.034820556640625 0
0 0 0 63.904941558837890625 333.645599365234375 288.673828125 284.311431884765625 317.075225830078125 233.75079345703125 170.662567138671875 40.755214691162109375 94.7771453857421875 125.18212127685546875 186.752685546875 222.9017791748046875 33.8005218505859375 86.12766265869140625 126.53271484375 233.902801513671875 274.045166015625 311.093719482421875 281.9051513671875 505.16705322265625 384.853729248046875 130.042022705078125 248.6216888427734375 436.326202392578125 128.0644073486328125 323.99188232421875 48.6878662109375 0 0 122.96530914306640625 334.874359130859375 208.0829315185546875 0 125.5665435791015625 59.302642822265625 0 0 0 0 15.419127464294433594 0 0 0 122.65543365478515625 249.348175048828125 128.12445068359375 163.1960296630859375 206.2815399169921875 197.627899169921875 0
0 125.64453125 155.19329833984375 192.5365142822265625 277.88311767578125 312.7044677734375 327.652587890625 260.35211181640625 80.225555419921875 223.2764892578125 132.6199951171875 181.49249267578125 112.9514923095703125 303.375762939453125 376.610809326171875 82.22423553466796875 128.088470458984375 122.9867706298828125 0 166.28924560546875 75.164093017578125 259.878326416015625 228.898529052734375 254.0283355712890625 42.492702484130859375 505.515045166015625 387.277496337890625 219.6881256103515625 103.580535888671875 228.7762908935546875 45.090717315673828125 0 0 84.96832275390625 127.37693023681640625 0 28.540416717529296875 47.380718231201171875 0 0 0 0 0 0 158.0245819091796875 35.993877410888671875 0 57.919239044189453125 0 193.0625457763671875 170.691497802734375 247.61083984375 178.4891204833984375
0 121.2939910888671875 486.52020263671875 219.8230743408203125 320.812408447265625 285.92523193359375 91.75495147705078125 225.2430877685546875 270.385986328125 229.4300994873046875 152.172271728515625 190.8377838134765625 133.939453125 65.649169921875 139.3850250244140625 151.6901092529296875 90.988861083984375 0 0 0 0 124.0371551513671875 226.9607391357421875 176.341522216796875 247.160308837890625 467.49884033203125 355.402313232421875 375.54876708984375 108.02657318115234375 153.272216796875 26.77353668212890625 0 0 105.559295654296875 72.69899749755859375 0 0 0 0 0 0 0 0 32.62754058837890625 227.6194915771484375 0 151.884796142578125 247.9384765625 88.2280120849609375 0 89.15538787841796875 263.988983154296875 348.093414306640625
144.5658416748046875 308.6824951171875 292.5218505859375 325.7796630859375 145.7604522705078125 55.857341766357421875 317.538299560546875 135.053741455078125 133.9157562255859375 202.0564117431640625 253.620574951171875 261.365142822265625 100.96805572509765625 0 44.55525970458984375 224.7203521728515625 85.20868682861328125 0 0 0 0 28.597438812255859375 145.7236785888671875 238.3868255615234375 234.266693115234375 341.37213134765625 350.41668701171875 262.948394775390625 162.986114501953125 279.551727294921875 88.84572601318359375 0 0 184.2657623291015625 120.97275543212890625 0 0 0 0 0 0 0 0 238.851806640625 158.629913330078125 146.1702117919921875 314.1788330078125 323.255523681640625 271.9842529296875 0 145.142974853515625 123.55145263671875 429.473358154296875
385.149566650390625 276.84161376953125 422.850555419921875 234.541290283203125 43.995319366455078125 252.49432373046875 287.8582763671875 227.7801971435546875 53.657314300537109375 184.5911102294921875 293.18768310546875 146.2965240478515625 351.691558837890625 40.495182037353515625 67.7533111572265625 167.277587890625 81.2117156982421875 0 0 0 0 106.15100860595703125 410.34771728515625 191.4358367919921875 106.73136138916015625 219.1142425537109375 372.445281982421875 391.37109375 330.1241455078125 240.385284423828125 36.337421417236328125 0 0 175.5417022705078125 131.3748779296875 0 0 0 0 0 0 0 66.70362091064453125 126.7073516845703125 15.498334884643554688 43.287322998046875 96.39746856689453125 146.619964599609375 128.1681365966796875 170.8826446533203125 0 0 106.32520294189453125
345.344451904296875 114.6224365234375 286.843505859375 13.206827163696289062 175.2888946533203125 291.79412841796875 194.9529876708984375 142.8690643310546875 209.9297027587890625 222.9393157958984375 360.66864013671875 102.63292694091796875 224.504180908203125 206.4873046875 291.3436279296875 228.8596954345703125 61.395076751708984375 0 0 0 0 0 0 0 0 141.8877716064453125 356.745361328125 278.6934814453125 164.8702545166015625 240.6947479248046875 36.89220428466796875 0 0 0 272.44219970703125 0 0 101.14766693115234375 237.8506317138671875 117.75760650634765625 47.006526947021484375 0 171.5482635498046875 115.31226348876953125 80.1838836669921875 0 22.365123748779296875 295.15460205078125 209.69580078125 166.0209197998046875 72.43679046630859375 0 0
351.9796142578125 392.540802001953125 216.9985809326171875 316.78125 249.7131805419921875 389.267242431640625 262.45501708984375 215.0472564697265625 0 135.1595458984375 175.8084259033203125 73.421142578125 227.8971405029296875 297.30389404296875 5.2025036811828613281 534.89251708984375 43.80490875244140625 0 0 0 0 0 0 0 0 23.853780746459960938 372.568267822265625 333.057281494140625 216.9052886962890625 320.145233154296875 18.596675872802734375 0 0 41.031574249267578125 159.858154296875 0 82.3705291748046875 51.372314453125 292.9053955078125 249.034881591796875 35.497196197509765625 0 0 0 0 0 0 245.455230712890625 323.721710205078125 152.4466705322265625 183.42462158203125 0 0
124.09763336181640625 345.1798095703125 425.202911376953125 163.88629150390625 396.19207763671875 232.2838897705078125 253.507659912109375 18.950098037719726562 0 0 284.966522216796875 336.446563720703125 447.3092041015625 324.226043701171875 212.75799560546875 406.398681640625 67.44928741455078125 0 0 0 0 0 0 0 78.26929473876953125 11.131862640380859375 28.66031646728515625 194.3822479248046875 214.3414764404296875 345.5531005859375 235.8349151611328125 0 0 90.51255035400390625 334.057586669921875 0 0 85.056365966796875 154.7681884765625 3.6809573173522949219 0 0 0 0 0 0 0 269.189544677734375 120.2423858642578125 302.5859375 135.4925384521484375 0 0
187.22369384765625 350.357177734375 377.8387451171875 153.447540283203125 20.772851943969726562 122.14736175537109375 47.2138824462890625 88.58770751953125 0 0 71.35724639892578125 343.26806640625 261.1717529296875 197.814697265625 0 185.179046630859375 142.11029052734375 0 0 0 0 0 0 0 186.6323089599609375 139.696075439453125 0 0 0 331.48602294921875 174.2478485107421875 0 0 32.79358673095703125 176.2739105224609375 372.615325927734375 235.142608642578125 131.812164306640625 142.8820648193359375 0 0 126.39041900634765625 115.66411590576171875 0 0 0 0 0 0 0 0 0 0
0 41.37262725830078125 313.318389892578125 213.52496337890625 0 0 0 0 0 0 0 55.272274017333984375 250.4014892578125 0 121.69971466064453125 208.5045318603515625 111.82131195068359375 164.139068603515625 0.97573232650756835938 0 0 0 0 0 12.876166343688964844 69.82802581787109375 0 0 0 80.34754180908203125 0 0 0 0 0 0 101.8238983154296875 295.254364013671875 41.145786285400390625 0 0 0 0 0 0 0 0 0 0 0 0 0 0
0 0 0 24.497598648071289062 0 0 0 0 0 0 0 129.30792236328125 304.454742431640625 383.313629150390625 295.595001220703125 142.323760986328125 82.7138519287109375 278.64208984375 171.67474365234375 37.77375030517578125 0 0 0 0 0 0 0 0 0 0 145.9050750732421875 0 0 0 0 0 0 0 0 0 0 0 0 0 0 0 0 0 0 0 0 0 0
0 0 0 0 0 0 0 0 0 0 182.074188232421875 290.9820556640625 140.9400482177734375 252.480621337890625 143.2634429931640625 199.28460693359375 17.78170013427734375 336.83050537109375 379.01568603515625 440.690704345703125 0 0 0 0 0 0 0 0 0 0 0 0 0 0 0 0 0 0 0 0 0 0 0 0 0 0 0 0 0 0 0 0 0
