PredictorVariables/BuildingPerimeter_100m/BuildingPerimeter_redo_100.asc
ncols        529
nrows        344
xllcorner    2700.000000000000
yllcorner    15900.000000000000
cellsize     100.000000000000
NODATA_value  0
[rows 72 to 95 of 344, columns 318 to 370 of 529]
0 0 0 72.5721588134765625 783.25592041015625 674.2197265625 569.28839111328125 793.55731201171875 676.20086669921875 568.43524169921875 28.023099899291992188 233.473846435546875 162.3145294189453125 0 227.7939300537109375 646.87298583984375 557.63946533203125 159.6820526123046875 446.001007080078125 504.749359130859375 557.77825927734375 532.35174560546875 275.355621337890625 578.2840576171875 725.93695068359375 64.155059814453125 0 0 0 0 0 0 0 0 0 0 0 0 0 0 0 0 0 0 0 0 0 0 0 0 0 0 0
0 0 0 109.4165802001953125 764.611572265625 357.9185791015625 678.47076416015625 757.74761962890625 487.091949462890625 359.3211669921875 0 343.031097412109375 244.0886077880859375 38.493350982666015625 777.7193603515625 520.08935546875 222.004791259765625 438.316864013671875 696.73370361328125 295.506591796875 520.52667236328125 417.307373046875 112.79360198974609375 547.8375244140625 591.2774658203125 526.94354248046875 292.191558837890625 0 0 0 0 0 0 0 0 0 0 0 0 0 0 0 0 0 0 0 0 0 0 0 0 0 0
459.654876708984375 510.916259765625 254.8068389892578125 191.165008544921875 564.5887451171875 344.01983642578125 687.59515380859375 753.52093505859375 405.38726806640625 255.932373046875 495.902984619140625 372.853790283203125 0 411.619720458984375 238.73944091796875 479.814056396484375 316.849365234375 660.0703125 594.8497314453125 694.06549072265625 402.799591064453125 82.72833251953125 0 25.447801589965820312 142.8319549560546875 894.087890625 671.40325927734375 438.01666259765625 0 0 0 0 0 0 0 0 0 0 0 0 0 0 0 0 0 0 0 0 0 0 0 0 0
439.397735595703125 579.265380859375 558.50457763671875 362.279571533203125 390.0872802734375 68.78971099853515625 390.676300048828125 156.187530517578125 229.93548583984375 476.329315185546875 283.34088134765625 775.64166259765625 266.10400390625 669.97845458984375 747.91290283203125 432.337249755859375 142.7631988525390625 672.5186767578125 416.2681884765625 660.615234375 385.882354736328125 567.5859375 143.387908935546875 283.76849365234375 294.432342529296875 253.329559326171875 734.16217041015625 359.07550048828125 569.441650390625 40.74611663818359375 0 0 0 0 0 0 0 0 0 0 0 0 0 0 0 0 0 0 0 0 0 0 0
641.7388916015625 537.34869384765625 379.609588623046875 406.471405029296875 643.94451904296875 325.209686279296875 699.129638671875 411.489532470703125 282.1290283203125 170.306976318359375 332.2884521484375 423.340576171875 346.597442626953125 408.714324951171875 469.904632568359375 502.065948486328125 430.67132568359375 316.2073974609375 162.625823974609375 335.064727783203125 194.0884246826171875 550.580078125 755.85345458984375 441.5211181640625 337.349884033203125 235.8508453369140625 351.615386962890625 391.77874755859375 577.223876953125 811.22979736328125 195.4255523681640625 0 0 0 0 0 0 0 0 0 0 0 0 0 0 0 0 0 0 0 0 0 0
374.534881591796875 390.621337890625 434.60296630859375 642.215087890625 570.15380859375 353.2471923828125 463.612030029296875 461.896087646484375 652.04473876953125 505.13897705078125 588.8272705078125 190.213897705078125 300.288848876953125 405.6278076171875 556.56182861328125 196.8472900390625 419.632659912109375 658.07135009765625 378.469879150390625 177.1167449951171875 451.6033935546875 323.90142822265625 345.2308349609375 558.4381103515625 550.87115478515625 255.97344970703125 253.4176788330078125 848.75982666015625 424.347412109375 269.319061279296875 780.94439697265625 200.9104156494140625 0 0 0 0 0 0 0 0 0 0 0 0 0 0 0 0 0 0 0 0 0
0 0 0 0 0 69.3675384521484375 257.69775390625 474.92327880859375 520.54522705078125 801.888427734375 597.52764892578125 573.854736328125 263.7628173828125 678.62994384765625 226.389251708984375 455.84368896484375 684.9263916015625 605.7783203125 216.485015869140625 492.75042724609375 199.6884613037109375 452.887481689453125 481.860870361328125 514.33111572265625 480.607940673828125 429.877410888671875 304.2984619140625 524.793212890625 839.19097900390625 369.499176025390625 671.4261474609375 454.377685546875 116.81847381591796875 23.336725234985351562 0 0 0 0 0 0 0 0 0 0 0 0 0 0 0 0 0 0 0
11.94219207763671875 0 0 0 45.773288726806640625 133.4269866943359375 27.422487258911132812 0 76.69004058837890625 355.99749755859375 565.08734130859375 241.166259765625 528.707763671875 698.528076171875 259.185821533203125 424.54730224609375 408.6102294921875 590.04071044921875 494.93017578125 640.0523681640625 655.74383544921875 385.79254150390625 350.96502685546875 530.084228515625 82.60552215576171875 629.987060546875 694.43206787109375 570.84423828125 367.2939453125 557.84930419921875 242.0911865234375 195.860748291015625 62.951335906982421875 101.95230865478515625 59.15929412841796875 0 0 0 0 0 0 0 0 0 0 0 0 0 0 0 0 0 0
541.1256103515625 399.39996337890625 0 0 462.089447021484375 777.30908203125 785.28472900390625 323.02667236328125 400.685302734375 127.22930908203125 9.7516021728515625 358.3843994140625 1038.4288330078125 627.63702392578125 424.461212158203125 732.01531982421875 503.658935546875 60.288684844970703125 867.2200927734375 621.125 652.99200439453125 279.196014404296875 356.032958984375 118.05425262451171875 0 31.663919448852539062 512.2799072265625 700.52313232421875 607.51507568359375 155.3487548828125 162.413543701171875 184.25335693359375 328.896697998046875 362.55731201171875 388.490142822265625 0 0 0 0 0 0 0 0 0 0 0 0 0 0 0 0 0 0
0 112.60051727294921875 484.19171142578125 49.357807159423828125 742.9715576171875 665.2669677734375 590.162841796875 213.37109375 737.7340087890625 453.18701171875 172.654052734375 3.0304572582244873047 0 22.337781906127929688 455.3369140625 627.55194091796875 291.000885009765625 735.54693603515625 291.964935302734375 620.017578125 474.193572998046875 102.436981201171875 566.2528076171875 0 20.975910186767578125 246.243255615234375 511.69085693359375 361.79071044921875 385.626312255859375 130.6952667236328125 115.5333404541015625 286.019683837890625 255.8058624267578125 0 0 0 0 0 0 0 0 0 0 0 0 0 0 0 0 0 0 0 0
172.6192779541015625 142.0891265869140625 651.0692138671875 276.282379150390625 660.3533935546875 469.90771484375 350.0076904296875 641.62579345703125 384.9219970703125 550.515869140625 645.0740966796875 614.0018310546875 135.431365966796875 0 103.074371337890625 377.23699951171875 505.529144287109375 695.01580810546875 717.33929443359375 409.791412353515625 657.144775390625 659.78790283203125 341.524566650390625 238.4260406494140625 193.033935546875 475.26275634765625 309.47021484375 0 0 0 89.598358154296875 0 107.62779998779296875 0 0 0 0 0 0 0 0 0 0 0 0 0 43.75330352783203125 36.52095794677734375 0 0 0 0 0
164.7630615234375 290.384429931640625 246.434844970703125 316.712249755859375 349.8372802734375 121.40175628662109375 247.882049560546875 518.55877685546875 368.212493896484375 568.5712890625 620.2279052734375 681.6121826171875 168.100341796875 634.12567138671875 195.0592498779296875 65.08832550048828125 568.03277587890625 599.14044189453125 164.1774444580078125 741.564453125 421.95489501953125 253.932861328125 784.57952880859375 243.895538330078125 520.45953369140625 589.70758056640625 656.32513427734375 103.8463592529296875 177.7284088134765625 66.77105712890625 0 0 0 0 130.172607421875 0 29.257955551147460938 36.9427947998046875 0 0 0 0 0 0 0 0 8.8749418258666992188 124.44824981689453125 0 0 0 0 0
763.583740234375 388.605194091796875 166.43658447265625 597.7161865234375 475.999114990234375 5.5557265281677246094 460.232147216796875 85.29831695556640625 301.0718994140625 410.994781494140625 637.08953857421875 342.290435791015625 612.30743408203125 592.148681640625 596.06842041015625 421.05126953125 78.002593994140625 621.94732666015625 686.02142333984375 491.871063232421875 510.718353271484375 328.23779296875 202.7637176513671875 717.4962158203125 314.817352294921875 656.7725830078125 672.2559814453125 174.6302947998046875 67.0670928955078125 43.886211395263671875 0 0 0 0 0 30.842021942138671875 0 0 0 0 0 0 0 2.6373970508575439453 0 0 0 0 0 0 0 0 0
431.929718017578125 131.7293243408203125 349.497589111328125 683.10736083984375 607.4869384765625 524.1680908203125 583.22076416015625 193.0557403564453125 622.493408203125 683.083740234375 212.8574066162109375 350.3934326171875 385.725921630859375 475.96734619140625 600.17767333984375 522.4404296875 605.35101318359375 157.16363525390625 273.218353271484375 810.70989990234375 312.3125 566.335205078125 292.278656005859375 418.0130615234375 501.13604736328125 360.30279541015625 182.826019287109375 364.235076904296875 144.7024078369140625 0 0 0 0 0 0 0 0 0 0 0 0 0 0 204.0986175537109375 220.715362548828125 0 0 0 0 0 0 0 0
628.558349609375 473.913909912109375 274.556365966796875 226.1636810302734375 258.747589111328125 637.58294677734375 581.205810546875 339.29693603515625 599.5438232421875 710.5196533203125 497.342315673828125 759.40338134765625 551.88885498046875 408.527679443359375 284.560028076171875 672.56500244140625 534.23681640625 493.955810546875 138.8809661865234375 491.81146240234375 761.50933837890625 304.44427490234375 397.634185791015625 586.95233154296875 304.365997314453125 368.67144775390625 104.60992431640625 249.2752532958984375 264.360382080078125 0 0 0 0 0 0 0 0 73.64926910400390625 0 0 0 0 0 162.1289520263671875 86.58486175537109375 0 0 0 0 0 0 0 0
789.84320068359375 285.651123046875 261.18902587890625 133.322723388671875 459.654815673828125 182.33148193359375 198.8004150390625 348.42840576171875 612.47125244140625 739.74786376953125 488.38671875 232.5426788330078125 679.81671142578125 640.85198974609375 264.3614501953125 303.269561767578125 691.95831298828125 507.560089111328125 598.85552978515625 147.0754547119140625 490.13775634765625 0 47.09050750732421875 468.929107666015625 457.819488525390625 0 287.572509765625 223.251678466796875 28.319805145263671875 0 0 0 0 0 0 0 0 15.634226799011230469 142.1493988037109375 0 0 0 0 230.8666534423828125 54.278961181640625 0 0 0 0 0 0 0 0
805.78106689453125 255.952911376953125 154.32269287109375 217.55792236328125 308.18475341796875 226.2049407958984375 158.33642578125 506.6124267578125 306.97515869140625 307.0703125 263.948699951171875 121.8802642822265625 435.169036865234375 774.46392822265625 280.672760009765625 545.10888671875 468.131317138671875 548.7655029296875 562.17620849609375 336.791168212890625 0 35.71778106689453125 298.263397216796875 497.5482177734375 73.27202606201171875 0 0 0 0 0 0 0 0 0 0 0 0 0 0 0 0 0 220.4072265625 29.938528060913085938 56.198474884033203125 0 0 0 0 40.840641021728515625 0 0 0
540.2232666015625 496.001922607421875 857.077880859375 392.841522216796875 410.863189697265625 114.24849700927734375 282.973663330078125 542.09564208984375 322.06695556640625 444.180633544921875 550.31787109375 476.5377197265625 712.46856689453125 302.697723388671875 412.103668212890625 598.00762939453125 210.600982666015625 707.8861083984375 553.2535400390625 484.247314453125 277.19287109375 163.741729736328125 224.70806884765625 140.9379730224609375 0 0 0 0 0 0 0 0 0 0 0 0 0 0 0 0 0 397.780181884765625 293.57940673828125 71.05323028564453125 0 0 0 0 0 56.907794952392578125 0 0 0
197.036407470703125 483.049346923828125 593.61004638671875 633.385009765625 912.07965087890625 628.088134765625 301.92138671875 224.1485137939453125 623.126708984375 307.403472900390625 520.2706298828125 384.74334716796875 789.6170654296875 558.819580078125 276.135284423828125 313.410675048828125 181.3143310546875 621.4239501953125 799.4171142578125 374.47381591796875 432.382415771484375 110.029327392578125 69.03781890869140625 0 0 0 0 0 0 0 0 0 0 0 0 0 0 0 0 0 12.833788871765136719 560.00048828125 665.12158203125 212.739044189453125 4.1517138481140136719 58.307376861572265625 0 0 0 0 0 0 0
288.857666015625 852.6099853515625 501.167266845703125 350.73211669921875 424.653350830078125 294.77276611328125 639.87591552734375 537.12469482421875 502.461578369140625 339.70672607421875 589.5224609375 288.577728271484375 506.394287109375 366.411102294921875 570.9444580078125 116.00585174560546875 335.9898681640625 470.46490478515625 215.4838409423828125 5.0074405670166015625 408.8385009765625 131.9241943359375 111.3343505859375 0 0 0 0 0 0 0 0 0 0 0 0 0 0 0 0 0 0 34.181118011474609375 455.16351318359375 377.879852294921875 17.77259063720703125 241.56231689453125 4.9234132766723632812 0 0 0 0 0 0
501.927459716796875 954.24957275390625 371.247650146484375 539.2939453125 642.40582275390625 280.862518310546875 359.870269775390625 349.287872314453125 508.140106201171875 429.26220703125 689.73297119140625 502.74346923828125 569.5174560546875 310.13702392578125 195.214813232421875 521.27777099609375 365.749176025390625 396.5985107421875 288.519927978515625 9.8211688995361328125 522.17010498046875 632.0184326171875 476.881622314453125 15.147031784057617188 0 0 0 0 0 0 0 0 0 0 0 0 0 0 0 0 0 2.5411572456359863281 402.76513671875 117.7797698974609375 0 0 0 0 0 0 0 0 0
552.6815185546875 241.421905517578125 102.64777374267578125 378.022705078125 441.045074462890625 490.2474365234375 556.93389892578125 754.81964111328125 50.795497894287109375 289.06103515625 374.98138427734375 580.98297119140625 832.37347412109375 172.9156951904296875 439.93756103515625 568.38067626953125 478.911041259765625 53.2035980224609375 375.926361083984375 701.531494140625 782.13531494140625 487.9368896484375 980.83489990234375 231.5734100341796875 6.6563262939453125 0 0 0 0 0 0 0 0 0 0 0 0 0 0 0 0 0 23.405416488647460938 324.4410400390625 0 0 0 24.971614837646484375 93.373504638671875 194.3459930419921875 0 0 0
728.72320556640625 579.71624755859375 505.59063720703125 531.33062744140625 10.757846832275390625 627.8106689453125 412.082550048828125 499.95501708984375 395.386260986328125 481.344696044921875 272.260772705078125 255.3995513916015625 288.499908447265625 432.05010986328125 191.58392333984375 267.550384521484375 25.851758956909179688 0 0 0 0 88.2912139892578125 104.23104095458984375 401.892364501953125 17.662517547607421875 0 0 0 0 0 0 0 0 0 0 0 0 0 0 0 0 111.61742401123046875 566.4429931640625 17.22202301025390625 0 0 0 0 0 181.8307037353515625 1.7218542098999023438 0 0
489.773406982421875 30.07613372802734375 436.82257080078125 547.76287841796875 692.01251220703125 248.5953216552734375 533.9884033203125 916.66766357421875 807.9249267578125 481.597137451171875 380.65533447265625 86.00310516357421875 304.760528564453125 206.420654296875 0 0 0 0 0 0 0 0 0 0 0 0 0 0 0 0 0 0 0 0 0 0 0 0 0 0 231.152923583984375 455.189239501953125 369.990814208984375 49.147216796875 0 0 0 0 0 335.727325439453125 73.1056060791015625 0 0
