PredictorVariables/BuildingPerimeter_100m/BuildingPerimeter_redo_100.asc
ncols        529
nrows        344
xllcorner    2700.000000000000
yllcorner    15900.000000000000
cellsize     100.000000000000
NODATA_value  0
[rows 144 to 167 of 344, columns 318 to 370 of 529]
65.64748382568359375 0 240.4783782958984375 274.179718017578125 448.23309326171875 164.2915496826171875 119.953216552734375 0 0 0 0 0 0 0 0 87.41330718994140625 0 0 0 107.5284271240234375 231.9658355712890625 221.9846343994140625 218.3758087158203125 77.4610595703125 27.511541366577148438 93.10608673095703125 0 0 84.90789794921875 0 0 0 0 0 0 0 0 0 0 0 0 0 0 0 0 0 0 0 0 0 0 0 0
461.89666748046875 112.893646240234375 225.7845306396484375 286.049591064453125 382.55126953125 344.59869384765625 139.172943115234375 202.855926513671875 0 0 0 0 0 0 0 0 0 0 0 0 116.51399993896484375 207.2908782958984375 196.654754638671875 0 0 0 0 0 64.61357879638671875 164.5345458984375 123.79470062255859375 0 0 0 0 0 0 0 0 0 0 0 0 0 0 0 57.311061859130859375 0 0 0 0 0 0
439.598785400390625 247.512054443359375 364.925079345703125 188.2192840576171875 182.3403778076171875 110.46010589599609375 283.790802001953125 330.17572021484375 182.162872314453125 7.4340767860412597656 167.5186004638671875 153.6850128173828125 101.1085357666015625 0 0 0 0 179.1713104248046875 242.9757232666015625 165.7654876708984375 296.54876708984375 219.038543701171875 287.257080078125 56.335254669189453125 0 0 0 0 0 261.347076416015625 751.931884765625 612.17889404296875 555.60992431640625 266.83709716796875 221.6234588623046875 98.317535400390625 0 0 8.5812702178955078125 353.34375 440.9622802734375 261.014801025390625 122.84529876708984375 0 0 0 0 0 290.399993896484375 185.53045654296875 0 0 0
247.8583526611328125 266.458953857421875 343.857421875 328.064239501953125 86.54804229736328125 136.4597320556640625 213.561126708984375 354.553466796875 198.904449462890625 108.72830963134765625 135.92413330078125 248.10760498046875 366.52630615234375 378.4368896484375 145.5329437255859375 173.9830322265625 196.938201904296875 68.93640899658203125 309.614410400390625 410.30291748046875 220.4864501953125 415.69403076171875 673.29473876953125 335.7020263671875 0 0 0 148.1684417724609375 225.864898681640625 53.619110107421875 201.9989166259765625 520.3414306640625 639.49359130859375 848.75848388671875 497.963623046875 239.75689697265625 188.28131103515625 597.37530517578125 502.595794677734375 343.44512939453125 416.7630615234375 518.67132568359375 845.24267578125 341.8360595703125 366.9324951171875 313.092529296875 225.3680267333984375 469.5513916015625 369.144744873046875 320.223052978515625 152.3288726806640625 0 0
266.10791015625 254.9003448486328125 410.915313720703125 131.4791412353515625 68.438568115234375 0 209.716156005859375 274.785369873046875 78.35515594482421875 137.494873046875 300.066986083984375 410.2696533203125 407.544677734375 244.1507720947265625 501.431915283203125 158.36029052734375 313.618682861328125 272.51922607421875 342.729156494140625 141.6127471923828125 261.231719970703125 364.284759521484375 633.56951904296875 292.09197998046875 139.7096710205078125 58.05464935302734375 0 109.387542724609375 107.25829315185546875 100.36913299560546875 493.31622314453125 380.04803466796875 360.03765869140625 549.38641357421875 484.84619140625 343.118560791015625 107.00783538818359375 587.82977294921875 351.4014892578125 699.2698974609375 567.72589111328125 459.412811279296875 322.621337890625 444.42279052734375 294.975189208984375 499.4803466796875 318.17181396484375 465.1397705078125 262.396453857421875 400.605133056640625 495.684417724609375 318.253204345703125 0
326.95745849609375 389.38671875 48.00724029541015625 366.8475341796875 354.7215576171875 199.63629150390625 130.329833984375 200.1364593505859375 268.70428466796875 203.593292236328125 443.04217529296875 483.050048828125 342.352874755859375 368.387664794921875 234.4614105224609375 214.933624267578125 490.7955322265625 413.798492431640625 384.470001220703125 239.743682861328125 221.718536376953125 159.376800537109375 354.86199951171875 522.31689453125 205.8355712890625 0 0 0 0 41.8694610595703125 348.330413818359375 489.021087646484375 457.52557373046875 753.51812744140625 334.55474853515625 549.5384521484375 425.332794189453125 263.723236083984375 196.33447265625 132.5545196533203125 27.061529159545898438 0 0 0 31.7393035888671875 152.8459930419921875 230.7515869140625 630.08734130859375 485.102508544921875 689.7652587890625 666.52154541015625 594.2281494140625 459.60150146484375
94.448211669921875 206.587158203125 292.10675048828125 471.23583984375 364.873077392578125 221.01824951171875 211.3648223876953125 236.6207733154296875 196.736907958984375 163.4600677490234375 250.1784820556640625 320.318603515625 322.1448974609375 535.8258056640625 110.83701324462890625 232.2451019287109375 315.433258056640625 196.7949981689453125 376.982421875 300.770965576171875 369.527069091796875 430.8153076171875 572.8775634765625 627.91973876953125 369.424713134765625 293.05267333984375 76.29726409912109375 94.76715087890625 180.28302001953125 85.2542572021484375 430.75274658203125 361.044342041015625 225.6731109619140625 493.51776123046875 227.19000244140625 158.182098388671875 64.99596405029296875 24.965635299682617188 0 38.259674072265625 198.9322509765625 191.595306396484375 204.1750640869140625 284.479034423828125 143.484466552734375 95.707122802734375 0 48.234424591064453125 1.6516660451889038086 0 38.856090545654296875 85.4531402587890625 21.7659149169921875
197.8018951416015625 478.88531494140625 363.57537841796875 146.39056396484375 349.672119140625 440.93212890625 164.21142578125 271.8719482421875 238.9293975830078125 149.052642822265625 41.858486175537109375 294.88360595703125 447.448638916015625 306.84246826171875 73.71135711669921875 133.9418792724609375 446.09112548828125 552.24365234375 535.47625732421875 461.7423095703125 419.777435302734375 119.72866058349609375 590.54901123046875 442.573944091796875 359.295440673828125 403.55853271484375 531.85986328125 674.90740966796875 564.45672607421875 320.44989013671875 187.1081695556640625 0 0 11.770570755004882812 0 58.24068450927734375 2.1176447868347167969 250.556243896484375 339.0966796875 323.6710205078125 376.75970458984375 319.131103515625 271.8714599609375 507.22900390625 267.730743408203125 533.68389892578125 241.32861328125 258.9661865234375 390.34857177734375 223.0580902099609375 356.794677734375 308.298492431640625 265.67828369140625
333.6534423828125 239.0281219482421875 170.4603271484375 189.776214599609375 305.32232666015625 338.14654541015625 235.547088623046875 255.8682403564453125 307.84832763671875 346.397857666015625 217.126434326171875 262.44110107421875 224.4079742431640625 198.6074066162109375 390.507659912109375 340.81268310546875 476.5589599609375 580.98809814453125 474.72760009765625 437.078826904296875 217.2400665283203125 434.747100830078125 596.28448486328125 591.8475341796875 363.30816650390625 547.09857177734375 297.437957763671875 389.1932373046875 554.718994140625 386.615142822265625 0 0 0 110.79248809814453125 334.743499755859375 365.26373291015625 477.51202392578125 304.24200439453125 421.170013427734375 267.52764892578125 214.194488525390625 477.574371337890625 342.883514404296875 597.2342529296875 250.2574462890625 599.6781005859375 86.10630035400390625 482.435302734375 471.019866943359375 384.842926025390625 390.613494873046875 246.369598388671875 197.89434814453125
302.0255126953125 414.343902587890625 220.4559173583984375 162.880523681640625 294.723541259765625 464.01910400390625 256.640350341796875 507.165496826171875 496.640899658203125 276.774383544921875 263.58935546875 104.81140899658203125 201.9855194091796875 384.0462646484375 292.156219482421875 430.160552978515625 455.2584228515625 730.29254150390625 551.3890380859375 395.751953125 575.98675537109375 606.350830078125 392.29779052734375 302.687835693359375 401.924713134765625 528.31341552734375 361.607940673828125 279.1829833984375 567.17437744140625 143.868133544921875 0 0 0 169.308685302734375 433.877716064453125 302.920745849609375 374.061737060546875 400.414825439453125 254.6461181640625 338.979034423828125 336.7362060546875 517.06817626953125 331.1170654296875 613.994873046875 80.345977783203125 86.476531982421875 312.0513916015625 223.9170074462890625 279.113189697265625 407.57867431640625 219.534027099609375 257.117401123046875 504.812591552734375
230.5431060791015625 257.40789794921875 266.433990478515625 252.56390380859375 279.96490478515625 486.0714111328125 326.066558837890625 504.502227783203125 490.400421142578125 199.0083770751953125 385.098388671875 219.046783447265625 118.24686431884765625 299.414276123046875 428.4605712890625 651.89312744140625 471.58905029296875 234.40960693359375 409.190765380859375 537.5023193359375 336.128997802734375 301.872467041015625 592.68023681640625 342.3414306640625 326.611541748046875 340.666473388671875 428.5501708984375 274.32745361328125 60.95660400390625 91.3970794677734375 11.492072105407714844 0 0 387.7642822265625 494.712921142578125 248.3262939453125 467.16961669921875 367.4814453125 305.232177734375 461.87261962890625 301.298553466796875 470.845458984375 423.281982421875 318.74737548828125 519.15380859375 369.858123779296875 170.831634521484375 150.13641357421875 376.865386962890625 336.25970458984375 428.79296875 93.39972686767578125 310.305999755859375
412.9688720703125 589.99932861328125 579.72052001953125 209.4876708984375 376.840545654296875 559.4312744140625 452.51263427734375 235.8422088623046875 448.11895751953125 248.117584228515625 463.577239990234375 285.723358154296875 5.71856689453125 190.70318603515625 541.08465576171875 304.46002197265625 507.313201904296875 895.2373046875 443.096466064453125 755.0771484375 716.62225341796875 535.1505126953125 592.14874267578125 463.09796142578125 518.0089111328125 108.2505645751953125 60.87441253662109375 152.969085693359375 323.46063232421875 359.868743896484375 324.823089599609375 495.6519775390625 0 48.836750030517578125 403.03216552734375 335.947784423828125 318.71136474609375 556.46246337890625 365.295867919921875 475.663848876953125 455.7127685546875 171.050689697265625 104.1678314208984375 152.47802734375 256.444976806640625 713.341064453125 367.112884521484375 280.359466552734375 607.1781005859375 363.7015380859375 400.090179443359375 560.36474609375 513.26220703125
333.85333251953125 485.001434326171875 383.337158203125 508.76513671875 651.9130859375 524.71148681640625 452.224761962890625 280.892425537109375 449.406524658203125 449.773651123046875 461.141021728515625 491.260711669921875 363.427490234375 499.919219970703125 21.382780075073242188 63.03249359130859375 719.7349853515625 893.904296875 772.26556396484375 609.8287353515625 702.8470458984375 503.65399169921875 444.48858642578125 185.927734375 134.3714447021484375 453.139862060546875 591.26446533203125 412.698272705078125 306.16204833984375 395.785003662109375 90.40228271484375 495.59423828125 329.090911865234375 257.798370361328125 96.47772216796875 151.825164794921875 172.158447265625 442.999542236328125 161.9850006103515625 192.9777069091796875 271.164764404296875 464.885528564453125 295.82427978515625 247.03900146484375 496.53045654296875 728.35882568359375 404.94659423828125 313.664093017578125 663.8416748046875 414.371856689453125 236.2974395751953125 335.407257080078125 435.013702392578125
363.963531494140625 295.93853759765625 390.248870849609375 372.622406005859375 286.53179931640625 326.15069580078125 261.838165283203125 199.7713470458984375 738.4832763671875 886.859130859375 532.31854248046875 529.086669921875 510.617095947265625 534.33319091796875 402.708526611328125 148.7171783447265625 463.402923583984375 656.0792236328125 786.0380859375 585.4287109375 398.79388427734375 53.237895965576171875 122.61608123779296875 535.1416015625 527.93231201171875 519.34088134765625 592.702880859375 574.14105224609375 223.550872802734375 426.27740478515625 159.1693115234375 402.2513427734375 329.111419677734375 210.8986358642578125 310.2998046875 235.0741729736328125 243.030029296875 336.509124755859375 255.9531097412109375 296.78759765625 366.45550537109375 362.221832275390625 249.0886688232421875 332.664093017578125 268.1453857421875 529.72430419921875 341.1064453125 266.158599853515625 364.583648681640625 390.63067626953125 337.487945556640625 228.2296905517578125 277.59979248046875
402.763427734375 235.924652099609375 384.027099609375 230.0114288330078125 374.986297607421875 304.463226318359375 468.313201904296875 256.72967529296875 562.39068603515625 906.6649169921875 705.057373046875 373.9141845703125 110.01868438720703125 502.827972412109375 524.64208984375 7.8616476058959960938 509.74951171875 861.03472900390625 714.1046142578125 420.21478271484375 105.4127044677734375 294.855621337890625 509.193695068359375 794.69964599609375 1010.45037841796875 24.677064895629882812 579.33905029296875 629.51397705078125 592.77099609375 554.14154052734375 169.4131011962890625 179.2252655029296875 241.7428131103515625 542.70074462890625 484.43731689453125 1020.69598388671875 376.7598876953125 457.830322265625 247.0399017333984375 272.15179443359375 233.2150421142578125 444.132843017578125 153.5999755859375 285.711761474609375 367.97332763671875 276.105133056640625 224.1224365234375 294.34161376953125 321.739166259765625 421.322357177734375 189.5285186767578125 451.8157958984375 422.588836669921875
192.714324951171875 264.542388916015625 305.999176025390625 474.486083984375 605.25689697265625 554.06256103515625 294.421875 294.781524658203125 629.27069091796875 479.2890625 345.288177490234375 386.11810302734375 447.684112548828125 654.95013427734375 378.705047607421875 8.4086580276489257812 250.31256103515625 271.72503662109375 229.4295806884765625 179.473052978515625 358.81353759765625 358.460174560546875 658.27032470703125 978.63323974609375 782.0301513671875 118.418182373046875 570.44854736328125 557.779541015625 734.9326171875 238.7472381591796875 574.3199462890625 476.518463134765625 386.408050537109375 301.019317626953125 622.440673828125 801.52911376953125 468.4583740234375 201.67547607421875 286.297943115234375 166.6253662109375 265.219818115234375 111.84575653076171875 93.81304931640625 320.4775390625 211.4733123779296875 290.35736083984375 311.77203369140625 412.529449462890625 158.9707489013671875 265.18975830078125 208.1694793701171875 124.64163970947265625 36.89939117431640625
405.5843505859375 285.81842041015625 334.171112060546875 419.677001953125 215.6410369873046875 227.72576904296875 193.5079193115234375 149.228790283203125 548.48883056640625 595.81658935546875 630.34783935546875 567.0657958984375 412.31158447265625 145.8653411865234375 0 0 91.9300689697265625 432.08642578125 959.099609375 666.06591796875 473.952850341796875 494.983551025390625 924.58782958984375 795.06591796875 392.1014404296875 642.3255615234375 702.6182861328125 736.36761474609375 440.5537109375 19.390676498413085938 183.0180511474609375 693.38238525390625 265.244232177734375 406.748687744140625 626.4005126953125 177.6201019287109375 506.72381591796875 399.727752685546875 492.70098876953125 293.699249267578125 326.609405517578125 344.405853271484375 393.783050537109375 534.80084228515625 494.3204345703125 473.0006103515625 477.74005126953125 381.024932861328125 95.92037200927734375 0 2.8231945037841796875 336.442047119140625 334.331878662109375
113.3924713134765625 236.798431396484375 329.5081787109375 422.120819091796875 333.007904052734375 345.073516845703125 250.0398406982421875 164.61962890625 274.20062255859375 228.7735748291015625 95.17435455322265625 225.8128814697265625 301.361602783203125 442.394927978515625 127.47097015380859375 75.31909942626953125 760.3885498046875 807.47406005859375 862.78350830078125 858.0289306640625 513.21539306640625 549.12274169921875 807.2960205078125 761.75665283203125 390.834320068359375 373.3485107421875 564.9140625 700.67999267578125 423.880340576171875 509.454376220703125 509.8897705078125 394.658294677734375 428.54241943359375 420.005157470703125 380.806243896484375 175.3747406005859375 348.496307373046875 204.5070648193359375 596.33319091796875 171.6093902587890625 427.454376220703125 566.3599853515625 433.45269775390625 440.50714111328125 555.26812744140625 346.765960693359375 1024.473388671875 895.7579345703125 347.03326416015625 0 0 154.979644775390625 128.1109161376953125
369.090667724609375 357.522430419921875 274.819366455078125 227.2009429931640625 150.4178619384765625 0 72.900115966796875 175.317291259765625 206.240386962890625 418.393218994140625 537.7109375 282.702056884765625 450.89288330078125 500.141510009765625 236.3799896240234375 265.502716064453125 966.482421875 946.9638671875 658.2413330078125 844.48724365234375 615.4490966796875 626.8885498046875 663.98638916015625 858.73724365234375 577.13385009765625 669.32659912109375 856.2403564453125 970.20440673828125 891.08819580078125 751.27789306640625 268.43536376953125 107.64475250244140625 419.645355224609375 587.4974365234375 340.77557373046875 752.273193359375 639.2733154296875 409.90362548828125 231.36871337890625 113.90502166748046875 428.127044677734375 510.91705322265625 779.77020263671875 324.630035400390625 229.6461181640625 116.040771484375 177.377105712890625 189.82904052734375 388.40191650390625 490.63677978515625 149.7158355712890625 247.1438140869140625 315.450531005859375
0 0 140.3674774169921875 319.198394775390625 438.604888916015625 351.349822998046875 604.85595703125 564.64007568359375 466.834503173828125 641.28753662109375 534.3621826171875 246.1707916259765625 195.6205596923828125 378.290435791015625 387.5521240234375 276.060882568359375 820.2794189453125 904.16888427734375 922.952880859375 1058.497802734375 752.39599609375 755.91534423828125 848.1904296875 377.745147705078125 600.001953125 796.1419677734375 1111.99267578125 929.97381591796875 797.54486083984375 861.82720947265625 305.996612548828125 330.503936767578125 406.2801513671875 315.261474609375 181.5218353271484375 590.90985107421875 377.17242431640625 221.850006103515625 31.008029937744140625 0 289.815277099609375 390.8116455078125 359.5118408203125 184.806182861328125 210.0520172119140625 353.905914306640625 448.68994140625 418.224822998046875 342.223968505859375 463.169158935546875 423.1715087890625 466.68487548828125 300.693756103515625
191.9645843505859375 0 347.478851318359375 585.89697265625 404.430999755859375 477.29510498046875 87.94094085693359375 551.01226806640625 421.47137451171875 461.22235107421875 16.654230117797851562 92.842254638671875 314.0174560546875 278.05615234375 156.9293975830078125 525.679443359375 992.19415283203125 939.3883056640625 927.18170166015625 825.6014404296875 950.6309814453125 842.60845947265625 502.9039306640625 34.6668701171875 425.246856689453125 771.8599853515625 823.5787353515625 915.6053466796875 753.86138916015625 741.7110595703125 515.8399658203125 230.32415771484375 237.8141021728515625 217.4761199951171875 295.086151123046875 512.41717529296875 849.93072509765625 814.30316162109375 378.52447509765625 233.3254241943359375 203.3199462890625 341.73114013671875 475.72198486328125 322.757904052734375 149.4178619384765625 231.935516357421875 422.807647705078125 285.337249755859375 407.352081298828125 441.776702880859375 321.562469482421875 493.92138671875 598.40692138671875
386.603973388671875 42.032314300537109375 277.86639404296875 494.6884765625 372.47540283203125 446.465179443359375 152.41131591796875 528.06585693359375 532.488525390625 645.1876220703125 832.27398681640625 554.5157470703125 563.3817138671875 298.546600341796875 348.839385986328125 599.28839111328125 917.6923828125 841.756591796875 702.68914794921875 861.91668701171875 904.60882568359375 862.1697998046875 887.18389892578125 292.3515625 308.956024169921875 564.5767822265625 131.9319915771484375 467.29345703125 343.195098876953125 506.125396728515625 493.32257080078125 96.77793121337890625 414.36285400390625 583.0224609375 429.264404296875 651.6168212890625 723.47088623046875 786.045166015625 545.06427001953125 719.441650390625 187.527587890625 333.695343017578125 370.228912353515625 321.220733642578125 146.529144287109375 201.689971923828125 388.43975830078125 255.3557891845703125 122.807037353515625 359.14276123046875 377.52655029296875 393.19757080078125 276.047576904296875
4.1317696571350097656 191.09698486328125 334.92999267578125 169.3093719482421875 74.201568603515625 652.26751708984375 694.060546875 589.76715087890625 576.3956298828125 636.18212890625 1141.94873046875 584.67596435546875 537.638916015625 238.0467681884765625 329.11859130859375 667.31793212890625 743.60186767578125 747.91619873046875 718.8328857421875 615.82830810546875 442.252197265625 200.76141357421875 164.114471435546875 389.93707275390625 237.378265380859375 813.0924072265625 521.505126953125 637.32745361328125 542.7813720703125 612.73590087890625 935.66851806640625 631.3499755859375 1005.424072265625 835.62506103515625 234.44073486328125 522.36895751953125 449.464324951171875 683.11676025390625 861.674560546875 1317.33447265625 115.6070709228515625 250.9626617431640625 421.61785888671875 346.0240478515625 413.162628173828125 198.061676025390625 309.183837890625 405.234100341796875 563.09942626953125 744.4093017578125 306.548431396484375 320.41192626953125 231.434112548828125
267.50006103515625 137.4628448486328125 12.196537971496582031 101.8607177734375 214.8145904541015625 279.178741455078125 354.39697265625 451.44097900390625 205.63836669921875 219.7462921142578125 361.639556884765625 407.533935546875 465.918060302734375 38.358642578125 0 197.851959228515625 45.913913726806640625 134.050201416015625 459.146881103515625 504.967987060546875 598.99609375 709.48419189453125 773.77593994140625 751.38592529296875 229.180419921875 577.417724609375 713.84710693359375 1000.72906494140625 956.68731689453125 1003.42376708984375 988.38128662109375 859.214599609375 836.68365478515625 926.5347900390625 756.1876220703125 764.62786865234375 80.91211700439453125 622.711181640625 771.5738525390625 1058.499755859375 226.3124237060546875 403.58148193359375 143.0696258544921875 286.70465087890625 228.5672149658203125 101.173492431640625 183.8587646484375 153.87322998046875 164.99957275390625 26.999494552612304688 361.7633056640625 375.83526611328125 704.4127197265625
