ForecastVariables/LightPollution_Blue_500m_80percent/LightPollutionBlue_80_Focal_Random4.asc
ncols        529
nrows        344
xllcorner    2700.000000000000
yllcorner    15900.000000000000
cellsize     100.000000000000
NODATA_value  nan
[rows 100 to 119 of 344, columns 135 to 179 of 529]
323.677947998046875 331.256256103515625 493.512451171875 683.85089111328125 808.5924072265625 822.324951171875 776.6578369140625 650.98480224609375 574.152587890625 771.47076416015625 953.96246337890625 912.78680419921875 866.90069580078125 1093.716552734375 1046.2447509765625 936.50054931640625 1031.993408203125 1151.5006103515625 1190.78271484375 1258.7005615234375 1310.5386962890625 1114.3878173828125 1197.1082763671875 1434.75537109375 1366.7557373046875 1434.033935546875 1189.44921875 1277.3116455078125 1257.2567138671875 1240.619140625 1005.85076904296875 1016.24273681640625 973.0963134765625 1061.1097412109375 1219.5023193359375 1085.5140380859375 1514.23095703125 1619.41748046875 1445.112060546875 1383.5255126953125 1160.045654296875 955.54132080078125 806.37677001953125 803.50335693359375 942.492431640625
294.979888916015625 309.2255859375 452.183685302734375 787.1270751953125 921.921630859375 961.40216064453125 945.05352783203125 756.165771484375 716.2823486328125 745.27520751953125 975.843505859375 1121.211181640625 1151.29638671875 1183.4461669921875 1062.6431884765625 1052.37890625 1013.56524658203125 1000.0059814453125 981.03594970703125 1090.8636474609375 1137.87939453125 1043.46630859375 1157.5150146484375 1337.63525390625 1461.1666259765625 1284.852783203125 1098.1070556640625 1067.53515625 1249.9462890625 1106.4075927734375 1079.6610107421875 1139.773681640625 1103.3929443359375 1105.65966796875 1103.489013671875 1354.9359130859375 1650.99560546875 1701.2728271484375 1343.5130615234375 1304.0697021484375 1223.7554931640625 1041.5341796875 963.096435546875 1032.4637451171875 1043.8441162109375
261.8671875 362.730316162109375 536.40289306640625 647.69512939453125 949.36688232421875 1017.2120361328125 980.27203369140625 856.311279296875 792.58197021484375 895.2783203125 991.40118408203125 1242.6181640625 1389.721435546875 1214.234619140625 1275.9241943359375 1160.7218017578125 995.15771484375 836.77789306640625 874.5621337890625 949.697021484375 1043.2093505859375 1137.994140625 1151.07177734375 1172.934814453125 1309.9620361328125 1229.3084716796875 1126.372314453125 1144.946533203125 1042.3721923828125 1033.1318359375 1055.5284423828125 1228.8648681640625 1237.1280517578125 1180.2435302734375 1203.6763916015625 1382.8602294921875 1426.6517333984375 1393.289306640625 1514.1331787109375 1381.03173828125 1149.8817138671875 1188.0157470703125 1170.3587646484375 1150.803466796875 1215.8837890625
264.215972900390625 508.134002685546875 584.96832275390625 774.540283203125 950.21551513671875 1083.969482421875 986.7978515625 942.96002197265625 855.81463623046875 1092.64697265625 1215.2176513671875 1379.7960205078125 1392.757568359375 1369.5457763671875 1299.1844482421875 1264.9971923828125 1108.034912109375 937.85882568359375 855.1353759765625 1004.00897216796875 1050.788330078125 1121.16748046875 1124.5479736328125 1164.5513916015625 1149.93701171875 1039.5992431640625 1100.7923583984375 1056.8604736328125 998.7508544921875 1062.145263671875 1034.5592041015625 1097.0189208984375 1102.6002197265625 1127.536865234375 912.6705322265625 1107.2252197265625 1144.81494140625 1213.3189697265625 1211.5712890625 1102.3631591796875 1142.815185546875 1290.32958984375 1447.0650634765625 1269.1610107421875 1129.17236328125
485.7423095703125 557.30230712890625 828.495361328125 870.2060546875 1004.91961669921875 1063.7244873046875 1116.145263671875 983.12481689453125 943.99261474609375 971.97869873046875 1405.6270751953125 1476.5977783203125 1404.4073486328125 1431.6719970703125 1485.4266357421875 1560.123291015625 1420.4888916015625 1116.7667236328125 1050.7506103515625 1161.9815673828125 1252.3485107421875 1158.1500244140625 1018.98077392578125 1003.8433837890625 904.6136474609375 887.45147705078125 981.50518798828125 888.9112548828125 1030.21923828125 900.91650390625 817.8941650390625 818.8050537109375 973.85302734375 957.305419921875 852.3660888671875 628.03271484375 849.20367431640625 868.3460693359375 789.02935791015625 998.08795166015625 1107.16259765625 1155.3253173828125 1217.1597900390625 1242.549560546875 1238.314208984375
548.70489501953125 800.21783447265625 978.6917724609375 1207.141845703125 960.574951171875 1026.2825927734375 1114.9500732421875 1096.7308349609375 855.05615234375 954.3143310546875 1142.405517578125 1369.502685546875 1227.1781005859375 1313.067626953125 1548.7149658203125 1665.33544921875 1597.6820068359375 1321.2698974609375 1041.1466064453125 986.94439697265625 1110.028564453125 1230.59765625 1053.4573974609375 773.0626220703125 517.712890625 712.56744384765625 746.349609375 973.94329833984375 816.97021484375 598.132568359375 531.1712646484375 681.46240234375 685.72198486328125 690.396240234375 645.370361328125 538.60107421875 422.588165283203125 543.07373046875 625.58868408203125 801.69390869140625 901.90618896484375 865.64825439453125 831.91265869140625 1056.92431640625 1077.379150390625
770.00390625 837.556884765625 1062.8819580078125 1095.89990234375 1195.913818359375 953.9998779296875 988.35919189453125 864.2747802734375 840.26763916015625 744.895751953125 787.47076416015625 1039.0059814453125 1033.1282958984375 1203.6568603515625 1270.5985107421875 1450.8946533203125 1582.7496337890625 1509.892578125 943.32611083984375 707.15142822265625 871.2733154296875 1047.154296875 990.765869140625 597.5472412109375 605.349853515625 618.90972900390625 644.32489013671875 781.82867431640625 783.51300048828125 488.9317626953125 382.799591064453125 327.98455810546875 438.1893310546875 507.98193359375 520.46429443359375 465.456787109375 358.47222900390625 354.0362548828125 504.01068115234375 612.31207275390625 598.53369140625 680.323974609375 705.1031494140625 712.59613037109375 751.8087158203125
573.15631103515625 928.56964111328125 975.6934814453125 866.90399169921875 842.46026611328125 1088.7625732421875 946.22174072265625 878.69891357421875 585.856201171875 535.3837890625 675.81036376953125 775.43341064453125 867.05804443359375 899.45745849609375 1099.429443359375 1303.7918701171875 1513.582763671875 1342.5941162109375 998.8922119140625 687.98089599609375 709.30438232421875 828.95635986328125 911.1678466796875 843.54180908203125 677.3055419921875 636.4459228515625 718.4881591796875 759.37548828125 636.868408203125 501.927490234375 213.2404632568359375 148.78350830078125 252.050140380859375 388.586029052734375 413.264434814453125 358.161865234375 276.13262939453125 272.948516845703125 447.891021728515625 623.9349365234375 624.22955322265625 515.76092529296875 511.038482666015625 578.168701171875 610.772705078125
537.35931396484375 502.189910888671875 846.3428955078125 928.96466064453125 803.00994873046875 769.78082275390625 1005.3447265625 944.9908447265625 762.78497314453125 524.84442138671875 540.943115234375 713.79913330078125 846.44097900390625 880.37445068359375 863.238525390625 1239.7379150390625 1288.2647705078125 1276.555908203125 1126.8651123046875 782.9813232421875 685.9456787109375 815.8448486328125 883.3687744140625 929.20538330078125 792.1529541015625 672.1448974609375 853.2015380859375 740.0306396484375 649.25250244140625 443.12030029296875 200.2702789306640625 129.518280029296875 151.997589111328125 258.84014892578125 292.684906005859375 268.653961181640625 204.6262664794921875 267.216644287109375 397.382110595703125 632.64532470703125 764.84796142578125 639.23455810546875 554.1185302734375 483.530517578125 737.59503173828125
339.00872802734375 495.90673828125 776.50360107421875 821.3387451171875 780.10699462890625 973.4974365234375 1063.812255859375 976.67340087890625 860.84368896484375 614.20709228515625 533.25518798828125 641.63360595703125 880.50341796875 731.4090576171875 795.5938720703125 988.891357421875 1294.1639404296875 1201.65234375 1092.3184814453125 906.394287109375 775.03472900390625 904.86041259765625 891.906494140625 938.97454833984375 863.048095703125 887.0631103515625 783.71124267578125 823.14971923828125 715.09234619140625 423.634796142578125 209.33447265625 140.4998626708984375 139.23089599609375 185.7047119140625 203.8032684326171875 196.363433837890625 215.5033416748046875 236.1536407470703125 424.33734130859375 703.249755859375 814.67083740234375 864.800537109375 759.9036865234375 797.566162109375 653.718017578125
318.65216064453125 721.9566650390625 800.4498291015625 791.54754638671875 841.72540283203125 1156.338623046875 1203.7691650390625 1119.5076904296875 931.6314697265625 584.27947998046875 382.230621337890625 627.87835693359375 674.5767822265625 877.61383056640625 927.75909423828125 875.12567138671875 1045.007568359375 1209.398193359375 1108.203369140625 980.11627197265625 781.25897216796875 801.6796875 1006.69696044921875 940.93231201171875 889.727783203125 855.88287353515625 850.43109130859375 816.24322509765625 728.66619873046875 426.929779052734375 237.4838714599609375 143.477874755859375 145.7830047607421875 176.8173828125 168.427093505859375 177.98712158203125 202.4184417724609375 215.1703643798828125 410.4569091796875 696.8057861328125 846.90185546875 1095.831787109375 997.37774658203125 792.77667236328125 734.581787109375
591.62225341796875 671.403076171875 869.5006103515625 873.005126953125 1247.5640869140625 1156.44384765625 1247.325439453125 1225.8953857421875 778.23944091796875 524.69561767578125 440.660888671875 452.64715576171875 582.86370849609375 918.92572021484375 1157.0450439453125 997.80706787109375 1043.57373046875 1153.7159423828125 1154.652099609375 1026.4234619140625 999.41741943359375 1022.76690673828125 1116.8619384765625 948.80712890625 933.467529296875 992.7530517578125 924.1580810546875 901.8446044921875 666.4615478515625 443.11700439453125 242.3006439208984375 144.7954864501953125 131.4695587158203125 159.182220458984375 167.8370361328125 171.444000244140625 183.919769287109375 231.923095703125 331.607666015625 575.37738037109375 909.04150390625 1134.4176025390625 1058.63427734375 770.9052734375 636.00421142578125
563.9246826171875 905.32952880859375 893.38922119140625 1111.0771484375 982.4403076171875 1191.5751953125 1267.3287353515625 1056.292236328125 741.369140625 411.858551025390625 266.396453857421875 336.412109375 563.09521484375 814.61859130859375 1038.1260986328125 1153.18798828125 1046.0789794921875 999.844482421875 1113.219970703125 1136.39501953125 1082.015625 1159.3084716796875 1072.5787353515625 1193.8603515625 1039.5986328125 951.9012451171875 977.1463623046875 859.8707275390625 707.82904052734375 456.129302978515625 240.933624267578125 142.4138641357421875 115.81024169921875 142.5149993896484375 178.229461669921875 157.1925201416015625 166.9437408447265625 195.6076507568359375 248.722381591796875 498.9306640625 764.11669921875 853.3740234375 996.40399169921875 873.35302734375 681.3807373046875
726.8291015625 888.9444580078125 1097.6885986328125 887.6424560546875 1083.3121337890625 1284.35009765625 1197.79541015625 908.98712158203125 692.10626220703125 481.647186279296875 145.1373138427734375 149.3205718994140625 431.1044921875 827.6455078125 1015.80743408203125 1066.3055419921875 991.69586181640625 888.7054443359375 1131.9942626953125 1096.25927734375 1172.6060791015625 1212.601318359375 1249.0523681640625 1237.4193115234375 1160.0076904296875 905.9713134765625 1007.62725830078125 818.06182861328125 594.773681640625 374.67376708984375 228.9185333251953125 136.46319580078125 111.91825103759765625 123.1194305419921875 144.0355224609375 173.2696380615234375 156.13916015625 158.305816650390625 170.3488006591796875 277.0870361328125 593.14739990234375 724.3125 818.32550048828125 998.35589599609375 853.09344482421875
1054.8922119140625 936.30535888671875 1093.980224609375 1203.448974609375 1315.808349609375 1446.4923095703125 1159.68212890625 818.951171875 795.2724609375 590.755126953125 513.2550048828125 218.12445068359375 438.44366455078125 822.22760009765625 1085.9326171875 993.78607177734375 824.98712158203125 930.89666748046875 1009.975341796875 1231.8310546875 1116.3731689453125 1215.006103515625 1304.2099609375 1347.3934326171875 1130.4361572265625 1066.1737060546875 789.98394775390625 682.418701171875 460.511749267578125 291.526824951171875 139.0248260498046875 99.294952392578125 106.34706878662109375 116.3359527587890625 124.1463775634765625 119.079437255859375 136.941650390625 136.477783203125 171.1722259521484375 212.9574432373046875 336.38336181640625 641.24285888671875 720.1505126953125 836.63262939453125 1015.222900390625
1034.0960693359375 1353.228515625 1385.23388671875 1474.1558837890625 1493.8231201171875 1519.2679443359375 1393.05615234375 1134.5301513671875 858.39593505859375 786.41912841796875 698.98699951171875 662.142333984375 691.93402099609375 709.3948974609375 1059.7271728515625 1083.53759765625 966.07470703125 842.98760986328125 1031.1448974609375 1179.66796875 1291.5068359375 1152.934326171875 1429.460693359375 1369.177001953125 1315.0450439453125 1077.0543212890625 809.61834716796875 577.942626953125 401.61627197265625 190.7836151123046875 112.62204742431640625 85.03229522705078125 92.7278289794921875 112.61283111572265625 106.58686065673828125 96.1630096435546875 97.28961944580078125 146.90057373046875 303.05206298828125 327.435516357421875 321.127593994140625 490.17144775390625 785.38250732421875 876.95068359375 1042.5458984375
994.17181396484375 1098.7637939453125 1407.864501953125 1573.2640380859375 1789.8175048828125 1632.2767333984375 1461.4300537109375 1226.67822265625 1067.869384765625 972.844970703125 827.822998046875 884.05877685546875 764.41259765625 1014.96990966796875 1074.886962890625 1039.34130859375 819.12255859375 992.7681884765625 1024.7303466796875 1092.337646484375 1088.2218017578125 1298.224609375 1348.6556396484375 1446.403076171875 1237.9169921875 1053.77783203125 899.6444091796875 673.284912109375 308.752044677734375 174.49908447265625 117.25571441650390625 91.15488433837890625 87.0889892578125 99.681182861328125 99.2152557373046875 90.8993988037109375 114.1260833740234375 283.507843017578125 461.180084228515625 512.77642822265625 440.58489990234375 563.89373779296875 779.21502685546875 961.84954833984375 957.14739990234375
727.51654052734375 926.54229736328125 1093.5076904296875 1562.7823486328125 1729.5589599609375 1727.9014892578125 1495.2578125 1251.0986328125 1200.4078369140625 978.6278076171875 1167.6829833984375 950.20343017578125 957.67333984375 1050.47509765625 1138.6002197265625 873.40765380859375 1016.66571044921875 854.6395263671875 1003.54998779296875 830.16650390625 947.544677734375 1183.40380859375 1225.600830078125 1229.06640625 1137.663818359375 978.87298583984375 937.03082275390625 647.7154541015625 442.98675537109375 232.9998779296875 103.15572357177734375 86.62529754638671875 87.9472808837890625 98.2173614501953125 91.91796112060546875 82.5375518798828125 166.2705078125 343.6044921875 609.50897216796875 763.715087890625 693.3297119140625 717.45330810546875 735.16754150390625 812.06689453125 863.06231689453125
641.30731201171875 718.62884521484375 1056.7069091796875 1123.209716796875 1420.8092041015625 1689.9083251953125 1674.92138671875 1445.3526611328125 993.29400634765625 1179.764404296875 1096.2706298828125 1235.5513916015625 1033.0159912109375 1119.140869140625 873.67156982421875 1071.42724609375 824.0205078125 759.9248046875 647.68048095703125 803.196044921875 777.17724609375 946.12567138671875 1071.603271484375 980.6845703125 932.45184326171875 890.67864990234375 919.66748046875 761.9423828125 484.806396484375 219.4725494384765625 96.298309326171875 81.8269805908203125 88.4057159423828125 92.94673919677734375 87.79802703857421875 73.550750732421875 116.35344696044921875 348.916351318359375 744.769775390625 944.87969970703125 949.46575927734375 821.09619140625 684.82244873046875 711.220458984375 848.2291259765625
671.611328125 697.4205322265625 729.300048828125 1114.92822265625 1259.2957763671875 1385.7822265625 1406.3446044921875 1333.0972900390625 1279.034423828125 1081.8707275390625 1045.9322509765625 1007.84027099609375 1253.0440673828125 797.48541259765625 936.17327880859375 765.6124267578125 808.29302978515625 571.766357421875 727.59228515625 608.4986572265625 721.06597900390625 872.89813232421875 954.67901611328125 917.6822509765625 693.97601318359375 748.309814453125 826.63421630859375 792.5400390625 452.662689208984375 180.6100921630859375 90.91533660888671875 89.52626800537109375 86.32312774658203125 137.9481353759765625 135.5750885009765625 89.759552001953125 283.90203857421875 603.9805908203125 781.30731201171875 988.19342041015625 1191.0821533203125 1015.44891357421875 892.0302734375 872.96234130859375 911.29876708984375
