ForecastVariables/LightPollution_Blue_500m_80percent/LightPollutionBlue_80_Focal_Random4.asc
ncols        529
nrows        344
xllcorner    2700.000000000000
yllcorner    15900.000000000000
cellsize     100.000000000000
NODATA_value  nan
[rows 160 to 179 of 344, columns 450 to 494 of 529]
88.9111175537109375 84.836395263671875 85.25058746337890625 76.50505828857421875 76.76517486572265625 78.71176910400390625 85.90474700927734375 95.6821136474609375 101.14196014404296875 119.36142730712890625 94.5672454833984375 99.50576019287109375 86.88336944580078125 77.85674285888671875 79.8002471923828125 81.38735198974609375 81.5282745361328125 71.45571136474609375 71.10871124267578125 68.93589019775390625 78.69795989990234375 79.72487640380859375 82.547393798828125 81.7857818603515625 83.5366363525390625 72.91710662841796875 80.35479736328125 84.95075225830078125 88.3030548095703125 83.96039581298828125 85.05373382568359375 83.4913177490234375 84.4575653076171875 84.42363739013671875 85.074493408203125 83.5706024169921875 80.875457763671875 83.24710845947265625 77.68955230712890625 76.78377532958984375 75.50879669189453125 77.1297607421875 73.37673187255859375 76.70938873291015625 77.384765625
89.84130096435546875 85.96378326416015625 83.23285675048828125 81.32740020751953125 77.34912109375 79.1032257080078125 90.7520904541015625 94.57556915283203125 95.9011383056640625 99.82346343994140625 110.5795745849609375 90.370025634765625 84.993438720703125 81.5104522705078125 80.97142791748046875 84.354034423828125 79.3194732666015625 77.3416900634765625 76.21920013427734375 80.9608306884765625 97.8242340087890625 111.25917816162109375 112.633758544921875 110.64284515380859375 110.24066162109375 85.20052337646484375 75.8169708251953125 83.8121490478515625 87.0784912109375 86.64951324462890625 84.30454254150390625 84.15810394287109375 82.7799224853515625 83.41841888427734375 82.86194610595703125 79.60375213623046875 76.81174468994140625 74.877105712890625 76.9216766357421875 74.3176422119140625 75.2458038330078125 73.0402984619140625 76.64160919189453125 77.2005615234375 77.37125396728515625
91.88439178466796875 87.4674835205078125 88.5403594970703125 79.77788543701171875 76.602081298828125 74.88207244873046875 79.0885467529296875 96.5717010498046875 100.3681182861328125 102.42865753173828125 101.80780792236328125 89.6407318115234375 100.391387939453125 103.36226654052734375 102.85036468505859375 98.32253265380859375 99.97332000732421875 95.05448150634765625 98.2808837890625 112.32758331298828125 134.9096221923828125 148.445037841796875 147.372589111328125 142.4981231689453125 134.75750732421875 108.74869537353515625 90.25057220458984375 82.197174072265625 85.70812225341796875 88.74533843994140625 86.25862884521484375 82.30635833740234375 82.26670074462890625 82.87192535400390625 79.12683868408203125 75.40433502197265625 74.0767364501953125 70.8660736083984375 69.635284423828125 71.90576934814453125 72.404205322265625 74.49414825439453125 76.4239959716796875 77.29117584228515625 76.25931549072265625
87.680328369140625 88.4887847900390625 86.25682830810546875 81.65976715087890625 71.9564056396484375 75.5730438232421875 77.9221954345703125 91.47603607177734375 116.32309722900390625 108.69362640380859375 127.08760833740234375 132.246795654296875 127.9477081298828125 141.7404022216796875 202.143829345703125 169.6708831787109375 128.245361328125 125.0188751220703125 126.64862823486328125 138.3591461181640625 149.6931915283203125 149.056060791015625 157.8925323486328125 178.3028411865234375 151.5838775634765625 114.2799530029296875 90.2386627197265625 82.752838134765625 85.819122314453125 87.69812774658203125 87.1385498046875 82.88318634033203125 82.05272674560546875 80.38826751708984375 79.26866912841796875 75.4337158203125 70.249267578125 68.63323974609375 68.90329742431640625 70.387664794921875 71.72252655029296875 72.2970428466796875 73.83419036865234375 75.1841583251953125 75.50472259521484375
83.071319580078125 83.06420135498046875 82.050445556640625 75.1953582763671875 74.71063995361328125 71.46364593505859375 84.87933349609375 115.51941680908203125 117.9033355712890625 144.769683837890625 179.7293701171875 187.3426055908203125 178.055877685546875 236.526153564453125 349.214874267578125 289.95062255859375 211.087005615234375 162.21002197265625 149.622650146484375 148.9928131103515625 145.50994873046875 147.2077789306640625 164.5929718017578125 174.7532806396484375 164.5291290283203125 119.34638214111328125 88.42469024658203125 84.862091064453125 87.5498046875 85.68660736083984375 83.851470947265625 86.66510009765625 81.05966949462890625 79.62743377685546875 79.72802734375 74.951263427734375 72.347869873046875 71.4928436279296875 69.686920166015625 68.82942962646484375 69.611419677734375 72.60366058349609375 76.0784149169921875 72.96904754638671875 74.7865753173828125
78.48502349853515625 79.4752349853515625 77.35395050048828125 78.02843475341796875 71.3853912353515625 71.8203887939453125 98.09100341796875 110.69144439697265625 142.6383209228515625 173.28802490234375 188.699310302734375 194.3426971435546875 270.924102783203125 373.4136962890625 367.342254638671875 372.573211669921875 306.90631103515625 227.4206695556640625 182.879791259765625 160.16473388671875 155.856689453125 147.7358245849609375 159.47540283203125 165.0980224609375 176.0539093017578125 139.142913818359375 97.3756866455078125 84.19934844970703125 88.6359100341796875 85.53533935546875 86.85495758056640625 84.76207733154296875 82.46097564697265625 78.7974700927734375 77.6152191162109375 76.1880340576171875 75.393707275390625 74.2059173583984375 69.49195098876953125 69.31839752197265625 68.83956146240234375 75.11548614501953125 76.505096435546875 77.32056427001953125 75.78052520751953125
73.62004852294921875 76.34795379638671875 79.36360931396484375 75.38668060302734375 75.94384002685546875 101.00732421875 129.0097503662109375 125.08063507080078125 128.5989990234375 162.1823272705078125 172.7481842041015625 186.2046356201171875 250.87713623046875 322.093505859375 369.675689697265625 388.59295654296875 325.15008544921875 209.67364501953125 197.0032958984375 184.5832977294921875 183.64105224609375 157.432647705078125 151.7337493896484375 164.4332427978515625 176.8369598388671875 129.974578857421875 96.1375274658203125 84.0927581787109375 85.43280792236328125 90.27979278564453125 84.5338592529296875 83.34206390380859375 81.38010406494140625 79.46524810791015625 76.56560516357421875 78.37664794921875 77.948272705078125 73.87603759765625 72.79708099365234375 70.7599639892578125 72.57833099365234375 73.4730224609375 80.0390472412109375 78.94287109375 80.43416595458984375
66.95952606201171875 74.09576416015625 80.45806121826171875 79.14566802978515625 92.407989501953125 205.1506500244140625 362.8848876953125 170.1177825927734375 155.9013214111328125 122.85308837890625 146.7218170166015625 164.06982421875 158.0273895263671875 230.5581207275390625 317.0887451171875 303.379608154296875 214.7520599365234375 204.134918212890625 201.8587493896484375 187.21417236328125 183.9936065673828125 159.6493988037109375 149.3604888916015625 168.5705108642578125 155.0958099365234375 111.8690338134765625 89.0761260986328125 80.93889617919921875 84.74987030029296875 85.71498870849609375 86.91645050048828125 83.09462738037109375 81.72440338134765625 76.7284088134765625 77.004302978515625 77.929473876953125 83.20062255859375 79.84493255615234375 76.04956817626953125 71.8171844482421875 73.74582672119140625 80.01628875732421875 79.1019287109375 81.19393157958984375 78.043426513671875
74.97507476806640625 69.5284423828125 83.4362335205078125 96.2927093505859375 223.23187255859375 513.2320556640625 564.14599609375 405.2061767578125 219.7336578369140625 189.3716583251953125 148.0917205810546875 142.210418701171875 159.5753021240234375 177.0274810791015625 242.2851715087890625 178.9191436767578125 184.996551513671875 190.977142333984375 188.271453857421875 195.445068359375 181.9742279052734375 175.078765869140625 153.9947052001953125 152.3768310546875 148.675994873046875 115.23087310791015625 85.7903289794921875 82.5899810791015625 84.5531768798828125 81.5229034423828125 87.68841552734375 86.51946258544921875 81.62886810302734375 79.7506256103515625 79.88165283203125 81.5198822021484375 84.194488525390625 89.60099029541015625 81.6834259033203125 78.81005096435546875 81.2565460205078125 80.28003692626953125 80.63189697265625 80.011932373046875 80.5051116943359375
98.46135711669921875 84.44925689697265625 79.937713623046875 170.6231536865234375 477.428466796875 683.18701171875 675.52392578125 618.4364013671875 424.50970458984375 217.399383544921875 200.8710479736328125 162.6639404296875 172.614288330078125 192.150787353515625 169.547760009765625 172.643310546875 161.7913360595703125 153.651611328125 157.63104248046875 173.5003662109375 192.7185516357421875 186.2709503173828125 170.8269805908203125 151.838531494140625 160.72454833984375 123.61136627197265625 90.52669525146484375 78.76944732666015625 78.7003173828125 85.016632080078125 88.22541046142578125 89.78969573974609375 83.52960205078125 81.830078125 81.958587646484375 85.300018310546875 89.0934906005859375 91.1144561767578125 88.528076171875 83.741912841796875 82.66338348388671875 83.263275146484375 82.50713348388671875 79.10547637939453125 78.58367919921875
105.1690826416015625 100.43779754638671875 103.79508209228515625 199.049468994140625 450.910064697265625 674.2020263671875 717.248046875 632.9178466796875 358.3170166015625 228.9433746337890625 210.345703125 200.3515777587890625 203.306304931640625 218.2602996826171875 177.4190826416015625 142.7606048583984375 134.2424774169921875 126.1339569091796875 132.229827880859375 153.3664703369140625 181.88580322265625 179.9122161865234375 174.195587158203125 182.5124969482421875 171.29437255859375 129.29302978515625 91.10121917724609375 74.85031890869140625 78.37255096435546875 83.9501953125 88.24969482421875 90.35109710693359375 90.76007843017578125 83.77011871337890625 81.84664154052734375 87.863525390625 88.80135345458984375 90.94371795654296875 88.21009063720703125 88.29167938232421875 80.6576385498046875 80.46994781494140625 80.68140411376953125 77.93125152587890625 76.5630035400390625
110.13538360595703125 109.166595458984375 122.4311370849609375 170.9507904052734375 280.07452392578125 498.7286376953125 607.1666259765625 343.015380859375 219.2936553955078125 212.7821197509765625 188.1888885498046875 183.1917266845703125 206.923126220703125 232.8262176513671875 186.252838134765625 139.3602752685546875 105.06241607666015625 103.8361358642578125 111.63545989990234375 128.49609375 165.072601318359375 164.3589019775390625 178.3154449462890625 182.3841552734375 173.0530548095703125 136.1100616455078125 103.05983734130859375 77.2053680419921875 74.80461883544921875 83.0499114990234375 82.96099090576171875 91.24399566650390625 90.29913330078125 87.40329742431640625 81.3985748291015625 82.8198089599609375 87.964141845703125 85.13611602783203125 86.0280914306640625 81.6759033203125 79.16300201416015625 76.580474853515625 75.3847503662109375 74.29489898681640625 77.81855010986328125
113.12520599365234375 110.62664794921875 106.84143829345703125 140.3425140380859375 209.5151214599609375 298.514495849609375 323.423797607421875 151.4047698974609375 157.9694976806640625 161.8427886962890625 126.55214691162109375 149.893890380859375 205.1564483642578125 240.23992919921875 192.3736419677734375 123.7740020751953125 96.5900421142578125 82.14350128173828125 90.07958984375 100.81737518310546875 123.3039093017578125 143.8963165283203125 147.1225738525390625 158.9382476806640625 158.7610015869140625 127.193817138671875 93.46839141845703125 74.5273895263671875 76.13198089599609375 75.05043792724609375 82.71280670166015625 81.48789215087890625 85.5006866455078125 82.065338134765625 81.81673431396484375 80.134185791015625 80.64383697509765625 80.4958648681640625 79.13311004638671875 77.59473419189453125 74.75606536865234375 74.7808990478515625 73.274139404296875 76.23987579345703125 76.27091217041015625
107.48685455322265625 91.30084991455078125 92.2180023193359375 115.6117095947265625 163.444915771484375 191.474334716796875 144.3642730712890625 115.60498046875 107.23142242431640625 96.28821563720703125 102.07442474365234375 126.785614013671875 198.6443328857421875 256.429779052734375 192.0446319580078125 130.338134765625 85.87201690673828125 79.4525604248046875 82.874267578125 88.63477325439453125 95.7450714111328125 104.6502532958984375 114.23451995849609375 132.5588531494140625 148.78607177734375 114.0876312255859375 81.897552490234375 76.8040771484375 71.0930938720703125 69.25762176513671875 71.77735137939453125 75.09185028076171875 74.20449066162109375 77.2725372314453125 77.93851470947265625 75.88641357421875 74.11359405517578125 73.5789947509765625 74.85906219482421875 73.3085784912109375 71.73775482177734375 71.106842041015625 73.57428741455078125 74.124176025390625 75.04880523681640625
76.94373321533203125 89.0445556640625 87.62659454345703125 96.34222412109375 112.42874908447265625 128.38775634765625 110.00537872314453125 98.94707489013671875 85.6446685791015625 82.84091949462890625 81.275848388671875 123.34766387939453125 197.9910736083984375 256.559417724609375 210.329620361328125 133.298583984375 99.77796173095703125 92.09072113037109375 92.23256683349609375 80.57654571533203125 78.52167510986328125 82.87804412841796875 98.10199737548828125 118.44062042236328125 139.5113983154296875 108.5663299560546875 86.22891998291015625 70.832611083984375 69.64551544189453125 65.4650115966796875 68.75357818603515625 68.81821441650390625 68.09259796142578125 70.226531982421875 74.3284149169921875 73.95293426513671875 71.5617218017578125 72.53691864013671875 70.43058013916015625 71.18526458740234375 72.622039794921875 71.04288482666015625 72.53163909912109375 73.8332977294921875 73.60337066650390625
91.1495361328125 73.76267242431640625 85.695159912109375 74.234344482421875 87.03179931640625 100.64121246337890625 92.86887359619140625 81.5068206787109375 81.726104736328125 79.02230072021484375 83.4167938232421875 125.73223876953125 195.2270050048828125 241.0787811279296875 223.8089752197265625 178.81488037109375 141.430084228515625 130.9758453369140625 132.640594482421875 91.28166961669921875 79.61322784423828125 72.84819793701171875 92.1483001708984375 124.90795135498046875 129.4099578857421875 112.56678009033203125 81.08780670166015625 73.3166046142578125 66.832733154296875 70.26717376708984375 67.23980712890625 67.07175445556640625 65.3736572265625 66.97518157958984375 69.554473876953125 72.82115936279296875 69.901336669921875 69.538818359375 69.6271820068359375 71.31354522705078125 70.64520263671875 71.2335662841796875 71.5022735595703125 72.99330902099609375 72.55666351318359375
84.72661590576171875 84.3914794921875 70.73636627197265625 80.55859375 72.78711700439453125 86.23093414306640625 80.87990570068359375 82.6393585205078125 78.86969757080078125 78.1201934814453125 78.3556976318359375 109.81170654296875 171.088958740234375 232.021240234375 228.907958984375 200.9082183837890625 186.191192626953125 197.1635589599609375 169.2957763671875 133.9405670166015625 81.959136962890625 77.552581787109375 93.103240966796875 111.9666290283203125 119.321929931640625 104.4842987060546875 90.45874786376953125 68.88404083251953125 69.3172149658203125 71.8492584228515625 67.7412872314453125 65.6415252685546875 67.7211761474609375 64.395538330078125 65.1145477294921875 70.366546630859375 70.4670257568359375 67.54489898681640625 70.1117706298828125 73.946990966796875 73.0094757080078125 69.31793212890625 70.08827972412109375 72.7786712646484375 74.159637451171875
82.76419830322265625 76.93080902099609375 82.150299072265625 76.50240325927734375 81.05207061767578125 77.38201141357421875 82.3775787353515625 82.33106231689453125 78.9436187744140625 75.55709075927734375 79.0993499755859375 92.462188720703125 138.4874267578125 199.7881927490234375 194.4028167724609375 193.7367401123046875 214.6588897705078125 205.59222412109375 178.7770233154296875 143.228973388671875 112.5713958740234375 69.42055511474609375 79.4104156494140625 96.776214599609375 105.416412353515625 98.150604248046875 76.26457977294921875 67.66009521484375 66.30988311767578125 67.89556121826171875 71.2571868896484375 71.24321746826171875 68.1178131103515625 65.5052337646484375 68.7340240478515625 73.59490966796875 71.99600982666015625 72.66576385498046875 71.8827667236328125 78.2128143310546875 74.57581329345703125 72.55178070068359375 68.75919342041015625 71.58367156982421875 73.9579010009765625
72.372772216796875 82.58426666259765625 75.73596954345703125 75.236175537109375 79.8757781982421875 85.02179718017578125 80.1318511962890625 79.65245819091796875 79.4318695068359375 78.1498260498046875 77.55809783935546875 83.7657012939453125 99.9955596923828125 135.221771240234375 134.725372314453125 145.1885833740234375 152.575042724609375 161.990447998046875 143.8065948486328125 119.65471649169921875 78.017486572265625 74.2940521240234375 71.21826171875 82.3938446044921875 91.103973388671875 79.13837432861328125 74.302490234375 69.5729217529296875 65.7469940185546875 63.411312103271484375 73.41443634033203125 74.28546142578125 72.603607177734375 73.57818603515625 78.0427093505859375 74.6366729736328125 77.3365325927734375 77.942047119140625 78.40203094482421875 75.13974761962890625 77.29114532470703125 74.82265472412109375 71.114013671875 70.19184112548828125 76.9175567626953125
76.52687835693359375 72.67281341552734375 74.991119384765625 75.04510498046875 77.47365570068359375 73.0862579345703125 77.77046966552734375 78.47837066650390625 77.26654815673828125 79.535919189453125 83.03456878662109375 83.25785064697265625 85.49536895751953125 96.62114715576171875 98.48883819580078125 98.5088653564453125 96.97229766845703125 97.04876708984375 117.07596588134765625 77.1531829833984375 75.25489044189453125 75.35746002197265625 75.6123199462890625 71.07685089111328125 77.31568145751953125 72.60483551025390625 71.34417724609375 71.12334442138671875 65.70082855224609375 65.7371063232421875 72.2451629638671875 77.75667572021484375 78.943939208984375 82.71323394775390625 79.53478240966796875 78.7645263671875 75.9759368896484375 78.31011962890625 77.56475830078125 78.91413116455078125 76.138641357421875 78.224273681640625 74.62230682373046875 74.93927764892578125 77.72801971435546875
