ForecastVariables/LightPollution_Blue_500m_80percent/LightPollutionBlue_80_Focal_Random4.asc
ncols        529
nrows        344
xllcorner    2700.000000000000
yllcorner    15900.000000000000
cellsize     100.000000000000
NODATA_value  nan
[rows 260 to 279 of 344, columns 270 to 314 of 529]
97.53844451904296875 94.6039276123046875 92.71588134765625 91.6269683837890625 88.29018402099609375 86.637359619140625 83.16170501708984375 82.8372650146484375 79.20453643798828125 79.43743133544921875 86.2218017578125 85.73763275146484375 88.971527099609375 91.57192230224609375 96.0054931640625 91.055023193359375 88.64098358154296875 85.9028778076171875 86.59957122802734375 82.982177734375 77.92076873779296875 78.542694091796875 78.125396728515625 77.93883514404296875 78.30870819091796875 78.209014892578125 78.7154083251953125 77.659698486328125 78.67779541015625 83.33684539794921875 84.95926666259765625 82.82355499267578125 81.04427337646484375 77.590850830078125 79.29389190673828125 77.110076904296875 76.8924560546875 78.59706878662109375 76.8931884765625 70.624359130859375 72.12187957763671875 75.75848388671875 74.48546600341796875 79.1493988037109375 82.0263519287109375
93.72512054443359375 94.120941162109375 90.46355438232421875 89.89757537841796875 90.7741546630859375 87.2196044921875 86.21755218505859375 79.85669708251953125 81.491790771484375 85.45581817626953125 88.3080291748046875 90.847808837890625 92.8268280029296875 92.7733154296875 90.383636474609375 91.08396148681640625 90.1223602294921875 86.53427886962890625 82.71094512939453125 82.376861572265625 81.09845733642578125 78.68344879150390625 79.29885101318359375 76.80084991455078125 77.1498870849609375 77.07349395751953125 79.65920257568359375 78.750213623046875 81.53166961669921875 85.70679473876953125 84.98429107666015625 85.38097381591796875 84.56745147705078125 79.53545379638671875 75.89532470703125 77.5548095703125 78.79454803466796875 76.22943878173828125 76.4589996337890625 72.83585357666015625 72.79852294921875 76.5610504150390625 78.21323394775390625 76.6929168701171875 76.50189208984375
94.738861083984375 91.06690216064453125 91.2050018310546875 89.30207061767578125 88.69211578369140625 89.339447021484375 83.75865936279296875 76.4216156005859375 82.47011566162109375 87.05767822265625 86.84951019287109375 90.0439605712890625 89.8583984375 85.49123382568359375 87.2709808349609375 87.61080169677734375 87.808380126953125 84.26210784912109375 84.22365570068359375 85.0547332763671875 80.686767578125 81.007110595703125 79.65702056884765625 78.650787353515625 76.86783599853515625 80.479766845703125 78.88358306884765625 78.5799407958984375 81.233062744140625 84.256744384765625 89.26213836669921875 86.94256591796875 82.84261322021484375 78.1061553955078125 78.64601898193359375 80.049835205078125 80.1529083251953125 78.81561279296875 74.63266754150390625 76.00951385498046875 76.23372650146484375 73.0396575927734375 77.39827728271484375 76.52436065673828125 73.9849395751953125
94.39925384521484375 89.193695068359375 89.08449554443359375 90.06380462646484375 88.2359466552734375 85.51407623291015625 79.25428009033203125 79.86260986328125 81.9698486328125 84.549530029296875 86.803466796875 87.27962493896484375 85.368316650390625 85.07269287109375 86.67194366455078125 84.28908538818359375 81.41292572021484375 88.95153045654296875 88.3367919921875 81.7502899169921875 81.496856689453125 80.86476898193359375 84.870147705078125 81.58489990234375 78.6274566650390625 79.932647705078125 79.8145751953125 80.97771453857421875 83.39990234375 81.5052947998046875 88.23635101318359375 87.31459808349609375 83.37732696533203125 80.73410797119140625 78.73431396484375 77.7003631591796875 81.81757354736328125 79.03812408447265625 77.52420806884765625 79.17138671875 75.51081085205078125 74.115478515625 74.6730499267578125 74.5572357177734375 75.8915557861328125
106.8546600341796875 93.0278778076171875 86.511993408203125 87.8857421875 86.50298309326171875 83.79981231689453125 82.3405914306640625 81.58327484130859375 81.93625640869140625 85.02484893798828125 86.58173370361328125 87.9124755859375 83.9820404052734375 83.14937591552734375 83.86060333251953125 86.66248321533203125 86.22306060791015625 86.2123565673828125 87.2893524169921875 83.52337646484375 81.88275146484375 82.70458221435546875 83.2849273681640625 86.67685699462890625 82.42303466796875 79.2201385498046875 80.23490142822265625 81.9957733154296875 83.444244384765625 84.06050872802734375 84.30773162841796875 85.75020599365234375 83.34973907470703125 80.5181121826171875 76.41126251220703125 81.80667877197265625 78.690277099609375 78.55361175537109375 79.75089263916015625 79.93061065673828125 77.2069091796875 76.1245269775390625 76.4655914306640625 72.97861480712890625 74.560943603515625
101.62137603759765625 100.7194366455078125 91.96439361572265625 82.8432464599609375 86.538909912109375 86.3864593505859375 84.36193084716796875 80.50200653076171875 81.75344085693359375 87.8682098388671875 88.6302337646484375 84.1216278076171875 84.05333709716796875 80.70236968994140625 80.16155242919921875 83.554443359375 85.02742767333984375 84.2041015625 82.5927581787109375 84.6211090087890625 79.7700653076171875 81.62877655029296875 79.2295074462890625 79.36612701416015625 83.567718505859375 81.3070831298828125 82.06615447998046875 81.9580230712890625 81.581512451171875 84.6912384033203125 83.840057373046875 84.0726776123046875 83.49303436279296875 77.88198089599609375 80.84378814697265625 78.48215484619140625 78.10668182373046875 79.261688232421875 79.3639373779296875 78.52352142333984375 78.4518585205078125 80.87706756591796875 76.5956878662109375 78.080230712890625 74.050140380859375
105.88184356689453125 105.7007293701171875 100.7628936767578125 89.605499267578125 85.34442901611328125 86.61403656005859375 84.0460052490234375 80.72843170166015625 86.87364959716796875 86.37181854248046875 85.53650665283203125 86.12477874755859375 82.92159271240234375 83.327545166015625 81.06046295166015625 79.32578277587890625 79.3409881591796875 81.6058197021484375 85.6163787841796875 81.6450347900390625 79.43536376953125 75.1215667724609375 78.76540374755859375 79.20337677001953125 81.658416748046875 82.3802490234375 80.42026519775390625 82.43241119384765625 87.87493896484375 86.75339508056640625 82.8610382080078125 82.7378997802734375 81.2776336669921875 87.0171356201171875 79.067626953125 79.744964599609375 75.99413299560546875 79.31915283203125 77.90494537353515625 77.46268463134765625 82.21307373046875 79.772796630859375 81.56571197509765625 78.13416290283203125 76.72267913818359375
108.1555328369140625 109.333160400390625 104.5234222412109375 98.37111663818359375 86.8155975341796875 82.7856903076171875 81.83300018310546875 83.3795623779296875 83.10022735595703125 84.70070648193359375 86.1764678955078125 86.671295166015625 84.0293731689453125 77.975250244140625 81.52651214599609375 79.945770263671875 78.806243896484375 82.4580078125 82.7216033935546875 83.0342864990234375 76.92779541015625 77.92026519775390625 80.5043487548828125 79.41092681884765625 80.534881591796875 83.161834716796875 86.385650634765625 86.67494964599609375 88.5653076171875 85.4971466064453125 84.848480224609375 82.2626800537109375 87.210113525390625 87.27431488037109375 86.7359771728515625 81.4598388671875 81.593414306640625 77.383575439453125 79.5238037109375 83.808013916015625 80.02368927001953125 81.8599853515625 82.7457122802734375 81.1318206787109375 77.6902008056640625
103.6331634521484375 109.44029998779296875 98.1381378173828125 88.8975372314453125 79.80014801025390625 78.408416748046875 84.53025054931640625 82.99912261962890625 81.6438751220703125 85.9875335693359375 87.22783660888671875 85.425933837890625 81.6768341064453125 84.61566925048828125 82.86994171142578125 83.66815185546875 83.79357147216796875 80.76587677001953125 86.1523284912109375 84.84354400634765625 86.68172454833984375 80.2323760986328125 81.3788299560546875 85.1101837158203125 84.7698974609375 87.3759918212890625 86.2635498046875 88.403533935546875 86.68587493896484375 83.21612548828125 81.94553375244140625 88.5277862548828125 85.43155670166015625 86.4847869873046875 88.3964080810546875 88.69396209716796875 83.74346923828125 82.05005645751953125 82.72257232666015625 84.17430877685546875 83.33919525146484375 82.5050811767578125 85.078125 79.6114654541015625 78.25200653076171875
94.42034912109375 95.4510498046875 90.7159881591796875 82.2551422119140625 81.1898193359375 80.9200286865234375 82.94330596923828125 86.67427825927734375 85.6295166015625 84.70014190673828125 86.81072235107421875 81.51706695556640625 171.123565673828125 80.47431182861328125 83.60001373291015625 84.1528167724609375 86.04651641845703125 88.3646392822265625 86.6273040771484375 86.9498138427734375 86.418243408203125 88.1682281494140625 86.274658203125 87.8258514404296875 88.66942596435546875 84.89061737060546875 85.7768096923828125 82.60590362548828125 83.4252471923828125 80.675689697265625 79.0975494384765625 78.4973602294921875 85.44338226318359375 85.68506622314453125 89.023590087890625 85.1425018310546875 83.7622528076171875 86.29235076904296875 85.47521209716796875 84.5991058349609375 83.57836151123046875 84.1393280029296875 79.576171875 78.8749237060546875 76.32292938232421875
84.40978240966796875 84.23961639404296875 81.7459259033203125 121.5966644287109375 91.19989776611328125 88.7722320556640625 107.84613037109375 180.7218780517578125 89.412445068359375 87.5357208251953125 79.5212860107421875 354.492706298828125 153.8804168701171875 168.147186279296875 78.14897918701171875 83.20917510986328125 84.67513275146484375 84.48979949951171875 86.6987762451171875 86.20264434814453125 85.825469970703125 86.7980804443359375 88.0292205810546875 87.17290496826171875 86.3756103515625 86.24442291259765625 80.2573089599609375 78.64044189453125 78.240570068359375 78.710784912109375 79.9443206787109375 77.0411376953125 79.93296051025390625 85.202545166015625 83.97530364990234375 84.524658203125 83.0691375732421875 84.5132904052734375 86.17359161376953125 83.2396240234375 81.2713623046875 79.27916717529296875 77.638336181640625 75.1080780029296875 78.205657958984375
74.1819305419921875 78.503814697265625 120.724700927734375 131.3345794677734375 133.3976287841796875 249.80584716796875 269.78753662109375 219.8890228271484375 325.19683837890625 82.14764404296875 379.81524658203125 459.5032958984375 354.079681396484375 209.4165496826171875 161.6042327880859375 75.716461181640625 79.77712249755859375 80.4576263427734375 80.92021942138671875 86.7447662353515625 84.5121612548828125 83.3351898193359375 84.82910919189453125 84.821685791015625 85.23217010498046875 79.0259246826171875 77.72727203369140625 75.996734619140625 74.362518310546875 76.45989990234375 76.1057891845703125 80.27341461181640625 76.95502471923828125 80.3544921875 79.24160003662109375 82.7838592529296875 84.203582763671875 90.76834869384765625 82.82463836669921875 84.3941192626953125 79.2067718505859375 75.2130126953125 74.6559600830078125 76.29276275634765625 75.88471221923828125
70.16082000732421875 112.357086181640625 124.228240966796875 138.9703826904296875 293.77655029296875 459.1434326171875 429.00445556640625 468.393951416015625 409.26568603515625 607.857421875 408.721038818359375 504.786773681640625 568.5921630859375 424.75347900390625 230.600982666015625 76.48314666748046875 75.06618499755859375 77.23352813720703125 79.3142852783203125 78.7793121337890625 82.22005462646484375 83.14540863037109375 82.55261993408203125 80.907379150390625 78.05591583251953125 79.73369598388671875 78.8800048828125 74.2531890869140625 74.32355499267578125 77.37375640869140625 79.238250732421875 77.8256988525390625 77.7234344482421875 76.90035247802734375 81.17565155029296875 86.5958251953125 99.8951568603515625 92.24404144287109375 87.91030120849609375 82.437042236328125 81.73630523681640625 76.42208099365234375 76.26860809326171875 75.621734619140625 72.16503143310546875
88.5143585205078125 72.0177459716796875 113.8662261962890625 267.015777587890625 462.961090087890625 348.551513671875 675.65728759765625 680.66033935546875 671.1729736328125 554.1024169921875 633.59771728515625 511.985076904296875 639.99041748046875 445.36236572265625 287.56817626953125 249.12335205078125 70.4290618896484375 73.431121826171875 76.5144805908203125 77.0413360595703125 77.8258819580078125 79.129180908203125 81.3527069091796875 80.19140625 76.8816680908203125 80.0021514892578125 78.30815887451171875 77.30905914306640625 75.84413909912109375 78.8116455078125 78.20245361328125 76.48934173583984375 74.11801910400390625 75.38419342041015625 80.44519805908203125 97.66936492919921875 96.06634521484375 94.45568084716796875 89.63147735595703125 85.11052703857421875 77.53551483154296875 76.51287078857421875 77.3021697998046875 73.51560211181640625 70.601409912109375
104.04166412353515625 95.28702545166015625 82.239044189453125 255.20904541015625 354.12890625 525.14398193359375 529.23284912109375 772.40533447265625 590.19757080078125 619.7471923828125 433.21807861328125 569.62646484375 465.11785888671875 453.131988525390625 367.05462646484375 242.08599853515625 201.59765625 71.0601043701171875 73.5370941162109375 78.97552490234375 78.28353118896484375 77.72676849365234375 80.503448486328125 78.4965362548828125 80.1418914794921875 78.957305908203125 81.6160430908203125 80.0961761474609375 79.195159912109375 77.4028778076171875 81.25559234619140625 75.55301666259765625 73.00323486328125 71.2104949951171875 80.51053619384765625 88.56928253173828125 90.7763824462890625 91.60857391357421875 90.12497711181640625 77.32802581787109375 73.947296142578125 77.626251220703125 73.14803314208984375 72.3065643310546875 74.0590057373046875
118.175750732421875 95.84946441650390625 197.6477508544921875 191.3428955078125 277.767303466796875 444.754425048828125 542.77850341796875 477.99737548828125 740.9703369140625 489.753509521484375 382.942291259765625 354.12933349609375 332.171478271484375 467.374359130859375 367.39715576171875 252.54473876953125 113.0482330322265625 93.332244873046875 77.166229248046875 77.19313812255859375 76.56386566162109375 76.52447509765625 79.73552703857421875 79.17059326171875 77.28525543212890625 77.57167816162109375 80.8595428466796875 80.9831695556640625 82.325531005859375 82.6716461181640625 76.0880279541015625 73.5117034912109375 69.8836822509765625 66.29763031005859375 72.79161834716796875 79.33882904052734375 85.330169677734375 88.13702392578125 73.95381927490234375 72.59352874755859375 72.12989044189453125 75.42484283447265625 75.631072998046875 72.29150390625 73.7431182861328125
106.96341705322265625 91.47727203369140625 75.57065582275390625 196.717437744140625 200.722808837890625 318.641265869140625 275.322296142578125 552.90093994140625 505.38623046875 454.82647705078125 299.989349365234375 359.070556640625 348.69927978515625 288.915618896484375 332.5684814453125 204.72149658203125 102.85523223876953125 79.00496673583984375 76.53993988037109375 75.13427734375 76.2572174072265625 75.95069122314453125 73.4536285400390625 72.8492584228515625 72.15581512451171875 73.608551025390625 78.74742889404296875 80.16164398193359375 77.7382965087890625 81.80478668212890625 77.77893829345703125 72.63179779052734375 64.439727783203125 66.8639373779296875 67.02259063720703125 74.081695556640625 78.90195465087890625 76.1369781494140625 70.3360443115234375 70.6462860107421875 71.08329010009765625 69.79523468017578125 70.2751312255859375 73.131011962890625 73.7138519287109375
96.69794464111328125 80.04155731201171875 86.32068634033203125 65.7245941162109375 212.240203857421875 128.815704345703125 295.60394287109375 331.314849853515625 461.20489501953125 408.153472900390625 369.34857177734375 258.543182373046875 310.479339599609375 293.930389404296875 232.8013153076171875 99.2773590087890625 77.91286468505859375 77.51738739013671875 76.73914337158203125 73.8168487548828125 69.7846221923828125 70.2812042236328125 69.10901641845703125 69.75037384033203125 63.802608489990234375 65.89178466796875 70.25173187255859375 77.7125091552734375 76.25522613525390625 75.99803924560546875 79.1556396484375 72.335357666015625 67.986785888671875 65.70926666259765625 68.58258056640625 71.9428253173828125 75.6634521484375 74.2742156982421875 73.3056182861328125 68.38623046875 67.77693939208984375 64.8311309814453125 67.56763458251953125 71.87652587890625 71.32342529296875
105.010040283203125 105.617523193359375 83.2839508056640625 75.22422027587890625 56.374187469482421875 152.2589111328125 191.8134307861328125 242.172637939453125 304.90155029296875 391.06378173828125 329.015625 256.117919921875 229.7266693115234375 259.587799072265625 105.821624755859375 77.78940582275390625 76.9688568115234375 74.2739715576171875 77.96724700927734375 75.9935302734375 66.3127593994140625 65.62834930419921875 68.63433074951171875 63.130069732666015625 58.36360931396484375 62.71703338623046875 65.7892913818359375 69.12177276611328125 73.00177001953125 75.016357421875 73.8052520751953125 72.26680755615234375 71.95227813720703125 72.80548858642578125 69.39191436767578125 73.06945037841796875 71.84703826904296875 73.92453765869140625 75.0552978515625 68.6333160400390625 64.7472381591796875 64.58583831787109375 69.46237945556640625 70.916290283203125 73.63545989990234375
137.8053131103515625 139.640167236328125 102.04947662353515625 77.13817596435546875 67.046478271484375 64.52845001220703125 150.1263427734375 198.8267974853515625 235.5522308349609375 246.85357666015625 223.1976318359375 278.9345703125 208.566986083984375 104.3347625732421875 82.118804931640625 81.922393798828125 79.06268310546875 79.74819183349609375 76.63494110107421875 74.8003997802734375 72.57224273681640625 65.82740020751953125 65.38995361328125 65.6119232177734375 64.22533416748046875 63.038425445556640625 60.699878692626953125 64.8759613037109375 72.20660400390625 77.52101898193359375 74.747650146484375 76.51197052001953125 75.93453216552734375 73.23360443115234375 75.26634979248046875 70.48351287841796875 68.63130950927734375 68.1300201416015625 69.3081512451171875 70.387786865234375 65.4404754638671875 68.16741180419921875 67.7423248291015625 71.18648529052734375 71.5141143798828125
