ForecastVariables/LightPollution_Blue_500m_80percent/LightPollutionBlue_80_Focal_Random4.asc
ncols        529
nrows        344
xllcorner    2700.000000000000
yllcorner    15900.000000000000
cellsize     100.000000000000
NODATA_value  nan
[rows 300 to 319 of 344, columns 450 to 494 of 529]
89.15853118896484375 94.947021484375 96.289703369140625 95.4423675537109375 98.62155914306640625 96.837890625 97.114227294921875 98.5962677001953125 95.37622833251953125 95.7053375244140625 93.72376251220703125 89.30086517333984375 92.1825408935546875 92.4639892578125 88.33526611328125 85.00428009033203125 81.58634185791015625 82.8077850341796875 82.39200592041015625 80.44049072265625 84.419342041015625 80.0619354248046875 79.105224609375 78.471649169921875 77.08591461181640625 75.929443359375 79.849609375 80.64963531494140625 78.9552154541015625 80.978546142578125 82.46123504638671875 76.08928680419921875 74.75333404541015625 72.5847625732421875 73.20194244384765625 76.60010528564453125 75.1268463134765625 76.1383209228515625 73.7060089111328125 75.76459503173828125 74.64194488525390625 78.13649749755859375 81.0483551025390625 79.9868316650390625 83.13421630859375
84.6971282958984375 94.99506378173828125 101.37447357177734375 102.2899017333984375 99.3726806640625 104.07183837890625 99.926788330078125 95.458587646484375 93.28726959228515625 95.70200347900390625 88.52713775634765625 88.66188812255859375 89.26326751708984375 90.0826568603515625 87.10961151123046875 84.9206085205078125 80.45941925048828125 75.9162139892578125 78.85976409912109375 78.80695343017578125 77.35486602783203125 79.08882904052734375 76.5128173828125 73.07568359375 74.38298797607421875 76.64664459228515625 77.0433502197265625 81.0980987548828125 80.3069915771484375 77.46021270751953125 78.0291290283203125 78.27004241943359375 73.61875152587890625 70.7018585205078125 75.4842376708984375 75.5083770751953125 75.920074462890625 75.85858154296875 72.6289520263671875 71.48964691162109375 73.07991790771484375 73.1225738525390625 74.612213134765625 79.121185302734375 75.93114471435546875
89.73183441162109375 99.2680816650390625 96.2676849365234375 102.3580474853515625 106.04778289794921875 108.48244476318359375 102.12668609619140625 95.323150634765625 93.3361053466796875 90.57260894775390625 88.27081298828125 87.46539306640625 90.0725555419921875 91.89089202880859375 88.27259063720703125 83.64013671875 79.2778167724609375 78.9473114013671875 77.59259033203125 80.38977813720703125 76.85318756103515625 78.28488922119140625 75.825408935546875 71.31771087646484375 72.879302978515625 76.896331787109375 77.61856842041015625 77.73360443115234375 76.7382965087890625 76.4649505615234375 74.78916168212890625 72.299835205078125 73.4658660888671875 76.24498748779296875 74.2296142578125 77.74893951416015625 78.139404296875 73.2949676513671875 70.19512176513671875 70.85284423828125 74.18817138671875 71.66947174072265625 73.04926300048828125 71.1996002197265625 73.65465545654296875
97.35420989990234375 97.487945556640625 100.64537811279296875 106.014373779296875 110.63486480712890625 106.47333526611328125 103.02251434326171875 97.96649169921875 95.2327728271484375 91.7562103271484375 93.52417755126953125 92.32498931884765625 91.18344879150390625 91.97266387939453125 92.121734619140625 86.80364227294921875 81.9313507080078125 82.10254669189453125 83.1422576904296875 81.81351470947265625 80.64899444580078125 79.00853729248046875 77.1108551025390625 73.56036376953125 71.3981781005859375 74.35459136962890625 81.3480987548828125 76.55440521240234375 71.95578765869140625 74.47293853759765625 73.70459747314453125 70.97693634033203125 72.80475616455078125 74.28136444091796875 75.888153076171875 79.601959228515625 79.06207275390625 71.00048065185546875 68.87805938720703125 69.89347076416015625 70.23226165771484375 72.0734405517578125 71.900726318359375 71.0895843505859375 71.80336761474609375
96.759368896484375 122.93036651611328125 108.3748321533203125 107.73699951171875 106.50989532470703125 106.3918914794921875 106.011566162109375 106.39388275146484375 101.26840972900390625 99.261505126953125 95.6050567626953125 96.49916839599609375 97.99234771728515625 97.4320068359375 90.4348907470703125 88.09842681884765625 87.0539093017578125 86.1544342041015625 83.4420166015625 82.386627197265625 79.13287353515625 77.82962799072265625 73.68485260009765625 74.755096435546875 74.9957122802734375 75.43181610107421875 75.99997711181640625 74.7796173095703125 73.48004913330078125 69.68759918212890625 72.5599822998046875 72.00502777099609375 71.30591583251953125 72.545379638671875 75.7558135986328125 76.6292572021484375 74.04242706298828125 70.86919403076171875 68.47397613525390625 66.6209869384765625 69.66950225830078125 71.26184844970703125 71.44330596923828125 70.52268218994140625 70.7212371826171875
126.491546630859375 141.8126678466796875 124.25415802001953125 100.33014678955078125 104.0804443359375 111.6336517333984375 142.2274017333984375 128.351837158203125 113.8768768310546875 100.542816162109375 98.7297210693359375 100.27367401123046875 99.59499359130859375 96.4153594970703125 93.32884979248046875 85.19104766845703125 85.56661224365234375 85.25650787353515625 80.4270172119140625 78.06835174560546875 76.62923431396484375 69.87060546875 72.96889495849609375 74.0235137939453125 75.86676788330078125 77.58213043212890625 73.84638214111328125 73.01226043701171875 72.0270843505859375 72.174591064453125 70.63840484619140625 70.734588623046875 72.03804779052734375 71.808929443359375 74.54338836669921875 75.3210906982421875 72.31697845458984375 69.41062164306640625 66.16800689697265625 69.043060302734375 72.49106597900390625 73.822509765625 71.29987335205078125 71.00675201416015625 71.8580169677734375
138.38983154296875 150.2299041748046875 136.398956298828125 127.9048004150390625 113.82323455810546875 150.5792694091796875 171.6991119384765625 164.274017333984375 134.8646697998046875 116.546478271484375 100.792266845703125 97.70416259765625 95.20403289794921875 93.80088043212890625 92.16949462890625 87.089141845703125 85.707794189453125 80.89580535888671875 76.52365875244140625 73.69412994384765625 71.82550048828125 72.03115081787109375 74.10659027099609375 77.12259674072265625 76.59018707275390625 77.42607879638671875 76.44126129150390625 70.5217437744140625 69.3046417236328125 72.59888458251953125 72.51007080078125 72.23491668701171875 72.77613067626953125 70.30518341064453125 68.58538818359375 75.24422454833984375 74.1503448486328125 70.0112152099609375 68.77249908447265625 69.2852020263671875 71.654144287109375 71.7401275634765625 74.7465057373046875 72.04392242431640625 72.602294921875
139.24005126953125 150.0293426513671875 152.2710113525390625 124.49273681640625 145.768890380859375 180.276397705078125 226.9469146728515625 222.9510498046875 158.8388671875 120.00765228271484375 102.0960540771484375 94.5152740478515625 98.2843780517578125 95.994476318359375 89.59812164306640625 90.40254974365234375 84.58538055419921875 81.6035614013671875 78.04224395751953125 73.9964447021484375 73.094635009765625 77.430206298828125 78.37725067138671875 81.39249420166015625 82.748138427734375 80.049224853515625 74.588623046875 71.7110748291015625 70.57048797607421875 71.2254486083984375 74.50920867919921875 75.848785400390625 72.83875274658203125 70.7023773193359375 74.24140167236328125 73.14900970458984375 74.5442962646484375 72.47641754150390625 70.56175994873046875 72.19651031494140625 70.5063629150390625 71.12848663330078125 74.1348724365234375 73.1559295654296875 72.607513427734375
124.124114990234375 160.9259033203125 132.22296142578125 128.2437286376953125 174.8146514892578125 225.0197906494140625 339.77874755859375 331.868255615234375 188.0284576416015625 108.3597564697265625 95.797332763671875 97.641815185546875 98.57039642333984375 97.7510528564453125 92.6163177490234375 90.87357330322265625 89.18366241455078125 83.3433990478515625 80.62345123291015625 79.180450439453125 79.54389190673828125 82.659332275390625 82.83533477783203125 81.39574432373046875 84.56255340576171875 79.52681732177734375 74.93025970458984375 71.7168426513671875 72.02124786376953125 73.3883514404296875 78.51035308837890625 73.9650421142578125 72.2247314453125 74.1523590087890625 75.20810699462890625 74.12439727783203125 76.10689544677734375 75.0104217529296875 72.63196563720703125 70.59239959716796875 71.49016571044921875 72.598297119140625 72.2842559814453125 76.048095703125 70.9408721923828125
130.2564239501953125 152.9250946044921875 138.4969940185546875 153.161346435546875 241.9352569580078125 420.679595947265625 441.919525146484375 415.040374755859375 270.34124755859375 146.616546630859375 96.718017578125 95.6387786865234375 96.627593994140625 93.52300262451171875 92.0070037841796875 91.22684478759765625 90.08989715576171875 88.72774505615234375 83.6991119384765625 85.17508697509765625 86.75556182861328125 86.77696990966796875 85.39312744140625 83.4245452880859375 78.8035430908203125 80.1949615478515625 76.26064300537109375 71.1813812255859375 72.40229034423828125 78.07413482666015625 77.6828765869140625 74.16741943359375 75.3990478515625 72.95658111572265625 72.26221466064453125 75.174896240234375 76.52658843994140625 77.3972930908203125 75.83197021484375 72.3629302978515625 71.66546630859375 71.97422027587890625 75.144012451171875 76.35890960693359375 77.43475341796875
135.0511016845703125 174.451263427734375 181.5972900390625 208.131500244140625 368.0283203125 502.973388671875 572.2711181640625 441.86285400390625 345.451171875 185.1346282958984375 101.87046051025390625 93.48073577880859375 93.985015869140625 90.52329254150390625 89.69614410400390625 86.10375213623046875 88.56328582763671875 90.7970428466796875 88.40776824951171875 87.1067962646484375 88.767791748046875 86.7388916015625 83.201507568359375 77.42072296142578125 73.96189117431640625 73.09857940673828125 71.26514434814453125 71.0124969482421875 71.68267822265625 74.8632049560546875 74.16701507568359375 74.89528656005859375 75.86638641357421875 71.56494140625 70.9388275146484375 74.26378631591796875 74.29294586181640625 75.4349365234375 77.07764434814453125 74.89049530029296875 71.85881805419921875 71.8555755615234375 73.7478790283203125 79.249847412109375 77.44153594970703125
167.608428955078125 180.9901885986328125 210.8398895263671875 292.079345703125 314.37261962890625 453.9613037109375 547.91632080078125 497.829986572265625 277.812347412109375 149.5290985107421875 107.92049407958984375 97.55799102783203125 92.83038330078125 91.45238494873046875 88.56130218505859375 85.76043701171875 87.27808380126953125 91.65244293212890625 89.60308837890625 87.470672607421875 89.08039093017578125 84.77435302734375 79.36673736572265625 74.7968902587890625 70.88541412353515625 68.58394622802734375 66.8059539794921875 68.55023956298828125 72.4026336669921875 73.61483001708984375 76.476776123046875 77.9685211181640625 73.087921142578125 74.31005859375 73.2309722900390625 74.8000946044921875 75.22383880615234375 74.1439361572265625 74.88152313232421875 77.087005615234375 75.35965728759765625 70.2985687255859375 73.40404510498046875 75.5780487060546875 79.46941375732421875
175.744232177734375 183.2624359130859375 184.9181976318359375 226.917022705078125 319.15423583984375 348.8858642578125 453.13092041015625 343.417083740234375 216.78192138671875 146.324005126953125 119.5826873779296875 111.4872894287109375 98.9078826904296875 94.7880859375 91.3672332763671875 88.721588134765625 90.39263153076171875 87.40042877197265625 86.23992919921875 87.578521728515625 85.86890411376953125 83.1763916015625 78.301849365234375 69.7148895263671875 69.4876556396484375 69.24383544921875 67.57108306884765625 68.14813995361328125 72.054931640625 78.3079376220703125 80.4837188720703125 77.271728515625 77.9290618896484375 76.210723876953125 76.65245819091796875 75.0384979248046875 78.36090087890625 79.2525787353515625 77.90685272216796875 75.70526885986328125 74.05513763427734375 76.3176422119140625 74.67066192626953125 77.15532684326171875 78.79569244384765625
173.2266387939453125 181.6783294677734375 191.7452545166015625 192.5736083984375 224.7520904541015625 326.93804931640625 286.17822265625 289.353668212890625 195.081512451171875 145.3757476806640625 135.1349639892578125 127.390838623046875 120.3092193603515625 108.92917633056640625 91.6964874267578125 91.02046966552734375 90.6661224365234375 87.38782501220703125 88.44351959228515625 87.07492828369140625 84.327484130859375 84.57810211181640625 78.7269134521484375 76.086700439453125 70.7994537353515625 71.68642425537109375 72.73809051513671875 75.91240692138671875 80.57009124755859375 81.482269287109375 79.6634521484375 77.4841766357421875 78.95986175537109375 75.82462310791015625 77.77368927001953125 80.268890380859375 80.0092010498046875 80.89528656005859375 78.57973480224609375 78.21576690673828125 76.70787811279296875 75.98482513427734375 78.38519287109375 76.62023162841796875 80.8018646240234375
148.4181060791015625 195.9885101318359375 193.8831634521484375 196.30145263671875 254.1212310791015625 251.2642059326171875 260.115692138671875 249.1163330078125 218.27435302734375 169.400177001953125 145.263671875 153.7241363525390625 143.9526519775390625 119.994537353515625 103.54729461669921875 90.75016021728515625 90.8336639404296875 91.3294677734375 90.61871337890625 86.941558837890625 86.19995880126953125 82.9316558837890625 79.20052337646484375 78.02132415771484375 76.8057861328125 75.11702728271484375 79.90816497802734375 81.5637664794921875 84.55384063720703125 84.141204833984375 79.3517303466796875 76.490509033203125 74.25472259521484375 72.95263671875 76.753570556640625 79.28980255126953125 80.44841766357421875 78.3189544677734375 76.903900146484375 79.6047515869140625 79.06102752685546875 76.307952880859375 74.65570068359375 78.99282073974609375 81.17279052734375
159.6876373291015625 169.106475830078125 189.8097381591796875 202.6669769287109375 211.3683319091796875 231.4599609375 240.011138916015625 226.2779998779296875 180.76116943359375 168.37060546875 175.9652099609375 171.6871185302734375 155.806427001953125 130.5867156982421875 114.38311004638671875 102.85400390625 94.8024139404296875 94.54264068603515625 88.57935333251953125 87.834686279296875 87.05574798583984375 83.17868804931640625 82.213226318359375 78.1356353759765625 74.6707611083984375 78.66356658935546875 80.90869140625 83.90894317626953125 85.50609588623046875 84.40940093994140625 81.52838134765625 74.444732666015625 70.11440277099609375 72.9407501220703125 74.9001007080078125 77.34676361083984375 77.22515106201171875 78.11440277099609375 75.68639373779296875 75.0228729248046875 78.4776763916015625 77.3522796630859375 76.24320220947265625 77.63574981689453125 78.33718109130859375
154.8905487060546875 154.052398681640625 162.2706756591796875 189.1455078125 181.075897216796875 173.015289306640625 208.2767486572265625 176.6323394775390625 163.66082763671875 171.461334228515625 172.1255645751953125 162.6318359375 152.7901458740234375 131.8524169921875 110.673431396484375 97.54978179931640625 93.8802947998046875 92.1333160400390625 92.399749755859375 88.7342681884765625 85.35346221923828125 81.3043212890625 84.02654266357421875 80.6433563232421875 79.0063323974609375 76.6405792236328125 79.96056365966796875 84.21329498291015625 87.57118988037109375 82.1453857421875 77.25897979736328125 76.023406982421875 73.904876708984375 74.46953582763671875 75.10083770751953125 76.36240386962890625 78.73021697998046875 77.860504150390625 75.32711029052734375 75.92629241943359375 79.3841400146484375 84.02191162109375 79.01392364501953125 76.6731109619140625 75.4458770751953125
153.1113739013671875 140.2537841796875 146.2776031494140625 158.585235595703125 148.776336669921875 155.8339385986328125 148.3720245361328125 156.5438079833984375 155.8468780517578125 153.4559478759765625 146.316619873046875 141.0489501953125 131.2591094970703125 111.98554229736328125 94.26729583740234375 91.95233154296875 91.66582489013671875 93.450286865234375 89.9923248291015625 87.099090576171875 83.26064300537109375 84.871673583984375 87.16579437255859375 85.1495361328125 82.43259429931640625 82.4078216552734375 79.5704345703125 85.57674407958984375 85.7160186767578125 83.58294677734375 79.22382354736328125 76.3183135986328125 76.97344207763671875 76.60369110107421875 76.410247802734375 79.9387664794921875 78.94144439697265625 76.26790618896484375 79.0114898681640625 81.001861572265625 82.72847747802734375 82.367462158203125 83.8808135986328125 77.83498382568359375 79.14556884765625
149.8119659423828125 151.2261199951171875 140.633270263671875 132.2906036376953125 133.93536376953125 142.864044189453125 138.770355224609375 145.202392578125 142.5179290771484375 126.2522430419921875 123.04106903076171875 120.16609954833984375 105.34033966064453125 91.43389129638671875 85.1942291259765625 90.53020477294921875 94.06177520751953125 88.42237091064453125 86.04538726806640625 82.98348236083984375 84.58910369873046875 86.17629241943359375 87.4452362060546875 88.04010772705078125 84.1454620361328125 83.28264617919921875 84.27278900146484375 83.577545166015625 87.40671539306640625 86.5564117431640625 81.1080780029296875 77.2362823486328125 77.13150787353515625 80.1352081298828125 79.68361663818359375 79.38918304443359375 79.41074371337890625 79.50067901611328125 78.69046783447265625 83.53338623046875 84.017303466796875 87.32405853271484375 82.85132598876953125 80.2048492431640625 78.63986968994140625
163.2615203857421875 148.4656982421875 135.3181915283203125 124.63388824462890625 130.55816650390625 138.541473388671875 140.6851654052734375 145.4181060791015625 126.2764739990234375 137.3060150146484375 117.81787109375 100.734161376953125 90.62462615966796875 90.0462646484375 88.31734466552734375 86.884063720703125 89.25392913818359375 86.32729339599609375 83.8679351806640625 84.3361663818359375 82.55681610107421875 82.6753082275390625 84.445037841796875 86.05934906005859375 84.67681884765625 81.35406494140625 81.78624725341796875 89.33642578125 86.89202117919921875 87.53148651123046875 83.62506103515625 80.4930419921875 79.18450927734375 76.0105438232421875 79.90270233154296875 78.89255523681640625 79.097442626953125 79.00472259521484375 78.32505035400390625 79.29022216796875 84.57881927490234375 84.7356414794921875 84.227264404296875 78.6381378173828125 76.4611053466796875
