ForecastVariables/LightPollution_Blue_500m_40percent/LightPollutionBlue_40_Focal_Random1.asc
ncols        529
nrows        344
xllcorner    2700.000000000000
yllcorner    15900.000000000000
cellsize     100.000000000000
NODATA_value  nan
[rows 60 to 79 of 344, columns 484 to 527 of 529]
69.11907958984375 68.946014404296875 69.4718017578125 69.95781707763671875 69.31984710693359375 69.72093963623046875 68.17519378662109375 67.96783447265625 70.79508209228515625 67.33042144775390625 63.334075927734375 62.749408721923828125 68.198883056640625 67.83148193359375 69.137176513671875 65.715484619140625 63.651729583740234375 63.886844635009765625 62.998626708984375 58.4043731689453125 59.242755889892578125 59.359806060791015625 60.856655120849609375 63.736598968505859375 66.60318756103515625 66.9463348388671875 67.19046783447265625 64.60578155517578125 62.00815582275390625 62.998779296875 63.714496612548828125 63.5392608642578125 61.884349822998046875 65.214447021484375 69.19629669189453125 70.70082855224609375 72.723724365234375 72.23690032958984375 69.7786407470703125 66.4131622314453125 65.866851806640625 66.0653839111328125 67.374755859375 61.6716156005859375
69.86081695556640625 73.80579376220703125 71.8997955322265625 73.19549560546875 74.43260955810546875 73.178558349609375 72.7100830078125 72.81713104248046875 71.708221435546875 71.19012451171875 66.2091217041015625 67.662750244140625 70.46123504638671875 69.6965179443359375 66.72272491455078125 71.20429229736328125 65.17145538330078125 63.25148773193359375 64.5239715576171875 61.234344482421875 60.4351806640625 64.567169189453125 67.012603759765625 70.4160919189453125 69.39823150634765625 69.53420257568359375 67.23897552490234375 66.2251129150390625 66.9408721923828125 66.7360076904296875 67.615509033203125 63.060352325439453125 66.6566009521484375 67.28189849853515625 69.56157684326171875 72.8670501708984375 76.2268218994140625 71.820556640625 68.88657379150390625 68.003631591796875 66.63983154296875 70.1834259033203125 70.73636627197265625 65.2616119384765625
73.65097808837890625 73.499267578125 75.16117095947265625 75.42608642578125 77.03293609619140625 77.7830963134765625 78.6197967529296875 75.7993621826171875 74.1441497802734375 70.04683685302734375 72.666656494140625 70.474334716796875 73.210662841796875 71.18289947509765625 71.30941009521484375 68.18955230712890625 68.7591705322265625 65.30915069580078125 67.0001678466796875 66.73027801513671875 67.11944580078125 68.2889556884765625 74.796661376953125 76.66829681396484375 74.07826995849609375 69.96016693115234375 69.96846771240234375 72.23833465576171875 68.20642852783203125 68.01396942138671875 70.35614776611328125 68.877532958984375 67.29341888427734375 68.2270965576171875 67.75530242919921875 72.46187591552734375 71.493499755859375 71.80609130859375 71.785125732421875 68.61865997314453125 69.49044036865234375 73.6308135986328125 73.1328887939453125 66.6952056884765625
72.33788299560546875 71.37784576416015625 73.6313018798828125 77.1187744140625 76.14856719970703125 78.2420654296875 77.3309326171875 76.5199737548828125 71.5366363525390625 71.67474365234375 71.2963409423828125 73.43218994140625 72.2263336181640625 74.975799560546875 71.770355224609375 68.95687103271484375 71.3488616943359375 70.81622314453125 67.1688232421875 71.822784423828125 72.280242919921875 74.84716033935546875 78.87776947021484375 80.62044525146484375 80.3849945068359375 77.1999053955078125 76.22995758056640625 73.924560546875 73.02257537841796875 75.08679962158203125 75.2078094482421875 73.735626220703125 69.41844940185546875 67.51461029052734375 70.237640380859375 68.90169525146484375 67.3350982666015625 72.21691131591796875 72.85114288330078125 70.1875152587890625 73.22707366943359375 74.51357269287109375 74.04315948486328125 69.4095001220703125
70.20648956298828125 69.6847686767578125 70.42366790771484375 70.9568328857421875 75.22491455078125 73.70238494873046875 75.41802978515625 74.623687744140625 70.0386505126953125 67.49860382080078125 69.13846588134765625 68.91046142578125 71.17697906494140625 70.5225982666015625 72.70787811279296875 71.1314849853515625 70.651702880859375 67.53122711181640625 70.950653076171875 69.1124420166015625 71.7818756103515625 75.83736419677734375 80.1539764404296875 80.42291259765625 80.01015472412109375 82.1831207275390625 82.12297821044921875 75.27362060546875 77.7191925048828125 81.225250244140625 76.6323089599609375 76.61144256591796875 72.14223480224609375 68.66757965087890625 66.0886688232421875 66.314910888671875 69.03252410888671875 73.86065673828125 70.957122802734375 71.189361572265625 72.9897613525390625 75.93012237548828125 77.1845245361328125 70.13190460205078125
70.71588897705078125 69.79534912109375 65.21805572509765625 68.8477783203125 72.3636322021484375 73.045440673828125 73.27213287353515625 72.65053558349609375 68.3085479736328125 65.8351898193359375 63.632663726806640625 65.63299560546875 67.1915283203125 68.37882232666015625 68.92069244384765625 70.81537628173828125 67.71172332763671875 69.81756591796875 69.543182373046875 69.00620269775390625 71.258148193359375 76.57720184326171875 78.23177337646484375 81.81790924072265625 82.54137420654296875 83.083251953125 81.47566986083984375 83.6954193115234375 89.28928375244140625 82.0423583984375 79.7131805419921875 79.91846466064453125 73.9678192138671875 68.02716827392578125 65.6465301513671875 67.727630615234375 72.01856231689453125 72.7442169189453125 73.58403778076171875 72.52980804443359375 74.14951324462890625 78.218902587890625 79.0669097900390625 72.566131591796875
74.05220794677734375 70.1988983154296875 69.69046783447265625 69.56969451904296875 70.12906646728515625 72.2146148681640625 72.49181365966796875 70.95941162109375 70.7933807373046875 66.151519775390625 64.0645751953125 65.26776885986328125 66.7219085693359375 66.98195648193359375 69.52689361572265625 69.6814422607421875 70.47042083740234375 67.49810791015625 69.9660186767578125 71.48209381103515625 74.78215789794921875 77.4410858154296875 79.82135009765625 81.78078460693359375 81.47733306884765625 82.17913818359375 81.6768341064453125 91.5228424072265625 88.451995849609375 86.35430145263671875 83.11838531494140625 76.0702667236328125 74.6342315673828125 69.1683349609375 65.7735748291015625 68.06472015380859375 69.4555206298828125 76.4200897216796875 74.855316162109375 74.45008087158203125 73.96044921875 78.4295654296875 79.88729095458984375 75.40959930419921875
74.12334442138671875 70.76055145263671875 71.0211029052734375 70.26378631591796875 68.2676544189453125 68.023773193359375 69.31444549560546875 70.473175048828125 69.28974151611328125 68.5083770751953125 68.68299102783203125 69.12903594970703125 76.1772308349609375 70.92218780517578125 69.08473968505859375 71.423980712890625 69.6046905517578125 68.5467376708984375 66.93085479736328125 72.075347900390625 76.58449554443359375 78.37944793701171875 80.17229461669921875 76.3426361083984375 78.21611785888671875 81.570648193359375 87.0644989013671875 87.3551025390625 82.4220123291015625 84.945648193359375 83.84270477294921875 74.27423095703125 72.01934051513671875 68.86913299560546875 65.2115325927734375 67.011260986328125 71.28722381591796875 72.5099945068359375 70.8607177734375 68.8066864013671875 74.97318267822265625 77.63105010986328125 78.76697540283203125 71.28009033203125
73.62160491943359375 72.80780029296875 70.27581024169921875 70.16735076904296875 67.2943115234375 64.298370361328125 67.6931915283203125 68.39960479736328125 66.79618072509765625 69.038787841796875 72.0484771728515625 88.65923309326171875 86.62656402587890625 85.62225341796875 72.0707550048828125 67.6218719482421875 67.42136383056640625 64.4242095947265625 64.92578125 66.77960205078125 72.8451995849609375 76.04510498046875 72.92644500732421875 72.75545501708984375 73.15172576904296875 74.25185394287109375 76.205780029296875 81.28554534912109375 81.99399566650390625 77.610382080078125 70.9878082275390625 70.446533203125 71.10857391357421875 68.98920440673828125 70.7550811767578125 69.779541015625 67.53752899169921875 68.1496429443359375 71.8984527587890625 70.9261322021484375 70.71552276611328125 76.77365875244140625 73.9855499267578125 66.59761810302734375
74.95632171630859375 73.45771026611328125 73.0558319091796875 68.9535980224609375 67.7231292724609375 64.66778564453125 65.41500091552734375 66.37104034423828125 66.5000152587890625 70.0501861572265625 90.984222412109375 123.35219573974609375 112.9910125732421875 101.4813995361328125 85.70301055908203125 69.3981475830078125 67.54067230224609375 64.87561798095703125 63.23398590087890625 65.21083831787109375 69.16759490966796875 70.56302642822265625 68.2125091552734375 65.59513092041015625 66.43581390380859375 69.21685791015625 71.413116455078125 73.65262603759765625 78.1381683349609375 67.726898193359375 64.67784881591796875 69.0928802490234375 68.03814697265625 74.92510986328125 72.16717529296875 71.8265533447265625 68.2956085205078125 68.37554168701171875 68.202789306640625 68.06726837158203125 72.3437042236328125 74.52109527587890625 70.60076904296875 65.20188140869140625
72.22672271728515625 72.6414642333984375 72.39966583251953125 71.21573638916015625 67.52127838134765625 67.50893402099609375 65.3777618408203125 66.536956787109375 68.468231201171875 80.32222747802734375 114.95610809326171875 142.30194091796875 167.69903564453125 121.82666015625 93.28267669677734375 76.8740234375 68.8793487548828125 67.4724578857421875 65.1186676025390625 66.41120147705078125 69.5399169921875 68.91852569580078125 63.9109039306640625 61.238765716552734375 62.5672760009765625 66.0992889404296875 68.9711761474609375 74.731353759765625 70.21346282958984375 68.28131866455078125 63.160495758056640625 64.9208984375 75.35535430908203125 75.4618072509765625 74.4270477294921875 70.95983123779296875 72.7174530029296875 67.8357696533203125 65.46585845947265625 67.93833160400390625 70.9376373291015625 69.86370086669921875 71.372406005859375 67.77740478515625
70.61370849609375 71.7704315185546875 71.92316436767578125 68.87583160400390625 68.976104736328125 66.8420562744140625 66.481475830078125 67.183319091796875 70.39533233642578125 99.5558929443359375 123.99378204345703125 157.6615753173828125 170.6141510009765625 148.4529876708984375 99.7196807861328125 82.84471893310546875 70.415069580078125 66.5822296142578125 65.26007843017578125 67.05959320068359375 68.9306793212890625 67.775115966796875 64.68907928466796875 61.549259185791015625 60.512935638427734375 64.26355743408203125 70.1412811279296875 73.84661102294921875 72.3370819091796875 66.62052154541015625 65.77790069580078125 70.1441192626953125 71.9262847900390625 74.25042724609375 70.751007080078125 72.69190216064453125 66.5322265625 66.6717071533203125 65.6193389892578125 67.48085784912109375 64.9542388916015625 64.72353363037109375 68.31053924560546875 67.93270111083984375
71.69336700439453125 73.370361328125 71.16986846923828125 71.18758392333984375 66.9226226806640625 67.08133697509765625 68.69667816162109375 70.39199066162109375 72.26091766357421875 77.04410552978515625 123.217071533203125 144.76702880859375 143.05755615234375 119.9927215576171875 101.36559295654296875 75.03270721435546875 70.53990936279296875 65.82866668701171875 65.31813812255859375 65.2710113525390625 68.715087890625 67.9819793701171875 69.94565582275390625 66.3820953369140625 64.79532623291015625 66.97975921630859375 69.93895721435546875 75.9970245361328125 72.85416412353515625 70.82585906982421875 68.4718017578125 68.65871429443359375 71.80889129638671875 69.006011962890625 73.29383087158203125 67.0316162109375 65.048858642578125 67.31158447265625 69.861297607421875 64.61852264404296875 66.56278228759765625 64.00577545166015625 65.7710723876953125 63.36313629150390625
72.22045135498046875 72.45497894287109375 71.49851226806640625 68.48303985595703125 70.77947235107421875 70.00518798828125 71.1241302490234375 69.265380859375 70.73027801513671875 72.89846038818359375 75.72734832763671875 116.348175048828125 100.298675537109375 101.8987884521484375 84.82000732421875 74.75017547607421875 71.613800048828125 68.1221923828125 64.602813720703125 67.0735931396484375 69.49698638916015625 72.79674530029296875 70.22869873046875 74.75516510009765625 72.93978118896484375 70.83415985107421875 72.47116851806640625 75.49408721923828125 75.0808258056640625 68.726837158203125 68.73682403564453125 69.30741119384765625 69.861083984375 71.6201019287109375 65.35697174072265625 65.7973175048828125 67.1991119384765625 70.3101348876953125 70.40413665771484375 70.93688201904296875 69.07987213134765625 66.55532073974609375 61.799541473388671875 63.885883331298828125
71.637786865234375 71.45090484619140625 73.414947509765625 72.5562896728515625 70.65868377685546875 71.836761474609375 73.05718994140625 73.84356689453125 69.9409942626953125 67.67650604248046875 68.9548187255859375 74.24431610107421875 109.82181549072265625 96.9449310302734375 99.8507232666015625 94.644866943359375 76.192657470703125 70.182861328125 69.574676513671875 67.04749298095703125 72.87558746337890625 73.1475982666015625 78.9990997314453125 76.967742919921875 78.64017486572265625 72.3189697265625 72.40903472900390625 76.13607025146484375 72.074066162109375 69.200164794921875 69.81316375732421875 71.671539306640625 74.6462554931640625 69.13721466064453125 65.70786285400390625 69.6923065185546875 69.70522308349609375 70.46434783935546875 74.1084747314453125 74.7899932861328125 70.3366241455078125 68.4524383544921875 69.05210113525390625 61.3849334716796875
84.4769134521484375 73.0978851318359375 73.13944244384765625 71.90534210205078125 75.82131195068359375 76.77291107177734375 80.35027313232421875 74.3281402587890625 74.56682586669921875 81.29944610595703125 87.153778076171875 111.48736572265625 135.7320709228515625 144.7386322021484375 136.360870361328125 122.93926239013671875 96.885772705078125 80.22818756103515625 72.87976837158203125 84.451507568359375 75.6057586669921875 81.58001708984375 78.57799530029296875 79.16547393798828125 74.07808685302734375 76.69255828857421875 70.91252899169921875 71.93679046630859375 71.4173583984375 72.81410980224609375 73.72470855712890625 77.7039794921875 77.3298187255859375 75.1624603271484375 72.9023590087890625 68.996490478515625 72.29259490966796875 72.22634124755859375 72.91571044921875 71.84172821044921875 70.66506195068359375 73.77521514892578125 70.79767608642578125 64.152587890625
94.97003936767578125 89.94661712646484375 73.771636962890625 73.94183349609375 77.0337677001953125 85.894989013671875 84.24520111083984375 82.1845703125 90.87345123291015625 119.56250762939453125 151.2722015380859375 157.230438232421875 167.3216705322265625 179.4013671875 179.3364410400390625 146.465057373046875 117.571807861328125 93.45417022705078125 92.6952972412109375 91.105987548828125 88.736328125 78.000823974609375 81.07115936279296875 78.1960296630859375 77.6974334716796875 68.83449554443359375 69.65779876708984375 69.07959747314453125 73.96756744384765625 74.7945098876953125 78.37801361083984375 79.2658233642578125 81.1919097900390625 82.5233612060546875 77.520843505859375 72.81048583984375 70.1874847412109375 73.570404052734375 70.37258148193359375 71.48578643798828125 74.9499664306640625 72.6954193115234375 74.37647247314453125 67.3674774169921875
92.7604522705078125 92.18125152587890625 90.1988677978515625 78.05623626708984375 81.31836700439453125 81.8072509765625 86.98412322998046875 96.60616302490234375 117.983642578125 140.5016326904296875 156.9171295166015625 172.975860595703125 169.97265625 174.5705718994140625 158.870269775390625 129.765625 104.9276123046875 100.6903076171875 92.47289276123046875 93.122772216796875 87.34546661376953125 84.109710693359375 73.7032318115234375 74.8201141357421875 70.9920196533203125 69.89282989501953125 66.249542236328125 70.2837677001953125 68.52735137939453125 72.86937713623046875 73.699737548828125 79.01316070556640625 78.827056884765625 75.63544464111328125 72.7591094970703125 68.9567718505859375 68.8441925048828125 68.53844451904296875 69.5279388427734375 68.03668212890625 72.0351409912109375 73.39966583251953125 76.20386505126953125 73.23706817626953125
90.08528900146484375 87.041015625 84.45638275146484375 80.63236236572265625 80.90271759033203125 92.8443145751953125 85.7941741943359375 98.04938507080078125 116.99694061279296875 129.721954345703125 146.3680877685546875 144.5296173095703125 142.351715087890625 116.0515289306640625 107.5681610107421875 96.930145263671875 88.8790435791015625 82.0824737548828125 89.82349395751953125 85.1724090576171875 83.5528411865234375 72.2191009521484375 69.2517852783203125 67.46959686279296875 71.173431396484375 70.6186065673828125 67.53762054443359375 66.60585784912109375 69.87749481201171875 70.0452117919921875 73.5383453369140625 71.71082305908203125 73.80873870849609375 71.20156097412109375 66.497589111328125 68.8318023681640625 66.70153045654296875 69.7666015625 69.39723968505859375 67.1382904052734375 69.17667388916015625 75.383453369140625 80.08453369140625 72.7036895751953125
87.0029754638671875 82.4088134765625 83.9556121826171875 88.13836669921875 96.0867156982421875 93.91725921630859375 90.309234619140625 79.88477325439453125 95.9763031005859375 119.00408935546875 122.38488006591796875 109.2427978515625 85.02046966552734375 76.55731201171875 74.1301116943359375 77.99095916748046875 71.43609619140625 75.31533050537109375 76.8387603759765625 78.9006805419921875 69.70226287841796875 66.54773712158203125 64.7854156494140625 65.919403076171875 69.23143768310546875 70.586181640625 69.637908935546875 69.46331787109375 67.560821533203125 71.55587005615234375 70.93094635009765625 72.89408111572265625 71.89368438720703125 70.1748046875 70.010955810546875 68.18976593017578125 69.074798583984375 68.085784912109375 69.003936767578125 70.94122314453125 69.95794677734375 71.424560546875 74.88304901123046875 73.24187469482421875
