ForecastVariables/LightPollution_Blue_500m_40percent/LightPollutionBlue_40_Focal_Random3.asc
ncols        529
nrows        344
xllcorner    2700.000000000000
yllcorner    15900.000000000000
cellsize     100.000000000000
NODATA_value  nan
[rows 260 to 279 of 344, columns 220 to 263 of 529]
94.9975738525390625 113.01631927490234375 114.03553009033203125 122.2559814453125 92.4591827392578125 88.6974639892578125 87.649261474609375 86.376220703125 84.02777862548828125 85.47791290283203125 78.36135101318359375 72.94326019287109375 73.374359130859375 76.39296722412109375 102.8097686767578125 105.18305206298828125 107.49170684814453125 103.59029388427734375 100.3413543701171875 83.26926422119140625 84.22223663330078125 77.36791229248046875 81.3503570556640625 89.2026519775390625 86.91367340087890625 86.8592376708984375 81.17022705078125 83.056427001953125 86.22393798828125 87.7467803955078125 84.9393463134765625 86.0426483154296875 91.093231201171875 88.10927581787109375 80.238616943359375 150.6896209716796875 153.8484039306640625 162.320587158203125 107.0782928466796875 107.00121307373046875 107.93674468994140625 105.137664794921875 106.59490966796875 99.48262786865234375
89.346893310546875 100.0501708984375 130.8775634765625 155.199066162109375 125.40167236328125 97.27506256103515625 89.6570587158203125 81.5842437744140625 82.0620574951171875 81.978546142578125 77.473052978515625 72.0673980712890625 72.1208953857421875 78.74951171875 83.91222381591796875 106.03675079345703125 105.22592926025390625 109.01465606689453125 88.36106109619140625 82.9202423095703125 83.50026702880859375 81.56681060791015625 83.11981201171875 82.74367523193359375 79.375 80.040618896484375 79.71268463134765625 79.7266845703125 85.94549560546875 87.46484375 85.31415557861328125 85.41412353515625 86.0253753662109375 79.486663818359375 145.596923828125 228.10748291015625 221.41693115234375 220.0452728271484375 181.4312286376953125 127.060821533203125 102.95511627197265625 105.16033172607421875 99.17409515380859375 96.7183990478515625
93.1728973388671875 121.94100189208984375 155.395294189453125 162.50860595703125 164.651031494140625 123.73809814453125 89.82717132568359375 78.99837493896484375 74.5734100341796875 80.553802490234375 75.58670806884765625 73.55975341796875 75.64612579345703125 81.653167724609375 84.47164154052734375 82.9548187255859375 105.06317901611328125 99.3399200439453125 104.3661041259765625 87.66094970703125 81.3639068603515625 82.840972900390625 84.02265167236328125 76.73668670654296875 77.51064300537109375 72.12035369873046875 74.77353668212890625 78.66959381103515625 81.2012176513671875 80.7550506591796875 85.57337188720703125 86.0627288818359375 82.99863433837890625 98.568359375 178.05859375 295.9947509765625 341.294036865234375 321.62518310546875 234.6860504150390625 176.788543701171875 135.1474761962890625 99.52079010009765625 96.05794525146484375 93.3002166748046875
90.8643341064453125 127.102142333984375 158.09600830078125 164.562591552734375 155.650146484375 132.3074798583984375 88.58966064453125 76.579376220703125 76.14601898193359375 74.24188232421875 81.0181121826171875 80.2862701416015625 81.9451904296875 83.720489501953125 82.31995391845703125 89.5194549560546875 97.13286590576171875 108.43746185302734375 111.52237701416015625 103.20306396484375 85.15069580078125 82.34603118896484375 76.3255767822265625 77.97762298583984375 74.73572540283203125 70.54850006103515625 68.9218292236328125 75.084136962890625 79.23284149169921875 78.9404449462890625 82.25481414794921875 86.5358428955078125 90.08528900146484375 154.9077301025390625 222.39892578125 328.654571533203125 409.739105224609375 383.772186279296875 323.862579345703125 237.246917724609375 168.272003173828125 129.3075103759765625 95.8130950927734375 91.3927154541015625
83.63181304931640625 87.4322052001953125 128.209228515625 146.6806640625 126.90787506103515625 93.70897674560546875 81.07051849365234375 72.61641693115234375 71.91297149658203125 77.69544219970703125 79.66353607177734375 83.460601806640625 84.53537750244140625 86.1400604248046875 87.43981170654296875 107.1966094970703125 115.00472259521484375 111.30640411376953125 110.97386932373046875 105.47702789306640625 95.70822906494140625 78.57209014892578125 77.92859649658203125 77.10817718505859375 75.47725677490234375 69.7055511474609375 71.72832489013671875 74.90988922119140625 79.49726104736328125 81.94988250732421875 85.41339874267578125 93.8184356689453125 96.191986083984375 106.62612152099609375 224.62933349609375 315.063446044921875 417.81256103515625 338.76611328125 308.266815185546875 232.1538848876953125 192.6362762451171875 136.323150634765625 107.3604888916015625 90.36472320556640625
82.91965484619140625 82.5986480712890625 84.6930999755859375 115.09990692138671875 86.44232177734375 80.43268585205078125 77.49466705322265625 73.6644287109375 72.178802490234375 76.80690765380859375 80.46645355224609375 82.65515899658203125 88.8126678466796875 91.6674041748046875 104.12178802490234375 101.44268035888671875 110.6457366943359375 118.100860595703125 109.2786102294921875 95.2298126220703125 76.857208251953125 76.226470947265625 75.63055419921875 77.72217559814453125 71.188751220703125 74.158172607421875 73.44721221923828125 77.38040924072265625 82.534393310546875 85.525238037109375 94.35247039794921875 96.7308349609375 96.6688995361328125 142.5064849853515625 159.04144287109375 262.067169189453125 313.009368896484375 355.580657958984375 247.6643524169921875 280.26116943359375 179.49468994140625 133.2745513916015625 93.628997802734375 90.879425048828125
94.29444122314453125 84.87884521484375 85.08831787109375 80.55925750732421875 84.4707489013671875 78.0095672607421875 97.06357574462890625 103.76677703857421875 84.44541168212890625 79.8994598388671875 83.21501922607421875 87.96329498291015625 85.46683502197265625 98.43367767333984375 105.30086517333984375 106.34204864501953125 106.6034088134765625 110.165985107421875 96.029571533203125 79.45343017578125 79.09456634521484375 76.4088592529296875 75.1081695556640625 75.37985992431640625 78.2527618408203125 76.041748046875 76.155914306640625 80.2700347900390625 84.85684967041015625 88.52181243896484375 92.59783935546875 97.670745849609375 96.298736572265625 98.11225128173828125 157.73358154296875 215.4579010009765625 281.893707275390625 283.643310546875 375.850311279296875 266.6224365234375 250.0320892333984375 142.71142578125 121.6077423095703125 93.28501129150390625
123.07596588134765625 96.49395751953125 86.4813232421875 84.742645263671875 79.83270263671875 100.54293060302734375 126.465301513671875 133.65380859375 119.64453125 92.5141754150390625 84.36486053466796875 83.976654052734375 86.7360382080078125 87.7965850830078125 95.82944488525390625 104.530029296875 104.47046661376953125 89.4852447509765625 80.90009307861328125 78.17966461181640625 79.4458770751953125 75.0029296875 78.37870025634765625 82.386505126953125 82.630340576171875 80.63823699951171875 80.31414031982421875 79.814300537109375 87.57320404052734375 89.69222259521484375 94.34734344482421875 93.93260955810546875 95.801727294921875 92.81485748291015625 124.74109649658203125 233.48541259765625 215.0061492919921875 352.8172607421875 369.114501953125 404.56964111328125 254.9957122802734375 214.967132568359375 121.1246185302734375 104.7745361328125
112.53240203857421875 100.47470855712890625 106.67453765869140625 92.81935882568359375 99.418060302734375 121.9568634033203125 137.614715576171875 140.7386932373046875 135.4892120361328125 120.10002899169921875 90.38640594482421875 80.30664825439453125 84.063385009765625 85.0888214111328125 83.1573944091796875 100.99587249755859375 89.2452239990234375 83.6583404541015625 84.94414520263671875 82.8154296875 75.80364990234375 79.025115966796875 81.03955841064453125 83.2300567626953125 84.26265716552734375 87.15297698974609375 84.8419189453125 81.4977264404296875 84.2240447998046875 92.6003570556640625 92.0412139892578125 96.830810546875 94.83081817626953125 93.60181427001953125 98.63459014892578125 131.59136962890625 260.57818603515625 268.086578369140625 356.06243896484375 328.272216796875 340.374114990234375 173.9971160888671875 130.04766845703125 90.24855804443359375
105.00812530517578125 109.00293731689453125 125.8758392333984375 126.744598388671875 101.49853515625 103.97507476806640625 127.25988006591796875 138.272735595703125 122.67044830322265625 93.87166595458984375 86.09789276123046875 83.73610687255859375 83.21221160888671875 81.89830780029296875 84.41793060302734375 90.64186859130859375 91.43167877197265625 90.9259490966796875 87.45648956298828125 80.49774169921875 80.401092529296875 78.0117034912109375 81.4561767578125 79.2522430419921875 90.227325439453125 89.29833984375 87.5766448974609375 85.18177032470703125 89.08747100830078125 89.48879241943359375 96.7924652099609375 97.225128173828125 100.3888092041015625 102.0585174560546875 103.54553985595703125 97.90381622314453125 126.0144805908203125 235.881622314453125 230.3365325927734375 299.457916259765625 191.0099945068359375 171.5514068603515625 102.11560821533203125 96.74871826171875
103.2497406005859375 131.000274658203125 151.818115234375 154.5794525146484375 127.297607421875 95.1553955078125 101.537872314453125 111.8672332763671875 93.26092529296875 87.645355224609375 85.9508819580078125 87.944244384765625 84.19110870361328125 86.53052520751953125 88.93303680419921875 91.44112396240234375 99.48438262939453125 98.5644683837890625 90.0621185302734375 86.8818511962890625 78.1648101806640625 77.37929534912109375 74.7854461669921875 86.23248291015625 87.2636260986328125 90.40206146240234375 88.92385101318359375 90.67116546630859375 90.292083740234375 93.04808807373046875 99.82071685791015625 102.2856597900390625 100.00626373291015625 102.76750946044921875 100.55278778076171875 97.74139404296875 95.59181976318359375 92.71321868896484375 191.408111572265625 150.1145477294921875 165.5600738525390625 103.632598876953125 94.6299285888671875 92.2944488525390625
107.78137969970703125 136.1876678466796875 158.022979736328125 157.6093902587890625 136.553802490234375 103.2554168701171875 84.679107666015625 78.23503875732421875 86.9208831787109375 90.65264129638671875 100.46215057373046875 89.52646636962890625 90.11789703369140625 89.1166534423828125 92.27051544189453125 113.43302154541015625 123.82405853271484375 100.41243743896484375 93.67008209228515625 89.66783905029296875 83.9242095947265625 78.867706298828125 82.75508880615234375 82.47034454345703125 86.8111114501953125 92.3629608154296875 94.06075286865234375 87.89392852783203125 90.923614501953125 96.09711456298828125 102.41999053955078125 103.25051116943359375 98.24394989013671875 94.98419189453125 94.3495635986328125 97.70133209228515625 93.065185546875 90.489837646484375 94.69956207275390625 125.76337432861328125 106.78908538818359375 93.96726226806640625 89.1771392822265625 90.50788116455078125
85.3203125 112.46274566650390625 142.31365966796875 142.66253662109375 117.9142913818359375 89.57593536376953125 76.58768463134765625 80.071990966796875 87.801239013671875 126.31777191162109375 120.5433197021484375 102.29718017578125 90.83092498779296875 90.1309661865234375 105.70062255859375 153.6746063232421875 137.5973052978515625 124.816650390625 98.13895416259765625 89.21634674072265625 87.58948516845703125 90.28033447265625 85.32830047607421875 87.4886627197265625 88.74898529052734375 92.99993896484375 88.8026275634765625 87.5505218505859375 92.18170928955078125 97.03655242919921875 98.590301513671875 98.200164794921875 99.050018310546875 91.7198638916015625 91.1711883544921875 88.25098419189453125 89.44643402099609375 94.27044677734375 96.5151519775390625 97.9991455078125 94.0774993896484375 88.38156890869140625 89.1624603271484375 86.48116302490234375
85.7119140625 89.42935943603515625 117.19521331787109375 113.0869903564453125 94.410858154296875 80.58020782470703125 76.98789215087890625 83.1518402099609375 120.98706817626953125 142.43572998046875 143.579803466796875 116.30266571044921875 96.15352630615234375 95.9683837890625 141.9734954833984375 149.3067626953125 152.463653564453125 134.8316802978515625 116.43758392333984375 91.70758819580078125 93.9544525146484375 92.16529083251953125 92.452880859375 89.46292877197265625 90.52460479736328125 87.4182586669921875 85.81432342529296875 83.37995147705078125 87.20851898193359375 92.50189208984375 98.857757568359375 97.958465576171875 88.88742828369140625 88.41654205322265625 85.46273040771484375 87.7581024169921875 90.1409912109375 89.48766326904296875 90.44927978515625 95.98575592041015625 93.9778900146484375 91.911529541015625 86.41423797607421875 99.959381103515625
120.2876434326171875 112.30937957763671875 97.49153900146484375 95.46954345703125 87.1165771484375 80.400054931640625 79.04027557373046875 104.98264312744140625 129.661346435546875 141.946136474609375 137.298797607421875 133.1903533935546875 96.1510772705078125 100.95069122314453125 115.2581787109375 145.078521728515625 147.22369384765625 134.85455322265625 95.0095977783203125 96.45462799072265625 93.0641021728515625 94.600311279296875 93.83216094970703125 88.5782928466796875 82.63056182861328125 84.0655364990234375 85.0820159912109375 79.649932861328125 83.30677032470703125 87.22444915771484375 94.31104278564453125 92.43367767333984375 90.56622314453125 82.0660552978515625 84.5535736083984375 81.51558685302734375 82.91857147216796875 86.91135406494140625 87.57224273681640625 88.799652099609375 88.64147186279296875 87.581024169921875 99.9789276123046875 103.32430267333984375
144.4194488525390625 158.9303436279296875 120.73371124267578125 96.18965911865234375 85.18067169189453125 76.6039886474609375 77.35489654541015625 81.07099151611328125 102.6783294677734375 121.92132568359375 130.9760284423828125 92.2942962646484375 73.82428741455078125 73.51325225830078125 99.97418212890625 119.62323760986328125 130.197723388671875 89.91834259033203125 89.740997314453125 90.6138458251953125 91.88671875 91.62635040283203125 91.36782073974609375 86.67003631591796875 87.5260772705078125 84.57342529296875 81.5785675048828125 83.160888671875 83.0132598876953125 89.5108642578125 89.19109344482421875 93.2020416259765625 85.90879058837890625 85.78814697265625 80.29450225830078125 81.42761993408203125 78.96380615234375 79.5148468017578125 86.67138671875 85.12075042724609375 84.68878173828125 85.02994537353515625 88.6285552978515625 110.36702728271484375
161.39105224609375 169.6806182861328125 168.85113525390625 117.8447265625 89.6802520751953125 78.02344512939453125 74.9089508056640625 73.2810821533203125 75.3238983154296875 98.929168701171875 89.7606964111328125 73.46480560302734375 72.53166961669921875 75.469818115234375 78.35845184326171875 108.7729339599609375 87.052978515625 89.1414337158203125 86.0680694580078125 89.7506103515625 87.9167022705078125 91.7046966552734375 88.0360260009765625 89.46968841552734375 89.408538818359375 89.62523651123046875 87.79824066162109375 84.5664520263671875 88.72133636474609375 88.5922698974609375 94.726409912109375 86.84503173828125 87.41919708251953125 83.39306640625 86.18672943115234375 81.42331695556640625 79.3946075439453125 78.631011962890625 79.9903411865234375 83.279266357421875 85.1114501953125 83.52849578857421875 85.20549774169921875 98.30889892578125
158.7487335205078125 166.2303009033203125 133.346160888671875 111.84412384033203125 90.15283966064453125 81.476043701171875 71.57680511474609375 66.65712738037109375 72.107177734375 73.6726531982421875 68.83344268798828125 69.9832305908203125 73.023468017578125 74.31179046630859375 80.9058380126953125 85.29412841796875 91.10509490966796875 88.916534423828125 87.222564697265625 85.47080230712890625 89.09052276611328125 90.1356658935546875 94.359039306640625 90.40926361083984375 88.55141448974609375 92.3410186767578125 92.0532684326171875 90.463226318359375 87.9633331298828125 93.3332366943359375 87.46092987060546875 88.9800872802734375 84.82302093505859375 87.888580322265625 80.99599456787109375 79.16967010498046875 81.22388458251953125 82.7535400390625 82.38202667236328125 79.71036529541015625 79.06938934326171875 86.42067718505859375 84.1405487060546875 83.97537994384765625
126.16136932373046875 117.2755279541015625 106.82073211669921875 89.064544677734375 80.427886962890625 75.95731353759765625 69.00335693359375 67.24626922607421875 67.6407318115234375 67.25255584716796875 73.00516510009765625 72.70352935791015625 69.0012359619140625 74.04346466064453125 81.0471649169921875 85.24884033203125 90.94431304931640625 91.05218505859375 85.89971923828125 89.75136566162109375 88.93456268310546875 90.65224456787109375 89.55532073974609375 91.6491546630859375 91.65306854248046875 90.07300567626953125 91.346649169921875 88.4307708740234375 91.42803955078125 87.332061767578125 89.326171875 85.6518096923828125 89.02911376953125 81.29444122314453125 82.681976318359375 81.44904327392578125 82.5936279296875 84.3582611083984375 84.4189910888671875 85.54349517822265625 83.868804931640625 83.7695770263671875 86.2532196044921875 86.09250640869140625
71.22998809814453125 91.6696014404296875 112.59466552734375 83.391937255859375 75.37218475341796875 71.2687530517578125 67.37676239013671875 69.47369384765625 67.36563873291015625 71.0276336669921875 75.3159637451171875 75.18198394775390625 73.45595550537109375 76.38384246826171875 83.57326507568359375 87.2814178466796875 88.3180084228515625 87.3816375732421875 89.9808197021484375 89.5923004150390625 89.81584930419921875 88.07216644287109375 85.6187896728515625 87.23320770263671875 88.66766357421875 89.80480194091796875 87.49169921875 91.18280029296875 86.3202972412109375 88.06415557861328125 86.89089202880859375 86.3205413818359375 81.29669952392578125 83.66497802734375 83.58408355712890625 81.51044464111328125 79.71205902099609375 80.3808746337890625 84.56813812255859375 87.94963836669921875 85.8562164306640625 82.65738677978515625 83.554595947265625 88.74257659912109375
