ForecastVariables/LightPollution_Blue_500m_40percent/LightPollutionBlue_40_Focal_Random3.asc
ncols        529
nrows        344
xllcorner    2700.000000000000
yllcorner    15900.000000000000
cellsize     100.000000000000
NODATA_value  nan
[rows 240 to 259 of 344, columns 0 to 43 of 529]
nan nan nan nan nan nan nan nan nan nan nan nan nan nan nan nan nan nan nan nan nan nan 2.1600496768951416016 11.40262603759765625 32.536022186279296875 70.99022674560546875 93.62014007568359375 96.34818267822265625 97.80077362060546875 96.047393798828125 76.8275146484375 76.90685272216796875 77.22748565673828125 70.9688568115234375 70.741180419921875 64.04187774658203125 69.08585357666015625 68.12317657470703125 73.29006195068359375 85.4803466796875 106.13819122314453125 111.8520965576171875 96.8857421875 79.24246978759765625
nan nan nan nan nan nan nan nan nan nan nan nan nan nan nan nan nan nan nan nan nan nan 2.7789633274078369141 14.15808868408203125 34.4781341552734375 54.103183746337890625 84.32024383544921875 95.87543487548828125 93.9366455078125 79.04080963134765625 79.2856597900390625 77.24005126953125 76.22428131103515625 73.5480804443359375 69.749969482421875 71.8308563232421875 64.2270050048828125 70.0807037353515625 68.3225555419921875 71.93854522705078125 89.870147705078125 81.35992431640625 71.272125244140625 69.13826751708984375
nan nan nan nan nan nan nan nan nan nan nan nan nan nan nan nan nan nan nan nan nan nan 3.5364205837249755859 15.845232009887695312 38.147735595703125 54.798187255859375 64.8532867431640625 88.45885467529296875 79.3576507568359375 77.90671539306640625 77.9105987548828125 79.3924102783203125 81.90663909912109375 81.4906463623046875 78.5852508544921875 70.007720947265625 71.00897216796875 72.33319091796875 74.486236572265625 78.48260498046875 74.82387542724609375 70.7161865234375 68.4680023193359375 70.53226470947265625
nan nan nan nan nan nan nan nan nan nan nan nan nan nan nan nan nan nan nan nan nan nan 5.3789286613464355469 18.941638946533203125 40.5005950927734375 59.43627166748046875 67.86159515380859375 70.41510009765625 74.98333740234375 75.33879852294921875 81.82097625732421875 84.54747772216796875 85.54764556884765625 87.439788818359375 82.18151092529296875 78.9407196044921875 76.39197540283203125 76.1781768798828125 78.5457763671875 79.7357025146484375 76.51770782470703125 75.4890594482421875 73.61175537109375 73.424224853515625
nan nan nan nan nan nan nan nan nan nan nan nan nan nan nan nan nan nan nan nan nan 0.1535669863224029541 5.7373366355895996094 24.5139617919921875 47.526790618896484375 64.46413421630859375 68.869598388671875 69.581573486328125 71.3882904052734375 80.761260986328125 79.4260406494140625 84.3615264892578125 84.84587860107421875 89.39582061767578125 91.8892669677734375 85.213897705078125 79.40615081787109375 77.3421630859375 81.949737548828125 84.72644805908203125 82.0106353759765625 78.1477203369140625 76.754180908203125 74.34039306640625
nan nan nan nan nan nan nan nan nan nan nan nan nan nan nan nan nan nan nan nan nan 0.94962006807327270508 9.7236127853393554688 29.067792892456054688 55.65975189208984375 66.9467315673828125 73.98596954345703125 75.02594757080078125 79.3853607177734375 78.3460693359375 81.51932525634765625 81.0201416015625 91.285400390625 93.4312286376953125 92.07013702392578125 86.48403167724609375 84.56835174560546875 82.50505828857421875 87.52176666259765625 85.81803131103515625 88.9521331787109375 79.3004150390625 79.3231353759765625 78.78263092041015625
nan nan nan nan nan nan nan nan nan nan nan nan nan nan nan nan nan nan nan nan nan 2.5775425434112548828 12.669620513916015625 35.21939849853515625 58.12469482421875 71.861175537109375 77.29404449462890625 81.409759521484375 81.4743194580078125 87.887786865234375 87.47577667236328125 91.60625457763671875 87.01557159423828125 91.31795501708984375 91.746734619140625 89.41504669189453125 88.31754302978515625 91.41794586181640625 88.280548095703125 93.20258331298828125 89.0650482177734375 84.308990478515625 79.2361602783203125 80.78867340087890625
nan nan nan nan nan nan nan nan nan nan nan nan nan nan nan nan nan nan nan nan nan 2.8395197391510009766 15.175775527954101562 38.95368194580078125 59.980823516845703125 80.51959991455078125 93.6807708740234375 76.26837158203125 88.8139801025390625 92.106109619140625 94.90853118896484375 87.25946807861328125 88.3509368896484375 92.47138214111328125 91.941070556640625 88.42645263671875 87.93283843994140625 89.09745025634765625 95.0430450439453125 93.115692138671875 96.8465423583984375 90.15628814697265625 83.74080657958984375 81.99253082275390625
nan nan nan nan nan nan nan nan nan nan nan nan nan nan nan nan nan nan nan nan nan 3.2757713794708251953 18.06678009033203125 48.013500213623046875 71.14748382568359375 97.089447021484375 96.53147125244140625 94.1211090087890625 86.52483367919921875 94.55553436279296875 89.1101226806640625 89.01584625244140625 89.9044036865234375 91.843841552734375 88.43611907958984375 90.732940673828125 85.14238739013671875 85.88419342041015625 89.71395111083984375 103.3306121826171875 112.5054168701171875 94.70989227294921875 88.56812286376953125 84.6651611328125
nan nan nan nan nan nan nan nan nan nan nan nan nan nan nan nan nan nan nan nan nan 6.2446308135986328125 27.039579391479492188 59.939212799072265625 97.8454742431640625 95.72638702392578125 97.2476654052734375 104.348785400390625 101.793212890625 85.3873291015625 89.95269012451171875 86.65770721435546875 88.80449676513671875 88.48230743408203125 89.3487701416015625 86.40169525146484375 81.3136749267578125 79.728515625 92.50556182861328125 106.421722412109375 113.1133270263671875 108.75060272216796875 89.957183837890625 81.43199920654296875
nan nan nan nan nan nan nan nan nan nan nan nan nan nan nan nan nan nan nan nan 0.084609337151050567627 12.118571281433105469 30.388187408447265625 55.12732696533203125 82.3658447265625 101.47881317138671875 98.7050018310546875 99.8675689697265625 81.40923309326171875 84.92226409912109375 86.08867645263671875 86.093963623046875 86.38820648193359375 91.56890869140625 90.0770416259765625 81.5144805908203125 76.46482086181640625 82.58911895751953125 95.538818359375 102.436126708984375 102.54620361328125 103.571685791015625 95.11510467529296875 74.5883026123046875
nan nan nan nan nan nan nan nan nan nan nan nan nan nan nan nan nan nan nan nan 0.91513109207153320312 7.3449430465698242188 30.74608612060546875 56.0764617919921875 74.6881866455078125 79.79109954833984375 90.24324798583984375 76.85092926025390625 84.8589019775390625 85.51697540283203125 85.8474884033203125 84.843414306640625 87.99327850341796875 87.68909454345703125 85.25982666015625 76.61865997314453125 82.98123931884765625 77.75276947021484375 80.705352783203125 91.71323394775390625 93.39696502685546875 85.1200103759765625 73.9502105712890625 73.8767852783203125
nan nan nan nan nan nan nan nan nan nan nan nan nan nan nan nan nan nan nan nan 1.1137446165084838867 8.5555477142333984375 29.061098098754882812 60.56955718994140625 66.15793609619140625 72.83325958251953125 76.1087799072265625 79.87746429443359375 85.379608154296875 86.892333984375 85.84535980224609375 87.73668670654296875 85.04889678955078125 81.7048187255859375 76.3902130126953125 81.43011474609375 76.57293701171875 74.5775299072265625 72.29093170166015625 75.72589111328125 82.09038543701171875 63.748443603515625 64.2720184326171875 67.5186614990234375
nan nan nan nan nan nan nan nan nan nan nan nan nan nan nan nan nan nan nan nan 1.9128746986389160156 12.02880096435546875 34.6699676513671875 58.199039459228515625 68.160797119140625 74.95943450927734375 82.58876800537109375 85.2902984619140625 88.7112884521484375 88.82195281982421875 85.14113616943359375 84.28356170654296875 86.25266265869140625 77.258636474609375 70.7964935302734375 68.4991302490234375 73.58238983154296875 71.7487945556640625 70.7728271484375 65.0349578857421875 64.184783935546875 61.655124664306640625 61.56537628173828125 63.084014892578125
nan nan nan nan nan nan nan nan nan nan nan nan nan nan nan nan nan nan nan nan 4.0444817543029785156 14.578510284423828125 38.6400604248046875 60.31578826904296875 78.2559967041015625 85.12290191650390625 86.03253936767578125 89.8418121337890625 92.04303741455078125 88.76187896728515625 89.85794830322265625 87.6461181640625 78.025482177734375 72.1706085205078125 67.01902008056640625 63.487094879150390625 64.37543487548828125 70.6468048095703125 71.31121826171875 82.4146270751953125 63.456859588623046875 65.35330963134765625 64.8251953125 65.8592376708984375
nan nan nan nan nan nan nan nan nan nan nan nan nan nan nan nan nan nan nan nan 3.5580346584320068359 20.215694427490234375 44.206630706787109375 68.7168731689453125 84.41175079345703125 91.4292755126953125 90.50981903076171875 93.69024658203125 90.8781890869140625 87.35558319091796875 88.28069305419921875 85.33551788330078125 75.73430633544921875 64.77655792236328125 63.40532684326171875 61.52068328857421875 61.701171875 66.5156097412109375 88.243804931640625 93.25279998779296875 87.48517608642578125 69.15572357177734375 68.786712646484375 69.63607025146484375
nan nan nan nan nan nan nan nan nan nan nan nan nan nan nan nan nan nan nan nan 7.1027693748474121094 23.781764984130859375 52.939586639404296875 76.20981597900390625 90.566162109375 89.81307220458984375 94.71695709228515625 89.89653778076171875 87.029510498046875 84.519622802734375 85.63397216796875 80.885955810546875 80.81031036376953125 67.43731689453125 56.037273406982421875 59.95519256591796875 70.401885986328125 83.75746917724609375 89.6918487548828125 92.39292144775390625 95.90862274169921875 88.22733306884765625 69.6389923095703125 66.81127166748046875
nan nan nan nan nan nan nan nan nan nan nan nan nan nan nan nan nan nan nan 0.26350241899490356445 7.5586576461791992188 29.707220077514648438 61.23590087890625 83.0651702880859375 90.22299957275390625 92.64528656005859375 89.23973846435546875 84.753082275390625 78.2630157470703125 82.94338226318359375 87.51763916015625 84.2438507080078125 77.056976318359375 69.16162109375 62.263885498046875 64.416259765625 64.9510345458984375 73.613372802734375 89.87041473388671875 91.874908447265625 89.770843505859375 70.67498779296875 66.83431243896484375 65.47792816162109375
nan nan nan nan nan nan nan nan nan nan nan nan nan nan nan nan nan nan nan 1.3063447475433349609 9.7438077926635742188 34.80800628662109375 65.07944488525390625 84.7528228759765625 90.7860870361328125 93.6775970458984375 88.09679412841796875 79.69597625732421875 79.54925537109375 79.60619354248046875 83.75646209716796875 82.4233245849609375 75.4957122802734375 71.06768798828125 74.00681304931640625 71.08077239990234375 71.88208770751953125 70.1800537109375 74.56390380859375 86.7948455810546875 73.81109619140625 71.0943145751953125 71.62319183349609375 76.02033233642578125
nan nan nan nan nan nan nan nan nan nan nan nan nan nan nan nan nan nan nan 1.5317494869232177734 14.52752685546875 38.580112457275390625 66.840118408203125 85.125 91.98560333251953125 90.83332061767578125 88.1697540283203125 82.63521575927734375 79.20053863525390625 79.08383941650390625 76.39824676513671875 78.4620361328125 74.93285369873046875 70.65948486328125 70.850067138671875 78.0182342529296875 78.1568756103515625 71.80342864990234375 67.37908935546875 74.69432830810546875 73.17594146728515625 77.87563323974609375 92.91352081298828125 81.23282623291015625
