ForecastVariables/LightPollution_Blue_500m_40percent/LightPollutionBlue_40_Focal_Random3.asc
ncols        529
nrows        344
xllcorner    2700.000000000000
yllcorner    15900.000000000000
cellsize     100.000000000000
NODATA_value  nan
[rows 0 to 19 of 344, columns 396 to 439 of 529]
52.832851409912109375 52.41728973388671875 54.34990692138671875 56.769069671630859375 67.33423614501953125 74.42571258544921875 99.43784332275390625 126.37425994873046875 136.0898895263671875 126.825927734375 100.44599151611328125 107.17929840087890625 103.0962982177734375 92.7374267578125 85.35068511962890625 76.85897064208984375 76.51905059814453125 111.8485107421875 163.7353363037109375 197.14044189453125 232.7653961181640625 235.8707427978515625 214.747711181640625 188.3196868896484375 138.558258056640625 80.09732818603515625 64.87750244140625 67.74117279052734375 72.51180267333984375 90.06726837158203125 107.9919586181640625 143.2452392578125 149.3131866455078125 160.6002960205078125 137.793487548828125 114.47522735595703125 96.7894744873046875 91.70143890380859375 66.09842681884765625 57.825550079345703125 65.56711578369140625 59.061191558837890625 60.1656036376953125 62.65305328369140625
74.62668609619140625 67.8673858642578125 69.4409332275390625 76.690185546875 81.28861236572265625 102.77459716796875 157.1913909912109375 166.855865478515625 174.3571624755859375 171.451904296875 183.0746307373046875 185.1936492919921875 168.400177001953125 194.5217437744140625 148.369415283203125 155.7790374755859375 153.0319061279296875 179.197296142578125 217.80487060546875 232.9400634765625 247.0915374755859375 270.951873779296875 258.44781494140625 220.769744873046875 158.0234375 112.05402374267578125 96.61991119384765625 100.410797119140625 100.785400390625 111.04256439208984375 161.096435546875 169.2305755615234375 177.004425048828125 160.020538330078125 161.54559326171875 135.93402099609375 138.211090087890625 102.65612030029296875 91.1124267578125 99.95684814453125 100.55136871337890625 90.8596343994140625 80.8951568603515625 85.18274688720703125
80.8202362060546875 78.10973358154296875 77.488677978515625 79.01676177978515625 88.3250579833984375 115.66229248046875 137.4771575927734375 180.3424072265625 200.0132904052734375 202.0071563720703125 208.3143768310546875 217.62738037109375 259.842987060546875 275.556671142578125 252.089996337890625 236.0787200927734375 254.949951171875 227.9442291259765625 217.6390380859375 228.144134521484375 208.3145294189453125 199.6761474609375 219.071807861328125 188.8348388671875 148.77886962890625 122.1579742431640625 111.78408050537109375 113.98564910888671875 119.6568450927734375 147.19189453125 171.317474365234375 171.6988372802734375 161.310943603515625 166.1338653564453125 137.4576416015625 152.8908538818359375 128.9408111572265625 129.8748779296875 126.75579833984375 130.784149169921875 119.2486572265625 107.7733001708984375 97.46829986572265625 87.46380615234375
80.5726776123046875 81.6669769287109375 81.93741607666015625 82.63001251220703125 108.9029083251953125 128.05816650390625 146.40643310546875 163.660552978515625 198.1220550537109375 195.1636505126953125 209.5892486572265625 308.93060302734375 341.798309326171875 314.11529541015625 316.466766357421875 306.5443115234375 279.86627197265625 283.897796630859375 234.59429931640625 211.9536285400390625 197.1848602294921875 151.8518524169921875 164.0191802978515625 162.35894775390625 135.5774383544921875 127.37525177001953125 131.1717529296875 115.07445526123046875 147.2148284912109375 163.2193450927734375 162.062744140625 164.870849609375 162.993133544921875 127.13643646240234375 137.356170654296875 135.8106842041015625 136.1360931396484375 134.3916168212890625 148.8545074462890625 143.23614501953125 125.0252227783203125 108.79541015625 93.0537261962890625 84.06774139404296875
82.13201141357421875 83.89130401611328125 81.59369659423828125 89.30866241455078125 106.8466033935546875 137.4317779541015625 147.3233642578125 162.5463409423828125 168.5550994873046875 167.710845947265625 233.1050567626953125 370.695220947265625 387.581390380859375 273.64422607421875 275.77801513671875 259.007415771484375 245.756317138671875 249.671661376953125 234.9777069091796875 214.0428619384765625 220.2916412353515625 179.0364227294921875 205.296722412109375 188.4652862548828125 136.7352294921875 135.3405609130859375 137.123748779296875 140.3868865966796875 151.10321044921875 178.485565185546875 171.6067657470703125 168.52410888671875 132.136566162109375 111.7181549072265625 106.9966583251953125 126.769317626953125 123.26175689697265625 129.6531982421875 124.58632659912109375 123.7157135009765625 121.93770599365234375 103.39746856689453125 81.2407989501953125 91.67034149169921875
89.04779815673828125 85.1227264404296875 86.9536285400390625 101.89752197265625 123.69415283203125 126.8157958984375 153.257232666015625 180.120391845703125 170.0431976318359375 233.847747802734375 296.455963134765625 411.542022705078125 398.733184814453125 323.6630859375 196.87017822265625 175.45819091796875 191.6525421142578125 212.9593658447265625 264.757843017578125 301.16131591796875 279.28338623046875 337.3917236328125 328.491302490234375 278.39593505859375 215.0908355712890625 153.334564208984375 156.1128387451171875 177.6575164794921875 174.8967132568359375 198.6668243408203125 250.393768310546875 166.896514892578125 123.1784820556640625 99.2353515625 98.4176025390625 95.00133514404296875 105.03096771240234375 104.15035247802734375 106.27471160888671875 102.38420867919921875 102.0391082763671875 90.4285430908203125 90.11737060546875 125.3253173828125
85.135284423828125 84.52828216552734375 93.2154693603515625 102.3520660400390625 114.89794921875 139.20831298828125 191.8902435302734375 178.57562255859375 196.4568023681640625 248.908203125 387.352691650390625 445.7618408203125 423.5362548828125 319.8167724609375 144.35650634765625 131.3203887939453125 154.536224365234375 205.18341064453125 331.137542724609375 373.3489990234375 392.90020751953125 430.985107421875 408.017730712890625 346.54534912109375 282.761993408203125 218.409820556640625 184.7707672119140625 200.4584808349609375 202.15576171875 282.951446533203125 300.290679931640625 242.9182586669921875 142.8580169677734375 114.43451690673828125 93.4481964111328125 86.92138671875 83.98089599609375 86.9392242431640625 88.55712127685546875 93.06447601318359375 85.35997772216796875 87.636260986328125 97.1702880859375 131.409515380859375
80.9758758544921875 87.68129730224609375 91.32862091064453125 103.53289031982421875 117.77974700927734375 166.5097198486328125 167.9095001220703125 197.867279052734375 223.52520751953125 293.239898681640625 348.50762939453125 430.902984619140625 397.442962646484375 258.8177490234375 159.4053192138671875 131.1215362548828125 183.5344390869140625 268.236724853515625 318.68701171875 387.40472412109375 422.92266845703125 414.368988037109375 391.601806640625 383.73992919921875 334.789886474609375 268.259033203125 254.4951934814453125 207.006744384765625 286.505645751953125 332.72113037109375 350.005218505859375 304.55828857421875 216.1654815673828125 108.94451141357421875 95.08099365234375 84.32897186279296875 81.44255828857421875 79.89630126953125 75.795684814453125 82.24311065673828125 82.222686767578125 86.814483642578125 105.95406341552734375 124.52655029296875
84.971649169921875 88.238555908203125 97.69927215576171875 112.62912750244140625 133.889404296875 132.6800689697265625 164.397186279296875 189.9334259033203125 243.544281005859375 209.3960113525390625 300.64154052734375 371.798248291015625 336.829437255859375 216.315765380859375 142.8373260498046875 149.108978271484375 218.709381103515625 313.53839111328125 308.025299072265625 300.358367919921875 323.145843505859375 278.442840576171875 345.853240966796875 372.24267578125 327.22381591796875 329.104522705078125 295.984771728515625 263.68212890625 293.1610107421875 365.31640625 343.67742919921875 312.011138916015625 208.33551025390625 142.2187652587890625 95.1441497802734375 88.20198822021484375 80.3348541259765625 78.685150146484375 78.9204254150390625 76.55218505859375 81.4812774658203125 91.44072723388671875 98.58480072021484375 118.2834930419921875
90.09896087646484375 94.62273406982421875 106.80483245849609375 128.2656402587890625 144.334259033203125 145.557861328125 149.4392242431640625 190.7823486328125 180.527984619140625 243.81829833984375 289.452484130859375 327.52783203125 282.360443115234375 250.2970428466796875 199.135894775390625 193.3894195556640625 244.486663818359375 257.77142333984375 288.896240234375 261.461822509765625 198.69146728515625 211.470184326171875 342.998687744140625 358.405487060546875 383.58514404296875 374.9290771484375 384.4820556640625 301.236602783203125 268.1595458984375 284.22900390625 327.06494140625 233.9481048583984375 177.46990966796875 116.6815338134765625 98.098785400390625 90.99072265625 88.59587860107421875 80.8890228271484375 84.1567230224609375 82.6830291748046875 86.613800048828125 95.19162750244140625 101.08992767333984375 109.10771942138671875
88.65360260009765625 99.7005157470703125 124.9707489013671875 142.5106048583984375 155.8462371826171875 167.3991241455078125 179.1719818115234375 163.3439788818359375 206.44049072265625 295.067535400390625 331.28155517578125 335.77362060546875 343.899658203125 344.628814697265625 305.012359619140625 245.71380615234375 241.7315521240234375 246.4477386474609375 267.399261474609375 238.2664642333984375 199.2855072021484375 264.59588623046875 309.629180908203125 444.910186767578125 506.4788818359375 483.594329833984375 421.16766357421875 317.266357421875 214.1787567138671875 236.8163604736328125 231.973724365234375 208.6988677978515625 128.9808349609375 112.07567596435546875 97.42694091796875 94.79007720947265625 89.1551055908203125 88.1032867431640625 82.46918487548828125 88.298095703125 96.02973175048828125 98.725555419921875 115.86077880859375 138.3143157958984375
86.1854400634765625 93.3610076904296875 125.354705810546875 153.3339080810546875 171.09820556640625 170.9034423828125 162.0646209716796875 180.7532958984375 243.480072021484375 303.6668701171875 315.4156494140625 393.468048095703125 409.5528564453125 368.353912353515625 329.1864013671875 290.1668701171875 242.4839630126953125 266.488739013671875 250.5863037109375 224.52008056640625 297.15869140625 350.382965087890625 453.42498779296875 583.16162109375 697.51123046875 637.52978515625 496.03521728515625 390.106597900390625 292.447784423828125 216.546875 220.9548492431640625 194.7659912109375 152.15875244140625 116.4433441162109375 104.87007904052734375 87.7811431884765625 84.98860931396484375 82.2059326171875 83.47906494140625 85.889068603515625 93.37796783447265625 115.0865631103515625 196.980621337890625 206.1269683837890625
82.9974365234375 95.4575042724609375 104.7839202880859375 140.881103515625 155.47998046875 161.854766845703125 158.0775299072265625 171.0432891845703125 205.4945220947265625 263.943572998046875 280.736175537109375 321.0438232421875 363.556060791015625 327.167083740234375 317.240325927734375 262.156463623046875 236.7845916748046875 259.858489990234375 268.52996826171875 281.2430419921875 326.96759033203125 436.576080322265625 567.19451904296875 683.77252197265625 762.68408203125 789.2508544921875 615.6719970703125 411.682769775390625 324.9481201171875 275.008453369140625 238.774993896484375 219.595123291015625 179.981781005859375 139.585174560546875 101.85326385498046875 87.65979766845703125 80.89942169189453125 76.574127197265625 76.6653289794921875 82.88010406494140625 100.1985626220703125 184.4216156005859375 253.9029083251953125 281.67822265625
84.78528594970703125 90.13287353515625 110.7148284912109375 125.797332763671875 141.864654541015625 135.6825408935546875 140.593475341796875 137.5536346435546875 169.385589599609375 213.098052978515625 235.0204925537109375 180.3763580322265625 197.9723052978515625 265.450897216796875 211.2083740234375 184.190338134765625 191.343841552734375 222.2503662109375 260.74053955078125 317.56756591796875 323.343505859375 377.1209716796875 552.61370849609375 670.3680419921875 718.12457275390625 697.97943115234375 603.36395263671875 423.525146484375 284.420867919921875 246.763214111328125 238.3323211669921875 204.908447265625 181.58770751953125 131.2275848388671875 95.29639434814453125 84.10530853271484375 75.75982666015625 70.51849365234375 71.7625579833984375 78.89929962158203125 135.1213226318359375 209.6345367431640625 253.8757171630859375 261.525665283203125
78.320068359375 92.93304443359375 106.54615020751953125 118.1947479248046875 119.5158538818359375 119.764068603515625 140.7313690185546875 163.30499267578125 168.562103271484375 192.10003662109375 185.0191497802734375 153.2296905517578125 148.92742919921875 156.080108642578125 141.2296905517578125 115.099273681640625 166.5087890625 182.297393798828125 218.78778076171875 279.06805419921875 303.193634033203125 371.065185546875 385.85296630859375 468.821685791015625 552.864013671875 490.705169677734375 428.654266357421875 287.449310302734375 201.9916534423828125 200.4622802734375 186.8223724365234375 178.2297821044921875 148.40155029296875 115.71405029296875 96.32282257080078125 80.3895263671875 81.16300201416015625 73.060760498046875 73.310272216796875 73.742706298828125 86.50981903076171875 154.014373779296875 220.2832183837890625 238.6304931640625
78.68125152587890625 82.72747039794921875 91.01556396484375 101.077789306640625 108.6390380859375 122.2086944580078125 144.25201416015625 181.1820068359375 214.3446044921875 211.9098968505859375 192.360443115234375 175.2023468017578125 153.7395477294921875 128.33319091796875 96.59673309326171875 87.2531585693359375 105.4497833251953125 146.7294464111328125 198.250579833984375 227.342041015625 298.89581298828125 316.20098876953125 307.92266845703125 295.65753173828125 319.295654296875 298.543426513671875 224.8689727783203125 167.0372314453125 140.451446533203125 137.69171142578125 134.374359130859375 136.6593017578125 116.5307159423828125 104.70001983642578125 85.773529052734375 104.8321990966796875 87.7320404052734375 84.152862548828125 76.01494598388671875 78.60345458984375 81.694549560546875 90.3811187744140625 153.65191650390625 157.997772216796875
76.0580902099609375 79.230072021484375 81.377685546875 86.1627655029296875 100.775146484375 120.09822845458984375 173.4740753173828125 198.562469482421875 240.135894775390625 249.5593109130859375 223.3675689697265625 196.2003021240234375 166.0613250732421875 135.1109466552734375 110.36421966552734375 82.3807830810546875 85.59039306640625 142.9676666259765625 175.3723907470703125 235.48114013671875 291.406005859375 282.45062255859375 258.32086181640625 253.6575775146484375 197.07330322265625 164.672637939453125 141.11993408203125 116.4084320068359375 115.20520782470703125 106.45552825927734375 111.4452972412109375 111.31421661376953125 105.2105560302734375 93.51294708251953125 117.163665771484375 151.093719482421875 153.247772216796875 89.022552490234375 82.64998626708984375 86.8343658447265625 105.087158203125 95.069732666015625 92.92425537109375 99.978607177734375
74.9332427978515625 74.638092041015625 76.0679473876953125 77.94414520263671875 79.83354949951171875 161.6813812255859375 177.7321014404296875 218.80474853515625 216.1680450439453125 236.1593017578125 224.265045166015625 204.2871246337890625 173.0931396484375 137.4491119384765625 94.5104217529296875 81.1460113525390625 87.70053863525390625 97.80918121337890625 143.8237457275390625 165.8605194091796875 229.215972900390625 233.2268829345703125 216.917877197265625 161.3282318115234375 127.30532073974609375 122.55429840087890625 110.8701171875 103.2577362060546875 101.74826812744140625 102.84535980224609375 103.0281524658203125 105.29537200927734375 99.64936065673828125 119.471282958984375 173.0074005126953125 234.96990966796875 222.529449462890625 148.042572021484375 93.80487060546875 118.84452056884765625 131.48187255859375 142.854095458984375 114.476043701171875 105.33687591552734375
74.64710235595703125 70.64068603515625 73.56597137451171875 75.031707763671875 130.2969818115234375 143.881072998046875 184.8468170166015625 186.980621337890625 210.284698486328125 215.91534423828125 206.1362457275390625 199.1834716796875 191.21343994140625 123.063507080078125 86.7016754150390625 80.70508575439453125 87.84427642822265625 94.40258026123046875 107.1139678955078125 146.4268798828125 131.0094757080078125 168.346343994140625 148.633087158203125 116.3188629150390625 115.883941650390625 108.181427001953125 101.8158416748046875 96.00543975830078125 97.446441650390625 99.639129638671875 99.37100982666015625 98.803802490234375 102.39147186279296875 147.0216522216796875 238.7730865478515625 275.2030029296875 260.0059814453125 203.254302978515625 157.9615936279296875 153.9153594970703125 201.78857421875 237.214691162109375 196.9454193115234375 186.5702056884765625
68.30730438232421875 71.05512237548828125 70.336090087890625 102.9287567138671875 110.58705902099609375 140.2657318115234375 147.709503173828125 184.721282958984375 172.688385009765625 185.369171142578125 188.7780609130859375 199.1313629150390625 179.7044219970703125 132.67486572265625 94.932373046875 80.06818389892578125 85.0895538330078125 91.212066650390625 97.9387969970703125 106.193267822265625 104.96469879150390625 103.8798370361328125 106.23027801513671875 106.02685546875 103.44892120361328125 101.58669281005859375 96.17902374267578125 95.01917266845703125 90.55431365966796875 92.853118896484375 92.77584075927734375 91.26334381103515625 100.61238861083984375 140.9008636474609375 210.137481689453125 263.8358154296875 246.241790771484375 198.941680908203125 159.71337890625 219.0334320068359375 344.174652099609375 364.5560302734375 313.918304443359375 311.5904541015625
