ForecastVariables/LightPollution_Blue_500m_40percent/LightPollutionBlue_40_Focal_Random1.asc
ncols        529
nrows        344
xllcorner    2700.000000000000
yllcorner    15900.000000000000
cellsize     100.000000000000
NODATA_value  nan
[rows 160 to 179 of 344, columns 396 to 439 of 529]
619.99591064453125 564.71185302734375 516.9822998046875 334.842437744140625 235.519775390625 260.984222412109375 292.802642822265625 338.025604248046875 392.03802490234375 503.7454833984375 544.08251953125 514.1097412109375 500.72442626953125 492.58642578125 345.140533447265625 276.97808837890625 200.065185546875 156.150787353515625 104.31133270263671875 132.9410400390625 149.9122314453125 221.277435302734375 176.899566650390625 156.1847076416015625 130.6550750732421875 162.2460479736328125 199.4219818115234375 235.1530303955078125 294.98431396484375 295.805999755859375 266.307891845703125 217.778533935546875 154.3000030517578125 98.62369537353515625 95.641143798828125 101.805816650390625 96.91666412353515625 115.7171173095703125 194.9307098388671875 200.0658721923828125 177.2709808349609375 108.6831512451171875 98.31188201904296875 101.2854156494140625
768.95660400390625 533.95556640625 377.571380615234375 216.460601806640625 131.8168182373046875 134.27154541015625 234.5758514404296875 268.98046875 356.6082763671875 505.59320068359375 549.2410888671875 510.889892578125 496.44122314453125 383.02783203125 323.690643310546875 259.48834228515625 205.97161865234375 98.43239593505859375 96.6553497314453125 101.68001556396484375 154.513824462890625 170.033660888671875 161.3806610107421875 155.4994354248046875 165.66656494140625 163.3696441650390625 197.3407440185546875 244.731292724609375 244.357666015625 257.007781982421875 262.651092529296875 210.207916259765625 123.2547149658203125 96.231689453125 95.67031097412109375 96.75368499755859375 114.8405914306640625 185.5675048828125 203.659393310546875 207.789154052734375 201.4692840576171875 173.86492919921875 103.7472686767578125 98.418243408203125
663.22119140625 401.91156005859375 304.22149658203125 152.0517578125 113.33377838134765625 102.84914398193359375 108.5096435546875 201.39666748046875 360.02716064453125 464.148681640625 471.690277099609375 435.816131591796875 359.117950439453125 284.6966552734375 243.3668365478515625 212.7772674560546875 107.592498779296875 100.7113800048828125 95.79651641845703125 104.0777587890625 125.0453643798828125 160.4066314697265625 157.2797088623046875 216.8988037109375 173.40478515625 173.43109130859375 204.254638671875 186.21295166015625 195.285736083984375 200.394775390625 214.819366455078125 137.1150665283203125 93.81211090087890625 95.01427459716796875 94.23694610595703125 91.1191558837890625 94.18994140625 119.2564239501953125 189.9484710693359375 201.4575958251953125 182.8041229248046875 104.51251220703125 98.7155609130859375 105.48227691650390625
471.6029052734375 374.4833984375 180.8152008056640625 115.997589111328125 105.46024322509765625 99.48073577880859375 102.18747711181640625 182.3256378173828125 348.07757568359375 382.891693115234375 414.47381591796875 354.0301513671875 228.6023712158203125 178.375152587890625 153.30364990234375 105.61480712890625 105.32111358642578125 116.41393280029296875 112.245025634765625 162.065887451171875 163.8059234619140625 156.7721710205078125 209.392578125 220.73077392578125 225.322601318359375 217.966339111328125 196.258575439453125 165.5537567138671875 132.6198577880859375 146.51873779296875 133.267822265625 94.872772216796875 92.8523406982421875 90.1974945068359375 95.2494354248046875 87.77436065673828125 86.44498443603515625 92.4657135009765625 116.065155029296875 171.699859619140625 103.082855224609375 95.09290313720703125 98.7070159912109375 121.45786285400390625
363.838623046875 185.98028564453125 123.68659210205078125 108.87335968017578125 100.303131103515625 92.99407958984375 133.165374755859375 259.903656005859375 307.1746826171875 350.378631591796875 335.342498779296875 235.9586944580078125 146.3480072021484375 114.76500701904296875 88.08319091796875 101.43262481689453125 107.584564208984375 117.41265106201171875 159.4325714111328125 216.1017303466796875 267.71453857421875 299.371337890625 279.574554443359375 211.6478271484375 246.5489501953125 260.339996337890625 191.1622772216796875 148.2717742919921875 110.618255615234375 107.3805084228515625 94.52031707763671875 88.5750579833984375 90.60132598876953125 92.92841339111328125 88.957733154296875 92.11837005615234375 82.426483154296875 83.14873504638671875 90.29442596435546875 92.8123016357421875 89.6859588623046875 89.92870330810546875 105.65358734130859375 135.2323760986328125
170.53558349609375 119.31585693359375 108.6855316162109375 102.90325927734375 96.5777587890625 116.13301849365234375 223.4640655517578125 276.1627197265625 314.21417236328125 306.208587646484375 242.2030792236328125 128.9918670654296875 106.95050048828125 83.5194854736328125 86.941925048828125 92.67758941650390625 107.570526123046875 148.811431884765625 211.7912750244140625 289.440948486328125 365.603424072265625 430.47467041015625 417.91357421875 327.3740234375 279.254058837890625 210.6904296875 167.68359375 130.2227020263671875 102.2581939697265625 92.61187744140625 86.512786865234375 86.42020416259765625 90.23754119873046875 90.28720855712890625 93.1351165771484375 90.73178863525390625 82.9508514404296875 80.94408416748046875 83.3202972412109375 86.37773895263671875 85.27166748046875 87.80785369873046875 113.8470611572265625 145.18804931640625
107.9813079833984375 104.4216461181640625 102.0812225341796875 104.59368896484375 124.05715179443359375 224.399444580078125 288.898284912109375 309.4580078125 294.643157958984375 266.300933837890625 139.5821380615234375 103.0901031494140625 81.9145660400390625 106.94826507568359375 111.17200469970703125 97.40826416015625 97.221588134765625 126.26065826416015625 242.939300537109375 384.839874267578125 450.732666015625 542.391845703125 463.691162109375 492.093170166015625 401.7666015625 223.7156524658203125 196.673919677734375 120.334869384765625 92.05031585693359375 91.2040863037109375 87.75409698486328125 89.43817138671875 87.99267578125 92.36359405517578125 92.61190032958984375 89.4977264404296875 86.626251220703125 81.706756591796875 80.9462127685546875 82.2447967529296875 85.5809326171875 94.08056640625 117.71843719482421875 134.940826416015625
88.174652099609375 106.562896728515625 124.6637420654296875 162.0311737060546875 249.6183929443359375 298.85662841796875 332.58154296875 315.9072265625 294.500457763671875 166.3598175048828125 106.21982574462890625 89.0737457275390625 114.017181396484375 148.916839599609375 144.95440673828125 125.73540496826171875 103.8920135498046875 139.81866455078125 192.081817626953125 355.562774658203125 525.906982421875 576.81781005859375 549.4808349609375 496.301239013671875 495.5908203125 372.905029296875 237.3123016357421875 166.7791748046875 115.40537261962890625 99.507965087890625 91.3629150390625 89.14774322509765625 90.7791595458984375 95.0711669921875 91.88845062255859375 86.379669189453125 86.5540924072265625 84.8889312744140625 82.1644134521484375 84.85296630859375 83.25453948974609375 103.9706268310546875 127.155792236328125 121.97193145751953125
132.1245880126953125 165.4212646484375 212.4743804931640625 277.78436279296875 318.368560791015625 337.55462646484375 320.606842041015625 315.658599853515625 209.422088623046875 116.45000457763671875 92.2365264892578125 115.6497955322265625 163.75445556640625 181.8524017333984375 214.2740325927734375 173.1096954345703125 202.8210601806640625 195.28668212890625 260.299774169921875 340.264556884765625 424.592803955078125 542.137939453125 648.4996337890625 559.49090576171875 500.440765380859375 416.0572509765625 281.51947021484375 208.48358154296875 225.076690673828125 173.8416595458984375 137.67913818359375 122.09003448486328125 110.11767578125 89.3854217529296875 88.4555511474609375 89.6356964111328125 84.73876953125 79.70230865478515625 84.17193603515625 81.482696533203125 87.97048187255859375 104.634979248046875 127.8311920166015625 118.95745086669921875
241.943389892578125 268.7586669921875 300.445159912109375 297.590423583984375 305.36260986328125 308.257354736328125 296.81646728515625 206.0490264892578125 118.644287109375 92.0848846435546875 107.3566436767578125 142.029998779296875 172.0179443359375 228.259857177734375 250.0720672607421875 287.7244873046875 259.47064208984375 325.25531005859375 326.914093017578125 340.990142822265625 396.5203857421875 486.70123291015625 568.71484375 536.73175048828125 410.86126708984375 394.302581787109375 278.001861572265625 241.8121185302734375 264.896759033203125 319.51513671875 248.451324462890625 223.8597412109375 182.285736083984375 127.93962860107421875 97.5537261962890625 92.71353912353515625 84.45903778076171875 83.49224853515625 81.447265625 84.0793914794921875 91.9030303955078125 116.207244873046875 117.39910125732421875 131.8844757080078125
314.099700927734375 306.620391845703125 291.89251708984375 288.344085693359375 254.7861785888671875 218.3149566650390625 156.344757080078125 104.86937713623046875 87.72765350341796875 96.1700286865234375 115.8057861328125 129.2524871826171875 191.252197265625 230.9987640380859375 284.9549560546875 299.35748291015625 355.461456298828125 328.446014404296875 355.27264404296875 358.800201416015625 432.34649658203125 415.347625732421875 369.46917724609375 407.990234375 401.6795654296875 233.5633087158203125 253.2965087890625 249.283782958984375 340.797698974609375 432.650054931640625 401.0528564453125 322.220245361328125 287.2755126953125 241.3436737060546875 179.76129150390625 120.2862548828125 96.5255279541015625 89.9967498779296875 89.04273223876953125 83.8473968505859375 105.96868896484375 120.7169342041015625 135.583099365234375 148.805511474609375
355.8040771484375 330.46087646484375 250.5963592529296875 184.84442138671875 154.9592742919921875 105.016693115234375 92.2438201904296875 81.9182586669921875 88.804901123046875 96.7302093505859375 103.2343597412109375 117.87479400634765625 121.9471893310546875 170.4141693115234375 186.676300048828125 242.6767578125 242.3022918701171875 288.97576904296875 234.518341064453125 233.6761016845703125 189.484283447265625 299.3905029296875 262.571990966796875 244.4072418212890625 192.141845703125 128.837188720703125 101.5458526611328125 216.582244873046875 377.627105712890625 472.223480224609375 472.04205322265625 380.8958740234375 298.08795166015625 292.0347900390625 259.71148681640625 209.16363525390625 172.7479095458984375 133.7506561279296875 99.01625823974609375 107.86899566650390625 113.22826385498046875 136.97607421875 165.2764129638671875 172.838592529296875
305.8096923828125 231.2414398193359375 158.7584991455078125 117.1826629638671875 89.24860382080078125 87.9495849609375 84.40422821044921875 90.4892730712890625 89.60710906982421875 93.18975830078125 98.473846435546875 101.71460723876953125 94.1115264892578125 88.64349365234375 126.27691650390625 131.9087982177734375 176.1701202392578125 157.0668182373046875 156.3374176025390625 110.33374786376953125 98.202911376953125 144.0925750732421875 198.7133941650390625 81.07775115966796875 129.3850555419921875 80.581268310546875 89.07521820068359375 203.2775421142578125 346.99285888671875 383.98583984375 404.7264404296875 386.611907958984375 330.908538818359375 274.676544189453125 245.34991455078125 256.2054443359375 250.350128173828125 217.1732025146484375 218.0546417236328125 174.8909149169921875 142.0499420166015625 151.1678314208984375 180.849700927734375 191.445892333984375
192.457611083984375 129.0427093505859375 112.94048309326171875 101.8980865478515625 88.70993804931640625 88.11232757568359375 85.94738006591796875 84.3504638671875 87.42092132568359375 89.593963623046875 89.7287750244140625 84.7651214599609375 81.87427520751953125 80.3578033447265625 83.4916534423828125 89.861572265625 104.82879638671875 96.66173553466796875 85.4096221923828125 85.83635711669921875 80.9913177490234375 85.3459625244140625 83.1876983642578125 86.13297271728515625 82.76361846923828125 79.16182708740234375 95.2581634521484375 144.708099365234375 267.256378173828125 359.114166259765625 301.04168701171875 229.3743743896484375 211.2296142578125 223.9046630859375 250.386566162109375 254.2679901123046875 234.75347900390625 283.346954345703125 349.16204833984375 385.433685302734375 235.8286895751953125 252.7005615234375 226.9724273681640625 234.24346923828125
112.23954010009765625 106.851348876953125 97.96014404296875 90.92502593994140625 89.2751617431640625 87.117279052734375 80.074127197265625 77.983856201171875 81.3682861328125 83.75037384033203125 82.81087493896484375 79.6568756103515625 79.43135833740234375 75.567657470703125 81.90616607666015625 83.70090484619140625 86.339080810546875 83.29564666748046875 81.7309417724609375 76.05359649658203125 79.66504669189453125 74.67302703857421875 77.41407012939453125 76.5546417236328125 77.961700439453125 75.44579315185546875 86.271453857421875 121.77419281005859375 187.2465362548828125 276.781890869140625 204.99456787109375 138.5535736083984375 117.2970733642578125 118.47751617431640625 140.6530303955078125 176.4369659423828125 258.460296630859375 329.683563232421875 414.023162841796875 433.60980224609375 479.7513427734375 437.657745361328125 411.89593505859375 395.673187255859375
87.6425018310546875 98.74643707275390625 85.884185791015625 86.1876983642578125 86.12459564208984375 78.73394012451171875 77.4199676513671875 80.23876953125 77.49927520751953125 74.8892974853515625 76.17925262451171875 77.79560089111328125 74.031982421875 75.90283966064453125 77.1961212158203125 81.76952362060546875 79.31104278564453125 80.3425140380859375 78.74021148681640625 76.97847747802734375 73.09712982177734375 74.70722198486328125 70.8624267578125 74.06267547607421875 69.45246124267578125 75.22357940673828125 86.15332794189453125 113.492950439453125 146.1574859619140625 156.0164947509765625 138.4035491943359375 116.45462799072265625 86.1672515869140625 81.95752716064453125 81.482025146484375 93.945526123046875 161.4756011962890625 330.658355712890625 401.147369384765625 484.4998779296875 544.31402587890625 628.3392333984375 691.5634765625 734.2105712890625
88.72277069091796875 87.773651123046875 84.512420654296875 82.12708282470703125 80.378692626953125 74.3546905517578125 76.391357421875 74.73828125 77.2870025634765625 75.051544189453125 75.7307891845703125 73.31378173828125 73.594696044921875 75.3791961669921875 76.0465545654296875 77.93454742431640625 77.799591064453125 75.192962646484375 79.428680419921875 78.9539337158203125 75.41156005859375 71.10216522216796875 72.606170654296875 65.78365325927734375 69.8909454345703125 71.34474945068359375 74.464111328125 89.5460662841796875 115.23787689208984375 116.04376220703125 100.4740142822265625 80.89306640625 78.71407318115234375 80.4637298583984375 80.4429931640625 76.51862335205078125 81.596588134765625 127.66602325439453125 292.299407958984375 391.21478271484375 536.56927490234375 705.2886962890625 867.60235595703125 895.2764892578125
89.92423248291015625 83.4278564453125 82.6690826416015625 75.99835205078125 74.945526123046875 74.45212554931640625 70.018890380859375 76.37090301513671875 77.18354034423828125 77.43181610107421875 70.9209136962890625 71.46208953857421875 72.55854034423828125 75.48177337646484375 74.192840576171875 75.4551239013671875 72.37699127197265625 74.68360137939453125 76.718109130859375 77.21877288818359375 76.8677520751953125 73.28429412841796875 67.47615814208984375 66.811126708984375 68.3280029296875 69.976104736328125 70.398529052734375 76.208038330078125 89.9007568359375 91.363616943359375 76.41339874267578125 76.988800048828125 77.18747711181640625 79.09271240234375 76.60105133056640625 78.15081024169921875 77.27716827392578125 81.94266510009765625 119.030517578125 247.70684814453125 380.68267822265625 637.072265625 793.1873779296875 751.270263671875
83.82752227783203125 83.31313323974609375 76.15427398681640625 77.30803680419921875 73.17940521240234375 69.7982177734375 71.4436492919921875 75.72223663330078125 79.2384185791015625 73.67620849609375 70.05289459228515625 71.8239593505859375 73.63341522216796875 72.02521514892578125 74.8574676513671875 70.55130767822265625 70.8193817138671875 73.1147003173828125 69.47223663330078125 73.59186553955078125 76.551422119140625 73.22216796875 64.94948577880859375 63.100994110107421875 67.0559844970703125 69.1290435791015625 71.8978118896484375 75.56345367431640625 74.817718505859375 74.63817596435546875 70.09320068359375 72.6394805908203125 74.101531982421875 74.49603271484375 75.389404296875 72.737274169921875 76.753997802734375 78.8608245849609375 83.661407470703125 134.890045166015625 239.5323028564453125 440.1614990234375 536.07550048828125 551.32879638671875
80.79523468017578125 77.3638458251953125 76.9899444580078125 77.4888916015625 72.30872344970703125 70.4017181396484375 69.5082855224609375 76.9443817138671875 72.71495819091796875 71.98958587646484375 77.84125518798828125 76.7299652099609375 71.708251953125 71.20803070068359375 69.06865692138671875 70.37332916259765625 68.36605072021484375 67.44110107421875 71.7963409423828125 73.5352630615234375 73.573028564453125 69.31793975830078125 66.24648284912109375 64.4056243896484375 64.97293853759765625 67.14984130859375 75.0099639892578125 72.01966094970703125 73.41617584228515625 71.1397857666015625 67.2584686279296875 67.24237823486328125 68.85271453857421875 71.33412933349609375 71.10149383544921875 74.0423583984375 71.22484588623046875 76.34500885009765625 84.0084228515625 97.8743133544921875 166.4737701416015625 264.302337646484375 327.07666015625 284.692108154296875
