ForecastVariables/LightPollution_Blue_500m_40percent/LightPollutionBlue_40_Focal_Random1.asc
ncols        529
nrows        344
xllcorner    2700.000000000000
yllcorner    15900.000000000000
cellsize     100.000000000000
NODATA_value  nan
[rows 200 to 219 of 344, columns 0 to 43 of 529]
nan nan nan nan nan nan nan nan nan nan nan nan nan nan nan nan nan nan nan nan nan nan nan nan nan nan nan nan nan 39.29904937744140625 158.4452667236328125 317.03167724609375 401.98876953125 500.94781494140625 456.06329345703125 312.211883544921875 205.543060302734375 168.9318695068359375 182.187896728515625 198.53826904296875 204.0882568359375 263.246612548828125 284.54541015625 306.226104736328125
nan nan nan nan nan nan nan nan nan nan nan nan nan nan nan nan nan nan nan nan nan nan nan nan nan nan nan nan nan 43.213733673095703125 178.7501068115234375 277.4716796875 367.25543212890625 438.162445068359375 402.5977783203125 295.41204833984375 210.51214599609375 179.593292236328125 168.433990478515625 187.21112060546875 240.8338623046875 278.99224853515625 254.932891845703125 255.4815673828125
nan nan nan nan nan nan nan nan nan nan nan nan nan nan nan nan nan nan nan nan nan nan nan nan nan nan nan nan 4.1770930290222167969 88.5214691162109375 171.1700439453125 249.7338714599609375 456.42919921875 376.92144775390625 386.1368408203125 323.944488525390625 279.9105224609375 205.0782623291015625 164.445159912109375 166.7159576416015625 243.470123291015625 264.579864501953125 294.696807861328125 252.7235260009765625
nan nan nan nan nan nan nan nan nan nan nan nan nan nan nan nan nan nan nan nan nan nan nan nan nan nan nan nan 40.624546051025390625 76.90962982177734375 146.3755950927734375 375.083770751953125 448.3497314453125 497.9869384765625 485.229339599609375 498.7808837890625 441.018829345703125 371.8397216796875 242.1303253173828125 201.7864532470703125 220.865966796875 317.959716796875 302.29315185546875 366.87420654296875
nan nan nan nan nan nan nan nan nan nan nan nan nan nan nan nan nan nan nan nan nan nan nan nan nan nan nan nan 7.782806396484375 68.92887115478515625 299.956756591796875 386.372528076171875 471.874267578125 620.72344970703125 793.25885009765625 674.2147216796875 672.6712646484375 640.13458251953125 590.50372314453125 289.620330810546875 295.785308837890625 372.91424560546875 509.91046142578125 426.898773193359375
nan nan nan nan nan nan nan nan nan nan nan nan nan nan nan nan nan nan nan nan nan nan nan nan nan nan nan nan 2.9338140487670898438 101.05037689208984375 262.84283447265625 421.74932861328125 510.525360107421875 751.85400390625 796.61016845703125 804.02752685546875 875.50018310546875 896.759033203125 729.31231689453125 520.87603759765625 373.024017333984375 576.1849365234375 596.568603515625 720.235595703125
nan nan nan nan nan nan nan nan nan nan nan nan nan nan nan nan nan nan nan nan nan nan nan nan nan nan nan nan 71.1995391845703125 215.070037841796875 266.626434326171875 431.619384765625 578.626220703125 563.0665283203125 675.0009765625 840.1763916015625 1026.6890869140625 936.158935546875 730.50262451171875 619.9278564453125 552.79229736328125 451.1204833984375 584.57843017578125 733.5552978515625
nan nan nan nan nan nan nan nan nan nan nan nan nan nan nan nan nan nan nan nan nan nan nan nan nan nan nan 12.298624992370605469 133.0636749267578125 249.3312225341796875 437.020477294921875 421.2984619140625 513.32958984375 539.575927734375 643.4085693359375 720.312744140625 835.7825927734375 907.20947265625 849.5447998046875 623.45147705078125 419.84844970703125 508.841552734375 603.5771484375 652.9268798828125
nan nan nan nan nan nan nan nan nan nan nan nan nan nan nan nan nan nan nan nan nan nan nan nan nan nan nan 61.258312225341796875 104.1571502685546875 419.464202880859375 499.16766357421875 466.501220703125 460.185089111328125 573.372802734375 588.97052001953125 618.783447265625 673.6630859375 848.20635986328125 801.4659423828125 556.45794677734375 397.813140869140625 486.396484375 517.713134765625 551.43243408203125
nan nan nan nan nan nan nan nan nan nan nan nan nan nan nan nan nan nan nan nan nan nan nan nan nan nan nan 13.414999961853027344 249.7032470703125 387.30523681640625 524.132568359375 460.3511962890625 509.621307373046875 403.66876220703125 457.827392578125 494.248809814453125 653.02642822265625 646.471435546875 607.7359619140625 432.462066650390625 474.526519775390625 410.1927490234375 476.76458740234375 554.60040283203125
nan nan nan nan nan nan nan nan nan nan nan nan nan nan nan nan nan nan nan nan nan nan nan nan nan nan nan 88.4996185302734375 204.44439697265625 440.285552978515625 467.4744873046875 559.14666748046875 366.23956298828125 357.27386474609375 392.51422119140625 363.46685791015625 434.8182373046875 564.208984375 425.362762451171875 400.523101806640625 335.341949462890625 401.40301513671875 484.86102294921875 547.91143798828125
nan nan nan nan nan nan nan nan nan nan nan nan nan nan nan nan nan nan nan nan nan nan nan nan nan nan nan 61.930858612060546875 224.87005615234375 340.85205078125 497.58935546875 405.10394287109375 392.716766357421875 443.027679443359375 330.508758544921875 328.92742919921875 444.287322998046875 415.102783203125 433.77447509765625 331.115203857421875 312.9154052734375 341.05242919921875 437.294097900390625 569.9493408203125
nan nan nan nan nan nan nan nan nan nan nan nan nan nan nan nan nan nan nan nan nan nan nan nan nan nan nan 31.27696990966796875 146.5396728515625 378.06195068359375 379.6632080078125 391.907958984375 515.4986572265625 411.832122802734375 379.804656982421875 488.844940185546875 511.65032958984375 403.731048583984375 344.006317138671875 299.598968505859375 286.96466064453125 384.9539794921875 390.59747314453125 366.986785888671875
nan nan nan nan nan nan nan nan nan nan nan nan nan nan nan nan nan nan nan nan nan nan nan nan nan nan 0.52929556369781494141 38.496669769287109375 169.7615814208984375 308.28753662109375 382.343536376953125 454.986541748046875 446.701934814453125 496.820159912109375 480.12139892578125 491.0416259765625 471.57281494140625 459.851898193359375 337.22540283203125 184.898651123046875 170.2950592041015625 291.45855712890625 286.50408935546875 307.08203125
nan nan nan nan nan nan nan nan nan nan nan nan nan nan nan nan nan nan nan nan nan nan nan nan nan nan 10.788718223571777344 80.5203094482421875 170.0474395751953125 288.92535400390625 378.321075439453125 420.217498779296875 445.3997802734375 458.599456787109375 460.65673828125 321.472991943359375 426.661712646484375 480.744476318359375 248.050537109375 155.5446624755859375 146.104461669921875 130.6466827392578125 193.03570556640625 176.33807373046875
nan nan nan nan nan nan nan nan nan nan nan nan nan nan nan nan nan nan nan nan nan nan nan nan nan nan 15.494376182556152344 74.497802734375 236.2492523193359375 339.006805419921875 369.35986328125 362.06671142578125 385.765869140625 428.741668701171875 271.5390625 365.959686279296875 389.6365966796875 312.10467529296875 247.2458038330078125 196.4043731689453125 137.5001220703125 103.7027587890625 105.0806427001953125 118.49971771240234375
nan nan nan nan nan nan nan nan nan nan nan nan nan nan nan nan nan nan nan nan nan nan nan nan nan nan 24.946989059448242188 122.768402099609375 254.786865234375 447.57891845703125 371.036407470703125 403.246368408203125 430.0050048828125 360.314453125 356.35821533203125 379.999725341796875 353.656524658203125 279.731475830078125 263.48175048828125 194.3662109375 113.37137603759765625 100.586273193359375 99.20764923095703125 103.093109130859375
nan nan nan nan nan nan nan nan nan nan nan nan nan nan nan nan nan nan nan nan nan nan nan nan nan nan 40.53957366943359375 130.95440673828125 359.9498291015625 467.76788330078125 522.658935546875 498.7965087890625 520.0576171875 511.68212890625 465.33001708984375 452.98529052734375 419.871978759765625 390.587738037109375 246.50384521484375 121.08756256103515625 107.57501983642578125 104.5418548583984375 105.36307525634765625 98.97583770751953125
nan nan nan nan nan nan nan nan nan nan nan nan nan nan nan nan nan nan nan nan nan nan nan nan nan nan 34.9078216552734375 223.3100433349609375 397.6671142578125 673.947265625 715.85400390625 756.2027587890625 649.75384521484375 693.17987060546875 621.384521484375 552.0859375 516.67181396484375 433.92901611328125 259.410308837890625 150.14105224609375 112.8832855224609375 104.154571533203125 98.30863189697265625 97.93167877197265625
nan nan nan nan nan nan nan nan nan nan nan nan nan nan nan nan nan nan nan nan nan nan nan nan nan 0.033665075898170471191 50.90906524658203125 171.688720703125 517.4912109375 795.58026123046875 1065.5882568359375 823.70196533203125 741.7718505859375 664.16424560546875 621.78302001953125 560.93634033203125 475.0260009765625 359.52166748046875 247.18670654296875 161.427825927734375 110.847503662109375 102.4769287109375 95.97454833984375 94.19858551025390625
