ForecastVariables/BuildingFootprint_Mean_100m/BuildingFootprintMean_Random2.asc
ncols        529
nrows        344
xllcorner    2700.000000000000
yllcorner    15900.000000000000
cellsize     100.000000000000
NODATA_value  0
[rows 161 to 183 of 344, columns 156 to 207 of 529]
4070.642578125 92.6961669921875 1491.4849853515625 613.49517822265625 1987.4420166015625 0 0 120.8306884765625 424.290985107421875 0 0 0 0 1035.5799560546875 5516.9697265625 2897.40087890625 102.18006134033203125 2090.54833984375 1906.4569091796875 4636.642578125 838.5401611328125 257.78436279296875 301.813201904296875 196.8985748291015625 1201.94580078125 1612.615478515625 545.63677978515625 172.05255126953125 354.774627685546875 184.0517425537109375 1256.385498046875 190.381591796875 307.527557373046875 502.6732177734375 650.893798828125 777.6571044921875 2758.9150390625 608.041748046875 1434.238037109375 304.26556396484375 262.70556640625 253.36041259765625 245.9924774169921875 694.68170166015625 188.689117431640625 565.870849609375 462.905029296875 1675.3399658203125 552.65716552734375 845.537841796875 13.332967758178710938 347.625701904296875
1240.300048828125 166.0606231689453125 82.83377838134765625 873.1431884765625 704.13360595703125 808.50238037109375 0 0 0 140.8884735107421875 418.986175537109375 780.74468994140625 1262.5697021484375 0 359.24658203125 124.94927978515625 2694.5166015625 859.59649658203125 161.440032958984375 244.45233154296875 735.9207763671875 518.89837646484375 231.3971099853515625 235.6343841552734375 869.36553955078125 292.390777587890625 364.465911865234375 479.261016845703125 896.81134033203125 265.91424560546875 30.6482086181640625 300.480316162109375 1215.326171875 957.8660888671875 173.5666656494140625 564.05389404296875 1161.130615234375 596.08367919921875 985.4940185546875 147.1805419921875 438.14483642578125 430.99688720703125 259.481201171875 310.0050048828125 269.54730224609375 265.9859619140625 1659.912109375 917.19085693359375 192.6859283447265625 983.270263671875 2319.166015625 1265.6829833984375
1486.885986328125 1386.7418212890625 628.9752197265625 834.9617919921875 1649.67236328125 5610.0625 0 362.482177734375 874.1116943359375 210.80303955078125 303.81854248046875 321.83197021484375 638.4027099609375 648.8548583984375 1734.17138671875 937.889892578125 813.6485595703125 462.753173828125 400.820281982421875 402.65673828125 973.035400390625 674.36895751953125 493.285888671875 949.17584228515625 766.149658203125 1282.68603515625 573.51666259765625 436.680419921875 1361.440185546875 1282.1282958984375 1138.9736328125 554.97039794921875 713.09539794921875 946.39129638671875 1624.73681640625 391.45281982421875 888.7921142578125 465.93609619140625 576.447509765625 215.7947998046875 142.7875213623046875 355.887237548828125 331.44256591796875 286.088714599609375 278.993133544921875 222.2435302734375 569.7645263671875 255.153076171875 856.8262939453125 867.7779541015625 180.1513519287109375 329.837249755859375
5031.951171875 4423.4345703125 3135.619873046875 477.181610107421875 697.93524169921875 1173.2283935546875 0 320.58294677734375 913.5418701171875 527.74053955078125 262.10296630859375 333.52838134765625 270.398956298828125 196.587554931640625 2399.453369140625 203.1365203857421875 104.3013153076171875 493.0216064453125 917.9832763671875 435.25897216796875 331.256072998046875 423.70709228515625 413.6033935546875 0 64.39672088623046875 546.6827392578125 874.34344482421875 1103.460205078125 1290.6611328125 710.3895263671875 25.11005401611328125 498.69757080078125 686.4786376953125 1111.472412109375 340.15802001953125 2471.65087890625 182.750457763671875 885.82080078125 684.49163818359375 967.290283203125 1097.18994140625 446.221405029296875 235.2490997314453125 206.4641876220703125 262.315887451171875 284.059967041015625 916.3768310546875 414.84393310546875 1355.50830078125 700.39544677734375 1445.9312744140625 299.23333740234375
797.01708984375 414.232818603515625 1134.880859375 2486.118408203125 398.098175048828125 497.451934814453125 242.198394775390625 692.4576416015625 2858.999267578125 404.356201171875 380.9293212890625 362.520263671875 466.096343994140625 194.122589111328125 1383.236083984375 356.907318115234375 1908.730224609375 598.67645263671875 529.86663818359375 488.6751708984375 866.56793212890625 364.222320556640625 419.048919677734375 856.8939208984375 0 460.539154052734375 550.6463623046875 165.135589599609375 468.702880859375 69.8693084716796875 354.354095458984375 2231.489013671875 265.8148193359375 679.17047119140625 121.84613037109375 627.598876953125 27.136249542236328125 451.007537841796875 624.45819091796875 397.3914794921875 128.969146728515625 33.840373992919921875 324.410247802734375 343.12725830078125 304.22552490234375 291.73284912109375 214.0170135498046875 840.35577392578125 679.1143798828125 652.6358642578125 344.625701904296875 244.2062835693359375
360.84259033203125 580.2752685546875 837.6119384765625 1026.5782470703125 428.528656005859375 514.62774658203125 293.32666015625 49.3504486083984375 1207.051513671875 1438.52734375 412.951873779296875 530.5401611328125 356.846527099609375 361.938629150390625 284.67657470703125 245.3219146728515625 732.626953125 730.2509765625 649.99053955078125 793.2191162109375 1289.157470703125 580.8489990234375 1142.179931640625 497.4071044921875 1285.240234375 261.54638671875 1063.7869873046875 822.64154052734375 1805.06396484375 180.04046630859375 204.457000732421875 1393.614990234375 138.52923583984375 1744.0263671875 640.79742431640625 400.81134033203125 1033.34130859375 662.92108154296875 372.23968505859375 200.267852783203125 928.42578125 563.17266845703125 0 390.79925537109375 360.690704345703125 2398.612548828125 1281.760009765625 163.5770416259765625 284.962921142578125 316.963104248046875 570.60284423828125 344.2816162109375
279.484130859375 627.1673583984375 155.478668212890625 705.48150634765625 45.54244232177734375 0 1037.7943115234375 1646.20361328125 387.694091796875 1337.1783447265625 180.92608642578125 268.9288330078125 503.671173095703125 341.71881103515625 276.141082763671875 250.5860137939453125 552.0992431640625 1583.060302734375 283.261505126953125 333.02093505859375 341.093841552734375 1290.4617919921875 172.3400726318359375 966.07440185546875 516.267822265625 989.4000244140625 311.371734619140625 206.8371429443359375 1550.009765625 610.9962158203125 460.361328125 352.07171630859375 513.87786865234375 583.1820068359375 381.27056884765625 259.440643310546875 655.75323486328125 1000.691162109375 531.00616455078125 1257.8629150390625 23.040233612060546875 1323.9459228515625 630.2337646484375 390.809173583984375 341.559814453125 1277.57177734375 636.06719970703125 374.528717041015625 443.98779296875 343.970855712890625 422.6229248046875 383.602264404296875
539.17620849609375 1056.5926513671875 384.193634033203125 761.5931396484375 13.828227996826171875 756.9490966796875 0 374.710540771484375 524.27838134765625 132.9661102294921875 634.51702880859375 114.745361328125 383.593780517578125 455.451019287109375 389.172576904296875 650.13519287109375 168.667236328125 724.59051513671875 97.64493560791015625 2314.484130859375 485.093658447265625 1104.89111328125 682.4459228515625 475.08734130859375 1030.0631103515625 990.14398193359375 723.10052490234375 148.3524322509765625 0 0 727.62628173828125 425.478302001953125 671.73797607421875 394.520477294921875 156.3892059326171875 378.770172119140625 1842.947021484375 627.83746337890625 353.114593505859375 281.852508544921875 749.38482666015625 577.36962890625 409.51165771484375 440.719879150390625 371.346405029296875 221.326263427734375 200.8647308349609375 460.035858154296875 370.878814697265625 515.27459716796875 373.6793212890625 464.68853759765625
0 6.6958131790161132812 670.2703857421875 601.14532470703125 2153.9541015625 544.03619384765625 835.0697021484375 500.59771728515625 437.92572021484375 189.2887115478515625 232.3506317138671875 476.627471923828125 324.739410400390625 261.992462158203125 2102.13720703125 1062.7774658203125 301.190399169921875 405.916259765625 333.73406982421875 507.30975341796875 633.48321533203125 1094.54736328125 536.934814453125 381.4075927734375 773.10784912109375 922.85198974609375 136.7947540283203125 739.83929443359375 0 677.68365478515625 692.36700439453125 451.695648193359375 1341.2901611328125 687.5467529296875 278.844329833984375 298.510986328125 493.085968017578125 297.84271240234375 386.85272216796875 219.1475372314453125 273.83697509765625 384.29156494140625 1528.7369384765625 232.3901519775390625 431.19097900390625 139.812103271484375 206.95513916015625 288.685211181640625 343.6865234375 342.40667724609375 247.9549560546875 357.170440673828125
0 0 853.17938232421875 0 1328.27294921875 643.5657958984375 135.1536712646484375 600.1878662109375 387.364349365234375 198.2939453125 221.7636566162109375 272.986083984375 664.31524658203125 183.11395263671875 686.560302734375 1010.29754638671875 78.329620361328125 119.99786376953125 1199.62353515625 3327.01123046875 421.197052001953125 1741.4144287109375 1014.14739990234375 400.489105224609375 437.588409423828125 626.665283203125 881.05108642578125 946.96405029296875 39.205242156982421875 573.08349609375 999.42755126953125 162.4507598876953125 191.797882080078125 266.718048095703125 391.9898681640625 720.87548828125 415.64642333984375 596.77630615234375 269.737518310546875 370.58740234375 1695.1458740234375 28.846759796142578125 1119.180908203125 601.9036865234375 286.68218994140625 208.96734619140625 176.349456787109375 359.547088623046875 374.410980224609375 523.4483642578125 237.9141387939453125 415.105438232421875
0 0 0 265.697784423828125 2112.03369140625 2125.27587890625 956.37689208984375 359.62982177734375 257.578857421875 954.48358154296875 202.78717041015625 621.6998291015625 540.9859619140625 110.61322784423828125 30.05554962158203125 1013.6015625 201.4141693115234375 251.75628662109375 152.266448974609375 212.146820068359375 620.0577392578125 67.664093017578125 964.421630859375 1782.547607421875 1202.4432373046875 356.2342529296875 390.54083251953125 632.18231201171875 2251.14404296875 1272.4730224609375 1387.10791015625 837.0057373046875 429.534912109375 251.8153076171875 116.81246185302734375 574.24444580078125 444.642242431640625 368.09918212890625 459.600067138671875 299.948486328125 549.8895263671875 1007.08831787109375 454.3936767578125 335.004852294921875 245.711334228515625 195.787811279296875 225.9910888671875 154.93927001953125 612.46746826171875 197.802703857421875 415.282928466796875 238.9316253662109375
0 0 2.5442621707916259766 1262.724365234375 530.0753173828125 867.02557373046875 178.73406982421875 1498.7030029296875 280.620758056640625 133.3260040283203125 339.8370361328125 282.230255126953125 604.95721435546875 835.2969970703125 416.5537109375 374.43511962890625 735.93499755859375 3888.731689453125 1291.14404296875 505.761688232421875 1843.0103759765625 1253.4884033203125 674.01434326171875 707.25714111328125 458.474853515625 237.3667755126953125 490.636444091796875 1149.95751953125 1252.3707275390625 397.06915283203125 436.467041015625 599.19189453125 114.19579315185546875 1162.088134765625 412.726531982421875 327.7454833984375 138.7028656005859375 362.66363525390625 233.8396759033203125 239.1743011474609375 275.674041748046875 261.7083740234375 345.569915771484375 78.5295562744140625 424.501800537109375 372.037322998046875 263.83489990234375 353.35626220703125 420.780914306640625 320.14923095703125 301.46136474609375 382.614227294921875
0 0 716.86724853515625 1040.800048828125 640.86602783203125 1148.0010986328125 910.4580078125 1608.056640625 647.8670654296875 363.17083740234375 355.6185302734375 600.44622802734375 600.5538330078125 755.451171875 496.643768310546875 145.543304443359375 229.52783203125 677.7030029296875 785.76446533203125 1190.7825927734375 734.54345703125 565.96875 838.17144775390625 289.72589111328125 425.54730224609375 299.189453125 824.468505859375 1275.2396240234375 894.7955322265625 65.7752685546875 1212.8839111328125 161.2295684814453125 194.169219970703125 417.533111572265625 425.463134765625 981.7283935546875 531.3026123046875 333.979248046875 288.834197998046875 406.72235107421875 287.19610595703125 203.4593963623046875 262.085906982421875 1000.79052734375 1058.703857421875 487.26336669921875 2785.15087890625 347.145843505859375 814.2564697265625 575.48590087890625 273.97283935546875 404.67645263671875
0 0 2209.8154296875 437.4599609375 2053.437744140625 562.269287109375 836.6864013671875 785.02178955078125 783.6402587890625 710.08197021484375 198.2640228271484375 376.33612060546875 411.197967529296875 602.578857421875 414.911834716796875 285.883270263671875 0 867.855224609375 1118.475830078125 612.7662353515625 799.77142333984375 867.67425537109375 61.5047454833984375 793.0482177734375 477.776947021484375 555.16082763671875 451.877532958984375 1950.7012939453125 431.3187255859375 291.05218505859375 329.474639892578125 659.6796875 295.431488037109375 525.407470703125 696.19482421875 2151.9267578125 504.59088134765625 298.393768310546875 585.74102783203125 350.124298095703125 266.962493896484375 473.273162841796875 251.0768585205078125 912.604736328125 334.527099609375 1512.5391845703125 138.3614501953125 1708.143310546875 1044.3775634765625 256.028778076171875 378.187225341796875 273.62420654296875
122.6439666748046875 507.62725830078125 153.2226409912109375 679.78375244140625 1512.1324462890625 810.09478759765625 503.217529296875 630.9666748046875 1037.0506591796875 560.56951904296875 202.130126953125 325.47491455078125 520.8939208984375 2438.0244140625 603.207763671875 311.9464111328125 1167.544921875 0 768.21942138671875 324.6287841796875 448.452423095703125 946.69879150390625 430.1212158203125 65.31890869140625 119.97271728515625 864.62518310546875 1504.183349609375 650.50244140625 352.283477783203125 1058.9727783203125 633.7618408203125 1747.0823974609375 523.2982177734375 95.2961273193359375 611.1849365234375 549.94085693359375 914.726806640625 596.32861328125 497.67987060546875 521.49609375 251.0836639404296875 318.017852783203125 480.38287353515625 510.318023681640625 276.0057373046875 2954.994873046875 1046.156005859375 798.00848388671875 103.93311309814453125 265.84136962890625 136.7928009033203125 958.8973388671875
9.4777278900146484375 892.1768798828125 400.1705322265625 595.2862548828125 683.37213134765625 744.19659423828125 651.5814208984375 1091.5965576171875 452.99615478515625 1057.4832763671875 361.771820068359375 1216.2333984375 1220.71630859375 487.1016845703125 1215.49072265625 533.567138671875 535.94891357421875 550.455322265625 0 872.24761962890625 475.675628662109375 510.400634765625 1109.8511962890625 1449.39794921875 915.876953125 241.9386444091796875 777.402099609375 1367.0709228515625 226.4384613037109375 69.63591766357421875 684.12725830078125 2332.909423828125 2671.17236328125 1052.0076904296875 1466.3397216796875 389.011566162109375 575.14117431640625 2470.266845703125 274.552947998046875 213.129425048828125 1488.9703369140625 656.1075439453125 660.604736328125 560.86578369140625 276.382843017578125 480.881500244140625 442.243621826171875 797.644287109375 1418.3441162109375 132.862579345703125 462.161834716796875 401.277130126953125
0 0 546.61871337890625 6803.61181640625 1864.1097412109375 2395.27978515625 1597.6898193359375 919.00360107421875 755.55059814453125 1019.38409423828125 824.13104248046875 690.68646240234375 7.8260684013366699219 1301.2752685546875 385.504425048828125 235.3013916015625 642.95538330078125 354.730926513671875 281.28521728515625 0 435.810546875 947.7701416015625 650.2799072265625 246.4660491943359375 1209.7510986328125 390.940765380859375 494.309417724609375 1283.573486328125 1136.7020263671875 2481.410400390625 2638.41455078125 978.9173583984375 465.6707763671875 2299.8203125 4960.21240234375 2308.242919921875 1992.4912109375 587.21929931640625 1493.7156982421875 612.3453369140625 227.382080078125 788.65966796875 477.76947021484375 215.9973602294921875 537.36566162109375 666.92279052734375 939.13543701171875 1562.17333984375 137.0026092529296875 1319.3389892578125 548.85833740234375 1409.8106689453125
0 0 0 0 0 114.46825408935546875 1199.3812255859375 768.7615966796875 1249.62158203125 394.360076904296875 648.44757080078125 580.05706787109375 526.2960205078125 4072.58154296875 24.471822738647460938 1257.8353271484375 337.853118896484375 632.417724609375 1488.615234375 4064.786376953125 713.74920654296875 173.976898193359375 583.75439453125 502.451171875 478.3746337890625 8169.341796875 7348.10498046875 205.107208251953125 359.91693115234375 131.87335205078125 1575.74755859375 1914.37548828125 860.08038330078125 645.68389892578125 3053.417236328125 651.9222412109375 1425.09423828125 1921.87646484375 635.97216796875 368.00677490234375 662.4595947265625 486.46099853515625 407.892578125 682.25823974609375 40.5656280517578125 694.343017578125 989.66790771484375 670.04815673828125 286.60955810546875 221.72723388671875 1193.2598876953125 670.34161376953125
0 0 0 0 0 0 0 628.1737060546875 3387.093505859375 436.128570556640625 1170.341796875 838.24951171875 734.29541015625 1006.05926513671875 799.51025390625 561.9881591796875 562.70806884765625 563.71942138671875 297.030975341796875 363.86065673828125 206.73712158203125 180.588165283203125 783.54486083984375 428.271514892578125 1036.811767578125 2041.637451171875 467.46746826171875 50.48725128173828125 0 217.8735809326171875 59.559917449951171875 116.143310546875 351.355743408203125 730.90313720703125 2121.645751953125 3734.59033203125 2071.156982421875 1731.2032470703125 1905.6077880859375 2110.598388671875 654.56353759765625 3914.37353515625 717.939208984375 994.86700439453125 817.0423583984375 481.883544921875 270.09161376953125 555.89520263671875 740.45587158203125 530.07427978515625 340.624847412109375 639.18182373046875
0 0 0 0 251.668060302734375 14.899615287780761719 0 0 772.45513916015625 1061.9791259765625 271.336578369140625 1473.8499755859375 692.28936767578125 623.8125 935.23626708984375 549.2843017578125 386.1812744140625 326.90557861328125 554.53277587890625 272.17724609375 278.791107177734375 254.7209320068359375 738.93133544921875 210.3073272705078125 217.9759063720703125 2394.6240234375 2791.557373046875 690.947509765625 1002.80389404296875 847.2841796875 531.50897216796875 95.0076141357421875 142.3572845458984375 283.190399169921875 956.20654296875 1814.63330078125 1402.14111328125 2882.63330078125 2101.817626953125 6457.07763671875 347.871063232421875 423.504791259765625 194.7604827880859375 1480.638671875 1201.9371337890625 160.3959197998046875 1526.9329833984375 756.82733154296875 1230.537109375 805.8663330078125 0 682.5303955078125
0 0 0 0 763.81689453125 10.15962982177734375 0 0 0 1185.9412841796875 518.84051513671875 346.73291015625 3632.84423828125 2279.183837890625 438.45281982421875 458.01446533203125 1218.9857177734375 591.932861328125 345.008392333984375 148.66754150390625 215.6182403564453125 1328.0528564453125 1044.2735595703125 463.702392578125 895.519287109375 1125.5032958984375 895.00360107421875 671.17938232421875 3274.1396484375 780.8074951171875 339.733917236328125 145.1842498779296875 143.878692626953125 195.36492919921875 63.714229583740234375 0.13277749717235565186 0 439.908538818359375 1592.5921630859375 2224.050048828125 1319.649169921875 812.871826171875 768.39495849609375 1333.826416015625 2223.95068359375 1191.462646484375 2945.7216796875 2517.8984375 958.6143798828125 1932.367431640625 786.57916259765625 236.4372100830078125
0 0 0 0 0 14.647462844848632812 123.35985565185546875 0 0 495.855804443359375 46.083831787109375 444.085601806640625 1670.020751953125 361.594329833984375 1703.009521484375 589.10052490234375 645.82232666015625 863.54248046875 429.71954345703125 622.819091796875 505.382843017578125 426.866973876953125 203.298095703125 302.71453857421875 24.972070693969726562 663.2435302734375 923.57379150390625 0 3611.735595703125 2065.83642578125 563.56317138671875 1.1260651350021362305 157.220977783203125 159.980560302734375 5.5055737495422363281 0 3098.73681640625 650.9422607421875 356.01611328125 29.424915313720703125 604.42926025390625 362.497833251953125 843.71026611328125 549.00152587890625 959.17529296875 1636.4525146484375 430.371734619140625 789.70263671875 1572.958251953125 169.61907958984375 5273.421875 1477.2442626953125
0 0 0 0 0 436.530792236328125 407.329345703125 0 0 0 1227.4698486328125 587.19329833984375 494.9453125 5705.9052734375 2997.259521484375 339.93646240234375 1060.943603515625 965.83758544921875 385.65496826171875 1030.2545166015625 248.9810333251953125 308.76153564453125 329.477386474609375 323.564544677734375 468.4288330078125 1019.06500244140625 0 0 1199.2391357421875 1091.5889892578125 1045.489013671875 196.5869598388671875 163.6373291015625 218.5892791748046875 74.4403533935546875 0 1071.7152099609375 48.832225799560546875 0 834.381103515625 324.417083740234375 353.41168212890625 334.43560791015625 925.62347412109375 1606.2939453125 1929.49462890625 2857.719482421875 1212.3826904296875 149.9882659912109375 4886.84228515625 2773.65771484375 1790.8721923828125
