ForecastVariables/BuildingFootprint_Mean_100m/BuildingFootprintMean_Random3.asc
ncols        529
nrows        344
xllcorner    2700.000000000000
yllcorner    15900.000000000000
cellsize     100.000000000000
NODATA_value  0
[rows 92 to 114 of 344, columns 306 to 356 of 529]
97.91291046142578125 1091.97705078125 1056.75927734375 838.18572998046875 0 1303.5491943359375 7093.51904296875 3735.6689453125 784.0751953125 747.60198974609375 796.69677734375 536.86627197265625 927.04229736328125 480.356719970703125 455.716766357421875 699.16253662109375 1302.601318359375 344.564483642578125 387.975128173828125 466.7674560546875 453.35260009765625 401.648468017578125 433.424713134765625 334.0101318359375 1376.679443359375 2583.51171875 828.05859375 768.8978271484375 640.71466064453125 1021.715576171875 647.47003173828125 800.2640380859375 112.9538116455078125 587.0242919921875 1439.203369140625 356.00634765625 1074.0029296875 512.09759521484375 0 1236.9490966796875 182.8436126708984375 702.22528076171875 670.39971923828125 481.256744384765625 1160.5894775390625 475.641204833984375 4971.8291015625 259.875518798828125 1231.621337890625 1263.407470703125 1505.08642578125
479.445770263671875 515.61077880859375 417.33642578125 943.55474853515625 1945.55322265625 473.86822509765625 2.6677000522613525391 1472.8875732421875 1279.48486328125 842.4178466796875 840.87646484375 781.42645263671875 285.677947998046875 798.35162353515625 258.71954345703125 330.935546875 1019.41754150390625 413.804595947265625 791.3790283203125 5244.74169921875 276.34979248046875 878.02252197265625 419.400482177734375 561.65948486328125 504.77294921875 428.777374267578125 445.12225341796875 642.42108154296875 830.1085205078125 819.83880615234375 508.20428466796875 181.0377197265625 210.65216064453125 943.27606201171875 1381.461181640625 203.569580078125 785.3927001953125 0 90.5172882080078125 569.6207275390625 228.1596221923828125 277.875 2854.5615234375 1142.5240478515625 3995.767578125 598.31158447265625 297.19891357421875 997.250244140625 623.99542236328125 1360.9698486328125 580.8470458984375
742.09881591796875 359.180206298828125 419.76409912109375 460.353851318359375 194.2172393798828125 608.6416015625 2082.932861328125 1702.8795166015625 0 265.6083984375 1639.6025390625 649.405517578125 375.898956298828125 747.453857421875 816.735595703125 382.023345947265625 13.416782379150390625 1085.9110107421875 565.9263916015625 574.52655029296875 291.806182861328125 598.8218994140625 377.6343994140625 1994.40966796875 430.414031982421875 572.66790771484375 401.108062744140625 560.808349609375 140.3798675537109375 1406.53466796875 587.93145751953125 2086.1259765625 0 146.128875732421875 104.85003662109375 499.446136474609375 416.979095458984375 0 88.5749359130859375 507.75360107421875 409.98199462890625 1487.385009765625 408.086517333984375 965.08984375 3419.7177734375 444.710693359375 3718.63134765625 832.18988037109375 341.650146484375 143.28485107421875 1689.9058837890625
1116.674072265625 2582.759521484375 639.6751708984375 392.480438232421875 939.527587890625 1143.222900390625 2107.96923828125 1477.840576171875 1553.927001953125 2257.47021484375 1111.4906005859375 681.51129150390625 2598.34521484375 857.6146240234375 608.1439208984375 736.2337646484375 685.96966552734375 325.225799560546875 498.03692626953125 436.34600830078125 288.28656005859375 531.56524658203125 660.46337890625 783.62591552734375 613.5926513671875 249.8333587646484375 0 0 0 2922.91064453125 562.883544921875 4131.14306640625 645.4666748046875 21.998714447021484375 0 0 1733.3497314453125 1111.3436279296875 1908.8800048828125 693.1893310546875 430.883819580078125 153.0890655517578125 147.3734130859375 5346.24560546875 1104.0406494140625 3297.40576171875 2918.073486328125 1432.167724609375 2010.5443115234375 378.51080322265625 425.411041259765625
7838.7861328125 9824.935546875 1116.1650390625 4080.760009765625 1033.7469482421875 0 1337.32275390625 1984.0052490234375 1429.1142578125 633.5447998046875 117.5386199951171875 701.08935546875 809.62530517578125 190.5644378662109375 465.32177734375 476.035125732421875 688.939453125 786.4139404296875 598.10296630859375 575.28680419921875 308.4813232421875 417.67889404296875 772.6646728515625 397.36639404296875 677.981201171875 414.368988037109375 0 13.987590789794921875 2264.709228515625 224.18719482421875 2669.8466796875 322.84637451171875 524.2738037109375 424.628265380859375 3541.3154296875 131.014129638671875 1126.027587890625 401.7891845703125 0 0 0 0 1358.452880859375 830.16107177734375 1539.42333984375 2096.6708984375 220.129547119140625 2001.128662109375 2697.466796875 38.8900146484375 2121.27099609375
849.5458984375 1108.7762451171875 3006.3984375 5127.41162109375 5738.22607421875 4035.191650390625 1282.4888916015625 93.7631683349609375 679.273681640625 664.3707275390625 592.0443115234375 338.039581298828125 977.2052001953125 1028.166015625 777.31317138671875 508.65386962890625 5450.99169921875 284.26019287109375 529.932373046875 41.736110687255859375 1006.49652099609375 447.731536865234375 581.88031005859375 592.2879638671875 823.56884765625 0 0 273.80712890625 620.41021728515625 398.968475341796875 462.75653076171875 4016.802734375 2332.017822265625 1141.024169921875 361.010101318359375 705.23095703125 2522.09814453125 1519.6240234375 0 0 0 745.18011474609375 1210.47314453125 645.6103515625 1155.94873046875 2072.031494140625 165.056243896484375 151.4960479736328125 1053.978515625 24.730298995971679688 1325.2781982421875
1155.823974609375 1011.429443359375 2526.066162109375 6890.34716796875 6182.26220703125 4590.3603515625 1653.1396484375 0 49.0867156982421875 18.547586441040039062 1228.8935546875 276.46917724609375 520.81182861328125 803.2391357421875 613.26995849609375 315.68280029296875 296.351165771484375 463.153533935546875 472.504180908203125 2960.26611328125 784.897216796875 690.9794921875 651.06121826171875 774.1876220703125 468.75341796875 0 0 39.761325836181640625 1084.2608642578125 470.62725830078125 633.179443359375 5576.89453125 995.8948974609375 2050.015869140625 926.80426025390625 279.77899169921875 1781.9736328125 726.3184814453125 0 0 0 252.0126495361328125 2233.84765625 3183.05322265625 504.371368408203125 674.75823974609375 1182.425048828125 909.9774169921875 302.480224609375 31.916799545288085938 1199.581787109375
465.963775634765625 1692.220458984375 56.838653564453125 60.55077362060546875 839.3765869140625 1349.6195068359375 1024.6715087890625 335.04638671875 864.0899658203125 424.222564697265625 627.28765869140625 290.05615234375 535.48529052734375 94.55084228515625 502.305023193359375 111.70740509033203125 458.36505126953125 374.767913818359375 1506.5360107421875 1525.659423828125 494.75244140625 127.93769073486328125 701.75933837890625 345.165283203125 447.93524169921875 0 0 1801.581298828125 4004.01806640625 2411.609375 135.2208251953125 809.56390380859375 219.2056427001953125 340.023193359375 2908.681396484375 3974.625 1740.8343505859375 510.107391357421875 0 0 0 0 1.4086470603942871094 973.4423828125 1546.7109375 3721.953125 6773.68701171875 897.5931396484375 1375.4444580078125 2879.7783203125 43.436389923095703125
909.4443359375 205.656707763671875 1620.7081298828125 1292.4298095703125 1305.4359130859375 819.68157958984375 10.8292236328125 888.46917724609375 387.208465576171875 392.253570556640625 425.59619140625 241.7928924560546875 468.836151123046875 424.48333740234375 289.546356201171875 722.842529296875 857.45831298828125 579.79998779296875 852.79095458984375 807.94427490234375 326.87310791015625 819.48284912109375 545.2747802734375 546.79742431640625 227.75494384765625 0 0 343.43487548828125 1145.3477783203125 1041.32421875 1845.40478515625 2208.8046875 4541.833984375 890.2021484375 2115.7236328125 84.3730010986328125 2037.6751708984375 1954.8834228515625 0 0 0 0 0 220.28900146484375 2357.2578125 1885.0860595703125 4660.52001953125 3302.42138671875 1350.7432861328125 980.043212890625 2250.8466796875
177.461181640625 4.2811713218688964844 112.23503875732421875 13.843416213989257812 290.5260009765625 473.44720458984375 353.068389892578125 1403.16357421875 629.9385986328125 614.26080322265625 706.714599609375 1168.1019287109375 940.39129638671875 549.05047607421875 661.0758056640625 390.177642822265625 252.903594970703125 389.131378173828125 125.541259765625 3.4205765724182128906 0 6.5802931785583496094 719.80377197265625 641.09234619140625 618.93463134765625 522.89898681640625 35.373378753662109375 227.047515869140625 470.49078369140625 1235.4166259765625 1579.095458984375 3500.3984375 3391.09521484375 23.26470947265625 1061.0361328125 3016.75 3604.7236328125 0 0 0 0 0 0 620.92236328125 2986.25439453125 1564.0263671875 939.720947265625 604.108642578125 2763.81298828125 675.2393798828125 1064.7706298828125
1058.031982421875 431.136444091796875 822.13525390625 728.430908203125 751.113037109375 815.21502685546875 447.216217041015625 768.51336669921875 427.547515869140625 301.312164306640625 810.47625732421875 466.102203369140625 444.87933349609375 668.83984375 567.087646484375 1248.4669189453125 487.750396728515625 592.88519287109375 0 0 0 14.64650726318359375 672.39483642578125 662.3441162109375 484.065185546875 442.881500244140625 172.6910400390625 1703.767822265625 71.868499755859375 4704.54443359375 723.2459716796875 1061.294189453125 342.245635986328125 3328.917236328125 1763.7244873046875 564.79302978515625 584.1234130859375 1.3701767921447753906 204.340911865234375 0 0 0 0 1472.124267578125 2248.9482421875 3388.3212890625 426.21405029296875 898.50897216796875 296.912353515625 2861.176513671875 1578.48583984375
678.1312255859375 4152.1767578125 980.40545654296875 598.38458251953125 293.856201171875 1660.7911376953125 1244.8826904296875 459.29168701171875 582.32330322265625 910.85308837890625 665.19854736328125 724.77825927734375 380.65606689453125 831.86175537109375 708.1566162109375 1129.5489501953125 414.684173583984375 613.598876953125 0 0 0 23.483356475830078125 562.87548828125 351.530029296875 314.787994384765625 1196.319580078125 250.7744598388671875 825.77569580078125 279.046722412109375 375.975341796875 189.5642242431640625 28.2969207763671875 871.0521240234375 1624.8056640625 1353.731689453125 0 0 0 0 0 0 0 118.9156036376953125 249.00408935546875 320.31689453125 1542.6378173828125 270.6239013671875 5575.498046875 21.6910247802734375 431.17840576171875 85.5823822021484375
408.635955810546875 883.20721435546875 317.265869140625 812.08294677734375 307.1942138671875 737.4873046875 763.91864013671875 1386.1580810546875 947.02490234375 382.78662109375 1498.697021484375 284.43328857421875 402.626312255859375 372.212371826171875 304.201263427734375 353.1844482421875 505.539276123046875 1.80548858642578125 0 0 0 1225.1810302734375 490.4412841796875 1008.6287841796875 336.583648681640625 333.116912841796875 0 1386.375244140625 1822.07763671875 861.82098388671875 358.644866943359375 2422.284912109375 1804.958984375 367.048095703125 0 0 0 0 0 0 0 0 436.78216552734375 275.101806640625 136.7032470703125 21.587680816650390625 2205.069091796875 382.2535400390625 2598.935546875 5740.5947265625 110.6920013427734375
539.19940185546875 593.069091796875 987.23114013671875 672.86639404296875 786.80474853515625 809.76513671875 400.5574951171875 903.64349365234375 897.92706298828125 324.912994384765625 841.51995849609375 545.15673828125 1118.827880859375 480.64080810546875 534.6513671875 1231.42431640625 545.6895751953125 485.285186767578125 0 0 0 783.36407470703125 310.47412109375 1046.8404541015625 365.48443603515625 387.4288330078125 0.087778411805629730225 1102.1273193359375 1837.41162109375 192.343719482421875 95.35770416259765625 1099.1746826171875 0 0 0 0 0 0 0 0 0 40.9334869384765625 246.25201416015625 497.47662353515625 1450.846435546875 5835.3291015625 3420.070556640625 3766.60302734375 4466.84228515625 3312.2841796875 244.979248046875
424.389129638671875 626.4666748046875 821.04229736328125 694.82525634765625 59.22797393798828125 1028.1190185546875 617.77764892578125 613.97589111328125 193.9033203125 588.49407958984375 929.11175537109375 570.58203125 271.915130615234375 518.3038330078125 1088.1868896484375 128.00787353515625 443.367279052734375 918.42864990234375 160.0208587646484375 27.47336578369140625 235.0514678955078125 446.9796142578125 84.41487884521484375 4093.85400390625 231.55096435546875 495.994781494140625 55.16783905029296875 703.843994140625 1407.947021484375 3705.31591796875 893.50518798828125 689.47998046875 529.49334716796875 2205.04443359375 0 0 0 0 0 0 0 0 163.5835418701171875 32.602428436279296875 382.90972900390625 1456.82958984375 41.153293609619140625 1613.975830078125 95.17383575439453125 415.536346435546875 1452.690673828125
333.888641357421875 472.62518310546875 527.29632568359375 1064.213623046875 427.73663330078125 1525.6910400390625 1131.573486328125 470.244903564453125 794.96759033203125 4472.08203125 685.96466064453125 549.9154052734375 894.78759765625 1135.3067626953125 1194.0401611328125 527.33154296875 394.0888671875 323.559661865234375 397.494873046875 251.3848114013671875 87.28310394287109375 148.3248291015625 222.0565032958984375 263.2083740234375 514.0244140625 251.8737030029296875 2483.49072265625 2735.30126953125 373.21917724609375 4975.05078125 2415.951171875 299.94378662109375 2190.973388671875 2711.662109375 0 52.051433563232421875 0 0 0 0 0 0 0 207.58477783203125 72.08271026611328125 811.2706298828125 1358.0345458984375 268.82855224609375 1171.458740234375 511.060791015625 557.97991943359375
355.203460693359375 985.2642822265625 797.777099609375 586.4195556640625 702.55670166015625 1394.1727294921875 492.645172119140625 496.143402099609375 646.3309326171875 878.663330078125 472.55328369140625 632.634521484375 1428.4222412109375 447.84356689453125 895.2852783203125 648.41448974609375 924.53515625 534.33502197265625 782.179931640625 179.7820587158203125 594.3831787109375 235.15191650390625 352.921905517578125 462.844390869140625 234.3182373046875 2006.81494140625 846.18994140625 2515.187255859375 655.6273193359375 1058.36279296875 1252.821044921875 15.627852439880371094 733.30780029296875 6320.2998046875 157.9052276611328125 0 0 0 0 0 0 0 0 462.89385986328125 232.6290130615234375 998.10418701171875 649.0936279296875 190.5096588134765625 2217.308837890625 112.3321685791015625 739.46893310546875
742.86029052734375 635.57537841796875 1958.53662109375 383.9891357421875 610.14227294921875 105.63452911376953125 777.27935791015625 1122.94677734375 784.1815185546875 475.466064453125 1500.6268310546875 427.09002685546875 1932.473876953125 452.331817626953125 1707.3768310546875 628.560791015625 1914.6434326171875 700.936767578125 378.655517578125 563.11376953125 698.09075927734375 0 554.21795654296875 132.703521728515625 1270.65869140625 1326.166748046875 48.8628692626953125 654.65301513671875 2077.644287109375 2067.447998046875 2034.075927734375 6294.16455078125 2897.07958984375 7810.3779296875 0 0 0 0 0 0 0 0 0 0 138.156646728515625 538.313232421875 35.006988525390625 711.8050537109375 713.5029296875 2636.060791015625 2605.500244140625
304.25860595703125 382.597808837890625 4061.97412109375 731.2591552734375 352.44989013671875 524.52630615234375 572.40789794921875 609.4007568359375 619.42877197265625 531.33929443359375 375.83477783203125 831.44622802734375 264.9473876953125 247.876617431640625 186.91644287109375 507.522918701171875 1768.9456787109375 443.29998779296875 374.530975341796875 608.056640625 0 0 0 649.05340576171875 55.546966552734375 1196.2310791015625 1161.82763671875 2646.58056640625 1516.489501953125 4691.0029296875 401.90374755859375 2814.038818359375 2735.885009765625 2801.36962890625 0 0 0 0 0 0 0 0 0 0 0 7456.345703125 1158.794189453125 2218.48486328125 509.348297119140625 928.20556640625 673.55157470703125
599.50689697265625 528.4302978515625 898.9384765625 379.861236572265625 446.400787353515625 755.51898193359375 735.21624755859375 1175.2054443359375 819.32647705078125 766.01019287109375 313.443328857421875 102.7350921630859375 279.244293212890625 1304.1693115234375 116.60057830810546875 2214.047119140625 507.688720703125 643.68658447265625 390.296295166015625 590.4273681640625 27.0595550537109375 0 0 91.04247283935546875 880.38116455078125 484.89874267578125 102.19939422607421875 743.90594482421875 1132.8917236328125 2831.0986328125 3613.22119140625 449.697113037109375 3098.583740234375 4.1535506248474121094 0 0 0 0 0 0 0 0 0 0 0 0 1954.4825439453125 1557.521484375 2436.223876953125 2184.446533203125 1541.9334716796875
409.280120849609375 974.3575439453125 457.39190673828125 472.1380615234375 680.084228515625 69.5105743408203125 1067.63916015625 612.78326416015625 433.052490234375 514.7664794921875 384.087982177734375 1590.1927490234375 403.542327880859375 146.055389404296875 491.975067138671875 342.699554443359375 560.63653564453125 386.074371337890625 500.729156494140625 875.03814697265625 503.417724609375 0 0 1781.3043212890625 3535.553955078125 206.021697998046875 113.50760650634765625 344.6099853515625 2493.420166015625 902.6138916015625 2563.635498046875 902.73260498046875 110.2063446044921875 0 0 0 0 0 0 0 0 0 0 0 0 0 0 2223.809326171875 1334.5335693359375 4843.08544921875 3760.4208984375
145.611480712890625 310.057098388671875 194.3574981689453125 309.915283203125 488.54351806640625 0 0 487.330169677734375 547.97100830078125 743.95086669921875 882.112548828125 625.24981689453125 79.579071044921875 741.3670654296875 635.31195068359375 977.91351318359375 470.985595703125 1113.2591552734375 1052.1234130859375 509.127838134765625 429.371978759765625 0 2747.54248046875 1804.115234375 2949.4140625 746.08709716796875 340.6854248046875 3109.02294921875 1049.9656982421875 568.65301513671875 7489.67333984375 635.3621826171875 202.630645751953125 0 0 0 0 0 0 0 0 0 0 0 0 0 0 0 1800.625 116.04648590087890625 748.65045166015625
264.40252685546875 267.4129638671875 151.1417236328125 199.8846435546875 90.0414581298828125 28.138757705688476562 0 275.734771728515625 574.82781982421875 927.74871826171875 526.62762451171875 884.013427734375 1209.344970703125 565.66387939453125 818.134033203125 669.7161865234375 1241.6190185546875 288.098114013671875 880.77764892578125 806.740966796875 177.52996826171875 0 1474.6376953125 1855.873291015625 411.5833740234375 4757.564453125 264.808990478515625 1011.02978515625 129.5263519287109375 1906.3851318359375 481.955413818359375 1997.67041015625 605.3680419921875 0 0 0 0 0 0 0 0 0 0 0 0 0 0 0 0 0 976.9705810546875
