ForecastVariables/BuildingFootprint_Mean_100m/BuildingFootprintMean_Random4.asc
ncols        529
nrows        344
xllcorner    2700.000000000000
yllcorner    15900.000000000000
cellsize     100.000000000000
NODATA_value  0
[rows 69 to 91 of 344, columns 260 to 311 of 529]
0 0 0 0 0 0 0 0 0 0 0 0 0 44.244503021240234375 0 0 0 0 0 0 0 880.76226806640625 1745.367919921875 2355.861083984375 0 0 0 0 300.8031005859375 274.267608642578125 160.2615814208984375 160.1336822509765625 151.2853851318359375 0 344.241180419921875 365.85333251953125 143.6900482177734375 0 0 0 0 0 0 0 0 0 0 0 0 0 0 0
0 0 0 0 0 0 0 0 0 0 0 0 0 0 0 0 0 0 0 0 350.9178466796875 208.7538299560546875 3709.052734375 2854.040283203125 0 0 0 0 856.67724609375 545.91253662109375 160.335906982421875 108.528472900390625 27.148189544677734375 464.1124267578125 166.0248565673828125 595.6298828125 217.4207000732421875 0 0 0 0 0 0 0 0 0 0 0 0 0 0 0
0 0 0 0 0 0 0 0 0 0 0 0 0 0 0 0 0 0 0 186.7817535400390625 1196.659912109375 579.093017578125 309.852935791015625 0 0 0 0 0 3904.99658203125 4513.14794921875 497.717041015625 3594.2998046875 236.8398590087890625 204.8926544189453125 241.2566070556640625 189.8084869384765625 3.0503740310668945312 0 0 0 0 0 0 0 0 0 0 0 0 0 0 0
0 0 0 0 0 0 0 0 0 0 0 0 0 0 0 0 0 2187.126708984375 3943.939453125 2448.97998046875 287.779510498046875 748.26171875 4254.77978515625 1003.008544921875 0 0 204.623260498046875 1211.966796875 3411.218017578125 964.7978515625 629.36712646484375 1464.1571044921875 284.232391357421875 167.39031982421875 348.81195068359375 226.292327880859375 0 0 0 0 0 0 0 0 0 0 0 0 0 0 0 0
0 0 0 0 0 0 0 0 0 0 0 0 0 0 0 0 0 4589.85400390625 3157.014404296875 122.874359130859375 6742.58056640625 1723.3197021484375 1287.985595703125 188.1841278076171875 572.80126953125 1815.257568359375 897.72833251953125 212.0364990234375 3527.67333984375 21.256666183471679688 254.689208984375 264.60968017578125 769.0531005859375 283.320892333984375 244.8774871826171875 64.35643768310546875 0 0 0 0 0 0 0 0 0 0 74.390350341796875 0 0 168.267974853515625 0 0
0 0 0 0 0 0 0 0 0 0 0 0 0 0 0 0 0 1416.4866943359375 2983.60400390625 840.2701416015625 3515.53076171875 839.5408935546875 315.19281005859375 171.752288818359375 1023.5369873046875 5826.83203125 594.2041015625 3568.763671875 698.40582275390625 0 971.6507568359375 23.142971038818359375 1032.896240234375 324.685791015625 194.131805419921875 231.2098388671875 0 0 0 0 0 0 0 0 0 0 0 0 0 0 0 0
0 0 0 0 0 0 0 0 0 0 0 0 0 0 0 46.137653350830078125 258.977996826171875 2345.1982421875 294.863922119140625 455.994110107421875 2337.190185546875 308.137603759765625 387.343719482421875 207.732421875 1268.2154541015625 8154.1923828125 8714.0234375 922.810302734375 4581.5810546875 7578.2734375 1654.949462890625 242.6782989501953125 728.26959228515625 443.3297119140625 221.4767303466796875 336.12994384765625 0 0 0 0 0 0 0 0 0 0 0 0 0 0 0 0
0 0 0 0 0 0 0 0 0 0 0 0 0 0 0 130.5908355712890625 2119.554931640625 735.095458984375 378.498687744140625 2072.666015625 3846.115478515625 2406.272216796875 898.5694580078125 5104.56982421875 1089.8206787109375 105.80625152587890625 294.849578857421875 0 789.3072509765625 1514.9248046875 1888.830078125 1027.5806884765625 1398.64794921875 255.67840576171875 281.20758056640625 261.52764892578125 0 0 0 0 0 0 0 0 0 0 0 0 0 0 0 0
0 0 0 0 0 0 0 0 0 0 0 0 0 0 0 174.190399169921875 1125.8310546875 1344.1407470703125 709.21453857421875 2080.817626953125 12.822781562805175781 1982.565185546875 847.98468017578125 0 0 0 0 0 0 0 0 0 0 0 0 0 0 0 543.312255859375 146.2532196044921875 1387.002197265625 615.84814453125 68.203857421875 385.16357421875 1500.4063720703125 499.584075927734375 112.15824127197265625 2028.9796142578125 0 0 0 0
0 0 0 0 0 0 0 0 0 0 0 0 0 0 0 0 1044.629150390625 1670.5936279296875 0 0 3121.28564453125 49.74736785888671875 304.114990234375 4908.1767578125 2622.937255859375 233.793853759765625 5997.80712890625 608.66455078125 270.406036376953125 154.391082763671875 3735.13134765625 2704.23876953125 2510.37353515625 1249.6346435546875 938.4664306640625 781.60205078125 230.40087890625 1442.844482421875 633.154052734375 313.8760986328125 306.9088134765625 927.1864013671875 519.647216796875 208.7314453125 585.1446533203125 330.73004150390625 981.8463134765625 265.218597412109375 0 0 0 0
0 0 0 0 0 0 0 0 0 0 0 0 0 0 0 0 578.45831298828125 815.69793701171875 0 0 1796.2066650390625 187.3945465087890625 69.57625579833984375 187.36370849609375 1098.5938720703125 236.3427734375 452.0140380859375 821.48406982421875 118.678070068359375 208.8083038330078125 81.90196990966796875 1547.688720703125 414.94415283203125 1204.3184814453125 1258.173583984375 375.3272705078125 255.7404327392578125 1304.0228271484375 215.1719512939453125 173.7106170654296875 1229.9761962890625 424.065399169921875 181.115142822265625 700.1234130859375 390.74615478515625 348.025482177734375 551.21624755859375 235.87310791015625 0 0 0 0
0 0 0 0 0 0 0 0 0 0 0 0 0 0 0 0 0 0 0 0 1179.62744140625 735.8548583984375 920.27880859375 2973.78759765625 3422.158447265625 3493.055419921875 285.775390625 635.51519775390625 227.9371490478515625 1434.5115966796875 2413.493408203125 1779.8255615234375 808.2392578125 2316.031494140625 68.262359619140625 1339.24169921875 538.45172119140625 334.82342529296875 408.302764892578125 95.8722991943359375 720.18304443359375 1049.5999755859375 2016.35791015625 222.091461181640625 226.105743408203125 315.190399169921875 353.368377685546875 16.778537750244140625 0 1174.3902587890625 0 0
0 0 0 0 0 0 0 0 0 0 0 0 0 0 0 0 0 0 0 0 5452.87646484375 2492.077880859375 248.6462249755859375 582.5411376953125 1051.5902099609375 1909.67236328125 9.6620464324951171875 3210.42529296875 554.61065673828125 215.13751220703125 129.7808685302734375 2647.7294921875 1880.951904296875 194.202972412109375 342.6148681640625 769.8199462890625 786.30914306640625 258.56884765625 105.2660675048828125 672.9840087890625 1090.4822998046875 1203.6435546875 1164.3095703125 448.845062255859375 689.21612548828125 1263.1507568359375 788.3616943359375 440.975494384765625 0 0 0 350.81939697265625
0 0 0 0 0 0 0 0 0 0 0 0 0 0 0 0 0 0 0 0 1481.087890625 90.0228729248046875 3124.21142578125 1442.8515625 1582.756103515625 1336.17236328125 190.216827392578125 144.85894775390625 820.55328369140625 2596.966796875 2813.5263671875 104.5485382080078125 361.43597412109375 400.21832275390625 1088.2806396484375 256.873809814453125 402.899169921875 338.401214599609375 181.66436767578125 599.36798095703125 1146.2840576171875 1292.5511474609375 515.5052490234375 268.414581298828125 786.542724609375 443.68359375 1015.9576416015625 469.121185302734375 0 0 0 321.5634765625
0 0 0 0 0 0 0 0 0 0 0 0 0 0 0 0 0 0 0 0 2803.92578125 441.66510009765625 1066.09521484375 886.05255126953125 170.879791259765625 238.861053466796875 3368.1318359375 3387.7265625 1740.5316162109375 1998.0958251953125 4815.0322265625 6888.57666015625 379.188507080078125 1208.48046875 854.53125 461.26141357421875 1897.672607421875 343.99774169921875 258.900604248046875 599.02618408203125 421.38922119140625 24.295892715454101562 467.474029541015625 295.385223388671875 680.50494384765625 298.473388671875 476.68499755859375 0.01516165025532245636 0 0 0 40.760532379150390625
8.83611297607421875 0 0 0 0 0 0 0 0 0 0 0 0 0 0 0 0 0 0 0 152.2392425537109375 2461.46826171875 854.281494140625 1285.681640625 2105.632568359375 1853.6573486328125 10873.646484375 8079.79052734375 959.90777587890625 3920.982421875 359.398162841796875 1495.58544921875 1437.0384521484375 819.305419921875 4.947284698486328125 3362.04052734375 2578.92578125 682.22003173828125 332.004119873046875 239.752349853515625 217.2821197509765625 526.9827880859375 472.671875 788.79156494140625 384.226226806640625 322.735809326171875 817.7667236328125 0 0 0 75.203216552734375 301.63482666015625
1208.766845703125 0 0 0 0 0 0 0 0 0 0 0 0 0 0 0 0 0 0 0 2177.892578125 317.51226806640625 1537.76611328125 470.080078125 35.8672027587890625 262.69049072265625 355.519287109375 188.620635986328125 2293.95654296875 558.3819580078125 134.40386962890625 2953.48486328125 412.571258544921875 226.9111328125 506.330078125 109.5544586181640625 585.068115234375 295.19464111328125 586.38922119140625 599.25701904296875 349.00982666015625 499.503082275390625 382.204925537109375 280.861572265625 0 340.899932861328125 141.7799835205078125 0 688.59686279296875 15.70375823974609375 410.45806884765625 453.548187255859375
346.879852294921875 0 0 63.8115081787109375 0 0 0 0 0 0 0 0 0 0 0 0 0 0 0 0 968.27294921875 428.10986328125 2426.637939453125 2294.919189453125 2598.803955078125 68.4820098876953125 32.28241729736328125 1489.353271484375 5535.8115234375 118.8178863525390625 2588.2294921875 623.758056640625 3430.11962890625 591.74951171875 73.303131103515625 1314.239501953125 2303.9921875 1101.332763671875 490.822540283203125 1641.4730224609375 263.13543701171875 290.538177490234375 611.0704345703125 695.1927490234375 253.678466796875 286.218597412109375 17.171842575073242188 372.372406005859375 870.9195556640625 355.33697509765625 455.5523681640625 673.190673828125
0 0 0 69.25335693359375 0 0 0 0 0 78.27960968017578125 635.6580810546875 106.3437957763671875 374.16766357421875 143.6629180908203125 229.062713623046875 173.3314361572265625 0 0 0 0 0 2834.336181640625 345.3563232421875 768.77801513671875 2527.3056640625 4262.51025390625 629.9903564453125 5627.63671875 1082.1173095703125 356.01190185546875 2466.97509765625 2641.982666015625 199.21014404296875 725.80657958984375 2267.172607421875 445.03216552734375 1067.341552734375 347.65618896484375 639.2330322265625 821.3509521484375 747.055908203125 3501.94775390625 225.6669921875 817.60162353515625 466.14404296875 380.09344482421875 46.284725189208984375 42.6455230712890625 753.6934814453125 241.5508270263671875 211.9989776611328125 1003.78057861328125
0 0 0 0 0 0 0 927.36480712890625 890.40557861328125 3623.90966796875 1507.05078125 475.314910888671875 966.3310546875 179.3413848876953125 63.6577911376953125 156.8018798828125 810.22314453125 236.762664794921875 375.79779052734375 813.66827392578125 0 389.0389404296875 1283.139892578125 1378.1312255859375 866.0704345703125 449.568023681640625 2611.114501953125 112.029144287109375 15.324183464050292969 1249.5860595703125 1428.0894775390625 436.50787353515625 21.853654861450195312 287.2025146484375 336.35498046875 905.30316162109375 2113.9169921875 659.4005126953125 348.30108642578125 666.6270751953125 4034.164794921875 1984.7425537109375 378.18804931640625 3497.512939453125 519.728271484375 416.634429931640625 285.21441650390625 0 0 871.78271484375 462.9349365234375 634.9468994140625
379.414520263671875 0 0 0 0 0 666.841064453125 2996.34521484375 1099.2620849609375 1413.54052734375 1613.4195556640625 1723.22412109375 1582.05419921875 815.01904296875 729.8223876953125 877.59613037109375 893.54278564453125 208.190093994140625 237.4086761474609375 1777.4654541015625 29.264841079711914062 139.0449981689453125 353.255645751953125 978.3585205078125 517.080810546875 2079.142578125 491.9505615234375 1109.2225341796875 749.75408935546875 341.87274169921875 2549.07568359375 185.9660491943359375 988.94696044921875 660.42138671875 7974.6884765625 1163.251220703125 0 98.38904571533203125 4156.50927734375 812.94171142578125 651.5196533203125 700.01324462890625 491.941253662109375 1341.1807861328125 663.20831298828125 906.0687255859375 0 0 0 0 1251.9727783203125 351.519012451171875
455.066650390625 321.21087646484375 0 0 12.024135589599609375 7045.95458984375 3847.694091796875 1233.849365234375 2333.64453125 474.47393798828125 4318.0126953125 57.379039764404296875 7.5731525421142578125 918.84283447265625 1480.453369140625 707.48223876953125 1349.6356201171875 260.49859619140625 219.00018310546875 347.644561767578125 516.21405029296875 476.513092041015625 311.92486572265625 280.5157470703125 243.8456878662109375 224.0904083251953125 200.1650543212890625 2109.27734375 1279.751953125 650.5211181640625 2922.8466796875 759.3076171875 802.0611572265625 473.35284423828125 541.06256103515625 902.15020751953125 207.376739501953125 363.2010498046875 933.26556396484375 931.12127685546875 253.3772735595703125 575.7633056640625 566.76318359375 1034.4320068359375 506.358551025390625 458.999725341796875 0 0 0 0 0 379.1676025390625
455.055938720703125 261.39801025390625 885.288330078125 3480.61767578125 76.38751983642578125 875.82135009765625 311.65863037109375 3033.2119140625 483.624298095703125 379.03125 1076.595947265625 888.94464111328125 291.95013427734375 473.900634765625 433.44171142578125 343.518096923828125 343.92816162109375 455.792877197265625 384.002410888671875 272.565826416015625 204.229461669921875 546.13226318359375 286.785125732421875 267.773040771484375 228.391876220703125 202.7755584716796875 110.80268096923828125 211.6326141357421875 239.566864013671875 195.445556640625 213.3078765869140625 1716.525634765625 812.4169921875 727.4625244140625 2.6184406280517578125 240.9598541259765625 280.097259521484375 416.599029541015625 487.6259765625 1179.755859375 455.1173095703125 140.987548828125 132.4051666259765625 757.19488525390625 510.0567626953125 323.489410400390625 0 667.498046875 1375.019775390625 0 0 3970.2939453125
