ForecastVariables/BuildingFootprint_Mean_100m/BuildingFootprintMean_Random3.asc
ncols        529
nrows        344
xllcorner    2700.000000000000
yllcorner    15900.000000000000
cellsize     100.000000000000
NODATA_value  0
[rows 92 to 114 of 344, columns 255 to 305 of 529]
355.276275634765625 287.110321044921875 253.841766357421875 456.672119140625 556.80694580078125 354.765716552734375 193.3578338623046875 2331.84521484375 618.27813720703125 551.49053955078125 923.858642578125 612.7149658203125 2838.559814453125 2368.42919921875 570.515869140625 842.31884765625 875.2115478515625 1321.045654296875 379.551849365234375 717.62396240234375 310.927398681640625 255.318572998046875 415.614044189453125 621.14239501953125 526.66632080078125 447.147918701171875 315.300445556640625 437.760345458984375 306.9620361328125 249.352630615234375 260.8543701171875 187.05230712890625 663.50115966796875 249.32159423828125 270.786834716796875 231.452728271484375 146.8244476318359375 414.432037353515625 723.05255126953125 295.512420654296875 471.848175048828125 242.8724365234375 2819.1103515625 116.56105804443359375 170.6056060791015625 155.668792724609375 134.56866455078125 256.295196533203125 667.8841552734375 496.84954833984375 111.5304107666015625
290.70947265625 281.261444091796875 492.672607421875 267.70001220703125 482.665283203125 146.68096923828125 224.990081787109375 249.96832275390625 1703.5906982421875 835.79400634765625 8399.083984375 371.975799560546875 0 1443.504150390625 446.2491455078125 1584.7060546875 75.23529052734375 0 0 0 0 0 145.157470703125 612.46734619140625 594.42425537109375 381.65423583984375 366.4722900390625 596.212158203125 261.625335693359375 169.090087890625 229.330718994140625 214.2400360107421875 270.41204833984375 223.9391326904296875 234.1529388427734375 300.4744873046875 351.714447021484375 223.940765380859375 703.54986572265625 358.634979248046875 207.2285003662109375 183.175567626953125 215.3321075439453125 115.33101654052734375 88.78675079345703125 145.306793212890625 229.5318145751953125 180.151092529296875 252.8480224609375 163.174957275390625 50.879749298095703125
572.6373291015625 279.280731201171875 498.100189208984375 374.742645263671875 118.0565032958984375 182.2841949462890625 159.0403289794921875 242.0630340576171875 1131.998046875 638.3106689453125 975.733642578125 863.11236572265625 102.47975921630859375 1068.0916748046875 574.0220947265625 668.07257080078125 0 0 0 0 0 0 0 14.078745841979980469 470.94696044921875 318.035308837890625 314.249237060546875 326.542633056640625 327.45697021484375 221.4340057373046875 210.661773681640625 238.4660186767578125 338.529296875 316.831085205078125 135.4173736572265625 203.2885284423828125 265.52679443359375 263.940338134765625 520.63238525390625 269.75018310546875 280.395050048828125 188.2542572021484375 144.31695556640625 243.717803955078125 130.46905517578125 156.7881622314453125 228.4529571533203125 179.4936065673828125 173.9649505615234375 119.51767730712890625 906.09307861328125
2024.9061279296875 189.08843994140625 2274.695556640625 478.651031494140625 228.817779541015625 367.278350830078125 897.27197265625 374.762969970703125 1290.272216796875 1384.8309326171875 1432.1685791015625 809.1650390625 516.30303955078125 1627.93896484375 706.549560546875 2396.561279296875 0 0 0 0 0 0 0 0 0 0 545.9320068359375 407.83367919921875 593.23602294921875 216.4260406494140625 293.365325927734375 185.7549285888671875 174.6317596435546875 226.75384521484375 170.8081817626953125 231.41192626953125 274.849395751953125 241.01385498046875 224.39715576171875 263.361114501953125 239.3877716064453125 174.0531158447265625 490.747894287109375 215.9707183837890625 139.2970123291015625 201.696533203125 171.7271728515625 233.90753173828125 78.5352630615234375 178.24859619140625 403.268524169921875
731.996826171875 732.7960205078125 158.330413818359375 573.55804443359375 542.03363037109375 2679.531005859375 1559.3212890625 135.3249664306640625 354.821258544921875 322.45428466796875 278.05523681640625 321.804046630859375 1062.1170654296875 733.32196044921875 878.205078125 1652.0067138671875 2230.973876953125 0 0 0 0 0 0 0 0 0 382.47705078125 433.567718505859375 415.986083984375 211.0503387451171875 251.4072113037109375 209.75048828125 235.798980712890625 249.4731292724609375 231.4378814697265625 253.46002197265625 207.8506011962890625 279.401275634765625 268.935821533203125 198.478973388671875 244.5877532958984375 186.2039337158203125 377.182830810546875 77.1874542236328125 125.03549957275390625 154.4136505126953125 162.9505615234375 88.00518798828125 2276.563720703125 585.1011962890625 1050.0877685546875
862.560791015625 540.892822265625 655.19189453125 356.326751708984375 376.75677490234375 319.89154052734375 926.30047607421875 84.0689697265625 253.5143890380859375 956.746826171875 1905.979248046875 463.82159423828125 128.0814056396484375 0 0 678.971435546875 428.684661865234375 0 0 650.4368896484375 528.31683349609375 519.44158935546875 0 0 0 0 29.264835357666015625 587.1317138671875 324.92138671875 224.32281494140625 383.6385498046875 771.11297607421875 431.730987548828125 214.844635009765625 225.5364532470703125 209.8447418212890625 106.80176544189453125 2473.02880859375 178.4722137451171875 1782.5340576171875 222.8192596435546875 121.7152862548828125 122.73928070068359375 123.2340240478515625 154.153594970703125 142.7707366943359375 160.990325927734375 9.1273488998413085938 2346.7421875 561.92340087890625 580.88958740234375
1138.18994140625 357.80145263671875 838.13677978515625 684.8333740234375 670.79254150390625 546.748291015625 464.6861572265625 497.51361083984375 584.33624267578125 982.992919921875 873.2039794921875 124.15297698974609375 598.35748291015625 1606.9381103515625 532.53070068359375 1877.3817138671875 360.567230224609375 384.18426513671875 437.069976806640625 146.24102783203125 370.80889892578125 1658.5528564453125 163.981475830078125 0 0 0 1940.4461669921875 315.56756591796875 235.091522216796875 335.73406982421875 293.01434326171875 407.52484130859375 142.457061767578125 534.2740478515625 317.113800048828125 266.628875732421875 204.7114410400390625 210.6165313720703125 1868.3580322265625 294.653045654296875 818.45025634765625 217.244110107421875 1447.0224609375 12.941400527954101562 284.171417236328125 541.6390380859375 435.082977294921875 718.7518310546875 592.15185546875 1733.52685546875 519.362548828125
437.16534423828125 521.05938720703125 478.8162841796875 531.829833984375 296.21636962890625 1084.176513671875 691.37054443359375 1001.2528076171875 713.707275390625 850.1556396484375 93.5803985595703125 493.173431396484375 1414.6748046875 532.99542236328125 1501.71044921875 2115.171875 2133.050048828125 845.86474609375 496.67108154296875 476.322357177734375 2505.840576171875 1320.6357421875 135.6832275390625 0 0 0 557.52423095703125 1267.7625732421875 26.493761062622070312 2592.59326171875 2478.99609375 809.2972412109375 1693.67578125 2.2507905960083007812 141.1298370361328125 246.71905517578125 393.20361328125 471.999755859375 188.701995849609375 437.120391845703125 476.97625732421875 407.523681640625 444.213134765625 552.0570068359375 235.0085296630859375 580.886962890625 359.95770263671875 1204.8226318359375 1920.471435546875 645.1668701171875 984.50579833984375
985.65478515625 312.1339111328125 230.0648193359375 440.402923583984375 1282.9464111328125 525.8067626953125 617.31756591796875 506.93988037109375 430.82904052734375 1062.3011474609375 0 1380.6365966796875 772.03460693359375 476.40533447265625 4217.8505859375 2603.4423828125 1243.281494140625 471.497802734375 1712.7203369140625 348.99365234375 198.631195068359375 311.041046142578125 541.5947265625 0 0 0 1233.222900390625 344.1561279296875 604.12164306640625 570.4730224609375 408.032470703125 305.08306884765625 0 427.105377197265625 363.106719970703125 483.716156005859375 511.651580810546875 101.14654541015625 169.8407135009765625 620.49908447265625 1018.17694091796875 728.94781494140625 1087.94189453125 1655.915283203125 206.9429931640625 483.53955078125 268.8436279296875 1134.6207275390625 400.335723876953125 817.551025390625 977.44366455078125
232.792205810546875 613.0010986328125 393.087371826171875 778.49542236328125 872.13055419921875 336.60003662109375 1070.8267822265625 290.529083251953125 349.6185302734375 1303.885986328125 230.12237548828125 539.019775390625 327.93359375 693.7098388671875 1350.1085205078125 1787.8590087890625 1818.862548828125 1150.9554443359375 368.6439208984375 1701.75927734375 661.06622314453125 193.53887939453125 614.22601318359375 5860.43115234375 4771.7890625 0 544.95556640625 66.251495361328125 1468.330322265625 201.52508544921875 759.33251953125 1374.1158447265625 1881.4908447265625 508.449432373046875 569.5985107421875 608.8687744140625 879.74212646484375 505.478668212890625 455.117431640625 151.8369903564453125 147.36376953125 6.662639617919921875 0 0 0 0 153.25494384765625 444.774505615234375 580.180419921875 1123.510498046875 630.48785400390625
577.61309814453125 236.1147613525390625 740.205078125 607.88836669921875 785.233154296875 1271.89208984375 331.912322998046875 2290.473876953125 159.0027008056640625 650.549072265625 209.99249267578125 878.146728515625 239.585052490234375 0 1414.27783203125 912.54571533203125 2004.622314453125 1426.078369140625 788.88189697265625 601.5220947265625 1545.027587890625 433.10546875 4918.56494140625 8543.49609375 4465.5322265625 0 140.12139892578125 246.8092041015625 190.89471435546875 620.8131103515625 1134.037841796875 0 0 148.8357696533203125 1368.37353515625 297.9080810546875 2157.681396484375 2631.14599609375 3318.5126953125 4011.19970703125 1983.42138671875 2896.634765625 2978.25 0 1634.597412109375 5185.201171875 226.5312347412109375 861.0076904296875 748.709228515625 986.7003173828125 964.8216552734375
497.121978759765625 317.271728515625 55.944988250732421875 666.6563720703125 1008.87823486328125 836.09906005859375 660.0223388671875 2258.0888671875 1420.3824462890625 863.16693115234375 423.080352783203125 577.4822998046875 110.3740386962890625 0 988.7386474609375 1696.4781494140625 1261.0689697265625 643.33984375 1673.2960205078125 911.01025390625 1055.429443359375 647.0472412109375 1209.45263671875 9110.02734375 1536.9429931640625 0 775.73333740234375 1688.8018798828125 0 0 74.23724365234375 247.2587127685546875 2443.562255859375 994.7899169921875 810.67279052734375 1042.16015625 954.52740478515625 1897.2906494140625 1487.42529296875 2949.443115234375 1548.364990234375 9091.3037109375 8323.0791015625 205.6765289306640625 3003.943115234375 7476.951171875 13.577795028686523438 970.40692138671875 596.22686767578125 767.70941162109375 1258.4569091796875
700.94525146484375 500.87451171875 547.54779052734375 1753.5662841796875 823.46160888671875 1219.3883056640625 681.73712158203125 681.0751953125 943.38385009765625 1536.4071044921875 0 0 411.223388671875 500.1019287109375 0 1066.492919921875 625.8419189453125 1002.1148681640625 1832.38134765625 801.9615478515625 466.254241943359375 517.079345703125 514.7620849609375 7815.19189453125 3965.270263671875 0 0 470.761474609375 1427.61376953125 121.50022125244140625 0 0 1595.9453125 1851.3260498046875 1134.972900390625 679.160888671875 3373.570068359375 4517.8525390625 1115.5244140625 1080.2781982421875 692.706298828125 1014.123046875 748.43408203125 971.19384765625 1865.6732177734375 1847.357421875 0 555.48248291015625 525.28125 808.9879150390625 488.583160400390625
817.9332275390625 473.70013427734375 679.3424072265625 1022.64111328125 276.296112060546875 1003.69879150390625 103.965728759765625 0 354.93560791015625 0 0 0 251.53387451171875 491.31463623046875 410.281005859375 1465.7320556640625 979.560791015625 426.987091064453125 715.48236083984375 117.24524688720703125 2327.958984375 1582.3963623046875 569.889404296875 382.81683349609375 3423.015380859375 1104.9456787109375 0 796.64208984375 950.89581298828125 341.88665771484375 163.509033203125 0 654.66790771484375 1351.9720458984375 179.2464141845703125 2485.721435546875 920.1640625 864.07135009765625 1302.9453125 1404.88134765625 1214.0018310546875 1135.884765625 2485.1015625 1749.561279296875 2779.116943359375 2686.18310546875 209.95855712890625 980.25848388671875 522.46453857421875 1120.83203125 716.25927734375
359.6558837890625 831.88360595703125 699.841796875 424.218231201171875 899.54693603515625 598.35699462890625 0 0 0 0 0 1555.0167236328125 136.225372314453125 0 115.83249664306640625 1082.4385986328125 955.04205322265625 342.5242919921875 2472.00341796875 867.58270263671875 638.8629150390625 393.796295166015625 848.03570556640625 567.00927734375 3080.280517578125 1919.4013671875 43.494426727294921875 838.95220947265625 715.80242919921875 973.9525146484375 619.18463134765625 2534.7138671875 209.65350341796875 3757.81982421875 2308.190673828125 361.10308837890625 1579.03564453125 5164.2021484375 1105.246826171875 750.67071533203125 550.09197998046875 840.64007568359375 965.09228515625 783.620361328125 990.20013427734375 694.20440673828125 186.48455810546875 960.33941650390625 482.95904541015625 585.52642822265625 568.1512451171875
546.10992431640625 418.577972412109375 781.73370361328125 848.89190673828125 379.86572265625 385.061767578125 29.732931137084960938 0 0 0 0 832.97015380859375 253.177978515625 0 54.782749176025390625 674.6329345703125 683.84698486328125 303.434539794921875 868.17120361328125 508.988250732421875 745.77069091796875 877.10198974609375 1248.5487060546875 709.24920654296875 747.5841064453125 1098.2000732421875 263.8917236328125 1024.5404052734375 788.2384033203125 1007.5179443359375 899.43060302734375 1184.2294921875 1183.788818359375 1868.43701171875 371.305419921875 677.048828125 5583.97607421875 2487.80517578125 1746.675048828125 1075.4041748046875 947.80718994140625 584.6444091796875 496.807891845703125 703.35662841796875 452.950042724609375 977.95819091796875 210.0612335205078125 515.46832275390625 797.72503662109375 972.0885009765625 663.71246337890625
374.03759765625 864.03607177734375 923.58489990234375 285.482818603515625 283.025238037109375 286.296630859375 225.6514739990234375 29.25550079345703125 0 0 3.0402672290802001953 974.9677734375 769.310546875 873.849853515625 387.9659423828125 501.47039794921875 243.3690032958984375 310.1929931640625 459.092559814453125 872.389892578125 464.810699462890625 1039.1427001953125 539.3759765625 299.422576904296875 296.23907470703125 632.9747314453125 1000.177978515625 256.1646728515625 730.03704833984375 829.93194580078125 1301.119873046875 826.99017333984375 1496.868896484375 1643.988037109375 818.45721435546875 228.765411376953125 541.3297119140625 1151.6597900390625 1159.9876708984375 731.9481201171875 600.72076416015625 790.00799560546875 724.9539794921875 3092.031982421875 794.21612548828125 519.1888427734375 121.98033905029296875 40.92404937744140625 566.04296875 217.9015045166015625 344.026611328125
216.569854736328125 445.582305908203125 1226.7015380859375 334.49676513671875 290.5205078125 409.90972900390625 358.066375732421875 949.399169921875 241.5710296630859375 190.347198486328125 743.4503173828125 717.2279052734375 879.2869873046875 848.3289794921875 1098.95458984375 523.31024169921875 856.46795654296875 651.00921630859375 2126.218017578125 753.9464111328125 1233.28271484375 646.78826904296875 579.79473876953125 448.0838623046875 501.049285888671875 490.892242431640625 4119.80810546875 561.93353271484375 553.15423583984375 676.29144287109375 1209.382080078125 579.2496337890625 957.20281982421875 1397.5699462890625 834.895751953125 1219.2509765625 2583.729736328125 3138.041015625 1318.2452392578125 504.365814208984375 669.66204833984375 574.86175537109375 549.24627685546875 500.478912353515625 540.52911376953125 831.6322021484375 122.46184539794921875 1944.3306884765625 321.90167236328125 418.40692138671875 334.2471923828125
284.02423095703125 214.83428955078125 1290.21142578125 1135.1358642578125 883.85687255859375 455.43450927734375 621.57489013671875 865.6490478515625 274.90802001953125 1314.214111328125 690.770751953125 351.192413330078125 532.1534423828125 548.7294921875 546.70538330078125 119.3607025146484375 36.59314727783203125 23.575677871704101562 1636.116455078125 657.92169189453125 558.0704345703125 499.290008544921875 210.4109954833984375 695.66375732421875 847.47601318359375 990.6258544921875 848.69854736328125 509.31683349609375 122.3036956787109375 1141.1961669921875 679.64984130859375 579.52569580078125 2161.58935546875 562.31298828125 152.9086761474609375 1719.9014892578125 4078.1298828125 690.593994140625 346.5950927734375 557.32513427734375 602.728759765625 2020.2506103515625 478.688385009765625 882.2685546875 758.67999267578125 517.4493408203125 921.1982421875 1334.6612548828125 402.277435302734375 538.77801513671875 282.823028564453125
886.57061767578125 474.82025146484375 836.71490478515625 179.572723388671875 926.41156005859375 371.5150146484375 438.69439697265625 1422.1727294921875 287.724395751953125 789.25531005859375 824.35211181640625 132.8252410888671875 954.2689208984375 492.93365478515625 1447.3046875 1062.475830078125 893.3321533203125 0 266.892303466796875 620.3514404296875 1405.677978515625 1074.29931640625 648.77508544921875 739.14385986328125 455.14971923828125 604.283935546875 370.4273681640625 440.266632080078125 0 854.90594482421875 1417.0257568359375 1027.2818603515625 632.6705322265625 495.290771484375 777.25848388671875 422.131591796875 360.238677978515625 1443.453125 461.98126220703125 512.12225341796875 371.99267578125 823.57635498046875 1317.4893798828125 1525.6448974609375 1043.803955078125 908.55535888671875 538.99859619140625 1433.5596923828125 624.2694091796875 699.43353271484375 515.6015625
945.69818115234375 919.60797119140625 309.64947509765625 321.839752197265625 3084.53759765625 881.89508056640625 485.746429443359375 1243.1859130859375 279.559722900390625 858.08660888671875 1542.69287109375 240.437744140625 483.33636474609375 762.40771484375 2411.756591796875 2646.057861328125 6197.080078125 1406.8056640625 1869.6746826171875 1522.2403564453125 889.2900390625 1259.318359375 243.103912353515625 593.643310546875 0 1106.686279296875 825.44927978515625 185.0372467041015625 0 1100.5908203125 389.804656982421875 226.4044189453125 261.55499267578125 472.087890625 302.60040283203125 349.0179443359375 503.203094482421875 4473.50927734375 451.49749755859375 796.93450927734375 271.27734375 428.368621826171875 475.256744384765625 809.92913818359375 1484.58251953125 312.4132080078125 250.6216278076171875 117.91725921630859375 303.228363037109375 624.20758056640625 1013.86553955078125
5366.45458984375 2.1490962505340576172 727.14483642578125 597.29437255859375 370.378387451171875 824.98699951171875 1045.9559326171875 1234.8741455078125 698.76141357421875 613.43988037109375 1285.6248779296875 72.0230712890625 646.8692626953125 916.97906494140625 341.982818603515625 1466.361083984375 1388.255615234375 831.1181640625 789.1697998046875 421.02410888671875 448.867919921875 796.60009765625 312.0147705078125 1769.5372314453125 1102.812255859375 456.622802734375 538.98834228515625 0 0 232.9112396240234375 194.6412506103515625 248.6847686767578125 359.500762939453125 466.336517333984375 492.991119384765625 497.34130859375 470.630157470703125 763.97113037109375 235.19287109375 660.990966796875 1135.1373291015625 551.54779052734375 1003.83172607421875 349.0513916015625 658.1112060546875 352.986572265625 671.46435546875 306.65313720703125 315.582061767578125 178.9098663330078125 232.95111083984375
306.38916015625 2132.62646484375 312.142730712890625 1460.2393798828125 340.210784912109375 361.685455322265625 1207.5753173828125 679.60595703125 4072.548095703125 287.7098388671875 299.349761962890625 756.15740966796875 636.74298095703125 700.04449462890625 953.58380126953125 819.73321533203125 740.86822509765625 222.340423583984375 1591.635498046875 192.6125640869140625 480.48321533203125 839.938720703125 459.1251220703125 966.48162841796875 237.103546142578125 252.685577392578125 467.460235595703125 0 0 1297.7198486328125 311.869354248046875 272.585693359375 422.36309814453125 381.735321044921875 421.549163818359375 621.57275390625 788.93707275390625 506.377777099609375 648.261474609375 313.3333740234375 661.9415283203125 528.25860595703125 621.89654541015625 858.014892578125 549.44525146484375 119.6442718505859375 245.87847900390625 146.3701934814453125 153.834197998046875 129.9583587646484375 203.4426422119140625
