ForecastVariables/BuildingFootprint_Mean_100m/BuildingFootprintMean_Random4.asc
ncols        529
nrows        344
xllcorner    2700.000000000000
yllcorner    15900.000000000000
cellsize     100.000000000000
NODATA_value  0
[rows 92 to 114 of 344, columns 364 to 415 of 529]
1303.585693359375 901.23956298828125 233.4860076904296875 280.08062744140625 97.9637451171875 0.0078766802325844764709 72.37493896484375 1096.7271728515625 107.923370361328125 0 0 0 0 0 0 0 0 0 0 0 0 0 0 0 0 0 0 0 0 0 0 0 0 0 0 0 0 0 0 0 0 0 0 0 0.043675512075424194336 0 828.79888916015625 1291.646728515625 843.40289306640625 915.12371826171875 0 0
148.428375244140625 5101.427734375 25.174282073974609375 990.80938720703125 516.888427734375 834.4130859375 299.393035888671875 817.27239990234375 193.56842041015625 45.81172943115234375 0 148.09912109375 0 0 0 0 0 0 0 0 0 0 0 0 0 0 0 0 0 0 0 0 0 0 0 0 0 0 0 0 0 0 1091.227294921875 1398.7386474609375 2718.109130859375 323.315582275390625 0 0 544.79559326171875 1550.3297119140625 3430.36474609375 0
216.8477630615234375 1134.7799072265625 541.9654541015625 1144.9024658203125 2740.464599609375 312.381195068359375 499.599456787109375 1582.306396484375 131.9133148193359375 422.06549072265625 913.11334228515625 118.2930145263671875 72.5874176025390625 0 0 0 0 0 0 0 0 0 0 0 0 0 0 0 0 0 0 0 0 0 0 0 0 0 0 0 0 739.35589599609375 1481.3134765625 80.2731781005859375 764.02667236328125 901.28436279296875 410.457794189453125 157.852142333984375 2254.736083984375 1273.8441162109375 572.81085205078125 0
451.97406005859375 844.5699462890625 824.72406005859375 844.74822998046875 458.929473876953125 284.7880859375 1788.5093994140625 1291.8873291015625 383.99078369140625 576.72894287109375 504.84002685546875 670.3553466796875 155.8345947265625 159.5938873291015625 0 0 0 0 0 0 0 0 0 0 0 0 0 0 0 0 0 0 0 0 0 0 0 0 0 0 244.4485015869140625 1894.2110595703125 221.2887420654296875 2491.125 694.981689453125 1080.08837890625 1237.5281982421875 539.1563720703125 1464.2296142578125 1022.1712646484375 0 0
263.5513916015625 28.944210052490234375 469.37841796875 839.279052734375 335.3349609375 394.988983154296875 1143.4827880859375 136.287872314453125 690.8175048828125 283.105438232421875 631.96417236328125 302.65234375 46.785778045654296875 0 0 0 0 0 0 0 0 0 0 0 0 0 0 0 0 0 0 0 0 0 0 0 0 0 0 0 1028.080810546875 1258.75634765625 563.6800537109375 778.64703369140625 992.6103515625 256.677337646484375 964.74725341796875 319.1787109375 1230.6754150390625 880.798095703125 0 0
1379.732421875 2230.547607421875 6433.47412109375 796.99951171875 154.931732177734375 236.337249755859375 328.49456787109375 938.5213623046875 579.32916259765625 1432.314697265625 133.1802978515625 301.26495361328125 265.628631591796875 156.3595733642578125 0 0 141.4622344970703125 0 0 0 0 0 0 0 0 0 0 0 0 0 0 0 0 0 0 0 0 0 792.25823974609375 7762.2978515625 726.99090576171875 745.81414794921875 2283.628173828125 723.10797119140625 831.77752685546875 1877.70654296875 2531.34521484375 3987.4384765625 458.390228271484375 1412.47265625 841.98468017578125 0
5215.3447265625 7967.435546875 2927.180908203125 414.77081298828125 336.558135986328125 821.48480224609375 321.22039794921875 819.08111572265625 722.82318115234375 580.33514404296875 766.086669921875 527.3455810546875 387.24554443359375 271.164093017578125 271.714813232421875 143.79241943359375 333.68621826171875 0 0 0 218.593414306640625 35.178436279296875 0 0 0 0 0 0 0 0 0 0 0 0 0 0 0 0 227.335418701171875 6153.19140625 2409.32958984375 1041.2462158203125 2944.2646484375 596.45440673828125 1635.00927734375 759.53863525390625 613.0384521484375 1122.3587646484375 729.74786376953125 578.24249267578125 13.645818710327148438 0
305.130950927734375 3075.875244140625 268.252838134765625 863.25433349609375 406.028839111328125 480.91815185546875 483.712738037109375 301.92059326171875 519.9373779296875 371.03955078125 878.9930419921875 587.91363525390625 582.5400390625 313.858367919921875 225.1970977783203125 231.352783203125 220.9142913818359375 0 0 0 0 0 0 0 165.5409698486328125 0 0 0 0 0 8.424793243408203125 296.30792236328125 231.3538360595703125 319.83697509765625 254.646087646484375 313.094818115234375 78.81982421875 0 718.3497314453125 1634.2135009765625 1288.09130859375 1391.2314453125 1185.94140625 942.25390625 762.3642578125 883.09033203125 5434.81884765625 930.69287109375 2310.373779296875 371.702117919921875 375.32098388671875 0
851.13055419921875 11.680802345275878906 422.10894775390625 523.20294189453125 315.537017822265625 469.1005859375 1077.1475830078125 886.3299560546875 500.33001708984375 5201.72705078125 983.55010986328125 533.44268798828125 487.225738525390625 219.723876953125 286.715057373046875 259.43212890625 185.0070953369140625 0 0 0 0 0 0 361.32440185546875 1655.2105712890625 550.3515625 0 142.6214752197265625 229.0698699951171875 226.5173492431640625 307.553314208984375 899.72222900390625 438.6312255859375 745.3087158203125 1224.5972900390625 126.6772918701171875 950.38055419921875 297.20703125 0 557.97021484375 684.662109375 8186.15380859375 1354.3995361328125 536.741455078125 1002.68231201171875 2069.406982421875 1045.482666015625 1115.336181640625 1260.6832275390625 470.17626953125 800.06011962890625 0
1196.0013427734375 1437.457275390625 527.5623779296875 1487.2318115234375 562.73260498046875 404.8211669921875 941.779296875 738.40203857421875 526.2689208984375 409.577178955078125 672.87860107421875 468.570709228515625 569.46136474609375 229.9613800048828125 357.90380859375 234.7030181884765625 102.2884674072265625 242.012603759765625 0 0 0 0 0 1337.4300537109375 384.664764404296875 635.0390625 469.110992431640625 404.104217529296875 218.5807342529296875 539.22802734375 619.64215087890625 1295.3909912109375 75.40682220458984375 1822.3809814453125 831.19140625 87.9167633056640625 214.1543731689453125 1763.247802734375 18.011865615844726562 564.0413818359375 1795.7862548828125 821.0048828125 2118.15234375 258.64422607421875 841.3529052734375 370.8795166015625 1427.8204345703125 1423.9454345703125 812.67205810546875 469.622314453125 21.268535614013671875 0
446.380096435546875 599.85955810546875 729.00421142578125 201.23382568359375 744.25347900390625 1076.5838623046875 937.12994384765625 964.64288330078125 468.7720947265625 838.56134033203125 1003.03173828125 331.32293701171875 331.26507568359375 153.13787841796875 2284.884521484375 703.0283203125 1198.401611328125 183.675323486328125 0 0 0 0 12.299807548522949219 194.8734283447265625 388.00732421875 787.2291259765625 535.36053466796875 656.76513671875 485.478363037109375 1399.20751953125 386.80242919921875 384.59521484375 644.50634765625 680.18243408203125 263.42010498046875 1619.08935546875 142.6014862060546875 0 286.421783447265625 894.8092041015625 1973.8720703125 1287.7431640625 1148.5804443359375 2548.0693359375 0.45623481273651123047 588.91064453125 1103.401611328125 776.88580322265625 1782.9573974609375 1094.7630615234375 708.3040771484375 0
749.42987060546875 788.3251953125 375.342742919921875 878.99951171875 516.6395263671875 1062.447265625 479.308441162109375 1432.9085693359375 766.66876220703125 327.020660400390625 458.869720458984375 719.56793212890625 266.367584228515625 265.69146728515625 290.4044189453125 727.41064453125 442.76318359375 679.057373046875 110.81127166748046875 0 0 0 1544.9031982421875 959.0091552734375 2734.82080078125 734.3299560546875 586.2291259765625 185.1106109619140625 412.745025634765625 422.91204833984375 253.1593017578125 616.6109619140625 649.12713623046875 262.6802978515625 447.300567626953125 1343.8092041015625 447.44097900390625 6688.392578125 2.1145665645599365234 389.0240478515625 2563.422607421875 378.52099609375 1724.324462890625 1952.662109375 18.481950759887695312 1473.739501953125 571.781494140625 565.4808349609375 870.5989990234375 1086.556884765625 0 0
984.06146240234375 411.67327880859375 638.05426025390625 244.592864990234375 5226.01220703125 2159.739501953125 18.06682586669921875 1188.804931640625 699.52178955078125 911.33758544921875 667.921630859375 544.28778076171875 498.076019287109375 751.13092041015625 387.6279296875 753.15625 497.758544921875 217.042938232421875 1312.91943359375 277.14599609375 1395.80908203125 0 545.77252197265625 2377.78564453125 1734.0418701171875 560.334228515625 442.482452392578125 1540.6915283203125 358.934722900390625 545.28985595703125 330.897003173828125 1203.364501953125 219.22601318359375 1229.669677734375 1181.804443359375 190.738311767578125 1184.921142578125 1233.7054443359375 1315.982177734375 799.4481201171875 1687.6622314453125 1382.708984375 290.543792724609375 2498.795654296875 832.2686767578125 2126.92333984375 724.75244140625 1846.5838623046875 805.4122314453125 3804.79150390625 514.69219970703125 0
423.931884765625 585.32171630859375 1261.7926025390625 613.796875 515.6011962890625 3515.949951171875 469.330322265625 811.76715087890625 746.0364990234375 462.8079833984375 313.4278564453125 352.573394775390625 500.2010498046875 567.185546875 1509.30810546875 567.2940673828125 604.80401611328125 419.848785400390625 139.8990325927734375 149.86212158203125 232.9367828369140625 1150.7762451171875 1486.4613037109375 0 1814.29345703125 410.78997802734375 419.502899169921875 206.3669586181640625 283.400543212890625 310.144744873046875 309.724822998046875 423.754608154296875 756.8756103515625 294.915924072265625 235.45892333984375 597.8489990234375 801.00506591796875 1329.3409423828125 1228.8485107421875 3392.3798828125 1838.931884765625 423.582916259765625 3508.16943359375 1169.1265869140625 8453.2314453125 271.295562744140625 684.093505859375 1129.2010498046875 481.84735107421875 1841.833740234375 196.01031494140625 1127.63818359375
0 0.36453369259834289551 424.043914794921875 417.74407958984375 509.687652587890625 544.411865234375 288.513702392578125 1050.08837890625 368.67767333984375 834.54327392578125 582.78143310546875 664.093505859375 601.8817138671875 4221.23046875 104.83037567138671875 677.0950927734375 1366.0040283203125 227.1063079833984375 437.338592529296875 24.3015594482421875 210.96337890625 273.23040771484375 454.250274658203125 600.7310791015625 3475.371826171875 0 923.58709716796875 475.33984375 1154.737060546875 677.400146484375 840.44195556640625 2185.82666015625 129.0167999267578125 197.564453125 847.87969970703125 1132.4091796875 1177.865966796875 449.968292236328125 1287.4788818359375 2343.656982421875 2347.2548828125 4262.31982421875 1481.9117431640625 690.4583740234375 444.83721923828125 338.975250244140625 1324.2197265625 3429.129638671875 647.425048828125 917.87200927734375 541.6121826171875 3317.47021484375
2268.328125 717.277099609375 7826.0166015625 358.271697998046875 571.67138671875 829.6494140625 457.703125 511.5830078125 198.58819580078125 0 482.846771240234375 1099.9561767578125 695.749755859375 459.243255615234375 433.15716552734375 380.4869384765625 626.87939453125 250.05865478515625 95.68175506591796875 933.31256103515625 1845.415283203125 1422.85986328125 318.655487060546875 546.6240234375 517.2642822265625 299.793212890625 438.435394287109375 636.28070068359375 831.6640625 677.16876220703125 694.088623046875 495.356048583984375 496.711090087890625 426.690704345703125 193.1385955810546875 1253.6314697265625 691.886962890625 1412.22216796875 1966.83056640625 581.6578369140625 879.19427490234375 987.09503173828125 1470.56201171875 496.481048583984375 7336.8779296875 6268.5888671875 2204.80908203125 26.491136550903320312 1590.461181640625 675.67919921875 3375.723876953125 191.4178314208984375
3435.244873046875 2829.4384765625 292.5098876953125 3887.02197265625 0 347.683319091796875 991.862060546875 506.3175048828125 423.483734130859375 797.7783203125 407.1358642578125 274.584991455078125 806.1187744140625 398.327789306640625 646.7291259765625 307.751983642578125 249.5502777099609375 623.81884765625 1951.4600830078125 50.54779052734375 940.53009033203125 254.2272186279296875 541.81787109375 647.03094482421875 524.48919677734375 252.971832275390625 637.41656494140625 927.25 1043.2960205078125 4033.72705078125 0 599.14715576171875 629.1751708984375 803.3355712890625 910.7220458984375 2806.1787109375 543.14544677734375 1313.841552734375 679.26983642578125 565.9383544921875 829.48095703125 423.492218017578125 1494.60693359375 967.04150390625 2315.225830078125 500.594207763671875 0 175.1762542724609375 2206.157470703125 358.93658447265625 110.41400146484375 481.8685302734375
4634.92431640625 824.29864501953125 5776.4833984375 127.412750244140625 0 141.9603271484375 366.7779541015625 335.243865966796875 358.740570068359375 333.7183837890625 479.236663818359375 376.057647705078125 291.491424560546875 0.40059360861778259277 0 845.2745361328125 445.212677001953125 822.14837646484375 962.87945556640625 389.5025634765625 77.270782470703125 5.0124678611755371094 0 596.77362060546875 262.2120361328125 678.8228759765625 732.18048095703125 429.367431640625 350.696563720703125 579.70257568359375 519.02044677734375 651.381103515625 392.04595947265625 3090.8935546875 705.14501953125 750.3238525390625 388.673431396484375 2527.9853515625 1630.3326416015625 853.1654052734375 1075.142333984375 835.5179443359375 5583.07177734375 796.4830322265625 2122.889892578125 535.1846923828125 0 141.76702880859375 0 0 0 8207.2275390625
4517.9599609375 550.46343994140625 778.57904052734375 63.097042083740234375 623.72784423828125 1258.21923828125 518.98394775390625 1599.90478515625 1130.6357421875 580.60589599609375 434.437164306640625 441.782501220703125 306.137420654296875 464.08966064453125 823.16949462890625 45.344417572021484375 1037.6502685546875 1114.75439453125 643.68536376953125 612.8978271484375 172.109222412109375 0 0 288.25689697265625 599.5968017578125 2138.39306640625 379.1334228515625 659.630126953125 573.12689208984375 1214.1904296875 361.0526123046875 551.59039306640625 449.530975341796875 656.46234130859375 2768.891357421875 1085.3271484375 785.1851806640625 777.24310302734375 1631.3280029296875 1444.943359375 589.3143310546875 233.92413330078125 1228.9432373046875 2209.696533203125 232.6678466796875 0 799.84063720703125 1228.87255859375 129.398895263671875 784.64227294921875 0 0
181.9683837890625 340.767242431640625 591.38006591796875 1038.6380615234375 1270.57275390625 675.04052734375 185.843902587890625 606.9769287109375 537.2806396484375 1590.961669921875 672.1175537109375 356.687103271484375 618.966552734375 395.1810302734375 563.60577392578125 317.05316162109375 517.9068603515625 575.02069091796875 1557.071044921875 972.17388916015625 176.35028076171875 0 0 780.94134521484375 724.94781494140625 1361.5281982421875 349.286041259765625 599.85772705078125 234.7467041015625 4.5612020492553710938 30.09588623046875 1143.9222412109375 665.98736572265625 828.36724853515625 740.76202392578125 1173.6312255859375 2680.181884765625 2860.32470703125 940.784912109375 805.95294189453125 694.37127685546875 569.91253662109375 1447.2073974609375 483.74755859375 0 0 82.8640289306640625 313.673675537109375 1550.6964111328125 584.77850341796875 1049.6290283203125 2450.1494140625
1020.5272216796875 304.27587890625 1462.302490234375 585.5418701171875 667.603759765625 118.17749786376953125 676.9945068359375 400.072662353515625 411.6580810546875 164.1661224365234375 473.26348876953125 365.477447509765625 631.1634521484375 1241.4779052734375 266.1295166015625 518.69940185546875 732.77593994140625 575.1063232421875 536.5316162109375 413.5054931640625 1163.315673828125 1247.4638671875 966.8402099609375 179.957794189453125 764.6533203125 586.0943603515625 402.480743408203125 1266.251953125 601.26446533203125 616.17938232421875 319.225250244140625 603.468505859375 1489.732666015625 2498.37158203125 1296.494873046875 728.52716064453125 942.138427734375 608.39715576171875 15.001439094543457031 0 0 905.8172607421875 694.64154052734375 0 0 0 893.107421875 853.4678955078125 1084.7393798828125 510.22955322265625 1360.503662109375 336.29962158203125
1052.68896484375 464.9525146484375 391.020751953125 603.26153564453125 480.978729248046875 361.78643798828125 407.8709716796875 141.099334716796875 602.15234375 475.56390380859375 1097.310546875 168.34405517578125 0 0 0 465.19610595703125 305.355010986328125 525.70477294921875 445.69439697265625 706.95989990234375 1091.8994140625 334.4744873046875 559.34710693359375 307.050872802734375 704.17242431640625 767.989501953125 530.72662353515625 658.17254638671875 402.66094970703125 432.5150146484375 448.20611572265625 853.73272705078125 706.32080078125 796.6220703125 852.017822265625 50.900272369384765625 5958.01220703125 56.3490753173828125 1442.0625 0 270.869781494140625 436.125457763671875 544.15570068359375 0 0 0 0 0 786.5614013671875 740.68719482421875 526.5635986328125 192.2123870849609375
740.17156982421875 914.75927734375 715.11431884765625 650.69873046875 671.14031982421875 696.8575439453125 350.89508056640625 789.8460693359375 441.5 322.00335693359375 55.428012847900390625 892.4967041015625 323.83013916015625 121.49919891357421875 0 902.63189697265625 305.226470947265625 4488.77099609375 1253.2877197265625 642.3829345703125 341.6915283203125 445.5264892578125 587.40167236328125 793.53912353515625 973.84906005859375 981.2093505859375 545.95819091796875 529.72760009765625 1210.2774658203125 904.9217529296875 776.29437255859375 559.53564453125 510.059967041015625 475.31988525390625 582.0140380859375 1221.15869140625 4556.7119140625 6367.68896484375 299.257904052734375 2099.685546875 920.586181640625 767.78753662109375 931.96307373046875 0 0 0 0 0 0 309.97991943359375 486.539703369140625 127.36175537109375
