ForecastVariables/BuildingFootprint_Mean_100m/BuildingFootprintMean_Random1.asc
ncols        529
nrows        344
xllcorner    2700.000000000000
yllcorner    15900.000000000000
cellsize     100.000000000000
NODATA_value  0
[rows 184 to 206 of 344, columns 153 to 203 of 529]
0 0 0 0 0 0 44.470012664794921875 2391.169189453125 3498.65869140625 583.61175537109375 394.99029541015625 0 0 0 1611.9359130859375 4042.9462890625 633.5078125 840.964599609375 3244.117919921875 165.4723663330078125 822.52398681640625 490.180023193359375 768.5216064453125 781.33135986328125 632.91168212890625 1247.3031005859375 422.33953857421875 402.539459228515625 755.18914794921875 1150.6141357421875 0 800.19207763671875 6591.42919921875 818.54254150390625 1216.2906494140625 178.6873321533203125 199.792266845703125 0 0 0 261.8638916015625 4633.6875 1794.75830078125 700.52142333984375 281.192962646484375 346.4083251953125 631.86376953125 311.93359375 2740.537841796875 1869.1693115234375 3328.62158203125
811.7244873046875 2.2256922721862792969 0 0 399.986236572265625 1563.9091796875 1532.8123779296875 8684.802734375 1785.2872314453125 160.831817626953125 632.292724609375 716.80999755859375 0 0 4858.23583984375 2240.42724609375 1620.75634765625 174.9140625 7285.669921875 2573.722900390625 596.24371337890625 196.9295654296875 751.055419921875 1057.021484375 1208.9669189453125 2273.8125 1096.8912353515625 941.24566650390625 778.92572021484375 418.98309326171875 0 883.65185546875 0.00010799102165037766099 2342.3515625 287.969024658203125 322.935455322265625 543.359375 703.4649658203125 498.485595703125 221.2403411865234375 3529.2587890625 4253.49853515625 0 456.909881591796875 406.32073974609375 583.08990478515625 5110.1806640625 0.11098278313875198364 169.7724609375 1752.2138671875 728.3968505859375
410.833831787109375 187.3941192626953125 927.34130859375 3134.424072265625 1413.712158203125 950.16436767578125 634.4844970703125 844.09014892578125 400.5355224609375 1194.017822265625 1097.3602294921875 415.6768798828125 0 0 0 569.7386474609375 2156.104736328125 178.6993255615234375 2153.508544921875 1722.953369140625 272.543121337890625 1517.340576171875 556.4342041015625 1081.263916015625 1024.6744384765625 229.664764404296875 565.23876953125 679.38055419921875 495.97064208984375 1058.4339599609375 68.07907867431640625 13.37941741943359375 2343.379638671875 401.2015380859375 27.333395004272460938 412.60479736328125 875.0303955078125 797.4071044921875 780.45233154296875 234.1059112548828125 3150.65283203125 1705.0238037109375 1882.7388916015625 173.1107635498046875 796.68792724609375 1262.0108642578125 1130.965087890625 314.460662841796875 133.7009429931640625 410.178375244140625 567.28466796875
269.97674560546875 195.7542877197265625 189.8585662841796875 602.1412353515625 516.6600341796875 829.8780517578125 8204.5 776.03570556640625 1368.6563720703125 1880.3160400390625 484.84381103515625 981.87445068359375 0 0 0 132.492645263671875 3253.095458984375 815.828857421875 825.207275390625 1332.08544921875 688.02099609375 406.959381103515625 1574.703125 1314.564453125 1403.9208984375 0 61.91747283935546875 726.64056396484375 613.025390625 145.07806396484375 0 4491.2236328125 3206.02685546875 1191.603759765625 1138.2598876953125 600.71197509765625 0 0 222.88873291015625 609.21527099609375 1725.126708984375 434.80267333984375 1117.384765625 273.77752685546875 178.247283935546875 4635.65869140625 1028.4405517578125 1639.82470703125 473.9425048828125 71.2695770263671875 161.3213653564453125
0.01227368135005235672 132.6338043212890625 187.947509765625 1301.762939453125 1142.1304931640625 3240.12939453125 1913.3526611328125 1070.398681640625 8374.228515625 1171.286865234375 583.70819091796875 836.317138671875 0 0 0 444.520172119140625 1160.908203125 1084.728515625 494.984405517578125 148.415191650390625 0 233.83966064453125 1234.689697265625 2042.0625 281.518707275390625 0 0 792.8565673828125 1582.8330078125 1.3264921903610229492 1553.024169921875 717.40850830078125 462.0557861328125 615.7841796875 0 1822.5439453125 5103.06640625 0 0 558.4454345703125 3905.07861328125 2008.132080078125 1421.731201171875 731.59326171875 3811.986328125 2498.984619140625 2575.897705078125 906.9659423828125 1138.4259033203125 973.2763671875 107.00604248046875
28.72698974609375 50.741359710693359375 228.8619384765625 1003.40020751953125 1338.3189697265625 9141.978515625 2422.208740234375 1725.3604736328125 1272.822998046875 2611.804931640625 631.844482421875 0 1290.0460205078125 0 0 100.79386138916015625 350.369964599609375 374.54083251953125 0 0 0 77.12860870361328125 2758.79931640625 1151.9857177734375 542.42913818359375 197.0041961669921875 0 1886.83251953125 2302.638916015625 223.1419830322265625 1860.4293212890625 2535.4560546875 365.087554931640625 456.596710205078125 256.10150146484375 1567.8243408203125 295.735260009765625 0 0 0 793.98309326171875 1310.3740234375 1309.1907958984375 477.947662353515625 186.6286468505859375 1901.5113525390625 705.33203125 3795.149658203125 1773.8951416015625 1111.6201171875 1456.0255126953125
127.59891510009765625 228.5694427490234375 352.597412109375 242.8040924072265625 319.22161865234375 381.986602783203125 1352.1407470703125 290.54840087890625 283.76556396484375 718.43927001953125 1294.1239013671875 579.33599853515625 1794.6044921875 689.8773193359375 0 0 0 0 0 0 0 0 548.52349853515625 726.4688720703125 240.14031982421875 311.789794921875 0 0 1400.732421875 423.380615234375 1695.9224853515625 5279.318359375 1623.8724365234375 825.26434326171875 856.54449462890625 451.02294921875 688.9564208984375 2.0519347190856933594 0 0 0 612.438232421875 924.1544189453125 518.21356201171875 3180.79931640625 525.44427490234375 3072.101806640625 283.4345703125 1612.8753662109375 2020.1396484375 1175.88623046875
115.07134246826171875 387.3687744140625 312.099761962890625 255.8956451416015625 1651.7376708984375 415.435577392578125 1409.6334228515625 2332.02294921875 3011.706787109375 381.172698974609375 357.36419677734375 400.751434326171875 194.2445526123046875 0 0 0 0 0 0 0 0 61.72092437744140625 375.340728759765625 381.015289306640625 255.8577117919921875 530.32586669921875 383.25775146484375 0 0 1084.1005859375 949.62579345703125 700.84075927734375 4153.47509765625 407.480377197265625 692.81658935546875 454.7640380859375 345.75274658203125 494.943267822265625 0 0 36.761531829833984375 1642.3099365234375 3476.118408203125 59.25110626220703125 883.87176513671875 954.50689697265625 362.293670654296875 226.6389312744140625 54.4090728759765625 302.243072509765625 1280.9066162109375
0 0 0 0 0 0 629.39678955078125 0 0 0 425.49090576171875 0.26816481351852416992 0 0 0 0 0 0 0 0 154.2091827392578125 4.8617587089538574219 370.749908447265625 1341.185791015625 558.45672607421875 546.869140625 494.956573486328125 479.0439453125 527.06085205078125 2742.329833984375 2750.12841796875 501.797821044921875 928.3946533203125 1876.4586181640625 197.0641326904296875 162.5841217041015625 776.83917236328125 2046.6630859375 2061.495849609375 1244.814697265625 2965.93310546875 1570.9962158203125 2047.1495361328125 59.734889984130859375 990.65032958984375 3022.8994140625 799.1685791015625 172.0774993896484375 29.0605010986328125 1872.9249267578125 1480.5948486328125
0 0 0 0 0 0 551.3724365234375 0 0 0 0 0 0 0 0 0 0 0 0 0 0 0 0 0 571.56927490234375 740.130126953125 562.70526123046875 481.0203857421875 901.8751220703125 12.382000923156738281 177.4217071533203125 1003.24029541015625 5153.09375 650.27862548828125 7.84923553466796875 329.939605712890625 0 41.35363006591796875 821.03399658203125 725.8284912109375 1189.028076171875 1902.5267333984375 3044.919189453125 4869.69873046875 2219.67529296875 1103.7891845703125 924.77838134765625 1482.839599609375 328.544158935546875 2105.822265625 761.29656982421875
0 0 0 0 0 0 0 0 0 0 0 0 0 0 0 0 0 0 0 0 0 0 0 0 342.624969482421875 236.9758148193359375 304.0968017578125 331.470245361328125 1030.1734619140625 2184.8603515625 1304.13818359375 3511.867431640625 1943.6732177734375 4095.509033203125 264.843841552734375 1124.769287109375 155.3021392822265625 661.2772216796875 2147.37890625 931.66265869140625 1551.9012451171875 2099.8056640625 1717.7020263671875 2418.041259765625 1993.3360595703125 98.96018218994140625 0 466.897430419921875 595.02667236328125 1120.1968994140625 894.8270263671875
0 0 0 0 0 0 0 0 0 0 0 0 0 0 0 0 0 0 0 0 0 95.74326324462890625 0 0 0 400.902008056640625 541.9486083984375 702.055908203125 351.772491455078125 1036.903076171875 3140.4521484375 4860.18359375 2307.30859375 1931.182373046875 1991.7657470703125 2812.761962890625 848.51446533203125 1319.107177734375 423.924346923828125 99.45186614990234375 137.372161865234375 1596.23193359375 822.22882080078125 6616.96533203125 6856.4169921875 663.4837646484375 47.02667999267578125 0 3180.215576171875 298.5621337890625 86.04552459716796875
0 0 0 0 0 0 0 0 0 0 0 0 0 0 0 0 0 0 0 0 24.39580535888671875 617.30413818359375 198.5303497314453125 0 0 543.31304931640625 209.2750396728515625 354.933074951171875 233.2601165771484375 1024.357421875 561.3974609375 73.987152099609375 5200.03515625 1355.2183837890625 6075.37060546875 1766.79052734375 1456.8614501953125 457.685394287109375 189.0301361083984375 356.136016845703125 143.094573974609375 170.1319122314453125 378.9403076171875 2871.7685546875 6804.43017578125 2292.831787109375 310.375457763671875 0 105.67517852783203125 1050.6611328125 1157.4862060546875
0 0 0 0 0 0 0 0 0 0 0 0 0 0 0 0 0 0 0 0 711.84698486328125 730.11492919921875 196.80316162109375 0 0 0 215.7778167724609375 234.5620574951171875 255.9653472900390625 261.615997314453125 497.861236572265625 754.6885986328125 361.91900634765625 260.887420654296875 1546.758544921875 2845.71728515625 1099.1180419921875 728.2259521484375 149.93548583984375 212.9188385009765625 161.8477935791015625 365.18829345703125 497.2464599609375 916.40911865234375 2301.88525390625 118.530029296875 853.8564453125 1018.0526123046875 2161.37353515625 199.50933837890625 2657.924560546875
0 0 0 0 0 0 0 0 0 0 0 0 0 0 0 0 0 0 0 595.0548095703125 3090.552001953125 480.1090087890625 0 0 0 0 0 438.989501953125 279.359832763671875 474.013946533203125 222.281036376953125 240.201995849609375 282.624603271484375 228.3506011962890625 408.6590576171875 350.9119873046875 424.08734130859375 489.67169189453125 603.475830078125 283.1348876953125 357.52691650390625 208.3697509765625 288.21923828125 254.777374267578125 4.53122711181640625 2397.51025390625 1479.9742431640625 1606.685302734375 1531.402099609375 1436.9892578125 1321.144287109375
0 0 0 0 0 0 0 0 0 0 0 0 0 0 0 0 0 0 0 875.32891845703125 30.306928634643554688 0 0 0 0 0 0 0 476.587799072265625 581.6578369140625 33.2841644287109375 359.736968994140625 932.1898193359375 254.097076416015625 619.2183837890625 519.41607666015625 508.2880859375 591.88214111328125 900.6572265625 691.23309326171875 251.3568115234375 330.13653564453125 307.08538818359375 194.525665283203125 1030.366943359375 2668.1669921875 4647.3623046875 241.3896942138671875 1507.7177734375 598.9771728515625 895.38543701171875
0 0 0 0 0 0 0 0 0 0 0 0 0 0 0 0 0 0 0 0 0 0 0 0 0 0 0 0 0 0 346.633148193359375 193.0994873046875 1682.536376953125 335.30364990234375 668.4705810546875 190.9322967529296875 442.916656494140625 1175.0179443359375 619.85516357421875 2494.64306640625 2233.732177734375 130.135101318359375 1018.25738525390625 1332.2215576171875 417.448028564453125 0 442.623199462890625 353.39434814453125 3045.491455078125 2150.119140625 745.6973876953125
0 0 0 0 0 0 0 0 0 0 0 0 0 0 0 0 0 0 0 0 0 0 0 0 0 26.031610488891601562 51.90589141845703125 85.16823577880859375 65.03203582763671875 0 0 0 0 242.955047607421875 46.634487152099609375 496.55194091796875 682.8564453125 247.7826080322265625 317.77587890625 323.744354248046875 4225.064453125 2299.9853515625 1288.26025390625 1422.8427734375 1965.7586669921875 0 2.1015696525573730469 676.5013427734375 1387.8087158203125 95.703216552734375 3455.145263671875
0 0 0 0 0 0 0 0 0 0 0 0 0 0 0 0 0 0 0 0 0 0 0 0 0 79.49988555908203125 34.821147918701171875 0 0 140.2482757568359375 0 0 0 0 0 0 971.4154052734375 587.220458984375 466.8575439453125 795.32000732421875 1712.70654296875 396.04205322265625 4898.76318359375 1223.9007568359375 1974.0826416015625 0 0 15.919824600219726562 1078.9952392578125 0 0
0 0 0 0 0 0 0 0 0 0 0 0 0 0 0 0 0 0 0 0 0 0 0 0 0 64.538299560546875 86.4912261962890625 58.647693634033203125 0 0 0 0 0 0 0 381.2198486328125 1345.60302734375 5085.16455078125 377.2161865234375 2253.220947265625 515.27496337890625 240.9561309814453125 3859.46875 438.250152587890625 13.697937965393066406 631.679443359375 617.8226318359375 0 2497.9228515625 1880.4630126953125 0
0 0 0 0 0 0 0 0 0 0 0 0 0 0 0 0 0 0 0 0 0 0 0 0 0 0 0 7.7247767448425292969 27.266736984252929688 21.90491485595703125 0 0 0 0 0 667.0699462890625 1128.0296630859375 1198.23583984375 3010.990478515625 1856.44287109375 74.9892425537109375 737.67694091796875 661.7513427734375 2222.89501953125 3280.104736328125 1799.0955810546875 1093.492431640625 270.344512939453125 0 0 0
0 0 0 0 0 0 0 0 0 0 0 0 0 0 0 0 0 0 0 0 0 0 0 0 0 0 0 0 0 106.24554443359375 0 0 0 0 445.08038330078125 575.1619873046875 863.56011962890625 836.8033447265625 860.1539306640625 1148.3643798828125 950.7003173828125 383.7655029296875 364.958160400390625 638.9222412109375 1292.4415283203125 1874.704833984375 161.2750091552734375 888.51953125 226.470001220703125 0 0
0 0 0 0 0 0 0 0 0 0 0 0 0 0 0 0 0 0 0 0 0 0 0 0 0 0 0 0 0 0 0 0 0 350.79437255859375 842.8712158203125 1404.9932861328125 311.619659423828125 500.4853515625 633.2064208984375 910.15509033203125 550.12652587890625 472.80419921875 132.89349365234375 221.5015411376953125 523.91546630859375 2028.8035888671875 2676.2880859375 913.86962890625 4776.466796875 102.7855987548828125 309.815399169921875
