ForecastVariables/BuildingFootprint_Mean_100m/BuildingFootprintMean_Random3.asc
ncols        529
nrows        344
xllcorner    2700.000000000000
yllcorner    15900.000000000000
cellsize     100.000000000000
NODATA_value  0
[rows 138 to 160 of 344, columns 102 to 152 of 529]
471.365325927734375 469.3660888671875 651.271484375 806.9354248046875 1042.3966064453125 206.966522216796875 1000.50408935546875 1066.71484375 510.79693603515625 504.426849365234375 501.694305419921875 474.097076416015625 423.381927490234375 544.0546875 114.8851165771484375 854.47003173828125 1893.4107666015625 826.95440673828125 301.969146728515625 1202.7744140625 601.186279296875 1365.9427490234375 774.00262451171875 249.4990234375 711.063720703125 1054.0517578125 310.44891357421875 1434.11376953125 1229.1314697265625 608.99957275390625 414.792816162109375 323.38543701171875 3692.014404296875 2079.818603515625 1718.9014892578125 422.54864501953125 241.176727294921875 745.2344970703125 477.477264404296875 719.98284912109375 234.6760406494140625 479.11090087890625 463.226409912109375 0 0 46.06192779541015625 1751.9344482421875 425.223236083984375 446.371368408203125 606.71502685546875 790.4593505859375
644.16448974609375 1243.3955078125 418.8896484375 319.006744384765625 517.18988037109375 804.43109130859375 1417.3287353515625 400.406158447265625 488.978240966796875 484.2452392578125 2615.406494140625 765.5697021484375 834.89105224609375 349.1864013671875 1707.87646484375 287.881561279296875 418.445953369140625 353.35491943359375 186.84814453125 504.3702392578125 310.395538330078125 995.10498046875 424.43975830078125 807.7008056640625 442.905426025390625 1082.034423828125 941.8370361328125 211.1595458984375 91.79535675048828125 227.162567138671875 423.696929931640625 299.368408203125 3791.315673828125 3716.63134765625 350.274688720703125 487.5123291015625 1823.9996337890625 1068.01318359375 215.4023590087890625 362.04571533203125 378.245697021484375 655.68695068359375 1593.33447265625 487.5235595703125 952.9063720703125 255.581207275390625 123.763580322265625 426.671783447265625 47.905956268310546875 5.8026833534240722656 29.085218429565429688
494.635955810546875 536.03131103515625 463.821075439453125 686.77813720703125 685.44854736328125 465.757781982421875 264.165496826171875 951.4234619140625 630.763671875 629.11578369140625 18.263151168823242188 821.80462646484375 889.24432373046875 359.069793701171875 497.066375732421875 472.5706787109375 957.08062744140625 606.156982421875 333.7286376953125 500.227813720703125 481.911224365234375 632.86456298828125 523.78826904296875 386.291900634765625 67.60596466064453125 2843.548095703125 1315.24755859375 114.3899078369140625 0 0 0 0 0 0 534.0814208984375 1021.01458740234375 789.26995849609375 901.1973876953125 149.11871337890625 713.89251708984375 474.160919189453125 404.77178955078125 602.51190185546875 584.45458984375 1660.1572265625 706.15057373046875 741.30950927734375 1257.2406005859375 641.88897705078125 502.0743408203125 844.54327392578125
549.15118408203125 748.26568603515625 577.92230224609375 33.203830718994140625 879.60662841796875 701.6109619140625 730.21795654296875 649.608642578125 706.111572265625 376.00103759765625 778.319580078125 518.003662109375 203.731964111328125 499.261444091796875 194.708740234375 259.14501953125 1068.965576171875 1282.1483154296875 531.08685302734375 353.5084228515625 5.3452472686767578125 151.677337646484375 567.2252197265625 627.83612060546875 344.868011474609375 0 0 0 0 0 0 0 0 0 239.8070526123046875 940.73858642578125 965.00494384765625 1146.060302734375 1600.804931640625 113.2725982666015625 97.72607421875 655.21099853515625 846.7947998046875 1729.669677734375 1868.3482666015625 1027.0882568359375 571.91485595703125 629.04327392578125 378.98516845703125 1742.18359375 4915.814453125
583.053955078125 797.79656982421875 531.985595703125 294.003082275390625 540.22601318359375 690.952392578125 968.26605224609375 753.6942138671875 431.954803466796875 901.10760498046875 711.6793212890625 333.797027587890625 278.453369140625 335.48583984375 332.178497314453125 1010.882568359375 573.7144775390625 1011.8232421875 339.268096923828125 1497.17529296875 439.0194091796875 453.63153076171875 947.10028076171875 444.678558349609375 525.0567626953125 2842.920654296875 456.69146728515625 0 0 0 0 0 0 0 0 3436.059326171875 905.95819091796875 607.826904296875 731.4893798828125 257.127288818359375 665.93780517578125 559.72198486328125 298.804595947265625 905.306884765625 476.033935546875 159.972198486328125 721.22265625 645.36798095703125 409.779327392578125 831.468017578125 373.511199951171875
743.52362060546875 428.751312255859375 483.36676025390625 425.7037353515625 1769.0411376953125 559.0980224609375 351.72979736328125 1092.061767578125 573.7003173828125 657.19439697265625 1837.5125732421875 766.2008056640625 182.5246429443359375 858.379638671875 835.6690673828125 185.4921722412109375 469.098663330078125 1515.6719970703125 2107.546630859375 7483.7529296875 41.300266265869140625 572.82928466796875 776.68902587890625 857.206787109375 997.72039794921875 1983.4918212890625 391.907196044921875 31.436677932739257812 18.81845855712890625 0 150.6854705810546875 0 0 0 0 0 1672.07470703125 921.5703125 387.2469482421875 170.45025634765625 2642.9111328125 386.637603759765625 451.897613525390625 537.18353271484375 342.376861572265625 626.485595703125 593.62554931640625 586.193115234375 365.9449462890625 468.11187744140625 761.24005126953125
540.99945068359375 384.985107421875 787.2052001953125 205.0715789794921875 202.4418182373046875 30.498373031616210938 567.21295166015625 5010.990234375 379.624237060546875 2026.3612060546875 905.51190185546875 466.78253173828125 714.10821533203125 0 925.76727294921875 1162.9154052734375 1584.43359375 1334.7508544921875 3731.031494140625 1119.601806640625 417.326141357421875 1214.9722900390625 256.275177001953125 316.1990966796875 560.3101806640625 791.93121337890625 275.058563232421875 524.66278076171875 7.6814484596252441406 612.6646728515625 476.61541748046875 0 0 0 0 0 92.23104095458984375 154.455230712890625 1259.0565185546875 949.67474365234375 259.64617919921875 0 538.2012939453125 514.13055419921875 418.296966552734375 337.699737548828125 5217.1845703125 478.831817626953125 480.991607666015625 547.2882080078125 542.5726318359375
312.19854736328125 4136.1650390625 1359.8636474609375 537.4588623046875 1390.2352294921875 452.570098876953125 866.72607421875 3835.085205078125 9389.0234375 8619.6416015625 5902.6181640625 0 240.561553955078125 0 619.7899169921875 2255.5458984375 4094.410888671875 1174.8668212890625 1603.524658203125 2189.582763671875 122.89095306396484375 338.60357666015625 277.708465576171875 266.91064453125 468.006744384765625 646.99578857421875 345.537139892578125 497.261199951171875 568.06390380859375 109.85162353515625 65.59568023681640625 0 1012.57781982421875 836.93597412109375 117.76696014404296875 0 119.96150970458984375 854.2508544921875 435.58148193359375 511.63690185546875 661.36114501953125 579.83734130859375 1069.4066162109375 501.904449462890625 708.11065673828125 385.8897705078125 1009.74249267578125 715.83941650390625 676.28326416015625 613.91033935546875 891.9024658203125
461.973968505859375 699.10357666015625 813.55377197265625 630.40289306640625 885.34228515625 490.6578369140625 735.40771484375 1175.7171630859375 2073.744140625 810.2840576171875 877.98272705078125 0 178.6365509033203125 0 2957.1015625 483.648590087890625 0 1133.2464599609375 2247.887451171875 3165.625 2447.38232421875 441.45501708984375 633.35107421875 1238.516845703125 418.329498291015625 445.568359375 334.602996826171875 624.57147216796875 491.976287841796875 403.672607421875 433.54974365234375 13.637569427490234375 299.04095458984375 130.1589202880859375 250.5224456787109375 97.8304443359375 30.297634124755859375 178.434478759765625 221.53125 3812.7734375 1059.569580078125 559.19927978515625 403.40631103515625 778.77020263671875 561.12750244140625 1425.0035400390625 678.71136474609375 519.02685546875 486.272216796875 265.78802490234375 708.96240234375
868.451904296875 851.25408935546875 687.62579345703125 577.77508544921875 489.362396240234375 366.169921875 232.7123260498046875 1079.4315185546875 149.640472412109375 1947.545654296875 0 0 1951.6324462890625 185.2545928955078125 924.73040771484375 0 1171.3739013671875 346.97711181640625 1197.5399169921875 927.15753173828125 2612.035400390625 1744.44873046875 1903.923828125 362.7076416015625 532.3358154296875 656.93548583984375 507.92242431640625 588.17535400390625 413.669525146484375 333.975433349609375 410.295135498046875 106.8203582763671875 261.865631103515625 142.76544189453125 535.02947998046875 0 43.619014739990234375 0 0 43.81585693359375 455.983428955078125 955.18182373046875 281.560272216796875 312.37701416015625 265.01348876953125 373.871856689453125 293.7200927734375 702.19287109375 462.361328125 598.2423095703125 677.52392578125
861.48065185546875 547.72698974609375 3464.42529296875 810.561767578125 872.99981689453125 515.467529296875 514.578857421875 651.89654541015625 552.5052490234375 57.250194549560546875 0 163.4057159423828125 3724.3818359375 2257.378173828125 3211.70458984375 1263.537353515625 1744.30712890625 1245.4508056640625 1148.258056640625 1022.48297119140625 490.585784912109375 441.298492431640625 2581.0263671875 370.765045166015625 375.973876953125 904.47119140625 289.43865966796875 675.075927734375 896.940673828125 357.868011474609375 140.3217010498046875 248.24066162109375 139.981292724609375 121.2528533935546875 0 0 0 0 0 1033.214111328125 209.314483642578125 58.65613555908203125 770.20672607421875 642.03704833984375 415.52630615234375 558.68798828125 629.0179443359375 0 73.13864898681640625 464.23583984375 568.44189453125
806.9771728515625 257.37451171875 493.98199462890625 646.0084228515625 1000.90167236328125 1152.0726318359375 575.9776611328125 543.877197265625 1106.6513671875 92.58855438232421875 0 261.05596923828125 4226.1767578125 1689.1484375 629.9041748046875 160.9130859375 1432.229248046875 469.14312744140625 1001.842529296875 1170.058837890625 755.6541748046875 968.8140869140625 2739.6396484375 981.1470947265625 1253.7034912109375 832.29132080078125 669.5260009765625 571.38470458984375 317.97357177734375 498.717315673828125 264.253021240234375 690.92303466796875 80.39253997802734375 184.404083251953125 37.02745819091796875 0 110.3439178466796875 426.086212158203125 26.245725631713867188 0 771.14208984375 81.7151641845703125 894.48138427734375 752.80389404296875 439.539398193359375 1228.5853271484375 0 0 1333.1409912109375 1820.4053955078125 181.1627960205078125
982.51513671875 449.739532470703125 566.91046142578125 1558.2681884765625 1244.4012451171875 1330.088623046875 1268.8280029296875 2942.8916015625 229.8063201904296875 5617.98291015625 674.64788818359375 890.27044677734375 2232.81201171875 7880.14404296875 512.41156005859375 1054.885009765625 1242.3900146484375 994.37103271484375 1536.1092529296875 881.64080810546875 842.378662109375 1125.510986328125 245.894439697265625 1881.484130859375 394.90704345703125 8207.681640625 1525.71533203125 326.630401611328125 371.611297607421875 646.71295166015625 211.45965576171875 446.28619384765625 38.409664154052734375 0 42.6509246826171875 57.678985595703125 36.99393463134765625 800.18829345703125 3.4115414619445800781 39.51091766357421875 2261.835205078125 920.44805908203125 1698.314453125 628.865966796875 602.01409912109375 117.133544921875 1029.7418212890625 88.008270263671875 425.84063720703125 1424.95068359375 541.53717041015625
2225.8515625 2481.020751953125 5442.14697265625 2044.108642578125 1811.5311279296875 1795.6224365234375 2407.7900390625 1801.4993896484375 1044.190673828125 2783.71044921875 468.560760498046875 3596.764892578125 18.795146942138671875 764.30902099609375 603.18536376953125 34.52223968505859375 331.5419921875 1373.8939208984375 1517.2000732421875 917.19970703125 972.01983642578125 1369.0821533203125 195.6554412841796875 1805.9228515625 544.4969482421875 2108.14208984375 667.2890625 803.971435546875 383.851959228515625 351.731597900390625 325.116607666015625 64.62403106689453125 0 1281.9737548828125 0 57.69031524658203125 0 0 0 0 309.27081298828125 477.8953857421875 39.219661712646484375 2102.61328125 793.6014404296875 729.47210693359375 1396.8555908203125 1697.302978515625 2827.682861328125 272.985809326171875 4387.083984375
1573.4166259765625 767.95458984375 1719.2418212890625 1086.936279296875 2144.46142578125 843.3358154296875 812.36981201171875 1295.1226806640625 335.733795166015625 706.03875732421875 595.2132568359375 5290.56591796875 135.9015045166015625 502.923583984375 561.96978759765625 763.1756591796875 729.31494140625 1021.7081298828125 1149.1591796875 1451.6129150390625 917.72149658203125 1386.16162109375 2198.73388671875 1785.484130859375 14.1392669677734375 360.042083740234375 331.14532470703125 716.0841064453125 262.033905029296875 354.539459228515625 265.05047607421875 146.6102294921875 0 0 0 284.96685791015625 198.46484375 799.5780029296875 220.757781982421875 0 0 1794.511962890625 1684.4459228515625 1059.5054931640625 1096.7275390625 583.1475830078125 866.29388427734375 5495.20703125 1234.5230712890625 839.0439453125 2051.683349609375
2931.216064453125 1249.5196533203125 454.905792236328125 1577.45751953125 216.4766082763671875 1478.551025390625 760.81536865234375 806.88360595703125 359.88519287109375 612.40887451171875 2046.287353515625 1439.270751953125 831.65081787109375 551.4156494140625 1155.5135498046875 752.721923828125 774.4967041015625 1170.9124755859375 538.05450439453125 738.92242431640625 741.7099609375 841.9031982421875 876.00897216796875 217.7095184326171875 1698.4276123046875 605.6434326171875 683.929443359375 267.72882080078125 240.97528076171875 701.01055908203125 264.7880859375 0 0 0 0 635.1014404296875 3571.839599609375 257.956329345703125 194.2774810791015625 137.912384033203125 493.861663818359375 98.22086334228515625 2530.04296875 100.88886260986328125 1708.544189453125 79.03777313232421875 349.338348388671875 21.441614151000976562 1240.246337890625 591.97332763671875 1510.2244873046875
1505.981689453125 403.74639892578125 1723.7303466796875 786.5015869140625 820.2286376953125 531.138671875 750.1015625 646.33917236328125 836.04803466796875 683.5626220703125 1446.2176513671875 1102.7152099609375 1869.66259765625 2043.8145751953125 1142.0474853515625 1912.998046875 612.6566162109375 691.50201416015625 678.46624755859375 1435.4571533203125 784.827392578125 1174.6771240234375 1110.50634765625 773.042724609375 294.86785888671875 1079.5211181640625 401.7725830078125 355.651123046875 336.350250244140625 795.42120361328125 256.7230224609375 0 0 0 780.0198974609375 344.458648681640625 1569.8497314453125 1284.335205078125 670.17645263671875 649.16455078125 1482.34375 2346.87255859375 1668.9337158203125 227.2759246826171875 863.33306884765625 935.0281982421875 24.085004806518554688 476.353424072265625 1422.0347900390625 837.54241943359375 132.981109619140625
324.111297607421875 2193.59423828125 174.605743408203125 1370.3385009765625 717.92041015625 1280.534423828125 605.61590576171875 677.73895263671875 787.21759033203125 198.8914031982421875 983.76605224609375 444.23046875 2379.102783203125 779.5013427734375 1544.9610595703125 1461.623779296875 657.79254150390625 929.6044921875 1217.049072265625 3948.06005859375 1354.9522705078125 1065.66845703125 533.5980224609375 1763.3482666015625 1332.11767578125 2311.655517578125 877.80743408203125 550.9144287109375 303.61846923828125 3089.506591796875 1084.9925537109375 1907.162109375 0 0 1650.992431640625 542.24139404296875 1856.1749267578125 187.5142669677734375 1051.2994384765625 195.7254180908203125 266.159393310546875 1150.3712158203125 556.96221923828125 682.277099609375 3106.72607421875 5218.951171875 486.29791259765625 1120.302978515625 135.643890380859375 1296.943359375 1383.0601806640625
0 862.53082275390625 3300.998291015625 1661.722412109375 586.2847900390625 1222.034912109375 971.0361328125 2788.54248046875 606.1004638671875 570.19384765625 3531.6015625 284.82366943359375 2315.47265625 969.38897705078125 568.31439208984375 630.042236328125 1096.4136962890625 1566.02734375 498.086029052734375 2512.85302734375 2033.8529052734375 1658.6937255859375 742.2120361328125 489.885986328125 1193.93359375 1939.349853515625 510.476959228515625 703.3262939453125 912.72015380859375 697.02008056640625 281.7110595703125 0 0 0 16.404796600341796875 1388.5126953125 89.685821533203125 2645.975341796875 1150.23095703125 1120.14013671875 435.7662353515625 1021.8963623046875 2161.6083984375 426.205291748046875 203.941131591796875 537.59063720703125 105.0222625732421875 1071.1993408203125 110.5633087158203125 214.9478912353515625 1682.01611328125
833.84454345703125 1584.0433349609375 923.31109619140625 783.415283203125 914.10931396484375 1394.38671875 1023.5313720703125 1471.462646484375 639.41436767578125 9650.421875 7330.7431640625 401.798736572265625 1458.5701904296875 1019.81396484375 9.865631103515625 1004.444580078125 1423.048828125 1200.73974609375 445.05780029296875 1393.62353515625 871.4129638671875 1193.4666748046875 984.54632568359375 1283.75048828125 2008.0167236328125 39.14258575439453125 960.8865966796875 884.52734375 371.51947021484375 482.99249267578125 318.906463623046875 0 56.14533233642578125 0 0 0 0 0 420.34368896484375 4599.193359375 733.59197998046875 567.0181884765625 44.564434051513671875 1136.034912109375 285.87384033203125 2065.629150390625 909.1041259765625 509.992950439453125 1541.222900390625 4896.970703125 1040.54345703125
565.89825439453125 687.75439453125 513.49139404296875 415.77471923828125 364.884429931640625 661.2626953125 246.3631134033203125 548.47027587890625 606.59075927734375 1990.596923828125 787.502197265625 419.760833740234375 847.19512939453125 6159.98388671875 1309.4085693359375 809.39300537109375 1393.9794921875 741.7669677734375 344.141143798828125 728.0460205078125 1028.7711181640625 63.82470703125 3769.0380859375 3605.93017578125 3113.5615234375 889.58782958984375 821.52117919921875 738.4296875 563.83709716796875 305.430908203125 353.5068359375 0 865.905029296875 423.78338623046875 283.325439453125 1944.9334716796875 615.9779052734375 1236.028076171875 0 621.0860595703125 592.11114501953125 834.6959228515625 934.232421875 438.85418701171875 79.26573944091796875 1691.3756103515625 547.8616943359375 5872.70947265625 969.83447265625 103.46657562255859375 207.889434814453125
1646.94775390625 4924.3046875 1831.51611328125 1639.8192138671875 1544.17626953125 2175.40966796875 755.95220947265625 580.37091064453125 1022.6556396484375 466.873626708984375 1258.8082275390625 2877.718505859375 288.058807373046875 2771.908935546875 820.15362548828125 2557.463134765625 1559.298583984375 1022.154296875 692.37237548828125 2483.803466796875 4326.75244140625 2749.06982421875 213.8479766845703125 1419.0869140625 2193.632568359375 528.043701171875 486.772857666015625 996.18853759765625 1290.64892578125 524.00457763671875 988.6624755859375 1199.6043701171875 554.447265625 1821.484375 1078.32177734375 195.5477142333984375 2419.542236328125 931.4796142578125 187.4919891357421875 101.70084381103515625 374.261260986328125 2461.42626953125 294.040863037109375 776.7696533203125 479.030731201171875 134.7911376953125 286.275146484375 271.89105224609375 119.6711273193359375 518.240234375 1842.394775390625
1885.1640625 1063.7086181640625 4257.2607421875 1540.8236083984375 734.49114990234375 1934.5301513671875 962.06976318359375 1059.669189453125 1758.2158203125 397.23834228515625 2812.80029296875 2539.665283203125 1338.5565185546875 3815.716552734375 0 981.41741943359375 839.56060791015625 0 2678.18017578125 421.6160888671875 0 0 401.936614990234375 2126.28515625 5698.0068359375 1390.42919921875 217.4525909423828125 402.7335205078125 2638.592529296875 2733.906494140625 1048.3914794921875 96.03491973876953125 307.7730712890625 302.559173583984375 704.565673828125 2008.89892578125 1680.428466796875 0 0 0 1487.2801513671875 427.31011962890625 454.87640380859375 818.457763671875 915.3680419921875 2831.70166015625 2373.718505859375 2995.15283203125 520.92626953125 1155.767333984375 1807.51611328125
