ForecastVariables/BuildingFootprint_Mean_100m/BuildingFootprintMean_Random5.asc
ncols        529
nrows        344
xllcorner    2700.000000000000
yllcorner    15900.000000000000
cellsize     100.000000000000
NODATA_value  0
[rows 184 to 206 of 344, columns 204 to 254 of 529]
141.01190185546875 208.7305450439453125 1736.5438232421875 1511.851806640625 529.45086669921875 711.2418212890625 560.997802734375 893.3497314453125 2224.5048828125 359.96826171875 197.160186767578125 445.826995849609375 652.43408203125 197.7766265869140625 287.619171142578125 454.908050537109375 266.667205810546875 320.5572509765625 319.226959228515625 396.628082275390625 282.78277587890625 1472.554443359375 154.1445770263671875 669.65228271484375 290.454010009765625 502.836029052734375 106.8177490234375 37.451755523681640625 482.934112548828125 879.02685546875 2418.11376953125 256.24090576171875 5348.64501953125 762.47979736328125 222.55816650390625 1875.083740234375 228.192291259765625 374.329742431640625 1371.1712646484375 297.559234619140625 1471.794921875 930.80096435546875 152.17041015625 1605.737548828125 166.4528350830078125 1123.895263671875 1549.283447265625 7459.99072265625 1021.489990234375 1803.7867431640625 667.4202880859375
836.59814453125 22.790410995483398438 43.269439697265625 970.5335693359375 674.221923828125 1119.10400390625 1602.39013671875 51.938381195068359375 591.3856201171875 539.93218994140625 883.16534423828125 731.39654541015625 375.381744384765625 1905.4334716796875 337.072265625 243.2276763916015625 485.038238525390625 239.395843505859375 351.380340576171875 306.687896728515625 165.348541259765625 1590.43798828125 1784.73095703125 330.827056884765625 155.243011474609375 270.19219970703125 0 1962.1033935546875 762.5850830078125 203.7210693359375 315.073699951171875 894.72894287109375 570.4578857421875 210.054840087890625 749.4508056640625 268.513458251953125 754.73724365234375 331.247100830078125 1698.083740234375 742.5067138671875 967.14996337890625 767.357666015625 377.843780517578125 371.738494873046875 610.08599853515625 180.969757080078125 1074.46240234375 305.130889892578125 1437.9417724609375 2670.583251953125 877.15301513671875
1609.4468994140625 1524.96533203125 1318.2921142578125 1177.224853515625 2776.042724609375 3768.86376953125 340.37115478515625 817.98675537109375 2839.05810546875 758.4755859375 382.9278564453125 501.8878173828125 1829.6422119140625 412.71429443359375 136.9443817138671875 405.946929931640625 285.96417236328125 219.96563720703125 336.3330078125 393.79541015625 1331.54052734375 1159.336181640625 1403.681396484375 158.2692108154296875 178.8868408203125 554.6334228515625 74.778076171875 950.633056640625 441.682861328125 303.00732421875 479.609710693359375 452.083465576171875 174.469024658203125 423.245208740234375 993.952392578125 241.53875732421875 278.020782470703125 221.493133544921875 43.10312652587890625 407.183013916015625 251.848358154296875 248.470611572265625 142.0254974365234375 254.6112213134765625 219.624969482421875 282.50341796875 173.9056396484375 657.890380859375 642.016845703125 1253.924072265625 170.434326171875
552.3065185546875 1418.9915771484375 1273.5738525390625 1745.6317138671875 1946.134765625 1859.4305419921875 1377.993408203125 547.02197265625 581.0989990234375 582.84173583984375 490.0751953125 2265.660888671875 1377.29345703125 404.291412353515625 82.53012847900390625 199.30035400390625 293.947052001953125 362.593902587890625 247.070098876953125 440.06005859375 1615.2337646484375 561.97283935546875 861.30706787109375 1294.0732421875 411.764923095703125 622.17047119140625 170.947052001953125 1479.18310546875 1847.646484375 308.0782470703125 199.050537109375 692.30401611328125 607.311279296875 836.33209228515625 294.411529541015625 266.590911865234375 237.2867584228515625 223.6621246337890625 353.331634521484375 159.10858154296875 172.7124786376953125 189.6278228759765625 132.0370330810546875 152.221405029296875 147.7084808349609375 964.96856689453125 538.96746826171875 910.351318359375 749.858154296875 369.75311279296875 36.10515594482421875
2287.09765625 734.77313232421875 1849.36572265625 2206.83349609375 320.815277099609375 477.532501220703125 455.711090087890625 287.07830810546875 206.11053466796875 733.53857421875 886.75335693359375 2225.787109375 572.75396728515625 4401.396484375 196.7574920654296875 204.2800140380859375 381.6488037109375 480.393768310546875 389.628509521484375 311.32049560546875 132.0503082275390625 69.1607513427734375 473.633270263671875 0 0 173.789642333984375 138.8315887451171875 192.043548583984375 176.771331787109375 301.06884765625 340.87371826171875 365.740936279296875 385.862884521484375 248.8298492431640625 140.42596435546875 333.612823486328125 378.0855712890625 271.5184326171875 209.5688629150390625 262.83758544921875 319.786407470703125 254.4789276123046875 216.3269195556640625 221.2361602783203125 167.5102081298828125 235.35693359375 535.87066650390625 308.388946533203125 39.515422821044921875 100.00481414794921875 1285.83056640625
992.67822265625 36.407199859619140625 2365.523681640625 1076.416259765625 355.141021728515625 650.2064208984375 254.19525146484375 1109.7076416015625 579.16510009765625 745.7447509765625 225.4430694580078125 1487.7391357421875 2339.742431640625 803.4940185546875 1979.727294921875 135.5205078125 934.58099365234375 1011.30157470703125 1723.6229248046875 494.151214599609375 320.58221435546875 135.635101318359375 272.629180908203125 293.924102783203125 0 166.9984130859375 387.958892822265625 260.561431884765625 429.8040771484375 433.108306884765625 429.15350341796875 130.9159088134765625 106.6143798828125 310.66229248046875 299.488616943359375 237.7223358154296875 236.6157989501953125 452.54791259765625 334.502349853515625 188.7320709228515625 265.920745849609375 351.434661865234375 1701.469970703125 174.89263916015625 259.879425048828125 857.757568359375 321.48394775390625 705.97198486328125 1840.8636474609375 169.8594512939453125 1016.23046875
1089.9912109375 152.0413970947265625 1782.551025390625 92.1454315185546875 383.584869384765625 923.7335205078125 2098.22998046875 257.57391357421875 1203.4610595703125 133.23101806640625 866.3802490234375 497.555206298828125 224.127685546875 691.38360595703125 169.66009521484375 110.454315185546875 607.00079345703125 464.53497314453125 179.0594635009765625 2010.600341796875 98.3137054443359375 0 279.443267822265625 109.44423675537109375 244.5751800537109375 192.289215087890625 313.692230224609375 121.4919891357421875 295.315338134765625 291.5556640625 182.6024017333984375 203.26910400390625 130.5384674072265625 211.5547027587890625 382.7261962890625 260.071319580078125 398.376556396484375 292.9251708984375 251.17041015625 509.482208251953125 1137.4447021484375 470.446868896484375 330.006500244140625 107.77524566650390625 200.6065826416015625 0 63.747467041015625 733.7930908203125 576.685302734375 503.252655029296875 325.501556396484375
2068.465576171875 1319.525634765625 675.21600341796875 803.92578125 775.30816650390625 270.720977783203125 250.3029022216796875 723.17193603515625 1373.5963134765625 79.45745849609375 959.4356689453125 479.6500244140625 119.0502471923828125 845.01885986328125 297.609466552734375 291.338714599609375 938.1458740234375 983.97711181640625 423.582183837890625 216.551025390625 1249.4202880859375 715.37713623046875 3704.38232421875 146.109710693359375 181.28558349609375 223.8504638671875 262.0308837890625 140.343536376953125 276.26104736328125 470.70452880859375 85.6861724853515625 70.41060638427734375 635.53350830078125 289.656951904296875 91.21340179443359375 337.575408935546875 256.61260986328125 249.9348297119140625 194.163482666015625 512.68487548828125 513.8953857421875 329.960693359375 564.6990966796875 577.08587646484375 267.39569091796875 0 789.9222412109375 1845.321044921875 613.42510986328125 355.393890380859375 469.130889892578125
2501.7119140625 195.2424774169921875 2128.382080078125 1572.836181640625 1017.77069091796875 774.60595703125 2197.7568359375 480.687744140625 1287.3304443359375 276.934326171875 2229.18798828125 668.70068359375 317.38397216796875 389.830474853515625 1086.6173095703125 365.197662353515625 431.4288330078125 325.66925048828125 596.1600341796875 405.03045654296875 466.14306640625 31.650226593017578125 1333.756103515625 871.42877197265625 127.546966552734375 0 153.29534912109375 374.987274169921875 185.4064788818359375 369.34210205078125 34.7216949462890625 399.766448974609375 252.8505859375 405.703216552734375 179.6006317138671875 311.97088623046875 146.473114013671875 313.3302001953125 207.3796844482421875 724.479248046875 862.92425537109375 587.81463623046875 343.170074462890625 406.143096923828125 488.68109130859375 392.75994873046875 176.7398834228515625 712.1522216796875 544.4521484375 963.9609375 286.34735107421875
835.146240234375 2659.71337890625 1098.0875244140625 2155.097900390625 140.0139617919921875 1011.6298828125 1276.435791015625 244.389404296875 441.59881591796875 554.218017578125 1186.61279296875 561.4644775390625 721.33544921875 546.0050048828125 23.716905593872070312 645.21148681640625 241.8025665283203125 528.96844482421875 265.389984130859375 1785.0001220703125 578.72125244140625 726.82135009765625 1499.552490234375 435.96990966796875 825.248779296875 1437.0328369140625 363.161773681640625 0 845.55755615234375 3196.259765625 519.66412353515625 226.318115234375 253.0333404541015625 335.87652587890625 233.544647216796875 274.585205078125 356.29290771484375 322.7193603515625 416.88397216796875 430.0614013671875 133.6700286865234375 382.229736328125 232.3233795166015625 321.603790283203125 362.90777587890625 646.87127685546875 375.3541259765625 561.79150390625 397.35858154296875 143.54608154296875 271.241363525390625
2252.9521484375 818.69073486328125 1756.47509765625 5016.02392578125 369.05877685546875 1707.1778564453125 538.88970947265625 821.68426513671875 956.20751953125 1669.7874755859375 181.59716796875 282.006103515625 419.403106689453125 379.65997314453125 1312.26806640625 478.74920654296875 554.41033935546875 494.460601806640625 484.130828857421875 117.62039947509765625 945.50732421875 679.656494140625 954.48114013671875 1084.94189453125 600.93634033203125 756.192138671875 670.27203369140625 904.3466796875 550.9970703125 0 256.057647705078125 423.353790283203125 285.510528564453125 231.9772796630859375 256.791748046875 306.681243896484375 235.7281341552734375 327.440948486328125 209.8425750732421875 397.703216552734375 358.0255126953125 303.646087646484375 299.405303955078125 300.57940673828125 700.64984130859375 359.808349609375 1364.8643798828125 399.736297607421875 107.7713775634765625 887.6593017578125 429.6614990234375
2115.49267578125 442.25604248046875 399.66754150390625 1292.9388427734375 1332.0308837890625 1221.726318359375 930.8780517578125 2554.77392578125 105.63068389892578125 692.79833984375 512.31304931640625 1296.7884521484375 371.534393310546875 427.069366455078125 1024.578857421875 332.12701416015625 564.5965576171875 476.77740478515625 1069.57861328125 646.42205810546875 208.6450958251953125 580.533935546875 558.7735595703125 601.275634765625 517.82037353515625 242.6748199462890625 1893.91650390625 158.8537750244140625 488.642791748046875 246.54632568359375 516.21685791015625 357.379547119140625 425.5272216796875 942.498046875 722.58062744140625 362.406463623046875 517.59759521484375 429.43157958984375 338.001800537109375 371.283416748046875 188.2429962158203125 399.861724853515625 562.211181640625 1116.0086669921875 509.740142822265625 412.173583984375 1542.59033203125 2533.296630859375 827.8311767578125 984.1895751953125 38.36531829833984375
574.366943359375 1828.2130126953125 869.2420654296875 690.1317138671875 4959.7177734375 277.943511962890625 1207.635986328125 342.667572021484375 1766.3377685546875 297.3460693359375 291.572174072265625 683.80401611328125 896.80633544921875 899.51806640625 209.746337890625 768.88262939453125 404.51409912109375 511.19329833984375 1449.2581787109375 811.033203125 1735.5238037109375 342.365142822265625 349.000213623046875 619.4161376953125 876.91168212890625 440.115631103515625 471.353302001953125 505.257537841796875 244.4643707275390625 55.233440399169921875 722.99212646484375 4368.86279296875 2561.5673828125 818.9124755859375 2375.94775390625 13.466757774353027344 426.152099609375 420.883880615234375 299.611053466796875 191.1688385009765625 368.9288330078125 973.30633544921875 925.26983642578125 850.4700927734375 841.62054443359375 1007.917724609375 449.508636474609375 9203.1875 597.032470703125 260.960906982421875 1425.12353515625
2338.452880859375 2903.586181640625 1015.6693115234375 899.3931884765625 1232.28857421875 524.42926025390625 892.0587158203125 1030.4871826171875 748.6978759765625 748.845703125 88.14406585693359375 527.76837158203125 983.3577880859375 1432.837158203125 157.4591827392578125 610.55029296875 396.2320556640625 225.61651611328125 353.132720947265625 529.926513671875 397.791107177734375 223.71197509765625 258.981475830078125 536.310791015625 1089.844482421875 1078.849365234375 1122.7027587890625 80.994354248046875 524.4959716796875 217.4765472412109375 29.808698654174804688 380.399505615234375 1916.169921875 782.81219482421875 1002.77398681640625 388.825592041015625 718.8974609375 172.9669036865234375 342.058563232421875 822.89691162109375 262.966583251953125 1791.990478515625 1573.5048828125 309.900909423828125 491.84906005859375 647.3533935546875 698.345947265625 2346.791015625 116.887359619140625 837.98004150390625 203.6009063720703125
258.001190185546875 5217.97314453125 661.44317626953125 3089.46435546875 7021.5322265625 215.1342010498046875 301.841796875 1367.90234375 1002.992919921875 427.02703857421875 940.43115234375 2894.10546875 433.695709228515625 1434.599365234375 1524.1416015625 657.02984619140625 609.99615478515625 44.238552093505859375 190.7874603271484375 198.645355224609375 475.721527099609375 1221.8511962890625 2538.34130859375 2965.8046875 3262.86669921875 860.8253173828125 2116.727294921875 757.90704345703125 332.852996826171875 370.44659423828125 452.70501708984375 497.263458251953125 122.0298614501953125 1032.5509033203125 1306.255859375 100.5214996337890625 649.1514892578125 1693.7554931640625 25.588384628295898438 259.1513671875 189.9979248046875 566.3079833984375 617.7508544921875 544.08062744140625 92.94086456298828125 1070.633056640625 1128.538818359375 458.9510498046875 260.113983154296875 388.628814697265625 3893.860107421875
1501.9788818359375 3958.419921875 371.985015869140625 953.698486328125 1058.5562744140625 1080.75146484375 0 0 26.467273712158203125 255.9806671142578125 372.811248779296875 630.9361572265625 166.0261383056640625 98.76611328125 559.00665283203125 1155.85302734375 523.3778076171875 253.4292449951171875 159.1583709716796875 365.176116943359375 798.3934326171875 1845.7386474609375 1993.470703125 4846.2314453125 358.55560302734375 981.5234375 663.59942626953125 704.14508056640625 913.98675537109375 570.222900390625 83.47870635986328125 513.75146484375 326.88177490234375 859.49713134765625 761.28802490234375 1476.05810546875 472.716522216796875 688.21441650390625 139.947784423828125 1215.1221923828125 2588.002685546875 649.86749267578125 295.193023681640625 786.73291015625 931.3873291015625 0 2310.253173828125 807.4208984375 498.557373046875 0 982.00347900390625
725.14996337890625 1233.9588623046875 1265.7203369140625 2551.367431640625 748.828369140625 0 0 405.93408203125 394.62176513671875 416.424102783203125 780.8858642578125 745.93194580078125 1054.6925048828125 753.02850341796875 330.321197509765625 447.821136474609375 1063.978271484375 248.9138641357421875 189.6420745849609375 473.31488037109375 1917.7130126953125 1484.5400390625 301.074951171875 1837.5841064453125 1007.56243896484375 965.12115478515625 337.083648681640625 612.645751953125 1039.317626953125 625.88079833984375 200.9781494140625 768.1910400390625 0 264.29937744140625 641.57208251953125 291.8699951171875 557.4432373046875 581.4122314453125 5473.89111328125 0 15.297346115112304688 331.282073974609375 1529.8255615234375 488.52581787109375 351.78582763671875 726.11932373046875 1082.0234375 155.2116241455078125 369.49365234375 6.4116802215576171875 814.04180908203125
55.507526397705078125 874.39422607421875 1532.1336669921875 514.4306640625 0 0 0 0 0 0 177.8615570068359375 785.83447265625 230.07281494140625 190.3639068603515625 1393.365234375 353.036834716796875 658.33978271484375 810.88604736328125 403.543853759765625 1941.6995849609375 459.904693603515625 648.80010986328125 577.2432861328125 755.123046875 776.4468994140625 384.626251220703125 535.9725341796875 607.31341552734375 210.368255615234375 1200.5133056640625 346.5361328125 168.4048004150390625 0 1228.6556396484375 720.33673095703125 1010.34381103515625 430.16363525390625 143.4189910888671875 1917.3922119140625 247.62408447265625 489.254364013671875 645.5042724609375 760.1488037109375 441.4854736328125 947.11419677734375 231.9679412841796875 285.830108642578125 340.055816650390625 331.05340576171875 1897.451416015625 3377.19384765625
181.2237396240234375 1606.4803466796875 312.462738037109375 270.7542724609375 442.79827880859375 339.09283447265625 0 0 0 0 159.7196807861328125 1692.12890625 207.669921875 1064.87841796875 1189.012939453125 2031.64697265625 448.949310302734375 657.2930908203125 3340.8486328125 723.46563720703125 601.252685546875 785.70001220703125 519.25567626953125 252.338958740234375 884.60906982421875 683.60052490234375 757.15704345703125 432.41546630859375 292.178558349609375 1247.953125 492.209747314453125 1342.0662841796875 1384.0390625 642.94427490234375 1499.4390869140625 780.22698974609375 489.8314208984375 1420.9886474609375 584.2327880859375 526.51708984375 1787.973388671875 969.14276123046875 264.006622314453125 962.75518798828125 413.504302978515625 309.8563232421875 1884.9718017578125 1339.080078125 442.260284423828125 630.26824951171875 31.745990753173828125
0 307.67449951171875 265.791107177734375 452.13873291015625 2214.16796875 398.0977783203125 1213.478759765625 0 35.68276214599609375 189.273712158203125 265.361053466796875 168.5654754638671875 106.15067291259765625 549.51324462890625 615.582275390625 1283.0865478515625 706.5068359375 1223.2998046875 748.018310546875 1148.8909912109375 684.12432861328125 746.39208984375 74.8319854736328125 303.186492919921875 544.02191162109375 565.97955322265625 455.87921142578125 564.5980224609375 2319.1650390625 340.9620361328125 603.3677978515625 279.27349853515625 1249.3353271484375 750.20404052734375 1209.68798828125 935.53466796875 1070.99658203125 864.94921875 651.88348388671875 0 1145.9461669921875 37.097537994384765625 1412.67041015625 488.733184814453125 505.2303466796875 411.710418701171875 308.347564697265625 325.859161376953125 418.1124267578125 287.360687255859375 412.70404052734375
0 1708.65087890625 556.6605224609375 250.7760772705078125 770.810302734375 1538.673828125 110.597564697265625 342.870208740234375 0 0 0 320.478271484375 777.59356689453125 575.828125 0 1148.4178466796875 788.2401123046875 923.0640869140625 200.852325439453125 559.865478515625 1809.60205078125 296.479705810546875 384.88250732421875 703.21832275390625 1114.2174072265625 1016.890380859375 875.35491943359375 1105.9183349609375 1567.4197998046875 540.65313720703125 266.16094970703125 292.34832763671875 531.408447265625 743.44482421875 519.10028076171875 291.587432861328125 1684.4638671875 268.78955078125 1438.40283203125 316.047332763671875 653.37762451171875 60.681919097900390625 1671.8857421875 1815.47265625 1988.113037109375 346.330902099609375 309.833465576171875 323.553985595703125 400.184112548828125 566.4676513671875 1783.387451171875
0 0 206.0517730712890625 554.282958984375 407.917266845703125 423.35675048828125 213.3832244873046875 181.5586090087890625 236.4921875 0 0 79.7183990478515625 134.2978363037109375 390.363250732421875 248.76397705078125 511.893310546875 1330.0797119140625 708.503662109375 266.541015625 2238.84228515625 792.77044677734375 513.6646728515625 400.264190673828125 1046.8585205078125 1571.2911376953125 756.85614013671875 1135.700439453125 1789.3358154296875 1675.71875 855.55255126953125 360.4344482421875 277.774261474609375 400.873992919921875 1288.94970703125 1388.0899658203125 385.9659423828125 2294.502685546875 1252.7032470703125 65.71254730224609375 31.3531951904296875 802.55535888671875 906.06036376953125 236.1761627197265625 381.350616455078125 560.95587158203125 571.31646728515625 298.530517578125 469.585693359375 744.61279296875 600.755859375 43.699779510498046875
0 27.54228973388671875 0 0 377.0159912109375 216.9991302490234375 421.4703369140625 153.71185302734375 221.421173095703125 200.2133331298828125 1122.195068359375 0 0 0 1329.484130859375 58.714019775390625 2282.189697265625 612.89849853515625 972.30517578125 502.53515625 66.49810028076171875 741.51068115234375 1156.7197265625 1107.1121826171875 599.382080078125 661.9423828125 664.35870361328125 1165.8695068359375 737.38909912109375 696.9207763671875 374.025146484375 257.427581787109375 177.0978546142578125 1455.2081298828125 0 278.34600830078125 1013.89862060546875 1099.2117919921875 547.12945556640625 455.8870849609375 2409.603515625 1299.5577392578125 503.805877685546875 317.395782470703125 693.8787841796875 506.258758544921875 225.2445526123046875 415.171722412109375 518.8680419921875 1231.4017333984375 608.47137451171875
