ForecastVariables/BuildingFootprint_Mean_100m/BuildingFootprintMean_Random1.asc
ncols        529
nrows        344
xllcorner    2700.000000000000
yllcorner    15900.000000000000
cellsize     100.000000000000
NODATA_value  0
[rows 161 to 183 of 344, columns 204 to 254 of 529]
787.98638916015625 316.169097900390625 605.48101806640625 1309.81396484375 278.3890380859375 247.7469482421875 191.394500732421875 298.77972412109375 307.545135498046875 197.0325469970703125 272.458770751953125 479.777740478515625 1602.5748291015625 490.055877685546875 310.142242431640625 743.1689453125 1036.9625244140625 978.7352294921875 2870.7109375 792.95648193359375 491.675018310546875 358.464569091796875 129.2614288330078125 315.176910400390625 277.5845947265625 357.31817626953125 509.080291748046875 247.1617431640625 220.3105010986328125 169.2446746826171875 131.2675018310546875 198.60113525390625 375.09130859375 385.081634521484375 227.053497314453125 231.11016845703125 223.945831298828125 206.032806396484375 272.33905029296875 325.4134521484375 528.00494384765625 481.5716552734375 518.74761962890625 207.52301025390625 1191.276123046875 360.86358642578125 599.55303955078125 1157.6536865234375 98.79461669921875 577.822021484375 1961.0888671875
267.75115966796875 3433.8251953125 647.2767333984375 1533.895263671875 203.023712158203125 251.8587493896484375 243.64129638671875 284.989532470703125 406.388214111328125 511.442657470703125 301.46600341796875 352.806488037109375 364.707275390625 503.1737060546875 314.1866455078125 409.324432373046875 331.6226806640625 424.73980712890625 381.4996337890625 512.40814208984375 311.55572509765625 231.59149169921875 346.291778564453125 134.212738037109375 247.69696044921875 1178.2635498046875 254.33740234375 318.11700439453125 168.198150634765625 144.0509490966796875 142.17950439453125 217.8468017578125 330.6561279296875 366.4925537109375 231.853729248046875 381.17596435546875 225.0481109619140625 251.5112457275390625 262.023651123046875 381.76776123046875 518.34332275390625 459.8121337890625 22.515485763549804688 232.6484832763671875 283.210784912109375 321.2857666015625 1110.971435546875 549.664794921875 824.7017822265625 420.268524169921875 1101.3955078125
204.494873046875 925.15740966796875 607.05511474609375 329.837249755859375 272.007843017578125 242.930389404296875 169.275634765625 304.444854736328125 513.68218994140625 330.313873291015625 277.80010986328125 289.759185791015625 186.28472900390625 301.251708984375 235.9383392333984375 212.4207000732421875 364.0135498046875 251.456573486328125 284.996856689453125 347.404266357421875 242.436431884765625 250.7306976318359375 295.996826171875 355.28680419921875 422.66064453125 538.94586181640625 0 6.9548177719116210938 94.2154998779296875 130.1091461181640625 163.429595947265625 332.14739990234375 336.916961669921875 372.750579833984375 181.3110809326171875 211.3996429443359375 241.5662994384765625 303.67254638671875 314.478851318359375 338.8807373046875 556.78173828125 781.43463134765625 257.50238037109375 6963.6904296875 411.021514892578125 559.40386962890625 336.663787841796875 1533.447998046875 2259.548583984375 220.88824462890625 166.529571533203125
470.5499267578125 416.520263671875 159.697998046875 299.23333740234375 296.3189697265625 221.8212890625 361.15435791015625 284.132110595703125 280.42913818359375 250.3029937744140625 270.958099365234375 230.4801483154296875 203.4481964111328125 272.93988037109375 261.265411376953125 179.3074493408203125 311.583953857421875 219.0210113525390625 259.923583984375 226.1772003173828125 275.378265380859375 218.3525390625 289.67572021484375 287.001708984375 273.917999267578125 379.057037353515625 131.3397979736328125 510.8533935546875 163.509796142578125 752.2083740234375 477.29437255859375 235.3321990966796875 336.094940185546875 0 83.668121337890625 208.4196624755859375 253.710052490234375 238.44677734375 404.584564208984375 449.845428466796875 289.7498779296875 32.836765289306640625 197.659912109375 248.1440277099609375 873.12249755859375 574.2218017578125 618.0198974609375 1048.4141845703125 617.10601806640625 351.861846923828125 395.44464111328125
2026.708740234375 263.142303466796875 344.625701904296875 244.2062835693359375 250.8488922119140625 263.66778564453125 327.415771484375 208.7242431640625 204.549163818359375 329.754669189453125 230.9342041015625 204.281524658203125 328.36932373046875 351.291107177734375 382.453125 351.332855224609375 343.55712890625 319.528472900390625 223.8350982666015625 644.84161376953125 459.491790771484375 197.12646484375 285.828277587890625 424.33941650390625 271.705810546875 247.1119842529296875 247.71173095703125 224.95074462890625 171.3474578857421875 64.1917877197265625 28.906583786010742188 170.5202789306640625 138.045257568359375 0 289.188385009765625 164.153350830078125 268.363677978515625 104.4537200927734375 7.8138284683227539062 2304.27294921875 237.72613525390625 379.098297119140625 2060.68017578125 5611.70263671875 550.40240478515625 1658.108154296875 2122.822021484375 857.5623779296875 1078.9219970703125 433.58795166015625 181.0081329345703125
284.962921142578125 316.963104248046875 570.60284423828125 344.2816162109375 278.644989013671875 235.4102935791015625 3087.05419921875 116.19390869140625 181.918914794921875 179.2143707275390625 455.3648681640625 519.3236083984375 328.824127197265625 356.029083251953125 339.961456298828125 462.311492919921875 327.80517578125 247.46502685546875 197.95208740234375 222.860015869140625 343.172119140625 257.11553955078125 556.55548095703125 1183.3980712890625 493.20513916015625 475.86981201171875 356.342071533203125 240.7017822265625 188.1226959228515625 0 65.66440582275390625 341.014251708984375 101.80641937255859375 908.08172607421875 0 211.6324005126953125 263.8699951171875 297.06585693359375 325.200347900390625 427.224639892578125 96.20095062255859375 103.0734100341796875 2726.7998046875 24.56529998779296875 681.63232421875 584.976806640625 1329.95068359375 547.3040771484375 326.334381103515625 623.3533935546875 272.407135009765625
443.98779296875 343.970855712890625 422.6229248046875 383.602264404296875 427.90380859375 370.463531494140625 446.108642578125 585.4405517578125 326.13592529296875 305.21588134765625 290.657470703125 322.12908935546875 334.57196044921875 304.0589599609375 436.73779296875 379.71563720703125 348.650726318359375 279.286651611328125 190.0981292724609375 166.248565673828125 185.2774200439453125 263.98138427734375 1975.783935546875 403.552154541015625 244.409698486328125 339.259796142578125 312.66156005859375 307.13458251953125 150.7890167236328125 118.28247833251953125 158.9866943359375 332.47064208984375 154.8673858642578125 0 0 169.8079681396484375 212.83575439453125 160.6530303955078125 252.595306396484375 174.6346893310546875 402.974029541015625 306.844879150390625 1208.2469482421875 460.345947265625 1065.475830078125 820.81884765625 55.62104034423828125 1810.6512451171875 518.19952392578125 179.5927886962890625 455.802581787109375
370.878814697265625 515.27459716796875 373.6793212890625 464.68853759765625 276.69970703125 797.53814697265625 554.89398193359375 742.9078369140625 449.99932861328125 250.6785888671875 377.896636962890625 617.5286865234375 388.324249267578125 295.592803955078125 533.41131591796875 390.24786376953125 332.17303466796875 323.164581298828125 293.948974609375 202.169677734375 233.6202239990234375 790.4830322265625 393.5447998046875 341.087738037109375 231.5907745361328125 364.197235107421875 401.040802001953125 272.194427490234375 313.433441162109375 253.168975830078125 716.5531005859375 322.003082275390625 700.55621337890625 907.26593017578125 1197.868896484375 310.71990966796875 775.34515380859375 191.97235107421875 234.41058349609375 206.3626251220703125 205.071533203125 254.0931396484375 209.96807861328125 981.15728759765625 292.545654296875 379.735382080078125 56.7545013427734375 217.9404144287109375 310.613250732421875 870.60443115234375 1499.5582275390625
343.6865234375 342.40667724609375 247.9549560546875 357.170440673828125 372.795654296875 155.36090087890625 469.690643310546875 333.63616943359375 156.2794036865234375 314.339080810546875 248.1288909912109375 427.0523681640625 971.22027587890625 281.610809326171875 332.498626708984375 228.6744842529296875 224.07635498046875 532.3416748046875 303.15826416015625 225.2270050048828125 379.729095458984375 201.53521728515625 125.2580413818359375 320.940216064453125 294.4100341796875 394.56536865234375 446.779632568359375 421.290008544921875 383.5958251953125 220.7164154052734375 496.95526123046875 397.7928466796875 0 568.42510986328125 267.89678955078125 216.249786376953125 127.5308074951171875 446.0897216796875 2491.68994140625 297.739501953125 257.733856201171875 378.099578857421875 213.657318115234375 226.0023651123046875 116.7368621826171875 309.099517822265625 334.848846435546875 399.178619384765625 895.400390625 61.0982818603515625 5.5125870704650878906
374.410980224609375 523.4483642578125 237.9141387939453125 415.105438232421875 181.36785888671875 249.9367523193359375 190.1270904541015625 254.1000823974609375 553.47662353515625 231.354583740234375 313.428985595703125 267.9381103515625 308.384033203125 417.387969970703125 128.1236419677734375 488.564453125 222.0836334228515625 458.095611572265625 311.126739501953125 283.881103515625 356.36590576171875 380.562713623046875 293.127471923828125 214.8775634765625 610.8875732421875 284.65557861328125 270.748931884765625 310.3719482421875 218.1630859375 0 0 672.35113525390625 883.6715087890625 149.07916259765625 922.224365234375 171.2039642333984375 235.78143310546875 234.504669189453125 218.9341888427734375 1139.0872802734375 512.1556396484375 362.054718017578125 338.9195556640625 276.35113525390625 315.9061279296875 463.096954345703125 987.24530029296875 708.48876953125 1252.914794921875 294.573272705078125 367.896759033203125
612.46746826171875 197.802703857421875 415.282928466796875 238.9316253662109375 247.8084259033203125 294.7186279296875 385.9891357421875 224.7396392822265625 433.93902587890625 239.5670013427734375 251.573150634765625 439.415313720703125 566.58221435546875 433.39361572265625 247.37890625 1193.270263671875 1191.6431884765625 579.7506103515625 1081.54736328125 263.93341064453125 371.465576171875 160.62701416015625 263.19049072265625 329.868133544921875 350.714263916015625 231.1194915771484375 293.624908447265625 233.7208404541015625 630.67822265625 1155.2337646484375 1009.9212646484375 368.215179443359375 105.1412200927734375 329.972015380859375 337.527435302734375 251.3402099609375 201.24359130859375 356.976287841796875 782.89459228515625 174.2488250732421875 254.339935302734375 494.165008544921875 273.783905029296875 257.825347900390625 666.31988525390625 468.345794677734375 403.33013916015625 539.98388671875 464.416412353515625 116.5840911865234375 257.800262451171875
420.780914306640625 320.14923095703125 301.46136474609375 382.614227294921875 239.6707305908203125 275.360626220703125 351.846038818359375 260.77288818359375 357.79437255859375 222.8432464599609375 314.967437744140625 1070.771240234375 438.946136474609375 377.2733154296875 1917.5963134765625 2155.688232421875 908.28955078125 344.673309326171875 611.40802001953125 518.0047607421875 1005.99560546875 833.33203125 141.1353759765625 148.107940673828125 214.352783203125 385.77294921875 302.1357421875 258.132171630859375 28.136102676391601562 412.943389892578125 157.4861907958984375 0 702.48834228515625 387.669769287109375 63.6769256591796875 172.194854736328125 281.992431640625 283.815399169921875 498.694915771484375 579.58782958984375 259.99884033203125 165.36114501953125 229.7083587646484375 374.543609619140625 388.920318603515625 584.40966796875 269.925079345703125 305.007843017578125 278.863525390625 380.99755859375 320.543304443359375
583.558837890625 1589.538330078125 273.97283935546875 404.67645263671875 331.002777099609375 417.271392822265625 459.40631103515625 458.95281982421875 325.95806884765625 568.88787841796875 386.29071044921875 523.6644287109375 530.9466552734375 179.57373046875 279.668487548828125 85.2942657470703125 1952.1707763671875 379.816497802734375 469.488494873046875 735.80364990234375 594.15423583984375 625.21197509765625 224.3450775146484375 274.55584716796875 273.572540283203125 351.938232421875 216.9596710205078125 0 99.11301422119140625 0 0 165.53179931640625 184.2959442138671875 256.617462158203125 409.7232666015625 2428.512939453125 250.85302734375 398.834808349609375 319.001220703125 237.3217010498046875 205.751251220703125 77.2615509033203125 249.2668304443359375 760.79632568359375 231.8145751953125 358.182403564453125 329.372894287109375 231.46881103515625 126.02947235107421875 181.5400543212890625 212.7734375
459.43914794921875 256.028778076171875 378.187225341796875 273.62420654296875 1772.19873046875 487.000030517578125 216.97784423828125 416.18450927734375 185.2460784912109375 321.9864501953125 379.491363525390625 402.08154296875 363.879974365234375 262.308929443359375 269.680938720703125 0 223.5340576171875 383.44512939453125 550.86199951171875 448.015350341796875 419.291473388671875 662.37286376953125 0 422.8907470703125 37.932598114013671875 345.082489013671875 136.7794342041015625 0 381.176177978515625 0 0 233.67730712890625 516.80120849609375 395.08453369140625 43.996307373046875 1559.8016357421875 214.6825714111328125 177.80511474609375 298.882537841796875 388.65899658203125 479.66253662109375 391.440277099609375 279.774932861328125 550.98309326171875 498.611846923828125 230.62628173828125 179.8930511474609375 232.391845703125 139.465972900390625 246.1240081787109375 307.855926513671875
80.12470245361328125 265.84136962890625 136.7928009033203125 188.4986724853515625 1478.174560546875 1570.6297607421875 264.45794677734375 549.32574462890625 229.5736083984375 209.3068695068359375 142.6193695068359375 321.109375 557.3778076171875 328.31591796875 55.5532073974609375 0 427.651947021484375 543.7650146484375 244.6755218505859375 540.71588134765625 578.24005126953125 316.68792724609375 0 0 0 197.989166259765625 0.12856140732765197754 588.37982177734375 0 0 0 521.8155517578125 432.661865234375 365.362701416015625 409.8565673828125 501.63165283203125 198.6745452880859375 268.49395751953125 282.48211669921875 322.511444091796875 213.513397216796875 310.395660400390625 260.672576904296875 446.092529296875 472.6287841796875 470.66748046875 176.8992462158203125 118.54761505126953125 145.1568603515625 246.3095550537109375 197.8603363037109375
623.9412841796875 1763.1199951171875 462.161834716796875 293.755828857421875 387.397186279296875 1291.7919921875 828.835205078125 217.929351806640625 450.92108154296875 480.420867919921875 411.68780517578125 441.24560546875 71.518707275390625 380.559814453125 800.75823974609375 370.9908447265625 197.7555999755859375 731.7388916015625 366.71826171875 367.117828369140625 796.81829833984375 0 0 0 0 0 0 0 416.616180419921875 23.177526473999023438 545.312255859375 321.53778076171875 199.181793212890625 629.76617431640625 247.9815521240234375 256.51544189453125 156.8036956787109375 154.43060302734375 224.4175567626953125 366.69903564453125 2656.9208984375 6555.65625 1472.4991455078125 1604.50830078125 1567.96484375 298.3985595703125 1844.696533203125 607.41119384765625 273.890106201171875 294.695587158203125 238.181427001953125
1102.9969482421875 520.59088134765625 548.85833740234375 1239.6925048828125 718.2623291015625 818.4774169921875 2638.296875 409.100555419921875 402.915924072265625 465.50592041015625 326.835052490234375 488.4915771484375 576.77667236328125 543.961669921875 904.126220703125 0 102.5695648193359375 1182.1881103515625 611.29156494140625 1211.35498046875 240.541534423828125 0 0 0 0 0 0 0 68.205230712890625 40.035846710205078125 59.61667633056640625 98.03466796875 291.906341552734375 229.2590179443359375 181.4057159423828125 537.480712890625 351.783111572265625 226.4643402099609375 228.9445343017578125 740.54058837890625 467.558868408203125 1086.196044921875 2075.6962890625 171.161376953125 567.79058837890625 625.57379150390625 556.1368408203125 338.01336669921875 514.13018798828125 101.42761993408203125 362.03497314453125
1179.1904296875 319.30499267578125 1193.2598876953125 670.34161376953125 360.05206298828125 1020.593505859375 377.067657470703125 692.61883544921875 436.937469482421875 368.230743408203125 379.20904541015625 395.20721435546875 876.51287841796875 1844.2274169921875 354.73870849609375 226.1886138916015625 193.3195648193359375 442.01983642578125 460.4769287109375 284.66644287109375 245.1949920654296875 457.957000732421875 0 115.84511566162109375 0 0 0 0 0 90.68299102783203125 99.7371673583984375 19.783397674560546875 462.94891357421875 632.5701904296875 236.7178497314453125 25.651266098022460938 313.1136474609375 273.739227294921875 368.547882080078125 594.39166259765625 213.435302734375 1255.02587890625 147.98095703125 341.8653564453125 399.310089111328125 477.7786865234375 187.2463531494140625 698.52801513671875 2288.55908203125 0 538.97442626953125
1043.058349609375 734.9996337890625 340.624847412109375 639.18182373046875 147.8126220703125 695.59326171875 126.16204833984375 707.3740234375 657.72613525390625 385.879302978515625 441.1214599609375 271.05352783203125 607.10150146484375 736.48101806640625 709.2503662109375 227.073211669921875 255.1250762939453125 332.743408203125 372.534881591796875 243.2734832763671875 411.45916748046875 720.69342041015625 38.827789306640625 0 0 668.64520263671875 0 0 0 0 0 281.802032470703125 314.162750244140625 256.105438232421875 343.0843505859375 117.03033447265625 176.6069488525390625 181.4676361083984375 342.99835205078125 289.42950439453125 220.64239501953125 2612.41455078125 412.86639404296875 373.598297119140625 155.781036376953125 209.675262451171875 334.459991455078125 466.85968017578125 1325.931640625 819.97222900390625 5856.8154296875
402.11492919921875 3748.039794921875 0 682.5303955078125 559.951416015625 801.97979736328125 221.2005462646484375 603.636474609375 742.42388916015625 613.2850341796875 440.726959228515625 232.656524658203125 473.84197998046875 501.269500732421875 79.45700836181640625 248.1307373046875 384.422119140625 299.08599853515625 495.378021240234375 514.62823486328125 552.27850341796875 400.6021728515625 2164.053466796875 0 0 0 0 0 0 0 54.718597412109375 81.64849090576171875 1336.359619140625 445.79986572265625 1298.8050537109375 73.43399810791015625 406.645782470703125 831.95166015625 727.5533447265625 235.989837646484375 271.914825439453125 345.81243896484375 581.9305419921875 1382.958251953125 589.94171142578125 298.304412841796875 513.5860595703125 927.08984375 1421.125 802.49896240234375 954.9892578125
1227.68701171875 494.36029052734375 786.57916259765625 703.09783935546875 403.21759033203125 752.1053466796875 675.19964599609375 384.66522216796875 769.0028076171875 286.52044677734375 408.730010986328125 186.2324676513671875 746.19818115234375 320.27850341796875 281.276824951171875 183.5953216552734375 116.027862548828125 463.971923828125 174.9518585205078125 291.001220703125 844.99627685546875 343.73602294921875 140.8470001220703125 421.969879150390625 0 0 0 0 0 0 0 0 0 1246.5333251953125 1013.50823974609375 658.83074951171875 595.3873291015625 707.57794189453125 415.884674072265625 283.738983154296875 718.09619140625 497.437896728515625 643.05438232421875 956.17236328125 2128.8671875 1438.13525390625 768.43048095703125 1573.520263671875 770.681640625 2310.532958984375 457.8076171875
939.54217529296875 2297.582275390625 5273.421875 781.9976806640625 1590.9482421875 530.54486083984375 1055.0811767578125 203.50177001953125 782.428955078125 150.841552734375 284.381195068359375 403.910247802734375 322.697967529296875 358.31683349609375 130.02191162109375 106.37158203125 192.0011749267578125 366.740203857421875 506.490081787109375 414.859130859375 599.11004638671875 266.878326416015625 156.90850830078125 864.52117919921875 416.84246826171875 648.36529541015625 157.784454345703125 292.241119384765625 0 123.63127899169921875 560.891357421875 688.64404296875 369.00390625 560.10400390625 712.50006103515625 126.47907257080078125 655.34893798828125 405.5458984375 296.573150634765625 405.564208984375 293.643646240234375 917.94842529296875 350.940704345703125 1323.7708740234375 45.548740386962890625 65.40973663330078125 363.24468994140625 2120.664306640625 2485.252685546875 732.18475341796875 303.848663330078125
169.602874755859375 4886.84228515625 178.947235107421875 1579.9705810546875 161.87371826171875 984.66912841796875 561.989990234375 146.7305755615234375 478.563629150390625 1539.1566162109375 460.129058837890625 563.81536865234375 336.327972412109375 224.112091064453125 141.382537841796875 200.7505035400390625 104.38687896728515625 340.48077392578125 752.0623779296875 473.664520263671875 339.764068603515625 525.04644775390625 541.2347412109375 687.37841796875 278.48291015625 92.501312255859375 493.036346435546875 209.5445709228515625 149.9159393310546875 1614.351806640625 1117.901123046875 759.8648681640625 119.30599212646484375 2866.070556640625 3249.1064453125 718.4364013671875 193.392852783203125 725.05963134765625 956.3875732421875 541.6650390625 884.0870361328125 1920.6650390625 352.3321533203125 4500.10302734375 1287.7454833984375 1118.1734619140625 842.2462158203125 336.6014404296875 1908.891357421875 695.46343994140625 602.87005615234375
