ForecastVariables/BuildingFootprint_Mean_100m/BuildingFootprintMean_Random1.asc
ncols        529
nrows        344
xllcorner    2700.000000000000
yllcorner    15900.000000000000
cellsize     100.000000000000
NODATA_value  0
[rows 138 to 160 of 344, columns 357 to 407 of 529]
0 0 485.350860595703125 784.5028076171875 1757.9283447265625 1713.6396484375 1361.3360595703125 914.8243408203125 308.669097900390625 441.925933837890625 456.3416748046875 593.15850830078125 495.508056640625 349.945068359375 742.0638427734375 522.27105712890625 581.11798095703125 989.43060302734375 726.8057861328125 1013.17572021484375 838.603271484375 365.66986083984375 809.9376220703125 1169.1778564453125 1152.9647216796875 645.84283447265625 1073.3580322265625 1308.4088134765625 774.79388427734375 701.000244140625 541.25836181640625 421.63037109375 628.2781982421875 471.501434326171875 583.1910400390625 649.06976318359375 758.84954833984375 347.296966552734375 401.990692138671875 291.371673583984375 442.203033447265625 587.1922607421875 2971.356201171875 6399.68896484375 4240.84619140625 0 1608.7396240234375 3845.427978515625 263.61431884765625 2534.548583984375 943.94744873046875
0 0 0 0 122.98058319091796875 3619.16162109375 1226.7889404296875 528.08154296875 2497.97900390625 2963.97900390625 0 373.217529296875 737.5081787109375 3.9003179073333740234 1030.4410400390625 999.0224609375 3793.648681640625 484.091064453125 0 1255.446044921875 799.698486328125 242.426361083984375 167.1067962646484375 2914.91796875 2191.01513671875 1205.9107666015625 591.45245361328125 845.13250732421875 409.839019775390625 758.5443115234375 522.6090087890625 639.16387939453125 628.9766845703125 987.1011962890625 1528.101318359375 757.00396728515625 420.298614501953125 294.235748291015625 183.2158355712890625 307.526153564453125 469.778228759765625 1132.37939453125 628.99383544921875 864.9544677734375 291.33013916015625 62.1080780029296875 92.86801910400390625 807.94049072265625 945.225830078125 3757.750244140625 757.2061767578125
0 0 0 0 0 562.367431640625 773.13037109375 1034.58837890625 603.90045166015625 293.581634521484375 1488.7373046875 104.0862579345703125 699.9305419921875 1948.0377197265625 182.5316162109375 537.916748046875 2241.704345703125 1276.3162841796875 1317.2498779296875 340.4864501953125 679.3033447265625 50.37021636962890625 1502.4241943359375 449.56573486328125 1512.80078125 374.22381591796875 584.38360595703125 867.6484375 1062.7889404296875 452.646942138671875 936.33416748046875 545.3153076171875 549.29656982421875 492.744476318359375 1435.5958251953125 773.70233154296875 459.210540771484375 262.374359130859375 374.704132080078125 259.73974609375 438.0245361328125 404.971405029296875 559.71002197265625 202.6373291015625 1902.40087890625 1068.3193359375 580.7960205078125 2522.8603515625 9476.9287109375 738.80755615234375 0.57293868064880371094
0 0 0 0 53.4636993408203125 535.8544921875 1261.977783203125 2672.7978515625 2702.75634765625 643.46710205078125 7746.26611328125 2367.0380859375 661.937744140625 295.63641357421875 641.66400146484375 548.7850341796875 419.694183349609375 4616.3037109375 3287.959716796875 1689.5205078125 700.29931640625 0 0 0 173.0625762939453125 614.28533935546875 712.84912109375 614.63665771484375 1358.6590576171875 1193.578125 723.2181396484375 411.928802490234375 749.1361083984375 634.62652587890625 2116.02392578125 314.348480224609375 632.16058349609375 384.911834716796875 318.4439697265625 521.82293701171875 720.3651123046875 454.346160888671875 1176.8502197265625 1494.4833984375 1062.312744140625 3388.29638671875 3521.990234375 540.75250244140625 1150.4456787109375 0 175.14837646484375
0 0 0 0 0 0 139.0797882080078125 1919.4178466796875 0 216.34649658203125 2378.7490234375 2344.83349609375 1302.4580078125 18.848316192626953125 1728.7645263671875 1827.3837890625 343.3214111328125 1891.3795166015625 884.3369140625 786.23834228515625 3314.34423828125 0 0 0 546.43035888671875 492.441986083984375 712.50274658203125 675.4945068359375 750.71136474609375 699.506591796875 423.960601806640625 676.34942626953125 726.25286865234375 715.30438232421875 432.814208984375 414.114044189453125 1242.6165771484375 421.048553466796875 262.242279052734375 437.628570556640625 251.1482696533203125 758.82745361328125 524.7803955078125 422.6192626953125 454.436920166015625 1065.4005126953125 343.1922607421875 2767.109130859375 0 31.937923431396484375 905.53228759765625
0 0 0 0 0 0 0 0 0 0 450.75469970703125 508.190338134765625 1387.7630615234375 1102.5489501953125 2599.349365234375 1447.6627197265625 1845.6239013671875 1495.557861328125 1467.5439453125 1503.5770263671875 813.024169921875 467.65081787109375 0 1840.7855224609375 1303.3603515625 1372.7164306640625 589.9400634765625 1259.00341796875 349.07666015625 420.128753662109375 403.00335693359375 562.9305419921875 789.97991943359375 459.18524169921875 494.576416015625 388.4432373046875 730.59881591796875 306.010772705078125 174.015533447265625 1126.84912109375 1511.0172119140625 164.759002685546875 3621.735595703125 206.5105438232421875 344.84979248046875 236.949188232421875 3335.7509765625 800.8751220703125 907.79046630859375 0 0
0 0 0 0 0 0 0 0 0 0 774.52703857421875 496.934814453125 415.220184326171875 175.227691650390625 664.36614990234375 140.659515380859375 2282.954833984375 1024.2730712890625 954.39080810546875 1110.3211669921875 1586.33642578125 101.870849609375 7070.3935546875 291.089263916015625 2319.1474609375 8778.525390625 1272.490234375 930.701171875 2592.085205078125 771.84393310546875 329.957427978515625 604.0843505859375 386.472015380859375 316.047393798828125 816.64923095703125 553.4158935546875 427.456787109375 233.5377197265625 38.712253570556640625 6008.076171875 1441.2637939453125 484.937164306640625 6.2410516738891601562 1446.552490234375 81.4478912353515625 1501.92529296875 3177.19677734375 2122.850341796875 111.32241058349609375 528.8331298828125 0
0 0 0 0 0 0 0 261.21405029296875 0 0 410.677459716796875 606.06744384765625 1188.0848388671875 156.390777587890625 233.19781494140625 826.985595703125 2421.64697265625 863.0830078125 2289.235595703125 544.0340576171875 1409.531982421875 95.08200836181640625 1663.9403076171875 0 1297.6435546875 2048.296630859375 680.68438720703125 1058.5093994140625 1127.5859375 560.15740966796875 211.276763916015625 342.707244873046875 336.75189208984375 290.48089599609375 203.2577362060546875 338.98992919921875 539.98126220703125 744.7440185546875 0 554.48046875 225.1364288330078125 0 3037.7138671875 319.014251708984375 1426.2120361328125 1737.14794921875 2826.01171875 1434.4359130859375 5552.94970703125 2600.49609375 2191.01416015625
747.15460205078125 458.944061279296875 1569.7154541015625 463.324249267578125 0 0 0 0 0 421.7655029296875 162.6678619384765625 960.33453369140625 873.4725341796875 255.70428466796875 455.4674072265625 631.16802978515625 625.40264892578125 1076.4775390625 170.1815948486328125 256.86236572265625 3231.794921875 1487.270263671875 1269.4189453125 4144.951171875 422.15386962890625 450.27880859375 1275.4776611328125 1118.7054443359375 440.4237060546875 312.771636962890625 172.5244293212890625 172.1624298095703125 174.9330596923828125 73.54376220703125 276.812042236328125 143.982025146484375 1225.59765625 368.50897216796875 10.119162559509277344 7262.0361328125 6987.06787109375 7.8825507164001464844 1087.0584716796875 2234.67626953125 55.008968353271484375 861.6134033203125 1160.9068603515625 3903.400634765625 1312.896240234375 1952.9364013671875 284.291046142578125
935.4674072265625 453.1446533203125 317.00341796875 790.4959716796875 401.28564453125 1450.8642578125 639.49237060546875 534.20904541015625 525.17059326171875 322.386688232421875 221.5287933349609375 1604.1046142578125 203.4875335693359375 164.705108642578125 803.717529296875 183.4162445068359375 964.81707763671875 981.36083984375 1263.4598388671875 264.0133056640625 1017.0888671875 296.44085693359375 413.6434326171875 1028.5025634765625 7662.05810546875 1161.6326904296875 311.93536376953125 284.4998779296875 390.49609375 292.64617919921875 167.0708465576171875 225.4134063720703125 141.150421142578125 234.7909698486328125 351.9761962890625 323.79669189453125 1789.8297119140625 759.240234375 3689.939697265625 9999.94921875 5105.6142578125 1183.083251953125 811.28680419921875 1293.6229248046875 813.54058837890625 92.9445648193359375 5257.1953125 2512.7216796875 800.2532958984375 577.14971923828125 1727.82568359375
6141.42578125 664.53326416015625 682.05047607421875 340.030242919921875 422.784423828125 375.262451171875 394.5684814453125 333.45391845703125 308.562103271484375 216.3022003173828125 257.377655029296875 787.2841796875 311.917999267578125 50.491657257080078125 989.8262939453125 0 617.75042724609375 1002.0025634765625 99.2122955322265625 1290.442138671875 1005.6785888671875 8079.75146484375 3095.628173828125 4418.74658203125 717.44805908203125 2325.997802734375 660.489013671875 323.848297119140625 329.678466796875 237.786163330078125 207.22735595703125 167.1670684814453125 99.2545928955078125 150.845855712890625 396.649017333984375 1036.51318359375 181.3779449462890625 556.45770263671875 4528.53955078125 7776.73388671875 487.56463623046875 1907.606201171875 683.255615234375 6162.77783203125 76.9476776123046875 591.47210693359375 1280.201416015625 671.35076904296875 625.77130126953125 817.34075927734375 4002.12841796875
824.7313232421875 45.754436492919921875 0 0 0 50.690093994140625 298.1177978515625 309.203460693359375 1181.447021484375 355.110626220703125 1219.504150390625 653.25714111328125 817.7757568359375 979.703369140625 376.48199462890625 0 0 367.2347412109375 10899.31640625 677.25042724609375 322.7801513671875 5201.87939453125 2302.409423828125 1451.213623046875 185.47100830078125 842.14971923828125 1516.7628173828125 176.774993896484375 279.941131591796875 264.751922607421875 347.6024169921875 486.58770751953125 266.7386474609375 446.358642578125 1690.174072265625 1071.4329833984375 0 2380.083251953125 2859.001953125 495.826751708984375 659.9163818359375 367.197174072265625 1157.3514404296875 313.516357421875 552.09271240234375 783.666259765625 934.5277099609375 2230.31103515625 1131.5985107421875 1292.8646240234375 934.01434326171875
258.348052978515625 620.760986328125 1338.9837646484375 333.37835693359375 1428.1201171875 222.65997314453125 105.79022979736328125 0 130.0157012939453125 0.036954656243324279785 0 68.3343963623046875 430.567169189453125 96.23120880126953125 0 3590.06591796875 1584.125 1079.8253173828125 320.8475341796875 243.444793701171875 281.420135498046875 1195.86572265625 2060.253173828125 5859.41064453125 895.83795166015625 1833.341796875 534.680908203125 224.750213623046875 106.57387542724609375 1043.853271484375 4569.265625 6839.58935546875 749.547607421875 872.759033203125 1748.8612060546875 559.2320556640625 2073.275634765625 8919.984375 6753.4580078125 1190.39599609375 683.03350830078125 5786.8564453125 3569.984375 1273.631591796875 1575.729736328125 595.247314453125 658.03253173828125 1072.7474365234375 1077.083251953125 881.21160888671875 25.40325927734375
694.53106689453125 393.7349853515625 721.84320068359375 350.8463134765625 839.19140625 480.61053466796875 690.11920166015625 534.26434326171875 811.18206787109375 3797.73779296875 620.58685302734375 668.90435791015625 534.4027099609375 779.14288330078125 690.63525390625 834.14385986328125 508.624237060546875 485.765899658203125 263.44183349609375 210.353485107421875 256.90362548828125 479.051239013671875 423.584564208984375 417.06121826171875 15.881079673767089844 1922.434326171875 1172.88916015625 4146.501953125 2034.90478515625 503.531829833984375 7101.611328125 5391.787109375 0 783.5101318359375 1770.0382080078125 462.70550537109375 7062.0859375 8428.05078125 1853.5302734375 8631.7783203125 4803.0107421875 912.05694580078125 1209.53515625 2220.997802734375 1188.47119140625 54.9431610107421875 1193.433349609375 2039.24853515625 871.87835693359375 1332.695068359375 0
789.17071533203125 415.98876953125 1217.6951904296875 436.362762451171875 618.2415771484375 447.601318359375 973.98394775390625 318.797088623046875 3354.979248046875 1444.25244140625 503.09814453125 645.1278076171875 822.13018798828125 618.072265625 509.741485595703125 532.8712158203125 875.6640625 626.034912109375 294.604766845703125 489.557281494140625 513.0181884765625 745.3551025390625 756.410888671875 266.727691650390625 459.4033203125 300.15045166015625 2473.128173828125 731.585693359375 2345.352294921875 3323.739501953125 275.928955078125 2231.37060546875 153.897857666015625 8356.5712890625 9076.123046875 8636.6611328125 8552.9423828125 1271.037353515625 342.6396484375 1870.126953125 5493.7783203125 812.93194580078125 619.2762451171875 3321.297119140625 1451.856689453125 1677.4949951171875 2168.242431640625 739.69610595703125 1079.1407470703125 0 0
474.88165283203125 1128.53125 1428.2166748046875 543.83917236328125 4053.10400390625 177.4248809814453125 212.6112060546875 300.700653076171875 662.218505859375 840.86041259765625 1344.8548583984375 910.64208984375 770.8519287109375 1307.5596923828125 524.172607421875 460.240386962890625 321.50347900390625 304.63909912109375 366.81707763671875 641.7545166015625 621.44171142578125 386.51239013671875 835.8514404296875 452.238677978515625 313.08563232421875 436.94189453125 828.46429443359375 2180.589111328125 361.997344970703125 1289.3697509765625 774.2333984375 1057.373291015625 859.97796630859375 8122.7939453125 7227.18798828125 4583.1533203125 265.94891357421875 0 2648.32275390625 7931.0322265625 1916.1658935546875 1085.7685546875 3130.694580078125 2639.9677734375 42.84820556640625 343.503326416015625 601.04937744140625 715.86376953125 0.24383281171321868896 0 0
633.72509765625 332.095367431640625 477.86846923828125 527.2052001953125 832.567138671875 526.6947021484375 650.69415283203125 334.2669677734375 443.503875732421875 652.14447021484375 262.913360595703125 965.42425537109375 473.372833251953125 815.91082763671875 636.7384033203125 551.27587890625 591.49749755859375 271.240631103515625 272.800079345703125 486.67333984375 183.63677978515625 397.580230712890625 961.5133056640625 377.780059814453125 305.32989501953125 404.478790283203125 459.103271484375 858.29962158203125 1555.5538330078125 1145.6953125 440.073211669921875 640.73248291015625 1477.275146484375 0 0 0 1209.6156005859375 2586.665771484375 2284.360595703125 765.762451171875 1054.744140625 2654.93798828125 3697.776123046875 869.986328125 825.7908935546875 1543.800048828125 815.40020751953125 818.62774658203125 0 0 0
706.05389404296875 1651.00927734375 196.3023223876953125 163.4902801513671875 579.41790771484375 2539.1982421875 535.0433349609375 1224.596923828125 460.682830810546875 699.1634521484375 507.538238525390625 754.8135986328125 680.67425537109375 1279.3453369140625 453.0098876953125 480.21337890625 844.1273193359375 220.0121002197265625 694.99481201171875 455.410675048828125 497.234283447265625 266.90521240234375 252.6737060546875 235.456756591796875 287.47369384765625 273.802642822265625 528.69683837890625 321.51019287109375 1080.4942626953125 5805.60107421875 3139.4267578125 712.441162109375 2306.18212890625 0 0 0 383.791778564453125 1035.7825927734375 2304.17529296875 2395.397705078125 1124.0638427734375 953.11102294921875 2756.731689453125 1089.79248046875 2870.653076171875 1584.5628662109375 1310.6484375 66.4027862548828125 0 0 0
942.27947998046875 587.45361328125 1424.2684326171875 241.121063232421875 482.469696044921875 3086.58740234375 556.2618408203125 440.414520263671875 479.959014892578125 1274.6688232421875 816.93731689453125 415.930938720703125 381.973541259765625 825.71893310546875 234.361480712890625 518.5653076171875 2077.977783203125 563.0657958984375 376.289703369140625 695.88531494140625 304.672943115234375 282.571533203125 315.7559814453125 233.865936279296875 189.449493408203125 265.29473876953125 70.16220855712890625 9.816226959228515625 2151.8955078125 344.15484619140625 563.5640869140625 2008.22265625 304.0018310546875 30.31554412841796875 612.5535888671875 0 0 0 0 118.93239593505859375 663.42767333984375 902.904052734375 742.83428955078125 2530.142578125 1465.7755126953125 741.3392333984375 1226.8409423828125 0 0 0 0
876.1552734375 484.4974365234375 922.4068603515625 582.36578369140625 723.22491455078125 261.14337158203125 653.50286865234375 269.240692138671875 363.471771240234375 574.20367431640625 424.229156494140625 498.720733642578125 1545.1243896484375 478.138671875 233.1863555908203125 1171.50537109375 438.755340576171875 369.769012451171875 759.3912353515625 739.2769775390625 451.98150634765625 893.865966796875 261.096466064453125 238.3110198974609375 254.676116943359375 0.15447436273097991943 571.56024169921875 2012.3115234375 4135.220703125 568.2855224609375 48.613372802734375 1272.079833984375 58.093280792236328125 1263.08837890625 482.70928955078125 172.49798583984375 410.0238037109375 710.9676513671875 0 0 0 0 38.280887603759765625 1360.24169921875 773.8330078125 1440.21533203125 353.000091552734375 1087.822509765625 500.001068115234375 0 0
657.0953369140625 455.2161865234375 1305.2188720703125 280.6251220703125 822.50323486328125 1028.843017578125 344.6439208984375 466.3717041015625 964.83575439453125 850.8944091796875 477.26336669921875 373.190887451171875 1263.9481201171875 939.97119140625 155.50335693359375 633.25537109375 304.138275146484375 664.512451171875 0 540.2110595703125 39.23586273193359375 197.7595367431640625 911.17578125 0 107.7898712158203125 348.17236328125 652.6751708984375 559.70648193359375 440.93609619140625 522.462646484375 236.290496826171875 187.3119354248046875 1401.5166015625 2687.69921875 256.981842041015625 1392.4859619140625 4.2802820205688476562 6.1368856430053710938 1106.9715576171875 1386.1171875 0 0 0 0 519.8719482421875 2877.54931640625 0 254.6940460205078125 17.167636871337890625 2513.122314453125 0
527.47979736328125 891.715576171875 699.6705322265625 681.73236083984375 885.6376953125 6269.97607421875 3250.48388671875 634.4202880859375 694.4908447265625 25.726831436157226562 4229.7646484375 488.179901123046875 780.54193115234375 81.526336669921875 632.17108154296875 813.32537841796875 558.84259033203125 582.89898681640625 537.54010009765625 708.830810546875 1289.2877197265625 1735.331787109375 44.7017059326171875 514.1090087890625 295.080718994140625 162.98004150390625 260.97296142578125 310.7652587890625 390.589874267578125 400.261871337890625 3414.6044921875 2021.60546875 453.1376953125 884.71319580078125 467.270782470703125 109.6301116943359375 127.9231719970703125 675.38934326171875 113.27803802490234375 93.96027374267578125 861.40478515625 271.485198974609375 0 0 0 0 0 0 0 894.08831787109375 0
697.59600830078125 1270.8883056640625 393.535797119140625 691.765380859375 1221.4923095703125 743.54638671875 797.419189453125 591.33538818359375 1297.6168212890625 2.6731905937194824219 114.669830322265625 875.4422607421875 455.87103271484375 218.5076751708984375 1341.646728515625 473.115081787109375 757.76629638671875 310.704010009765625 782.732666015625 0 0 244.6597900390625 222.505462646484375 2827.949462890625 583.50146484375 957.5223388671875 863.59442138671875 343.927093505859375 252.38848876953125 368.294921875 436.363983154296875 39.522533416748046875 434.317657470703125 1047.6256103515625 4534.14453125 700.56121826171875 335.9342041015625 500.872039794921875 4057.427001953125 1099.3204345703125 7110.3525390625 3651.523681640625 0 0 0 0 0 0 0 0 0
