ForecastVariables/BuildingFootprint_Mean_100m/BuildingFootprintMean_Random2.asc
ncols        529
nrows        344
xllcorner    2700.000000000000
yllcorner    15900.000000000000
cellsize     100.000000000000
NODATA_value  0
[rows 184 to 206 of 344, columns 208 to 259 of 529]
245.429412841796875 142.06805419921875 137.155670166015625 2550.638671875 2224.5048828125 900.81793212890625 18.836709976196289062 445.826995849609375 1279.3304443359375 234.6703338623046875 287.619171142578125 454.908050537109375 266.667205810546875 320.5572509765625 319.226959228515625 1279.6209716796875 147.157989501953125 739.8531494140625 1826.8853759765625 669.65228271484375 290.454010009765625 502.836029052734375 106.8177490234375 37.451755523681640625 482.934112548828125 918.352783203125 813.41583251953125 155.98590087890625 5348.64501953125 762.47979736328125 222.55816650390625 88.95721435546875 638.3148193359375 374.329742431640625 1371.1712646484375 1297.09326171875 647.69989013671875 281.927459716796875 369.154541015625 1186.936279296875 166.4528350830078125 1123.895263671875 1549.283447265625 7459.99072265625 1021.489990234375 1803.7867431640625 667.4202880859375 2074.75537109375 11.813469886779785156 425.935699462890625 811.89208984375 1384.2872314453125
1045.9246826171875 933.0640869140625 1073.890869140625 2706.46142578125 1119.6795654296875 308.56768798828125 449.11773681640625 1113.68896484375 2156.278564453125 643.9012451171875 337.072265625 243.2276763916015625 485.038238525390625 239.395843505859375 351.380340576171875 306.687896728515625 590.694091796875 507.565887451171875 492.753021240234375 886.4671630859375 155.243011474609375 270.19219970703125 0 924.2891845703125 453.8468017578125 203.7210693359375 972.261474609375 291.445281982421875 846.05859375 433.00616455078125 490.886566162109375 1115.4697265625 18.795373916625976562 331.247100830078125 1698.083740234375 614.265380859375 611.8084716796875 561.6435546875 1361.117919921875 371.738494873046875 610.08599853515625 932.74078369140625 1158.00537109375 674.12158203125 1437.9417724609375 2670.583251953125 877.15301513671875 3213.2578125 1144.202880859375 1321.0306396484375 684.945556640625 894.95458984375
2776.042724609375 693.51715087890625 1040.2855224609375 1180.927734375 2596.205078125 615.01898193359375 883.354736328125 773.66748046875 968.5877685546875 281.67181396484375 136.9443817138671875 405.946929931640625 285.96417236328125 219.96563720703125 336.3330078125 393.79541015625 175.809539794921875 758.7330322265625 489.156158447265625 62.71154022216796875 178.8868408203125 554.6334228515625 74.778076171875 456.049163818359375 296.200927734375 303.00732421875 479.609710693359375 452.083465576171875 950.19561767578125 89.18376922607421875 642.14453125 241.53875732421875 278.020782470703125 221.493133544921875 43.10312652587890625 407.183013916015625 251.848358154296875 248.470611572265625 142.0254974365234375 254.6112213134765625 219.624969482421875 368.62408447265625 1612.87353515625 2766.082763671875 479.67633056640625 489.5750732421875 492.533111572265625 2667.7568359375 848.2193603515625 1665.0731201171875 414.403411865234375 700.10321044921875
1946.134765625 782.9989013671875 644.67730712890625 637.050048828125 581.0989990234375 582.84173583984375 488.720062255859375 1261.56884765625 726.6224365234375 750.9635009765625 651.831787109375 405.5517578125 293.947052001953125 362.593902587890625 247.070098876953125 440.06005859375 203.934173583984375 490.7183837890625 16.7712860107421875 365.124359130859375 411.764923095703125 622.17047119140625 1052.50341796875 981.63299560546875 679.92364501953125 308.0782470703125 199.050537109375 692.30401611328125 104.8302001953125 912.7750244140625 294.411529541015625 266.590911865234375 237.2867584228515625 223.6621246337890625 353.331634521484375 159.10858154296875 172.7124786376953125 189.6278228759765625 132.0370330810546875 152.221405029296875 147.7084808349609375 255.289337158203125 414.402313232421875 845.47857666015625 395.999420166015625 693.56109619140625 383.931610107421875 1286.811279296875 2628.57373046875 491.010955810546875 1439.7200927734375 1024.8465576171875
964.34686279296875 439.23968505859375 999.754638671875 102.6841583251953125 288.5638427734375 733.53857421875 886.75335693359375 607.96820068359375 672.01422119140625 4401.396484375 1197.0313720703125 246.332366943359375 707.3834228515625 480.393768310546875 389.628509521484375 311.32049560546875 878.3609619140625 596.1439208984375 696.52471923828125 0 0 173.789642333984375 138.8315887451171875 192.043548583984375 176.771331787109375 301.06884765625 340.87371826171875 365.740936279296875 385.862884521484375 248.8298492431640625 140.42596435546875 333.612823486328125 378.0855712890625 271.5184326171875 209.5688629150390625 262.83758544921875 319.786407470703125 254.4789276123046875 216.3269195556640625 221.2361602783203125 167.5102081298828125 235.35693359375 535.87066650390625 1477.3321533203125 713.8160400390625 100.00481414794921875 791.8096923828125 2555.859130859375 304.9002685546875 668.55950927734375 1291.19384765625 2924.3935546875
2319.221923828125 513.710205078125 404.584320068359375 1839.2913818359375 202.71710205078125 745.7447509765625 225.4430694580078125 1487.7391357421875 2339.742431640625 803.4940185546875 1979.727294921875 1334.3602294921875 251.0364990234375 635.23626708984375 335.834014892578125 494.151214599609375 46.635784149169921875 135.635101318359375 272.629180908203125 293.924102783203125 0 166.9984130859375 387.958892822265625 260.561431884765625 429.8040771484375 433.108306884765625 429.15350341796875 130.9159088134765625 106.6143798828125 310.66229248046875 299.488616943359375 237.7223358154296875 236.6157989501953125 452.54791259765625 334.502349853515625 188.7320709228515625 265.920745849609375 351.434661865234375 1701.469970703125 174.89263916015625 259.879425048828125 857.757568359375 321.48394775390625 604.9423828125 609.2623291015625 169.8594512939453125 213.7989501953125 1131.462158203125 784.49066162109375 786.55517578125 823.02978515625 106.66530609130859375
1324.0416259765625 1360.552001953125 1064.90673828125 668.156494140625 814.20849609375 289.2666015625 866.3802490234375 497.555206298828125 224.127685546875 691.38360595703125 169.66009521484375 1166.9307861328125 1089.42578125 885.0838623046875 781.954345703125 869.1956787109375 98.3137054443359375 0 279.443267822265625 109.44423675537109375 244.5751800537109375 192.289215087890625 313.692230224609375 121.4919891357421875 295.315338134765625 291.5556640625 182.6024017333984375 203.26910400390625 130.5384674072265625 211.5547027587890625 382.7261962890625 260.071319580078125 398.376556396484375 292.9251708984375 251.17041015625 509.482208251953125 1137.4447021484375 470.446868896484375 330.006500244140625 107.77524566650390625 200.6065826416015625 0 63.747467041015625 733.7930908203125 576.685302734375 503.252655029296875 1531.93603515625 2161.9462890625 505.511383056640625 563.21124267578125 7497.5888671875 789.3468017578125
775.30816650390625 1199.57470703125 861.7615966796875 383.271820068359375 13.176999092102050781 1078.5313720703125 343.5841064453125 539.76690673828125 855.035888671875 660.0157470703125 297.609466552734375 413.08074951171875 1144.265625 870.7784423828125 137.4949493408203125 914.088623046875 1249.4202880859375 715.37713623046875 34.5206298828125 146.109710693359375 181.28558349609375 223.8504638671875 262.0308837890625 140.343536376953125 276.26104736328125 470.70452880859375 85.6861724853515625 70.41060638427734375 635.53350830078125 289.656951904296875 91.21340179443359375 337.575408935546875 256.61260986328125 249.9348297119140625 194.163482666015625 512.68487548828125 513.8953857421875 329.960693359375 564.6990966796875 577.08587646484375 267.39569091796875 0 130.55352783203125 1265.1728515625 613.42510986328125 355.393890380859375 469.130889892578125 296.462310791015625 227.9774627685546875 686.78277587890625 338.702789306640625 335.927093505859375
1017.77069091796875 129.97509765625 803.57489013671875 189.5387420654296875 984.61419677734375 907.1966552734375 1043.9578857421875 690.0482177734375 404.04345703125 943.28790283203125 587.2706298828125 365.197662353515625 1379.9388427734375 159.9580230712890625 1284.506103515625 221.5323638916015625 1524.2901611328125 51.792034149169921875 302.990081787109375 3726.14306640625 127.546966552734375 0 153.29534912109375 374.987274169921875 185.4064788818359375 369.34210205078125 34.7216949462890625 399.766448974609375 252.8505859375 405.703216552734375 179.6006317138671875 311.97088623046875 146.473114013671875 313.3302001953125 207.3796844482421875 724.479248046875 862.92425537109375 587.81463623046875 343.170074462890625 406.143096923828125 488.68109130859375 392.75994873046875 231.9945068359375 1009.2113037109375 544.4521484375 963.9609375 286.34735107421875 218.1352386474609375 537.67596435546875 502.510101318359375 606.84405517578125 460.137786865234375
140.0139617919921875 386.53875732421875 1114.6959228515625 731.1748046875 826.57379150390625 472.169769287109375 1025.723388671875 2239.738525390625 373.526123046875 490.262451171875 220.5385589599609375 645.21148681640625 241.8025665283203125 595.67572021484375 208.191375732421875 21.549512863159179688 597.3262939453125 769.754150390625 704.20501708984375 257.398590087890625 825.248779296875 1437.0328369140625 363.161773681640625 0 845.55755615234375 3196.259765625 519.66412353515625 226.318115234375 253.0333404541015625 335.87652587890625 233.544647216796875 274.585205078125 356.29290771484375 322.7193603515625 416.88397216796875 430.0614013671875 133.6700286865234375 382.229736328125 232.3233795166015625 321.603790283203125 362.90777587890625 646.87127685546875 428.063385009765625 1011.31048583984375 1414.24365234375 514.4468994140625 271.241363525390625 454.2276611328125 298.504608154296875 319.25726318359375 343.375457763671875 356.328277587890625
992.55133056640625 827.71337890625 1923.3931884765625 578.474853515625 769.45916748046875 261.003936767578125 480.76287841796875 203.2814788818359375 293.24114990234375 755.92987060546875 487.59130859375 478.74920654296875 554.41033935546875 494.460601806640625 484.130828857421875 1518.2061767578125 945.50732421875 1817.2431640625 954.48114013671875 1084.94189453125 600.93634033203125 756.192138671875 670.27203369140625 904.3466796875 550.9970703125 0 256.057647705078125 423.353790283203125 285.510528564453125 231.9772796630859375 256.791748046875 306.681243896484375 235.7281341552734375 327.440948486328125 209.8425750732421875 397.703216552734375 358.0255126953125 303.646087646484375 299.405303955078125 300.57940673828125 700.64984130859375 359.808349609375 1364.8643798828125 399.736297607421875 1216.5274658203125 322.664215087890625 429.6614990234375 232.6683197021484375 358.211822509765625 227.3873443603515625 341.929046630859375 540.869140625
229.90283203125 1043.6629638671875 1613.1768798828125 1915.680908203125 172.10589599609375 822.3912353515625 820.62811279296875 907.6434326171875 407.642486572265625 179.7789764404296875 924.4986572265625 332.12701416015625 564.5965576171875 476.77740478515625 1069.57861328125 646.42205810546875 208.6450958251953125 580.533935546875 558.7735595703125 601.275634765625 517.82037353515625 242.6748199462890625 1893.91650390625 158.8537750244140625 488.642791748046875 246.54632568359375 516.21685791015625 357.379547119140625 425.5272216796875 772.1204833984375 630.0579833984375 1421.130859375 517.59759521484375 429.43157958984375 338.001800537109375 371.283416748046875 188.2429962158203125 399.861724853515625 562.211181640625 1116.0086669921875 509.740142822265625 412.173583984375 1542.59033203125 2533.296630859375 189.151885986328125 301.44134521484375 237.825103759765625 348.76373291015625 701.382568359375 283.99212646484375 560.998046875 623.3673095703125
4768.1767578125 650.1785888671875 1030.3958740234375 548.78778076171875 787.47161865234375 607.4140625 243.019622802734375 683.80401611328125 434.73272705078125 260.818145751953125 898.1143798828125 768.88262939453125 404.51409912109375 511.19329833984375 1449.2581787109375 811.033203125 1735.5238037109375 342.365142822265625 349.000213623046875 619.4161376953125 876.91168212890625 440.115631103515625 416.56353759765625 155.683868408203125 244.4643707275390625 55.233440399169921875 722.99212646484375 4368.86279296875 2561.5673828125 331.7305908203125 29.025621414184570312 1110.595703125 426.152099609375 420.883880615234375 299.611053466796875 191.1688385009765625 368.9288330078125 973.30633544921875 925.26983642578125 850.4700927734375 841.62054443359375 1007.917724609375 449.508636474609375 9203.1875 597.032470703125 1137.11572265625 1402.2203369140625 234.7683868408203125 471.51055908203125 1334.646240234375 604.136962890625 417.223297119140625
2658.511962890625 1882.670654296875 200.445098876953125 153.658172607421875 406.491790771484375 673.376708984375 600.185302734375 387.03729248046875 357.9808349609375 1259.451171875 120.35025787353515625 610.55029296875 396.2320556640625 225.61651611328125 353.132720947265625 529.926513671875 397.791107177734375 223.71197509765625 258.981475830078125 536.310791015625 1089.844482421875 1078.849365234375 942.005126953125 3973.98876953125 524.4959716796875 217.4765472412109375 29.808698654174804688 380.399505615234375 203.293304443359375 2997.708740234375 1505.6796875 388.825592041015625 718.8974609375 172.9669036865234375 342.058563232421875 822.89691162109375 262.966583251953125 1791.990478515625 1573.5048828125 309.900909423828125 271.950347900390625 991.35223388671875 698.345947265625 2346.791015625 826.120361328125 640.1259765625 294.159210205078125 582.67767333984375 386.58984375 402.57537841796875 1295.9105224609375 711.36260986328125
500.5242919921875 5627.3759765625 1161.64892578125 972.0977783203125 1161.4779052734375 120.7132568359375 406.813323974609375 293.42047119140625 349.04937744140625 143.020233154296875 384.82513427734375 657.02984619140625 609.99615478515625 44.238552093505859375 190.7874603271484375 198.645355224609375 475.721527099609375 1221.8511962890625 2538.34130859375 2965.8046875 3262.86669921875 860.8253173828125 2116.727294921875 757.90704345703125 332.852996826171875 370.44659423828125 452.70501708984375 497.263458251953125 368.65838623046875 283.35107421875 36.99217987060546875 821.18231201171875 819.36578369140625 405.269287109375 25.588384628295898438 259.1513671875 189.9979248046875 566.3079833984375 617.7508544921875 544.08062744140625 452.66119384765625 977.865234375 36.387371063232421875 465.935150146484375 697.379150390625 37.29146575927734375 618.52215576171875 673.947021484375 547.21575927734375 413.76287841796875 376.73345947265625 1015.530029296875
398.679840087890625 3506.38330078125 0 0 26.467273712158203125 255.9806671142578125 372.811248779296875 391.99212646484375 1761.5008544921875 1451.3524169921875 559.00665283203125 1155.85302734375 523.3778076171875 253.4292449951171875 159.1583709716796875 365.176116943359375 798.3934326171875 1845.7386474609375 1993.470703125 4846.2314453125 358.55560302734375 981.5234375 663.59942626953125 704.14508056640625 913.98675537109375 570.222900390625 1075.0511474609375 513.75146484375 326.88177490234375 859.49713134765625 761.28802490234375 274.127227783203125 325.63189697265625 968.59039306640625 139.947784423828125 1215.1221923828125 2588.002685546875 649.86749267578125 295.193023681640625 786.73291015625 931.3873291015625 0 301.9508056640625 2723.42236328125 173.9390716552734375 0 373.067352294921875 1743.857421875 637.70977783203125 767.25445556640625 1404.1051025390625 722.2301025390625
307.737152099609375 0 0 405.93408203125 394.62176513671875 416.424102783203125 780.8858642578125 718.5618896484375 769.2503662109375 969.575439453125 978.845703125 447.821136474609375 1063.978271484375 248.9138641357421875 189.6420745849609375 473.31488037109375 1917.7130126953125 1484.5400390625 301.074951171875 1837.5841064453125 1007.56243896484375 965.12115478515625 337.083648681640625 612.645751953125 1039.317626953125 424.25091552734375 553.435791015625 521.1485595703125 0 264.29937744140625 641.57208251953125 291.8699951171875 557.4432373046875 581.4122314453125 5473.89111328125 0 15.297346115112304688 331.282073974609375 1529.8255615234375 488.52581787109375 351.78582763671875 726.11932373046875 1082.0234375 130.0042572021484375 369.49365234375 6.4116802215576171875 814.04180908203125 4403.08349609375 133.121307373046875 812.107421875 1048.7677001953125 397.5125732421875
0 0 0 0 0 0 177.8615570068359375 665.84375 1287.2454833984375 380.1151123046875 68.829681396484375 1025.388916015625 658.33978271484375 810.88604736328125 403.543853759765625 1941.6995849609375 459.904693603515625 648.80010986328125 577.2432861328125 755.123046875 776.4468994140625 384.626251220703125 535.9725341796875 607.31341552734375 210.368255615234375 1200.5133056640625 346.5361328125 168.4048004150390625 0 1228.6556396484375 720.33673095703125 1010.34381103515625 430.16363525390625 143.4189910888671875 1917.3922119140625 247.62408447265625 489.254364013671875 645.5042724609375 760.1488037109375 441.4854736328125 842.0966796875 248.2282257080078125 791.14105224609375 697.326171875 331.05340576171875 1897.451416015625 3377.19384765625 0 868.4224853515625 445.817230224609375 248.4188995361328125 146.0194244384765625
683.8663330078125 1631.27392578125 0 0 0 0 159.7196807861328125 1692.12890625 207.669921875 170.1363983154296875 1462.466064453125 2031.64697265625 448.949310302734375 657.2930908203125 3340.8486328125 723.46563720703125 601.252685546875 785.70001220703125 519.25567626953125 252.338958740234375 884.60906982421875 683.60052490234375 757.15704345703125 432.41546630859375 292.178558349609375 1247.953125 492.209747314453125 1342.0662841796875 1384.0390625 642.94427490234375 1499.4390869140625 780.22698974609375 489.8314208984375 414.78662109375 584.2327880859375 526.51708984375 263.039581298828125 278.205841064453125 908.43963623046875 962.75518798828125 413.504302978515625 450.199310302734375 737.2239990234375 444.077484130859375 442.260284423828125 630.26824951171875 31.745990753173828125 1533.9998779296875 2596.254150390625 933.28436279296875 466.5960693359375 467.786224365234375
311.35369873046875 1846.0040283203125 255.2084197998046875 0 35.68276214599609375 189.273712158203125 265.361053466796875 168.5654754638671875 106.15067291259765625 549.51324462890625 615.582275390625 1283.0865478515625 706.5068359375 1223.2998046875 748.018310546875 1148.8909912109375 684.12432861328125 746.39208984375 74.8319854736328125 303.186492919921875 544.02191162109375 565.97955322265625 455.87921142578125 564.5980224609375 2319.1650390625 340.9620361328125 603.3677978515625 279.27349853515625 1249.3353271484375 750.20404052734375 1209.68798828125 935.53466796875 729.811279296875 564.0880126953125 1555.6358642578125 0 326.804443359375 584.8538818359375 667.7001953125 488.733184814453125 505.2303466796875 411.710418701171875 308.347564697265625 325.859161376953125 418.1124267578125 898.57244873046875 72.33358001708984375 318.0858154296875 1114.372314453125 912.24517822265625 517.53668212890625 1482.3807373046875
87.05898284912109375 528.260009765625 110.597564697265625 342.870208740234375 0 0 0 320.478271484375 777.59356689453125 575.828125 0 1148.4178466796875 788.2401123046875 923.0640869140625 399.44757080078125 1568.3837890625 1368.864501953125 296.479705810546875 384.88250732421875 703.21832275390625 35.415782928466796875 938.40460205078125 875.35491943359375 1105.9183349609375 1567.4197998046875 540.65313720703125 266.16094970703125 292.34832763671875 531.408447265625 743.44482421875 519.10028076171875 291.587432861328125 512.44989013671875 572.26171875 295.505096435546875 1453.1611328125 248.103759765625 310.581756591796875 1671.8857421875 1815.47265625 1988.113037109375 346.330902099609375 309.833465576171875 323.553985595703125 400.184112548828125 1103.54296875 285.490020751953125 880.47674560546875 1248.338623046875 3618.255859375 560.771728515625 1610.5601806640625
407.917266845703125 423.35675048828125 213.3832244873046875 181.5586090087890625 236.4921875 0 0 79.7183990478515625 134.2978363037109375 390.363250732421875 248.76397705078125 511.893310546875 1330.0797119140625 708.503662109375 1242.9127197265625 5.5106029510498046875 1203.5697021484375 513.6646728515625 400.264190673828125 1046.8585205078125 1571.2911376953125 756.85614013671875 1135.700439453125 1789.3358154296875 1675.71875 855.55255126953125 360.4344482421875 277.774261474609375 400.873992919921875 1288.94970703125 1388.0899658203125 385.9659423828125 2294.502685546875 1252.7032470703125 366.282470703125 206.5597381591796875 802.55535888671875 906.06036376953125 236.1761627197265625 381.350616455078125 560.95587158203125 571.31646728515625 298.530517578125 469.585693359375 744.61279296875 600.755859375 935.5135498046875 508.047637939453125 152.650390625 441.272857666015625 241.1728515625 1355.5986328125
377.0159912109375 216.9991302490234375 421.4703369140625 153.71185302734375 221.421173095703125 200.2133331298828125 1122.195068359375 0 0 0 1329.484130859375 58.714019775390625 2282.189697265625 612.89849853515625 972.30517578125 2136.825439453125 1994.0040283203125 741.51068115234375 1156.7197265625 1107.1121826171875 599.382080078125 661.9423828125 664.35870361328125 1165.8695068359375 737.38909912109375 696.9207763671875 374.025146484375 257.427581787109375 177.0978546142578125 1455.2081298828125 0 278.34600830078125 1013.89862060546875 1099.2117919921875 547.12945556640625 455.8870849609375 2409.603515625 1299.5577392578125 503.805877685546875 317.395782470703125 693.8787841796875 506.258758544921875 225.2445526123046875 415.171722412109375 518.8680419921875 1231.4017333984375 608.47137451171875 774.59326171875 1450.7115478515625 153.44671630859375 243.8783111572265625 206.1537017822265625
