ForecastVariables/BuildingFootprint_Mean_100m/BuildingFootprintMean_Random5.asc
ncols        529
nrows        344
xllcorner    2700.000000000000
yllcorner    15900.000000000000
cellsize     100.000000000000
NODATA_value  0
[rows 161 to 183 of 344, columns 102 to 152 of 529]
1348.7080078125 1647.8846435546875 1268.9921875 1170.9576416015625 788.32171630859375 1695.9296875 809.04541015625 967.67681884765625 2197.69873046875 751.4969482421875 3925.175048828125 9864.5380859375 3671.922607421875 998.1773681640625 4211.34814453125 2582.753173828125 2805.9208984375 0 706.71502685546875 1167.1185302734375 3750.078369140625 0 1286.74609375 3438.720703125 186.6507568359375 3784.418212890625 6016.9365234375 4973.251953125 635.4886474609375 1052.6854248046875 905.04815673828125 1236.6309814453125 2447.942626953125 42.85659027099609375 0 0 0 0 0 0 153.080169677734375 76.196014404296875 2310.60400390625 112.15676116943359375 704.84405517578125 99.11122894287109375 834.15625 810.2252197265625 428.76019287109375 1838.794189453125 700.5162353515625
1569.1187744140625 1455.0850830078125 3315.537841796875 1347.6258544921875 6301.70849609375 985.23046875 1667.8668212890625 465.19482421875 4642.5361328125 241.1834716796875 5523.5283203125 3916.494384765625 1474.3597412109375 123.00600433349609375 145.9293060302734375 2833.79052734375 9988.9599609375 916.52874755859375 4751.15283203125 2257.633056640625 1779.4931640625 235.3544921875 1146.3387451171875 1385.69482421875 966.1766357421875 2052.0849609375 593.82635498046875 82.47509002685546875 346.3470458984375 1858.53466796875 1118.3564453125 640.80316162109375 28.866695404052734375 206.7370147705078125 251.0356597900390625 0 821.32452392578125 37.4235992431640625 0 955.3544921875 247.845062255859375 991.58123779296875 1503.8060302734375 335.148468017578125 172.9007415771484375 446.151275634765625 424.11578369140625 246.25 1784.96533203125 756.04052734375 1446.1839599609375
3308.59619140625 4578.8525390625 1829.060546875 1121.232421875 1959.9820556640625 1003.77032470703125 3636.781494140625 1146.99560546875 9592.0986328125 1779.3546142578125 2849.412353515625 7682.1142578125 5355.71435546875 0 0 286.184539794921875 1840.471435546875 737.90838623046875 2365.725830078125 351.603851318359375 3622.192626953125 1848.00341796875 556.3016357421875 2565.69921875 317.38482666015625 819.50732421875 10.575918197631835938 319.7354736328125 97.5406951904296875 4434.8564453125 2344.87890625 69.108642578125 0 73.4776611328125 1479.0501708984375 0 1100.6929931640625 0 0 809.15283203125 434.414703369140625 712.8284912109375 590.4813232421875 21.619024276733398438 691.39019775390625 690.13775634765625 947.39703369140625 636.34417724609375 111.57590484619140625 245.1748809814453125 772.24176025390625
0 0 35.261592864990234375 7.9298777580261230469 99.3414154052734375 1549.0982666015625 1070.1629638671875 1474.542236328125 5102.310546875 800.537353515625 1505.802734375 9079.3369140625 6630.18701171875 0 849.60107421875 3382.3447265625 1265.755859375 2878.8916015625 324.73138427734375 81.2717132568359375 832.223876953125 1896.1802978515625 2693.660400390625 1816.8714599609375 113.4589996337890625 666.64923095703125 441.8863525390625 849.84619140625 176.463287353515625 190.596405029296875 2466.66650390625 776.13128662109375 1521.0443115234375 355.4307861328125 1717.2747802734375 69.170013427734375 2912.541259765625 0 0 607.72406005859375 632.94525146484375 1382.1204833984375 275.62078857421875 1575.560302734375 535.06646728515625 1998.207763671875 225.599761962890625 521.0792236328125 1347.5294189453125 1827.1534423828125 892.091064453125
0 0 665.90472412109375 767.8404541015625 1737.507080078125 2783.315673828125 832.887939453125 157.599578857421875 298.943328857421875 310.158538818359375 100.48996734619140625 0 400.800018310546875 1318.65869140625 0 973.17608642578125 1039.7607421875 1391.158447265625 2928.538330078125 3130.760498046875 2248.754150390625 2024.2501220703125 1121.993408203125 42.790496826171875 716.98175048828125 1293.0625 464.2982177734375 1588.562255859375 1573.31201171875 50.487255096435546875 387.847625732421875 305.940826416015625 444.362060546875 2802.067626953125 1181.7579345703125 145.55767822265625 3573.89208984375 829.0916748046875 0 1140.5323486328125 467.6318359375 1298.173828125 896.4571533203125 332.436279296875 560.33209228515625 412.96112060546875 458.752899169921875 397.4228515625 803.94451904296875 427.7138671875 1999.955810546875
297.355865478515625 3130.272216796875 1266.2718505859375 2748.123291015625 1218.1766357421875 605.1451416015625 1145.7252197265625 1348.738037109375 8.5152454376220703125 537.8052978515625 184.544708251953125 0 1313.3856201171875 594.885009765625 3265.880615234375 1144.093505859375 1388.7994384765625 674.5093994140625 2933.156005859375 843.2088623046875 101.83780670166015625 6034.8662109375 4272.28662109375 1018.4658203125 3916.13134765625 12.225839614868164062 6781.294921875 2470.144287109375 629.92529296875 491.5538330078125 73.9149322509765625 397.04583740234375 30.760019302368164062 1205.741455078125 740.44976806640625 779.4818115234375 5283.9462890625 0 0 305.42559814453125 461.235504150390625 638.43695068359375 649.74127197265625 511.2911376953125 798.05621337890625 403.47113037109375 422.350738525390625 514.64508056640625 356.63055419921875 529.1414794921875 981.68359375
115.4725799560546875 2697.086181640625 1760.8612060546875 2254.147705078125 96.9464569091796875 2249.31005859375 1567.692626953125 3281.735595703125 756.00323486328125 704.51983642578125 12.1630401611328125 288.941619873046875 0 493.585052490234375 459.316314697265625 377.688232421875 367.047088623046875 967.12933349609375 2075.732177734375 7025.3212890625 2702.79443359375 229.971160888671875 3367.851318359375 1243.111328125 1626.92431640625 627.80877685546875 8276.453125 6339.423828125 638.31488037109375 748.01348876953125 986.41552734375 1597.9599609375 1489.127197265625 386.805999755859375 2720.33251953125 185.293060302734375 2208.037109375 0 88.884002685546875 419.29913330078125 66.78594970703125 781.0125732421875 91.7598114013671875 457.133575439453125 0 0 93.28781890869140625 582.3826904296875 483.961151123046875 350.491424560546875 714.8458251953125
1059.3494873046875 0 0 1555.833251953125 6753.29345703125 452.36578369140625 1594.3968505859375 945.96795654296875 83.014251708984375 1906.5958251953125 528.13336181640625 481.43341064453125 0 614.81427001953125 1192.2625732421875 573.65045166015625 8151.16650390625 857.2640380859375 3178.7041015625 1345.3623046875 5778.02490234375 2120.1826171875 666.4384765625 658.43798828125 1329.3292236328125 1123.9666748046875 3825.404296875 2738.068359375 2148.40869140625 1317.5595703125 2922.796142578125 398.713836669921875 0 37.232463836669921875 887.8409423828125 132.4384765625 0 0 473.888885498046875 355.56207275390625 682.40606689453125 126.9138946533203125 43.759227752685546875 0 0 0 0 0 0 0 0
1634.5184326171875 0 97.6690826416015625 0 0 726.47430419921875 251.6824188232421875 126.03583526611328125 570.11773681640625 1185.486328125 107.70269012451171875 87.86661529541015625 0 1038.65087890625 1819.2662353515625 73.8026885986328125 1286.24951171875 9.7368707656860351562 1361.6591796875 1246.95361328125 3658.802734375 2241.514892578125 1278.75244140625 2263.550048828125 1560.57421875 889.57861328125 1875.14599609375 1068.6851806640625 1578.4351806640625 289.555389404296875 941.518310546875 627.19024658203125 1418.013671875 154.28790283203125 93.78185272216796875 1485.59033203125 0 340.134246826171875 254.883270263671875 483.74658203125 872.12432861328125 340.263214111328125 140.902801513671875 0 0 0 0 0 0 0 0
35.55513763427734375 664.0264892578125 878.9864501953125 1638.37060546875 3558.357421875 552.16986083984375 1030.4854736328125 0 1299.69677734375 7801.54638671875 1683.6478271484375 242.315185546875 0 111.839202880859375 9524.6318359375 2288.357421875 0 0 1647.022705078125 176.87176513671875 3475.496337890625 2235.889892578125 1637.621826171875 3287.1865234375 4452.0576171875 4718.6650390625 522.73284912109375 652.08355712890625 774.09246826171875 0 845.946533203125 518.6331787109375 1068.006103515625 82.18769073486328125 280.412811279296875 0 134.1945037841796875 779.15411376953125 681.43267822265625 457.3580322265625 314.299560546875 216.3240966796875 1186.808837890625 0 0 0 0 0 0 0 0
1260.3701171875 0 0 529.62847900390625 883.5142822265625 779.81787109375 1546.1732177734375 0 0 0 0 0 0 620.9754638671875 8548.3486328125 369.28399658203125 407.593170166015625 0 253.1350860595703125 784.70233154296875 9999.9580078125 9999.9580078125 1514.7852783203125 754.22802734375 300.865753173828125 494.373077392578125 614.99676513671875 2964.3447265625 3592.449462890625 2100.009765625 3626.126708984375 1694.9517822265625 895.67901611328125 4184.298828125 0 0 399.815399169921875 597.9886474609375 476.852783203125 2893.71142578125 2523.152099609375 2618.1171875 0 0 0 0 0 0 0 0 0
498.7379150390625 0 0 608.179443359375 2058.027587890625 1715.4786376953125 446.59979248046875 3862.7421875 1921.350830078125 1033.818115234375 2446.3642578125 1858.3017578125 1617.0040283203125 173.498687744140625 1925.7633056640625 238.8604736328125 382.02880859375 0 68.68241119384765625 267.130157470703125 8483.8828125 7941.87255859375 3220.124755859375 3127.1142578125 40.87166595458984375 1801.0760498046875 718.5662841796875 1966.076416015625 1166.7042236328125 1200.2108154296875 1095.8660888671875 917.129150390625 443.36383056640625 61.12322998046875 0 402.24920654296875 9107.7255859375 7895.5068359375 5071.57763671875 5995.21337890625 1855.7470703125 744.952392578125 0 0 0 0 0 0 0 0 0
2095.33251953125 0 0 2052.472412109375 217.6796722412109375 986.62872314453125 161.4418792724609375 1159.0435791015625 583.5318603515625 624.7291259765625 617.95489501953125 677.7318115234375 810.629638671875 58.175548553466796875 0 0 168.3422393798828125 308.777099609375 730.0911865234375 419.12420654296875 1058.5670166015625 22.598499298095703125 176.1475982666015625 541.615234375 57.349605560302734375 674.52569580078125 501.793426513671875 5172.916015625 274.5927734375 8691.7060546875 1791.8477783203125 320.43975830078125 3363.4248046875 0 0.50299692153930664062 1417.4796142578125 2275.860107421875 1289.80078125 2826.4150390625 3056.83056640625 7500.0712890625 1236.762939453125 0 0 0 0 0 0 0 0 0
0 0 0 181.1062469482421875 701.35919189453125 3519.2421875 21.77811431884765625 913.7659912109375 445.864501953125 1011.64190673828125 847.3662109375 795.07220458984375 1181.5673828125 619.17816162109375 0 0 2504.162353515625 3285.8447265625 385.709869384765625 24.36808013916015625 372.4171142578125 1156.7200927734375 3423.56982421875 2034.2757568359375 4246.8271484375 3911.311279296875 6127.58154296875 1946.8701171875 574.3592529296875 552.39788818359375 1173.7325439453125 6446.57421875 1976.0125732421875 0 861.95245361328125 1058.9698486328125 645.1192626953125 667.197265625 1116.58740234375 614.82049560546875 1815.2052001953125 0 0 0 0 0 0 0 0 0 0
458.348114013671875 0 1277.3450927734375 1606.225341796875 110.27484893798828125 2441.609375 50.2670135498046875 953.1571044921875 1021.46868896484375 5244.7021484375 3281.291015625 1328.0262451171875 895.61798095703125 816.3587646484375 358.6475830078125 231.4617919921875 472.51171875 1126.6510009765625 656.88671875 431.2210693359375 4320.48779296875 32.902072906494140625 3384.95556640625 710.730712890625 6461.89404296875 8976.1796875 7914.3466796875 3832.702880859375 782.485595703125 1217.921630859375 1858.7012939453125 767.13922119140625 0 400.379058837890625 965.335693359375 756.56011962890625 1074.5648193359375 1088.03271484375 875.2098388671875 1325.7607421875 872.57037353515625 0 0 0 0 0 0 0 0 0 0
1707.6903076171875 945.6915283203125 89.2765960693359375 394.2265625 3779.480224609375 1097.202392578125 1161.87646484375 830.89447021484375 1966.2127685546875 0 582.4503173828125 6862.32470703125 643.7818603515625 626.70404052734375 67.11418914794921875 1007.655029296875 2602.878662109375 2530.799560546875 1954.4627685546875 3579.210205078125 0 268.60504150390625 1457.7340087890625 609.73822021484375 3069.972412109375 276.811309814453125 387.4224853515625 5.2809958457946777344 556.4241943359375 1718.8763427734375 2247.422607421875 122.32744598388671875 0 705.19085693359375 1902.9210205078125 2854.841796875 1835.4000244140625 1232.6314697265625 836.12762451171875 297.92462158203125 9.3534679412841796875 0 0 0 0 0 0 0 0 0 0
2403.623779296875 1812.4736328125 598.50933837890625 1183.67333984375 326.92559814453125 0 0 3297.355712890625 4766.240234375 0 364.0770263671875 6842.53662109375 342.329315185546875 326.420318603515625 126.62530517578125 923.50128173828125 772.837646484375 104.377166748046875 3045.838134765625 2914.453857421875 0 0 475.75958251953125 100.78952789306640625 611.63214111328125 872.69171142578125 6.5388784408569335938 642.7740478515625 739.08056640625 3220.078857421875 1029.0509033203125 0 0 2038.03173828125 8865.4267578125 1303.61865234375 1855.447265625 3499.559814453125 2633.994384765625 937.56610107421875 584.5247802734375 5149.27978515625 1222.115478515625 456.881866455078125 0 0 0 0 0 0 0
2801.954833984375 1037.56982421875 3056.81005859375 9719.263671875 4985.7724609375 0 0 845.0771484375 919.7633056640625 500.181396484375 48.46411895751953125 0 0 434.9886474609375 7147.314453125 644.91070556640625 193.8019561767578125 0 0 0 0 699.9404296875 962.81256103515625 892.60150146484375 1215.44482421875 420.94110107421875 3109.889892578125 1801.0916748046875 1359.906494140625 1816.9202880859375 603.708984375 0 0 6278.64208984375 7847.21826171875 626.4083251953125 2147.259765625 587.40118408203125 641.11492919921875 1671.39794921875 1246.2171630859375 2266.664306640625 2524.821533203125 2045.7835693359375 1373.7618408203125 0 0 0 0 0 0
443.023162841796875 445.639312744140625 1813.9638671875 9999.9462890625 1216.8292236328125 37.100406646728515625 0 547.5733642578125 1443.2833251953125 6604.0546875 8702.6513671875 7666.62890625 856.80322265625 791.3643798828125 2841.2001953125 1.6024484634399414062 19.080087661743164062 3304.741943359375 3511.134521484375 3863.379638671875 325.138519287109375 1424.815673828125 2387.08447265625 1035.3087158203125 3355.955810546875 106.86367034912109375 20.11782073974609375 7908.8876953125 1035.027099609375 4382.0126953125 0 0 0 427.01214599609375 2545.282958984375 3381.386474609375 1364.6396484375 4260.11328125 1003.24163818359375 5456.6494140625 954.14434814453125 2059.345458984375 584.2894287109375 1886.6962890625 2192.849365234375 1284.30029296875 0 0 0 0 0
1239.7821044921875 375.483306884765625 6286.76318359375 9999.9462890625 1765.9566650390625 254.2576904296875 665.51556396484375 413.169921875 2642.396240234375 3843.2626953125 5585.17919921875 5336.4443359375 5147.3115234375 0.40271595120429992676 0 0 0 0 0 0 0 211.176300048828125 1506.038818359375 377.495758056640625 2784.431640625 208.357147216796875 1334.2747802734375 916.6376953125 362.387237548828125 4491.4091796875 0 0 0 0 181.4324188232421875 1760.947265625 1263.1103515625 3115.384033203125 0 101.85748291015625 1210.9205322265625 1601.78759765625 2017.0556640625 1290.2286376953125 402.535491943359375 1443.2413330078125 1216.0352783203125 0 0 0 0
849.1739501953125 348.427276611328125 2315.974365234375 2915.9638671875 4442.70703125 1952.2601318359375 2902.044189453125 688.45111083984375 2054.2509765625 0 0 0 0 0 0 0 0 0 0 0 0 0 0.74052649736404418945 441.653045654296875 2226.82080078125 426.7132568359375 1816.3709716796875 1990.7222900390625 7841.66162109375 10.066285133361816406 0 0 0 0 359.160614013671875 1956.90185546875 3184.372802734375 3716.294677734375 0 0 4804.5625 969.53997802734375 770.46014404296875 746.65460205078125 230.2946014404296875 949.0953369140625 1507.0260009765625 42.074737548828125 0 0 0
0 122.6828460693359375 593.7054443359375 624.634765625 2276.21630859375 3517.5556640625 5969.587890625 515.13385009765625 132.9929656982421875 0 0 0 0 0 0 0 0 0 0 0 0 0 0 0 315.736236572265625 2296.699951171875 3272.53173828125 9540.427734375 600.58514404296875 0 0 0 0 0 0 2358.11767578125 3836.282958984375 709.0220947265625 878.24298095703125 22.540197372436523438 0 238.921295166015625 172.5833740234375 361.046905517578125 762.773193359375 768.58160400390625 1152.0582275390625 749.0250244140625 125.89896392822265625 0 0
0 212.6024169921875 249.6607513427734375 713.62078857421875 448.278472900390625 548.06903076171875 478.396331787109375 1132.0189208984375 935.74407958984375 0 0 0 0 0 0 0 0 0 0 0 0 0 0 0 0 1731.9522705078125 1205.42626953125 3480.77197265625 726.40625 0 0 419.112152099609375 0 0 1460.1622314453125 29.656038284301757812 158.74853515625 3082.88623046875 3957.77587890625 586.54486083984375 0 85.24553680419921875 881.19573974609375 1467.0780029296875 2034.9339599609375 472.87335205078125 1055.721435546875 696.06256103515625 0.28158721327781677246 23.806577682495117188 0
