ForecastVariables/BuildingFootprint_Mean_100m/BuildingFootprintMean_Random5.asc
ncols        529
nrows        344
xllcorner    2700.000000000000
yllcorner    15900.000000000000
cellsize     100.000000000000
NODATA_value  0
[rows 115 to 137 of 344, columns 357 to 407 of 529]
409.381927490234375 313.43023681640625 250.3549346923828125 125.9600067138671875 1890.77294921875 2312.767333984375 1246.6767578125 1431.346923828125 1059.8494873046875 2253.556640625 656.76824951171875 297.821929931640625 791.338623046875 537.89111328125 386.8905029296875 82.7448883056640625 227.07965087890625 919.56536865234375 1171.6588134765625 453.3602294921875 0 0 0 0 471.55889892578125 381.802337646484375 875.33746337890625 474.821929931640625 580.0784912109375 723.78338623046875 2090.17724609375 642.06732177734375 500.866363525390625 3217.828369140625 1578.77587890625 620.40277099609375 530.13250732421875 1000.49298095703125 753.271484375 613.86102294921875 387.384613037109375 1226.8658447265625 4293.99072265625 522.44281005859375 53.0355682373046875 906.86090087890625 171.3458404541015625 716.794677734375 51.22333526611328125 1031.2801513671875 0
1060.134521484375 1026.997802734375 185.698516845703125 1078.755859375 2324.36376953125 3347.53076171875 123.10260772705078125 1293.879638671875 362.455352783203125 613.32794189453125 995.52294921875 259.942047119140625 240.383056640625 346.513031005859375 92.4108123779296875 150.802398681640625 1141.300537109375 192.49334716796875 735.39764404296875 2147.705322265625 725.06353759765625 0 0 0 0 0 0 0 1018.245849609375 10.19783782958984375 1737.6337890625 1139.4759521484375 517.65167236328125 1056.72998046875 237.4268646240234375 763.9862060546875 676.76800537109375 1256.0428466796875 1070.3587646484375 505.5338134765625 430.610687255859375 473.666473388671875 196.22259521484375 0 369.085113525390625 869.96533203125 811.09014892578125 734.7703857421875 198.20654296875 729.6614990234375 216.963134765625
451.82501220703125 364.52239990234375 987.4837646484375 4693.7529296875 46.33660888671875 1661.5078125 1352.8114013671875 1256.463134765625 3186.513427734375 442.67529296875 604.37652587890625 888.8934326171875 3147.323974609375 774.35546875 1058.38916015625 779.56109619140625 1020.2225341796875 1635.28662109375 1025.7802734375 748.919189453125 52.427486419677734375 0 0 0 0 0 0 0 300.282073974609375 205.16107177734375 58.120090484619140625 62.93553924560546875 357.543548583984375 616.05035400390625 1760.708984375 450.464630126953125 840.40692138671875 780.7979736328125 647.09173583984375 653.37921142578125 572.14630126953125 546.83148193359375 793.54638671875 401.1014404296875 493.1549072265625 744.71099853515625 1016.453857421875 821.2232666015625 41.553924560546875 180.991424560546875 214.406402587890625
53.904262542724609375 826.73516845703125 185.04864501953125 2786.413330078125 1029.344970703125 1804.414306640625 1396.1806640625 215.0145263671875 2076.989013671875 1305.5164794921875 1098.0794677734375 998.3387451171875 452.9112548828125 801.399658203125 900.01397705078125 1121.5159912109375 286.9505615234375 684.8387451171875 548.5537109375 2143.33642578125 182.3056793212890625 0 0 0 0 0 0 234.375701904296875 648.13043212890625 366.1529541015625 706.44232177734375 1286.0467529296875 624.9998779296875 0 252.4774627685546875 1187.4307861328125 660.996826171875 464.675018310546875 568.05987548828125 632.04815673828125 666.880126953125 322.08880615234375 306.60284423828125 465.57806396484375 495.774383544921875 415.731781005859375 987.1304931640625 300.75592041015625 559.1318359375 236.0199432373046875 183.652496337890625
2204.416259765625 1882.7183837890625 50.14060211181640625 1009.1322021484375 1601.3909912109375 569.380859375 680.6436767578125 2125.787353515625 3958.953125 647.98748779296875 529.68121337890625 1044.5556640625 235.022125244140625 1835.0208740234375 830.9761962890625 317.479248046875 83.57230377197265625 990.6932373046875 415.182830810546875 423.891357421875 0 0 0 0 0 0 229.75726318359375 586.3980712890625 364.398956298828125 424.82562255859375 494.50030517578125 336.84759521484375 771.34893798828125 1046.7557373046875 583.093017578125 708.78375244140625 919.51226806640625 220.33453369140625 1145.374267578125 192.1963653564453125 891.65667724609375 409.9542236328125 418.717529296875 325.54986572265625 489.417510986328125 249.7249603271484375 209.7764892578125 198.7071075439453125 212.241302490234375 250.08251953125 260.642059326171875
3678.691162109375 593.60064697265625 1716.311279296875 1287.0867919921875 116.64300537109375 3622.12841796875 1004.7745361328125 1709.077392578125 446.9283447265625 749.28765869140625 1284.4970703125 993.79022216796875 329.84716796875 116.00173187255859375 876.22857666015625 271.356231689453125 289.370574951171875 110.61577606201171875 725.51123046875 0 0 0 0 0 0 23.45328521728515625 683.948974609375 396.60595703125 769.560302734375 253.946380615234375 370.345306396484375 882.45526123046875 567.76202392578125 526.0526123046875 872.3470458984375 523.42010498046875 36.60535430908203125 414.111968994140625 1313.468505859375 86.90703582763671875 535.4031982421875 511.0062255859375 248.0992431640625 487.533599853515625 243.9374237060546875 209.3595733642578125 182.045379638671875 172.7308502197265625 162.708648681640625 135.5807647705078125 339.946990966796875
2041.10205078125 876.66015625 2781.8095703125 8179.44921875 2737.84326171875 490.992767333984375 1020.55059814453125 65.4893951416015625 537.6175537109375 621.5574951171875 445.13818359375 635.17218017578125 1962.363037109375 1072.360107421875 84.4658660888671875 472.6175537109375 739.72039794921875 0 0 0 0 0 0 0 1164.1251220703125 793.93963623046875 311.37042236328125 265.719085693359375 1058.4176025390625 635.60028076171875 495.853759765625 93.5498504638671875 4386.9599609375 664.82257080078125 631.50274658203125 769.3797607421875 606.68780517578125 243.789276123046875 72.96035003662109375 1120.65771484375 190.359832763671875 249.508026123046875 228.496917724609375 377.5968017578125 362.514801025390625 372.21014404296875 257.314666748046875 208.9394073486328125 446.7008056640625 202.1584014892578125 1791.8211669921875
1359.57373046875 2740.668701171875 1277.6060791015625 7909.59521484375 1005.11199951171875 1633.6810302734375 1488.5751953125 4198.626953125 91.9012298583984375 684.95001220703125 599.20526123046875 746.3134765625 478.82904052734375 377.4603271484375 702.091552734375 757.7403564453125 47.734466552734375 0 0 0 0 0 10.476273536682128906 712.32550048828125 3639.244873046875 488.2276611328125 228.907745361328125 743.6103515625 254.2312469482421875 573.46466064453125 327.35345458984375 529.613525390625 1110.3990478515625 805.33984375 448.1796875 533.36297607421875 1250.3968505859375 542.4700927734375 0 691.06768798828125 500.888580322265625 149.0487518310546875 250.66009521484375 509.840728759765625 1355.347412109375 604.13262939453125 373.885833740234375 228.2034759521484375 674.75128173828125 423.188232421875 1131.64599609375
619.682373046875 1723.377685546875 524.34661865234375 1315.5125732421875 0 60.049869537353515625 475.8526611328125 564.27532958984375 707.07666015625 895.33251953125 445.10382080078125 409.129638671875 498.52789306640625 513.7564697265625 971.9622802734375 328.947296142578125 428.649932861328125 0 28.747228622436523438 24.800844192504882812 900.912841796875 888.8702392578125 403.873138427734375 679.43023681640625 1047.1304931640625 1158.1988525390625 576.1475830078125 784.61688232421875 777.78314208984375 412.0965576171875 399.1334228515625 575.28143310546875 865.17816162109375 645.05352783203125 377.23736572265625 388.321563720703125 786.28692626953125 348.683197021484375 81.6081085205078125 236.3156280517578125 726.6309814453125 1836.5426025390625 471.021392822265625 694.89862060546875 503.58197021484375 640.9774169921875 237.2594146728515625 341.484954833984375 474.451202392578125 4262.60400390625 1236.00634765625
1302.8111572265625 226.5101165771484375 2506.0556640625 149.044708251953125 2400.212890625 3007.500244140625 396.77484130859375 273.339691162109375 635.20587158203125 445.306365966796875 775.13946533203125 475.942291259765625 1079.0201416015625 1685.2584228515625 532.70953369140625 807.8267822265625 96.2392730712890625 0 62.056453704833984375 307.11553955078125 641.10833740234375 417.6055908203125 543.85150146484375 467.801727294921875 319.752777099609375 197.5944671630859375 172.1866455078125 604.6600341796875 924.52850341796875 1237.308349609375 3303.856201171875 547.76678466796875 1142.946533203125 478.591888427734375 579.57769775390625 982.17266845703125 264.073699951171875 835.62017822265625 797.59588623046875 12.643206596374511719 694.23150634765625 924.7022705078125 394.98577880859375 437.15325927734375 380.4344482421875 458.556060791015625 1040.05615234375 538.1343994140625 2751.9072265625 3515.086181640625 1894.637939453125
88.91661834716796875 782.280029296875 1218.6727294921875 400.93377685546875 605.08428955078125 4000.220458984375 367.140594482421875 400.814208984375 603.70477294921875 1210.0537109375 292.06243896484375 639.3018798828125 436.228851318359375 677.88555908203125 339.182952880859375 396.78094482421875 982.38458251953125 1808.408203125 0 532.71148681640625 636.85272216796875 766.439453125 744.4505615234375 929.71929931640625 1075.5238037109375 105.9270477294921875 541.0511474609375 567.377685546875 559.43035888671875 645.53753662109375 865.724609375 657.4188232421875 4033.97802734375 2952.451416015625 0 384.651824951171875 768.0777587890625 545.30780029296875 522.2047119140625 463.07904052734375 885.122314453125 789.924560546875 136.8858795166015625 601.32159423828125 87.17986297607421875 233.129730224609375 592.1737060546875 531.3060302734375 1125.4942626953125 2153.66015625 1475.5841064453125
1890.080322265625 2921.01025390625 3165.091552734375 945.55517578125 1759.64111328125 445.702789306640625 346.59075927734375 850.57745361328125 1230.6444091796875 925.68524169921875 565.916015625 764.97845458984375 377.94244384765625 471.93438720703125 292.624053955078125 1496.8201904296875 292.91729736328125 1753.1529541015625 3567.318359375 341.3118896484375 411.755218505859375 474.934234619140625 536.855712890625 613.21954345703125 1161.627197265625 359.251312255859375 463.232757568359375 413.545196533203125 681.90936279296875 314.421905517578125 574.1390380859375 314.650970458984375 1501.69287109375 2853.2919921875 405.5831298828125 746.7044677734375 455.284088134765625 2030.4322509765625 1369.619140625 0 193.242431640625 54.8700408935546875 189.5323638916015625 371.163970947265625 335.06182861328125 974.0701904296875 439.332427978515625 88.9413909912109375 0 0 44.813114166259765625
117.57019805908203125 1774.950439453125 396.3250732421875 185.7266082763671875 294.714996337890625 384.133941650390625 290.609375 717.48150634765625 629.0411376953125 628.03076171875 375.572174072265625 312.73602294921875 502.0118408203125 1915.642333984375 84.4279327392578125 824.2686767578125 1221.7410888671875 1222.5322265625 1701.4849853515625 2038.3118896484375 767.73699951171875 803.3837890625 890.4202880859375 476.915740966796875 672.05999755859375 833.111328125 513.3751220703125 679.669677734375 976.74835205078125 452.150054931640625 774.994873046875 439.967620849609375 604.25439453125 393.176177978515625 582.91912841796875 329.11614990234375 365.23779296875 1037.190185546875 586.5771484375 802.5909423828125 386.182098388671875 0 0 513.1695556640625 776.87677001953125 557.08123779296875 605.7491455078125 90.00054931640625 0 0 272.87274169921875
143.969207763671875 393.522186279296875 1133.44921875 0.079194560647010803223 746.35931396484375 556.927001953125 553.64312744140625 486.516021728515625 677.35797119140625 960.33172607421875 794.75360107421875 738.4383544921875 999.754638671875 24.40274810791015625 1400.255615234375 1221.9593505859375 1777.1910400390625 407.39483642578125 604.28533935546875 841.77801513671875 636.6065673828125 429.345703125 1011.50048828125 522.4339599609375 2804.107177734375 1106.60009765625 778.28466796875 153.0114288330078125 882.65008544921875 431.082122802734375 735.1688232421875 604.00323486328125 1167.365234375 1235.23291015625 571.45941162109375 595.57830810546875 471.285552978515625 573.91888427734375 738.15655517578125 418.440948486328125 716.07421875 0 763.895751953125 26.554103851318359375 334.27960205078125 145.3647003173828125 96.5279541015625 4603.806640625 350.0791015625 0 1400.9959716796875
2007.492431640625 287.6561279296875 0 368.2161865234375 575.64239501953125 683.2374267578125 516.94610595703125 729.0697021484375 503.19903564453125 726.44677734375 331.68292236328125 350.43206787109375 744.77728271484375 732.1005859375 209.044830322265625 495.370849609375 391.484649658203125 2208.3505859375 1992.8931884765625 106.03496551513671875 1350.894775390625 862.6448974609375 1512.5369873046875 153.6854705810546875 4466.62158203125 720.732666015625 862.3428955078125 863.64971923828125 906.012451171875 403.411773681640625 1003.14813232421875 447.4486083984375 160.5111541748046875 2203.788818359375 609.86773681640625 665.96441650390625 686.53741455078125 836.43194580078125 710.14605712890625 400.295135498046875 449.635223388671875 240.2753753662109375 2590.653564453125 3787.713623046875 2750.2109375 0 798.055908203125 713.27581787109375 2706.641845703125 287.300567626953125 413.7310791015625
1159.32763671875 56.0554046630859375 72.12551116943359375 737.21917724609375 395.1072998046875 385.970794677734375 630.9468994140625 3998.234130859375 207.4063720703125 805.97430419921875 814.98822021484375 398.15966796875 274.489837646484375 313.822723388671875 4397.95166015625 9955.4892578125 963.91766357421875 1428.3240966796875 1013.4952392578125 56.8838043212890625 770.7264404296875 88.09548187255859375 1392.2640380859375 771.710205078125 544.9390869140625 543.60272216796875 750.5771484375 1010.61822509765625 630.45404052734375 825.30322265625 1158.7596435546875 442.2125244140625 772.25482177734375 680.88153076171875 556.538818359375 974.809326171875 890.24676513671875 819.84881591796875 965.76531982421875 1349.2564697265625 915.571533203125 0 1501.964599609375 240.0518035888671875 350.343170166015625 770.43475341796875 4693.95751953125 2412.751953125 62.286533355712890625 1695.5506591796875 2936.037841796875
428.045379638671875 348.560516357421875 342.138031005859375 301.5128173828125 599.56427001953125 562.5775146484375 568.7852783203125 373.439117431640625 510.763336181640625 578.99383544921875 758.00909423828125 312.323638916015625 829.61199951171875 266.019134521484375 3430.583740234375 7924.55322265625 1408.190673828125 781.2955322265625 1195.4847412109375 3257.71728515625 1072.6973876953125 10.591197967529296875 745.14630126953125 422.71649169921875 729.29937744140625 318.25653076171875 830.67657470703125 477.148406982421875 347.792388916015625 914.08917236328125 644.25506591796875 371.497528076171875 706.4058837890625 487.0947265625 402.4613037109375 767.57623291015625 1016.33929443359375 887.81732177734375 682.7965087890625 523.9351806640625 1038.1824951171875 0 3246.854736328125 1950.492431640625 2111.17822265625 517.6070556640625 2082.169677734375 1337.1396484375 642.05255126953125 3716.627685546875 2646.2490234375
223.6571197509765625 381.778656005859375 695.7344970703125 695.1025390625 513.76531982421875 397.383209228515625 622.36846923828125 297.238922119140625 639.54364013671875 453.9686279296875 800.35699462890625 906.95904541015625 491.764862060546875 347.290618896484375 722.95391845703125 510.8377685546875 0 1101.9737548828125 683.16802978515625 716.59539794921875 903.95404052734375 1090.93359375 425.116607666015625 624.02520751953125 686.77630615234375 661.932861328125 3656.99072265625 500.932769775390625 592.7398681640625 588.59814453125 362.5936279296875 879.29193115234375 505.78228759765625 766.97967529296875 639.1025390625 737.12872314453125 929.603515625 127.9622955322265625 1010.352294921875 843.66949462890625 288.43560791015625 661.6376953125 989.6783447265625 2392.086181640625 801.02532958984375 978.6160888671875 2146.27294921875 735.35333251953125 7463.67724609375 242.9957275390625 2614.09033203125
628.140625 466.5496826171875 390.115234375 364.848785400390625 746.73712158203125 655.078125 231.674774169921875 314.004608154296875 1005.2420654296875 661.31060791015625 582.1514892578125 1390.2393798828125 293.563262939453125 529.72998046875 650.54180908203125 518.63531494140625 776.70892333984375 290.84075927734375 1825.5093994140625 2020.4598388671875 647.45196533203125 479.785369873046875 32.8908843994140625 994.7490234375 1019.90966796875 1442.9931640625 1332.308837890625 3162.13232421875 697.85198974609375 1087.3929443359375 443.009735107421875 629.5208740234375 348.02069091796875 542.6287841796875 288.884002685546875 125.42272186279296875 0 127.671630859375 10.652919769287109375 0 0 0 758.11224365234375 3241.912841796875 414.074462890625 1082.607666015625 1090.0826416015625 981.28216552734375 892.0321044921875 1504.3814697265625 9796.017578125
216.0625 331.05926513671875 377.267547607421875 1003.46075439453125 683.518798828125 387.141876220703125 1230.2232666015625 712.08148193359375 322.869903564453125 606.616455078125 794.81512451171875 1372.2291259765625 202.0421905517578125 578.26263427734375 850.52191162109375 438.170013427734375 693.06878662109375 1001.989501953125 1538.837646484375 5791.396484375 411.13616943359375 1170.616943359375 323.74127197265625 685.81182861328125 1340.3616943359375 751.59344482421875 1561.6793212890625 450.861328125 865.56744384765625 561.82659912109375 1235.1634521484375 439.05718994140625 256.85174560546875 0 1025.4884033203125 868.495849609375 594.74920654296875 531.1763916015625 1064.3626708984375 1346.207275390625 1.1017769575119018555 0 0 5107.96435546875 731.3939208984375 2216.854248046875 1934.2464599609375 172.7615203857421875 822.1724853515625 548.48504638671875 3367.14697265625
363.196868896484375 441.408966064453125 320.996063232421875 476.6553955078125 592.05572509765625 605.43011474609375 1632.5455322265625 1020.96099853515625 1225.3668212890625 926.7021484375 606.0089111328125 565.77685546875 880.4716796875 435.599700927734375 638.2755126953125 567.15106201171875 732.716064453125 821.66510009765625 1376.1033935546875 633.2528076171875 587.0220947265625 1428.75927734375 1061.9705810546875 887.4830322265625 237.539093017578125 1175.748046875 865.413818359375 3949.5615234375 1162.3052978515625 1243.5201416015625 1355.7156982421875 890.14794921875 660.38763427734375 488.788330078125 789.65643310546875 160.4634552001953125 667.9537353515625 725.2457275390625 796.11187744140625 1136.783203125 257.009765625 29.71810150146484375 0.39579004049301147461 0 952.6947021484375 2767.351318359375 4441.88427734375 424.0433349609375 2870.809326171875 586.9375 1072.3826904296875
579.787353515625 514.84124755859375 1156.03564453125 1417.8602294921875 257.465576171875 1200.2523193359375 450.05645751953125 350.4969482421875 506.10357666015625 645.96270751953125 649.1900634765625 458.31158447265625 795.2589111328125 2619.832275390625 2474.50830078125 1107.7052001953125 551.25799560546875 1244.0357666015625 694.27978515625 417.9571533203125 1379.11279296875 840.51348876953125 476.325469970703125 428.08673095703125 1235.2442626953125 221.7301177978515625 1150.8580322265625 805.6357421875 903.426513671875 199.03662109375 79.66741943359375 290.376953125 587.1802978515625 579.3333740234375 351.849822998046875 962.99072265625 608.32244873046875 272.90350341796875 234.1539306640625 329.632659912109375 732.068603515625 432.821533203125 462.111846923828125 276.605987548828125 160.7012939453125 1749.2412109375 828.541259765625 8296.2197265625 457.1312255859375 916.77545166015625 500.121185302734375
330.6353759765625 0 1820.36474609375 3980.759033203125 6936.37939453125 2797.8671875 2.5320745407952927053e-05 428.245758056640625 781.66387939453125 291.506591796875 434.785919189453125 610.4449462890625 331.13983154296875 109.88437652587890625 483.213165283203125 580.32318115234375 549.3203125 507.7418212890625 632.67340087890625 2374.795654296875 634.54193115234375 927.25799560546875 649.66473388671875 516.48834228515625 873.90252685546875 665.18560791015625 516.29046630859375 661.32196044921875 665.46575927734375 455.590057373046875 364.45526123046875 288.654754638671875 597.1875 1170.5062255859375 3149.807373046875 909.42767333984375 393.726715087890625 207.0876312255859375 200.8751068115234375 242.3442840576171875 240.4252166748046875 525.0382080078125 905.09912109375 1210.3978271484375 310.1695556640625 925.04339599609375 1819.9237060546875 1959.1318359375 755.4044189453125 766.28045654296875 1276.0091552734375
