ForecastVariables/BuildingFootprint_Mean_100m/BuildingFootprintMean_Random2.asc
ncols        529
nrows        344
xllcorner    2700.000000000000
yllcorner    15900.000000000000
cellsize     100.000000000000
NODATA_value  0
[rows 23 to 45 of 344, columns 208 to 259 of 529]
721.2550048828125 88.66695404052734375 2252.56640625 30.99234771728515625 509.05206298828125 455.53228759765625 532.02252197265625 7.0020880699157714844 0 191.411834716796875 227.56756591796875 754.55535888671875 2252.34033203125 521.75103759765625 1987.1329345703125 826.76776123046875 768.88177490234375 1789.248046875 1074.5250244140625 423.733551025390625 1293.79443359375 888.87744140625 1108.4381103515625 1050.69873046875 393.53179931640625 493.161224365234375 802.5587158203125 750.3609619140625 1202.731689453125 546.72808837890625 562.55731201171875 291.605255126953125 692.54510498046875 614.1573486328125 722.36981201171875 513.3868408203125 708.12188720703125 293.7203369140625 1700.06103515625 1130.8072509765625 327.32830810546875 1312.908447265625 132.445159912109375 463.267242431640625 472.776519775390625 0 0 0 0 0 0 0
966.6513671875 1264.603515625 9017.33984375 1255.8934326171875 1311.3988037109375 2584.308837890625 3902.91845703125 318.112579345703125 274.4366455078125 411.939361572265625 873.51507568359375 665.44696044921875 1146.4395751953125 1246.7677001953125 437.644683837890625 1201.7001953125 1507.58544921875 1076.7142333984375 6409.44189453125 1973.3731689453125 1227.4080810546875 806.084716796875 1019.2847900390625 824.79974365234375 929.1632080078125 861.7742919921875 824.26611328125 715.97991943359375 116.54632568359375 1497.3995361328125 925.16058349609375 2327.0048828125 194.489654541015625 0 0 0 0 1286.6943359375 425.09014892578125 2385.578369140625 1392.5616455078125 344.59930419921875 1033.6298828125 2759.91015625 1718.403076171875 577.79095458984375 0 0 0 0 0 0
1018.71038818359375 807.388427734375 277.240447998046875 0 5205.1953125 1705.8392333984375 810.774169921875 727.1865234375 745.56927490234375 1121.948974609375 839.20465087890625 699.2872314453125 571.055419921875 831.15386962890625 2346.263916015625 2005.6790771484375 1845.09765625 6003.5517578125 1630.4844970703125 882.46490478515625 1193.2491455078125 294.80792236328125 1212.3592529296875 533.5609130859375 202.2238006591796875 362.0562744140625 418.18365478515625 979.26715087890625 605.863037109375 3218.35009765625 523.57177734375 1985.73583984375 463.956756591796875 0 0 0 0 1769.15087890625 1079.30712890625 695.23419189453125 769.15216064453125 1244.5323486328125 679.20648193359375 765.342529296875 429.2049560546875 1002.44830322265625 394.247528076171875 0 0 0 0 0
32.53516387939453125 0 0 252.3272552490234375 338.091094970703125 977.1563720703125 455.79058837890625 432.891510009765625 1086.3436279296875 1397.7327880859375 1634.9425048828125 363.075439453125 708.76934814453125 1132.788818359375 650.66400146484375 2059.936767578125 5569.1494140625 1366.10009765625 2867.947998046875 1586.6240234375 710.15887451171875 0 57.965900421142578125 859.91497802734375 675.22357177734375 981.816162109375 712.01556396484375 974.857421875 458.169097900390625 429.618377685546875 441.890838623046875 565.50799560546875 566.23577880859375 33.907405853271484375 0 0 0 0 518.48193359375 515.9266357421875 706.1922607421875 645.84320068359375 31.18584442138671875 581.4725341796875 275.48797607421875 6644.02734375 837.06634521484375 0 0 0 0 0
299.10498046875 907.01287841796875 860.0706787109375 709.91851806640625 589.32208251953125 682.20062255859375 966.00408935546875 585.38958740234375 511.841583251953125 826.408935546875 5348.7373046875 594.70660400390625 498.730255126953125 569.26580810546875 955.117431640625 351.290435791015625 5440.32763671875 1196.8990478515625 1133.6075439453125 1671.4613037109375 8610.26171875 0 620.77593994140625 1717.7862548828125 482.539947509765625 432.036102294921875 569.67083740234375 338.81488037109375 1192.03662109375 478.546966552734375 1478.3150634765625 462.6177978515625 1264.795654296875 747.341796875 0 0 0 58.55129241943359375 1745.36767578125 684.76904296875 647.03106689453125 267.2762451171875 625.14691162109375 670.9757080078125 595.20330810546875 343.597930908203125 1000.85699462890625 278.980255126953125 0 307.153106689453125 653.2930908203125 0
646.23492431640625 611.5191650390625 892.732421875 407.010009765625 648.6488037109375 1539.1060791015625 1602.6524658203125 540.635498046875 337.66290283203125 608.9859619140625 429.812286376953125 244.0442047119140625 0 449.24169921875 415.91802978515625 665.51409912109375 958.306396484375 134.7743072509765625 3785.923095703125 1887.157470703125 5342.119140625 925.49224853515625 1577.7132568359375 709.97821044921875 147.9539794921875 493.952728271484375 3669.7802734375 995.9698486328125 417.387237548828125 829.26373291015625 466.522552490234375 1544.4188232421875 649.12615966796875 1108.0677490234375 6.8358125686645507812 361.668426513671875 944.23095703125 637.86822509765625 678.6019287109375 719.88165283203125 680.7427978515625 1948.76806640625 950.878173828125 632.25372314453125 770.81988525390625 495.427581787109375 626.4915771484375 530.0655517578125 453.037750244140625 782.48590087890625 661.03973388671875 573.7083740234375
255.22039794921875 925.12677001953125 665.0938720703125 556.5673828125 567.84368896484375 798.3319091796875 675.20269775390625 1070.2879638671875 596.27435302734375 743.377685546875 477.397918701171875 35.7909393310546875 229.7603759765625 459.60064697265625 683.59100341796875 563.39581298828125 1026.8944091796875 1113.0330810546875 442.900848388671875 0 0 3162.12646484375 4327.609375 5.9233140945434570312 260.315216064453125 962.30926513671875 524.7960205078125 420.92071533203125 459.649810791015625 539.6004638671875 119.43570709228515625 768.49951171875 1177.0281982421875 781.27294921875 1014.01214599609375 296.974517822265625 1092.94482421875 789.67236328125 550.04888916015625 1596.845458984375 464.760528564453125 389.949462890625 202.0535430908203125 749.16943359375 1115.7349853515625 431.592041015625 14.257459640502929688 756.09393310546875 1971.8948974609375 1944.754638671875 285.750701904296875 627.26995849609375
666.91436767578125 650.7347412109375 862.583251953125 703.78350830078125 397.940185546875 400.1568603515625 1028.5684814453125 586.4140625 684.26654052734375 759.87158203125 720.22491455078125 533.99798583984375 538.89599609375 445.670135498046875 401.81610107421875 750.639404296875 729.98150634765625 936.37896728515625 0 599.5096435546875 624.77410888671875 0 0 999.24249267578125 587.27203369140625 397.001007080078125 1195.1563720703125 552.11553955078125 552.40447998046875 488.0404052734375 0 715.58349609375 419.850189208984375 257.193634033203125 829.9639892578125 1946.4202880859375 456.547943115234375 836.22503662109375 689.3507080078125 2803.9072265625 277.016632080078125 1438.0780029296875 1004.09649658203125 216.1030731201171875 245.31036376953125 901.6138916015625 888.076416015625 565.6182861328125 894.29144287109375 689.51336669921875 728.04132080078125 183.3130645751953125
725.53662109375 456.479766845703125 702.04913330078125 488.644378662109375 471.026885986328125 512.688720703125 737.0802001953125 375.33746337890625 1060.266357421875 533.13421630859375 509.213226318359375 737.16864013671875 482.353851318359375 117.070892333984375 1371.7156982421875 750.22698974609375 844.66485595703125 2415.500732421875 0 0 0 0 0 0 0 0 0 0 629.0482177734375 437.672027587890625 3026.44970703125 1731.74658203125 786.96136474609375 824.68267822265625 246.1660919189453125 697.3280029296875 210.7484283447265625 194.1722259521484375 1340.2939453125 1728.993408203125 165.7530517578125 2740.9970703125 1231.2655029296875 120.585357666015625 6.8897352218627929688 1663.5478515625 592.80621337890625 600.92822265625 924.5850830078125 1397.4383544921875 1205.129638671875 1675.80712890625
1627.91748046875 3312.28369140625 499.932708740234375 653.5699462890625 678.14825439453125 684.84527587890625 1025.5596923828125 705.802978515625 633.89190673828125 716.48724365234375 500.91473388671875 282.689727783203125 804.12109375 742.39013671875 874.45831298828125 656.185791015625 541.427490234375 0 0 257.523193359375 45.523334503173828125 0 0 0 0 0 0 0 301.82122802734375 1391.664306640625 1598.280029296875 203.9011077880859375 540.10101318359375 579.17425537109375 266.169677734375 4132.39306640625 349.667022705078125 244.787445068359375 288.328704833984375 478.9832763671875 1585.130615234375 912.16748046875 289.8607177734375 378.5601806640625 158.112091064453125 486.939178466796875 1123.5640869140625 1383.1151123046875 610.5972900390625 1310.1019287109375 461.211761474609375 547.932373046875
1062.150390625 316.717559814453125 871.46563720703125 1061.442138671875 620.53948974609375 1052.4910888671875 1905.0665283203125 593.15081787109375 584.94171142578125 1882.4727783203125 447.795257568359375 1015.64471435546875 846.46038818359375 815.31298828125 896.7982177734375 835.3785400390625 731.44036865234375 765.45526123046875 3553.049560546875 0 0 0 0 0 0 0 0 0 601.3011474609375 264.39892578125 1639.651123046875 1925.9730224609375 1398.894775390625 0 40.532306671142578125 600.5938720703125 215.4577789306640625 1221.736572265625 349.8720703125 350.414794921875 802.30322265625 834.5435791015625 1405.80078125 740.02716064453125 221.3090667724609375 1234.424072265625 594.3734130859375 1240.5072021484375 5946.06201171875 917.0738525390625 698.99835205078125 568.29132080078125
576.5606689453125 542.29620361328125 784.76873779296875 954.6451416015625 733.4581298828125 745.6871337890625 65.1520843505859375 885.70281982421875 3019.8876953125 781.45416259765625 482.574066162109375 2238.30126953125 1603.3551025390625 2811.806396484375 426.19488525390625 211.7317962646484375 0 3172.668212890625 1110.0133056640625 0 0 0 0 0 0 0 0 0 0 1276.4775390625 1699.181396484375 1827.5955810546875 989.57501220703125 358.3653564453125 824.01123046875 167.3905181884765625 219.5433349609375 354.925994873046875 46.202716827392578125 960.03692626953125 1303.743896484375 0 1136.345703125 189.5374908447265625 64.80052947998046875 1155.06884765625 1303.43798828125 593.86358642578125 757.63983154296875 1018.7159423828125 512.93450927734375 634.2476806640625
632.5977783203125 449.241180419921875 227.4459381103515625 343.106719970703125 464.470123291015625 796.612060546875 978.2197265625 659.39263916015625 500.42974853515625 685.473876953125 1154.3797607421875 789.48504638671875 658.56756591796875 548.63983154296875 1397.63720703125 235.3446044921875 1641.75341796875 658.65869140625 215.7769622802734375 0 0 0 0 0 0 0 0 0 0 0 1789.210693359375 570.79254150390625 235.818023681640625 1930.0849609375 1185.5067138671875 144.6069183349609375 195.628326416015625 246.54962158203125 479.964263916015625 93.81293487548828125 411.68511962890625 872.41900634765625 2232.177490234375 679.946044921875 568.158447265625 1132.69384765625 136.6327362060546875 338.495452880859375 441.768829345703125 241.2105712890625 423.117919921875 1077.4912109375
769.73016357421875 577.919189453125 1240.051025390625 795.20233154296875 1030.125244140625 789.22210693359375 418.6898193359375 653.406494140625 609.0062255859375 520.68499755859375 797.82916259765625 470.79931640625 1064.8807373046875 236.412200927734375 288.685211181640625 4651.685546875 3465.2158203125 239.4030303955078125 0 0 0 0 0 0 0 0 0 0 0 0 0 289.861053466796875 372.586395263671875 379.33270263671875 134.119537353515625 105.09796905517578125 1622.892333984375 213.4441680908203125 178.1868896484375 1498.3507080078125 0.50571113824844360352 0 1058.4002685546875 50.762989044189453125 173.2983856201171875 0 0 0 771.50018310546875 643.3388671875 647.7796630859375 974.12646484375
545.27545166015625 523.41864013671875 1699.47119140625 707.35186767578125 582.32855224609375 1869.817626953125 737.25164794921875 268.82379150390625 654.14642333984375 1145.824462890625 399.41351318359375 478.27069091796875 2514.712890625 848.4686279296875 288.9224853515625 2749.83544921875 243.0652008056640625 0 0 0 0 0 0 0 0 0 0 0 0 0 0 2337.552734375 2519.39599609375 143.377105712890625 661.4718017578125 770.86370849609375 753.308349609375 125.3878173828125 176.617828369140625 83.2512359619140625 0 75.2778778076171875 533.54473876953125 817.365234375 427.19342041015625 225.7737884521484375 791.529296875 0 212.4136962890625 568.67327880859375 614.960693359375 610.23309326171875
628.853515625 1216.3096923828125 930.66717529296875 409.60595703125 1069.913818359375 429.02825927734375 817.43353271484375 559.4005126953125 5599.3837890625 389.456787109375 759.82574462890625 466.667266845703125 1305.79833984375 624.21771240234375 6905.88916015625 279.697296142578125 0 0 0 0 0 0 0 0 0 0 0 0 0 0 0 0 1240.177978515625 1514.4031982421875 1789.7828369140625 754.736328125 629.0709228515625 732.31475830078125 585.558837890625 746.9678955078125 949.1171875 4445.8037109375 587.31719970703125 68.37548828125 660.6864013671875 1038.259765625 762.43890380859375 244.8932647705078125 1098.6031494140625 2002.3226318359375 1099.9110107421875 411.59375
403.849761962890625 869.423583984375 900.9483642578125 438.153076171875 667.4393310546875 328.073272705078125 882.48480224609375 1225.727783203125 136.7825927734375 796.5777587890625 470.496185302734375 4295.2939453125 1405.1658935546875 3355.294189453125 90.59337615966796875 0 0 0 0 0 0 0 0 0 0 0 0 0 0 0 0 0 0 235.0525970458984375 443.906951904296875 830.04583740234375 37.47734832763671875 843.54205322265625 770.76251220703125 651.55926513671875 431.209747314453125 1738.5244140625 338.012939453125 513.96380615234375 193.355133056640625 1000.62939453125 964.26025390625 1307.0411376953125 657.5806884765625 389.56427001953125 452.64862060546875 830.10028076171875
363.895843505859375 0 296.02020263671875 847.1295166015625 578.44964599609375 2033.3978271484375 760.59832763671875 535.20001220703125 993.5997314453125 779.72271728515625 1545.9923095703125 1593.9234619140625 1181.114990234375 972.89337158203125 0 0 0 0 0 0 0 0 0 0 0 0 0 0 0 0 0 0 0 209.4368743896484375 63.386505126953125 0 615.612060546875 1913.3677978515625 725.283935546875 768.0472412109375 475.078369140625 495.8272705078125 838.00616455078125 395.935394287109375 344.491943359375 401.155487060546875 205.07879638671875 742.20404052734375 326.825286865234375 920.3865966796875 590.20843505859375 839.78741455078125
865.50909423828125 759.87054443359375 632.22509765625 477.696380615234375 1543.6285400390625 931.80963134765625 686.20843505859375 456.449615478515625 627.02532958984375 524.17791748046875 1035.5601806640625 9024.294921875 3848.798095703125 0 0 0 0 0 0 0 0 0 0 0 0 0 0 0 0 0 0 0 0 0 0 117.4224853515625 2237.989990234375 374.445770263671875 1601.76708984375 836.88238525390625 392.31658935546875 695.84246826171875 971.84881591796875 431.290496826171875 2453.7021484375 3923.9111328125 325.32342529296875 529.4830322265625 481.299407958984375 496.026397705078125 1050.2940673828125 709.4884033203125
679.54815673828125 752.33087158203125 741.43353271484375 952.3587646484375 436.985443115234375 799.022216796875 69.925567626953125 1780.9200439453125 336.54522705078125 587.29693603515625 0 523.83721923828125 0 0 0 0 0 0 0 0 0 0 0 0 0 0 0 0 0 0 0 0 0 0 0 353.896697998046875 532.17083740234375 253.5761566162109375 1085.5523681640625 399.019378662109375 474.099639892578125 0 856.8250732421875 556.7550048828125 632.4769287109375 518.22607421875 222.501068115234375 195.0700836181640625 592.5750732421875 1821.40087890625 4374.16552734375 531.7303466796875
468.700958251953125 696.2724609375 1118.405029296875 795.170654296875 370.266693115234375 486.524139404296875 623.00921630859375 945.51641845703125 292.5875244140625 130.998443603515625 0 0 0 0 0 0 0 0 0 0 0 0 0 0 0 0 0 0 0 0 0 0 0 0 0 821.45147705078125 775.390625 246.2073516845703125 1541.1334228515625 908.73876953125 1272.641357421875 1375.470703125 411.732147216796875 633.65081787109375 885.36224365234375 864.73468017578125 606.0601806640625 506.472747802734375 573.79071044921875 488.25634765625 511.1480712890625 521.9625244140625
617.65283203125 5748.59130859375 1271.933837890625 548.2601318359375 897.99639892578125 727.116943359375 729.12921142578125 249.2518463134765625 452.72625732421875 0 0 0 0 0 0 0 0 0 0 0 0 0 0 0 0 0 0 0 0 0 0 0 0 0 0 922.39569091796875 951.01556396484375 382.4219970703125 4075.93701171875 959.435546875 1289.9339599609375 919.40570068359375 553.61712646484375 842.02239990234375 820.72998046875 867.703857421875 758.650146484375 528.99249267578125 882.64263916015625 587.03619384765625 890.10577392578125 843.78924560546875
1268.822998046875 724.0657958984375 703.4677734375 798.279541015625 727.359130859375 747.697265625 210.4561309814453125 1208.5738525390625 158.7486419677734375 0 0 0 0 0 0 0 0 0 0 0 0 0 0 0 0 0 0 0 0 0 0 0 0 0 95.92099761962890625 1011.86834716796875 730.21514892578125 601.00677490234375 422.76715087890625 581.69287109375 836.36273193359375 570.944091796875 2134.79638671875 1385.8870849609375 756.84271240234375 1711.4697265625 417.965728759765625 1335.2652587890625 1244.6395263671875 2581.352294921875 1036.2109375 1208.3968505859375
