ForecastVariables/BuildingFootprint_Mean_100m/BuildingFootprintMean_Random3.asc
ncols        529
nrows        344
xllcorner    2700.000000000000
yllcorner    15900.000000000000
cellsize     100.000000000000
NODATA_value  0
[rows 184 to 206 of 344, columns 255 to 305 of 529]
2074.75537109375 1248.417236328125 745.43798828125 811.89208984375 1384.2872314453125 924.744140625 1075.7598876953125 456.4332275390625 921.23992919921875 283.07293701171875 0 724.80706787109375 447.669158935546875 159.238128662109375 299.955230712890625 349.164337158203125 346.762481689453125 945.4075927734375 269.557159423828125 608.8909912109375 428.811737060546875 187.7014007568359375 639.3978271484375 277.72503662109375 1829.2872314453125 469.063720703125 880.17694091796875 255.1650238037109375 434.157684326171875 825.77960205078125 529.05230712890625 638.14959716796875 473.24700927734375 737.1055908203125 2.0921676158905029297 9.2066602706909179688 0 0 381.054107666015625 620.513671875 500.89202880859375 6279.166015625 9999.9951171875 9999.9951171875 9999.9951171875 8146.83837890625 104.20275115966796875 0 0 0 0
3213.2578125 1144.202880859375 1321.0306396484375 684.945556640625 894.95458984375 740.1634521484375 84.72365570068359375 918.986572265625 548.66925048828125 0 0 15.029157638549804688 456.4129638671875 346.962493896484375 236.1509246826171875 478.870208740234375 343.59002685546875 575.53936767578125 1045.484375 1412.96923828125 553.38812255859375 393.43804931640625 1050.4786376953125 374.081085205078125 375.52471923828125 835.38092041015625 323.63104248046875 532.39984130859375 430.860382080078125 2264.767578125 439.9638671875 493.718841552734375 471.898590087890625 693.04888916015625 118.7718658447265625 120.86724090576171875 0 0 0 0 0 4882.53515625 9999.9951171875 9999.9951171875 4635.32275390625 1947.3143310546875 0 0 0 0 317.5325927734375
2667.7568359375 848.2193603515625 1665.0731201171875 414.403411865234375 700.10321044921875 2054.2705078125 1410.0701904296875 130.2924957275390625 0 0 0 509.365325927734375 245.2776336669921875 338.32427978515625 196.3680572509765625 402.446807861328125 586.1944580078125 361.60699462890625 1591.5595703125 1400.5311279296875 2167.868408203125 356.933868408203125 44.61684417724609375 1580.7105712890625 1131.662109375 1007.58154296875 426.983978271484375 282.864532470703125 390.699371337890625 703.54644775390625 1679.3553466796875 562.11639404296875 868.728271484375 5454.80615234375 166.6470489501953125 0 0 0 0 0 0 152.115203857421875 8513.9716796875 2921.587646484375 1009.808349609375 1193.5562744140625 3786.02001953125 0 0 465.002593994140625 409.0306396484375
922.13897705078125 2628.57373046875 491.010955810546875 1439.7200927734375 1024.8465576171875 1758.5443115234375 2275.025634765625 949.896484375 1293.3975830078125 0 193.6707763671875 598.7486572265625 297.902008056640625 439.933837890625 229.499481201171875 650.51995849609375 646.27557373046875 457.705322265625 445.89947509765625 814.037841796875 1489.5089111328125 1148.8111572265625 912.05145263671875 936.740966796875 2131.07763671875 704.57269287109375 940.89404296875 797.6573486328125 414.794403076171875 696.97845458984375 675.63275146484375 1087.7247314453125 3389.57763671875 73.4014129638671875 879.9981689453125 324.8515625 0 0 0 0 0 1284.33203125 2678.75537109375 5871.3203125 383.678863525390625 2328.27490234375 519.6297607421875 0 229.14007568359375 641.357666015625 0
2555.859130859375 304.9002685546875 668.55950927734375 2216.93017578125 138.6379852294921875 1488.805419921875 149.682403564453125 345.5784912109375 2729.33935546875 0 3331.054931640625 1566.185302734375 1009.01873779296875 515.2620849609375 748.54010009765625 791.32818603515625 2447.387939453125 1621.70654296875 1009.97137451171875 585.701171875 783.6708984375 1213.7862548828125 523.32171630859375 22.985958099365234375 2166.650634765625 740.89556884765625 523.280029296875 508.71405029296875 700.8031005859375 3247.520751953125 5782.03857421875 0 0 0 76.7805023193359375 0 0 0 0 0 0 324.70001220703125 1511.5518798828125 9294.46484375 2036.3297119140625 0 747.48468017578125 196.278961181640625 84.35497283935546875 66.9450225830078125 569.68414306640625
1901.10888671875 784.49066162109375 116.243194580078125 3094.926513671875 455.1109619140625 653.9222412109375 956.6373291015625 1675.509521484375 553.8070068359375 180.806060791015625 785.81353759765625 8806.611328125 280.893035888671875 2961.27978515625 986.9581298828125 1446.992919921875 806.10430908203125 1343.7120361328125 506.737335205078125 990.44512939453125 592.80780029296875 2284.436767578125 1112.55908203125 723.02984619140625 129.5389404296875 1073.7486572265625 2310.197509765625 567.0047607421875 3343.416259765625 1499.912109375 0 286.76287841796875 339.493896484375 0 0 0 0 0 0 0 0 0 0 1548.8922119140625 481.01812744140625 0 1527.5963134765625 8.6412897109985351562 0 1836.3978271484375 237.4290313720703125
1839.660888671875 505.511383056640625 563.21124267578125 7497.5888671875 789.3468017578125 571.39923095703125 545.4759521484375 641.8795166015625 740.32318115234375 1362.390380859375 415.13897705078125 4379.0234375 710.4718017578125 4029.81494140625 1119.415283203125 2703.91015625 1472.4730224609375 131.091064453125 41.41129302978515625 1361.7398681640625 1178.6395263671875 1096.1771240234375 1307.202392578125 399.11669921875 581.59918212890625 3371.220947265625 811.6981201171875 481.842620849609375 1021.734130859375 0 0 0 0 0 0 7.305347442626953125 0 0 0 0 2448.276123046875 163.780914306640625 1084.162109375 421.979644775390625 0 0 0 918.4993896484375 509.62451171875 928.64202880859375 375.5025634765625
296.462310791015625 227.9774627685546875 686.78277587890625 338.702789306640625 335.927093505859375 633.22332763671875 391.347625732421875 231.2221221923828125 451.9132080078125 119.52790069580078125 768.86907958984375 373.5673828125 5305.2890625 298.185791015625 649.62420654296875 1859.9971923828125 699.87646484375 272.840301513671875 543.4765625 530.717041015625 402.297637939453125 1897.09912109375 1726.2164306640625 821.01593017578125 599.29803466796875 0 878.47637939453125 0 0 0 0 0 0 0 765.71832275390625 69.48081207275390625 186.9345245361328125 1054.6064453125 1645.000732421875 564.47705078125 1546.9444580078125 1541.05810546875 184.6923065185546875 609.54437255859375 537.484619140625 169.935455322265625 0 1102.5556640625 887.4722900390625 356.858184814453125 89.474334716796875
218.1352386474609375 537.67596435546875 502.510101318359375 606.84405517578125 460.137786865234375 307.355926513671875 316.92376708984375 331.692626953125 375.606658935546875 883.81982421875 989.9609375 814.1483154296875 0 1892.9276123046875 1015.39019775390625 599.66485595703125 399.56365966796875 694.51495361328125 648.22222900390625 767.24261474609375 3251.792236328125 819.960693359375 1427.3095703125 564.33978271484375 1184.636962890625 0 0 0 0 0 0 0 0 0 322.28216552734375 294.307037353515625 105.88317108154296875 337.3204345703125 256.181549072265625 994.79498291015625 311.44830322265625 429.63592529296875 143.01763916015625 2043.775390625 864.55474853515625 351.26837158203125 0 884.84368896484375 617.7576904296875 2604.818115234375 144.1430511474609375
454.2276611328125 298.504608154296875 319.25726318359375 343.375457763671875 356.328277587890625 451.30426025390625 494.58026123046875 554.7088623046875 668.7545166015625 396.309295654296875 269.049224853515625 3934.349609375 48.633758544921875 37.006313323974609375 1273.1767578125 855.5673828125 2311.117919921875 361.031982421875 991.06842041015625 1803.0989990234375 1189.9715576171875 967.47833251953125 1122.599853515625 942.6329345703125 1423.854248046875 1787.083740234375 6320.54736328125 1127.518310546875 0 0 0 163.1849365234375 0 0 302.12054443359375 372.090362548828125 197.031982421875 731.61865234375 620.68243408203125 574.3565673828125 237.725799560546875 756.68719482421875 245.646270751953125 1042.19580078125 110.40872955322265625 0 0 80.0552520751953125 483.190155029296875 170.52099609375 373.618133544921875
232.6683197021484375 358.211822509765625 227.3873443603515625 341.929046630859375 540.869140625 578.5076904296875 457.74871826171875 929.18634033203125 661.48291015625 983.87945556640625 71.223724365234375 177.04791259765625 564.34027099609375 433.016387939453125 62.0649566650390625 3196.862548828125 2070.994873046875 769.87225341796875 410.7879638671875 1031.3912353515625 970.83416748046875 1396.344970703125 482.9197998046875 2618.644287109375 1241.114990234375 5090.14501953125 1460.91357421875 7812.3642578125 2017.66650390625 410.42236328125 224.0048675537109375 253.4624176025390625 3.402881622314453125 0 302.265625 622.90533447265625 416.48193359375 1188.144287109375 886.3619384765625 133.440582275390625 0 0 0 0 0 287.464141845703125 0 65.10712432861328125 0 0 0
704.98876953125 701.382568359375 283.99212646484375 560.998046875 623.3673095703125 982.0233154296875 79.41684722900390625 99.5655059814453125 3098.7626953125 2932.723388671875 0 0 9.550628662109375 119.99242401123046875 1433.394775390625 709.85992431640625 997.22967529296875 672.93426513671875 1003.11260986328125 766.46429443359375 3911.84033203125 845.57769775390625 1838.3594970703125 5759.08056640625 6149.67919921875 5824.8046875 156.45587158203125 1199.04736328125 1149.320556640625 0 56.984348297119140625 1133.9151611328125 251.8098602294921875 0 0 0 351.493133544921875 0 0 0 0 0 0 0 0 943.584716796875 6656.1142578125 5638.32080078125 0 0 0
345.1724853515625 471.51055908203125 1651.769287109375 1894.7998046875 417.223297119140625 501.60986328125 1336.9586181640625 1223.787353515625 559.107666015625 0.0019859094172716140747 0 0 0 0 858.78936767578125 460.036468505859375 449.79071044921875 1082.764404296875 621.95062255859375 3458.454833984375 7648.56982421875 337.958770751953125 186.57958984375 1512.6866455078125 9999.5888671875 1807.7958984375 2287.744140625 1237.343017578125 475.90472412109375 0 0 0 0 0 0 0 494.158050537109375 0 0 873.2537841796875 876.31158447265625 6385.82470703125 1172.075439453125 0 0 2030.7916259765625 7776.34521484375 1087.552978515625 0 0 0
742.1219482421875 386.58984375 563.675048828125 290.322021484375 711.36260986328125 455.572021484375 470.06134033203125 2172.763427734375 1403.6060791015625 895.29058837890625 146.2137603759765625 196.52264404296875 23.219820022583007812 0 281.80548095703125 351.1568603515625 1641.9189453125 1782.4931640625 578.78521728515625 1370.3330078125 1041.1571044921875 54.893825531005859375 148.2378082275390625 1003.5938720703125 2403.257568359375 2936.8046875 8141.7529296875 2875.285888671875 381.79864501953125 26.876148223876953125 0 1735.4371337890625 343.8634033203125 0 0 0 0 934.14794921875 0 87.24376678466796875 871.20928955078125 6685.994140625 9545.2880859375 2441.5087890625 0 0 0 0 0 0 0
465.273773193359375 547.21575927734375 413.76287841796875 376.73345947265625 1015.530029296875 387.049102783203125 1081.27392578125 2178.077392578125 1197.8682861328125 228.450531005859375 7802.8330078125 816.30584716796875 213.03558349609375 148.2500457763671875 52.417682647705078125 609.34356689453125 4479.8310546875 925.0667724609375 299.096771240234375 7.5455670356750488281 933.45404052734375 171.8588104248046875 1080.3671875 4377.708984375 6430.478515625 6683.94287109375 3734.85009765625 4618.79443359375 448.233978271484375 8.5068140029907226562 0 918.2530517578125 1528.880126953125 0 0 0 0 365.693939208984375 0 0 0 0 2717.80029296875 400.252349853515625 0 0 0 0 0 0 0
1748.963134765625 637.70977783203125 767.25445556640625 1404.1051025390625 722.2301025390625 1305.7119140625 264.117279052734375 384.147674560546875 181.1696014404296875 0 1481.525146484375 4603.64990234375 3062.337646484375 279.691925048828125 4560.7177734375 445.849945068359375 1043.010986328125 1766.40966796875 3563.905029296875 23.7136077880859375 146.83013916015625 0 1236.6102294921875 1655.4591064453125 8162.84228515625 8281.041015625 8417.259765625 5140.04150390625 2186.1748046875 0 3078.2529296875 322.222137451171875 2372.0244140625 0 0 0 0 0 0 0 0 0 0 0 0 0 0 0 0 0 0
4403.08349609375 133.121307373046875 812.107421875 1048.7677001953125 397.5125732421875 813.760986328125 2309.9248046875 722.009521484375 506.32989501953125 2143.899658203125 434.6163330078125 3237.00048828125 447.759674072265625 1213.78662109375 9.0394287109375 1343.23583984375 666.12042236328125 2042.2696533203125 3269.189453125 0 202.14306640625 178.047454833984375 8494.787109375 6123.6474609375 369.981414794921875 447.23162841796875 1818.1561279296875 312.606689453125 106.10401153564453125 0 1552.16943359375 3712.822265625 1092.21240234375 0 0 0 0 0 0 0 0 0 0 0 0 0 0 0 0 0 11.487728118896484375
0 868.4224853515625 445.817230224609375 958.66082763671875 424.133880615234375 528.03607177734375 1469.0560302734375 2438.1142578125 889.09521484375 791.83514404296875 1205.73828125 686.586669921875 3426.49951171875 1487.04052734375 1427.2486572265625 1153.9476318359375 2280.048828125 2000.6136474609375 501.74853515625 513.30279541015625 0 138.7606201171875 3732.875732421875 1302.4864501953125 352.756072998046875 1422.1971435546875 2846.885009765625 2098.380615234375 0 0 802.859619140625 3650.70068359375 0 0 0 0 0 0 0 0 0 0 0 0 0 0 171.426422119140625 1711.5560302734375 0 0 62.269214630126953125
1533.9998779296875 2596.254150390625 933.28436279296875 485.257110595703125 1100.248291015625 652.4407958984375 424.868682861328125 562.58367919921875 998.838134765625 1259.329345703125 809.0523681640625 782.961669921875 1295.3399658203125 798.15093994140625 655.9228515625 936.4344482421875 41.51024627685546875 526.26580810546875 1549.997314453125 0 0 0 0 0 0 272.745391845703125 7690.57568359375 1257.5244140625 0 0 0 0 0 0 0 0 0 0 0 0 0 0 0 0 0 0 0 193.095977783203125 141.4798736572265625 0 0
716.46234130859375 316.61968994140625 912.24517822265625 517.53668212890625 1482.3807373046875 457.7713623046875 2878.353271484375 506.79132080078125 2418.0859375 1190.2650146484375 1120.5672607421875 4500.92578125 533.81243896484375 1509.34375 1037.3145751953125 716.3924560546875 18.05233001708984375 322.053741455078125 1540.6663818359375 270.419097900390625 376.236785888671875 0 0 0 0 0 37.386737823486328125 89.88854217529296875 0 0 0 0 0 0 0 0 0 0 0 0 0 0 0 0 0 0 0 0 260.376861572265625 0 0
1222.7686767578125 586.91558837890625 3618.255859375 560.771728515625 1610.5601806640625 548.4227294921875 195.0771942138671875 945.78271484375 814.417236328125 2163.660888671875 2432.835693359375 1389.5496826171875 589.26470947265625 149.906463623046875 533.58642578125 563.0328369140625 933.159912109375 0 138.0123748779296875 1612.4002685546875 1487.3779296875 2041.2861328125 0 0 0 0 1658.9638671875 1488.30126953125 682.7257080078125 109.50260162353515625 0 0 0 0 0 0 0 0 0 0 0 0 0 0 0 0 0 0 122.4660491943359375 0 0
275.273162841796875 1648.67431640625 941.767333984375 241.1728515625 1355.5986328125 376.5712890625 973.797607421875 420.57635498046875 1185.407470703125 810.93682861328125 1405.5128173828125 1796.0208740234375 1732.6663818359375 971.49884033203125 702.12481689453125 1775.2127685546875 512.0911865234375 2745.956298828125 885.0028076171875 753.92388916015625 753.459716796875 251.8891754150390625 0 0 0 54.020809173583984375 1303.796630859375 9872.2373046875 2240.993896484375 554.60333251953125 0 0 931.663818359375 36.296405792236328125 0 0 0 0 0 0 0 0 0 0 0 0 0 0 0 0 0
1107.2950439453125 723.0142822265625 124.25421905517578125 127.606201171875 206.1537017822265625 4644.3994140625 994.029541015625 689.28369140625 1477.9171142578125 511.069488525390625 635.69305419921875 1626.387939453125 1180.0753173828125 1577.2274169921875 1189.6619873046875 896.69085693359375 880.780029296875 2467.46728515625 873.8837890625 1640.8865966796875 377.82177734375 444.169921875 0 0 0 0 1010.42486572265625 9939.580078125 2230.059814453125 869.5316162109375 1556.8817138671875 49.927173614501953125 6123.9775390625 6824.65478515625 2263.26171875 0 0 0 0 0 0 0 0 0 0 0 0 0 0 0 0
