ForecastVariables/BuildingFootprint_Mean_100m/BuildingFootprintMean_Random5.asc
ncols        529
nrows        344
xllcorner    2700.000000000000
yllcorner    15900.000000000000
cellsize     100.000000000000
NODATA_value  0
[rows 0 to 22 of 344, columns 204 to 254 of 529]
0 0 0 0 0 0 0 0 0 0 0 0 0 0 0 0 0 0 0 0 0 0 0 0 0 115.1498870849609375 142.1499481201171875 328.99664306640625 908.5589599609375 1075.3397216796875 532.62823486328125 669.1512451171875 0 0 0 0 0 0 0 0 0 0 0 0 0 0 0 0 0 0 0
0 0 0 0 0 0 0 0 0 0 0 0 0 0 0 0 0 1.3168932199478149414 0 0 510.246246337890625 658.92327880859375 5603.66455078125 913.8773193359375 1873.4390869140625 1697.7843017578125 1061.906005859375 1025.2554931640625 784.15667724609375 609.67138671875 720.66748046875 932.89398193359375 577.73138427734375 527.65106201171875 240.462066650390625 0 0 0 0 0 0 0 0 0 0 0 0 0 0 0 0
0 0 0 0 0 0 0 0 0 0 0 0 0 0 547.889404296875 751.73876953125 1079.1456298828125 457.394439697265625 98.3401031494140625 458.55450439453125 804.77996826171875 1018.08074951171875 2237.572265625 1090.4967041015625 1531.9498291015625 406.181182861328125 1441.728759765625 938.02728271484375 520.99713134765625 281.46136474609375 661.72564697265625 345.58837890625 1095.1783447265625 234.6522216796875 378.2659912109375 246.421142578125 0 0 0 0 0 0 0 0 0 0 0 0 0 0 0
0 0 0 0 0 0 0 0 0 0 0 0 0 125.2881011962890625 196.2796630859375 337.6861572265625 2055.97998046875 501.34326171875 968.27117919921875 644.542236328125 1472.177490234375 1234.659423828125 1223.3028564453125 1082.1954345703125 1224.9537353515625 1409.0877685546875 441.465484619140625 775.02972412109375 0 804.01519775390625 246.571533203125 272.0374755859375 349.366058349609375 463.012603759765625 0 0 0 0 0 0 0 0 0 0 0 0 0 0 0 0 0
0 0 0 0 0 0 0 0 0 0 0 84.9735565185546875 1223.297607421875 144.6613006591796875 437.771697998046875 874.0052490234375 982.10968017578125 428.0927734375 1880.128662109375 891.923095703125 339.708892822265625 2107.694580078125 830.90496826171875 697.84930419921875 1589.0103759765625 757.04962158203125 697.32818603515625 418.0614013671875 10.933137893676757812 971.92138671875 1061.9290771484375 388.363372802734375 84.9066314697265625 0 0 0 0 0 0 0 0 0 548.6466064453125 441.612548828125 120.1442108154296875 0 0 0 0 0 0
0 0 0 0 0 0 0 0 0 0 13.102961540222167969 1577.0550537109375 1619.9835205078125 437.6781005859375 618.37774658203125 537.15087890625 917.90106201171875 3058.48779296875 1138.6214599609375 1653.9158935546875 884.95086669921875 543.20074462890625 917.0950927734375 871.53814697265625 1252.3812255859375 579.6671142578125 1839.5537109375 1075.94873046875 396.066986083984375 1087.8399658203125 683.63702392578125 206.676055908203125 0 0 0 0 0 0 0 0 0 1783.746337890625 2952.66455078125 544.3182373046875 643.55474853515625 111.18106842041015625 0 234.216644287109375 0 0 0
0 0 0 0 0 0 0 0 0 1307.687744140625 746.7447509765625 2222.903564453125 644.81988525390625 1366.3243408203125 696.6842041015625 2007.6041259765625 1085.189697265625 1066.0308837890625 1599.4525146484375 1506.9910888671875 1071.8529052734375 2329.427001953125 2040.5650634765625 668.6636962890625 718.44329833984375 2302.052978515625 1592.4508056640625 3581.774169921875 1299.1534423828125 896.39251708984375 967.476318359375 379.300323486328125 53.750949859619140625 0 0 20.933588027954101562 628.90838623046875 761.78485107421875 0 0 0 1066.29052734375 4279.6982421875 9362.8623046875 1129.871826171875 3031.048095703125 416.706878662109375 667.1875 552.716552734375 0 0
0 0 0 0 0 0 0 1633.3529052734375 40.84122467041015625 4170.62744140625 2830.983642578125 2365.330322265625 1187.19775390625 319.410186767578125 1331.8193359375 720.47076416015625 1527.712646484375 967.29461669921875 826.077392578125 1184.3355712890625 690.025390625 314.24237060546875 822.2271728515625 850.29254150390625 9168.20703125 463.29278564453125 4094.09130859375 1005.3966064453125 1339.6287841796875 275.456085205078125 648.979248046875 1131.2349853515625 81.509979248046875 158.364593505859375 492.67913818359375 646.4847412109375 1010.82244873046875 222.8046112060546875 0 0 1278.724609375 3209.2294921875 1467.0006103515625 2996.646240234375 407.21246337890625 361.271484375 824.44293212890625 840.3970947265625 1650.4066162109375 726.96197509765625 0.078643120825290679932
0 0 0 0 0 1788.6727294921875 1097.9639892578125 1067.134033203125 0 1529.1302490234375 324.542144775390625 320.76116943359375 692.8553466796875 1821.9224853515625 1837.7554931640625 214.0089263916015625 373.993011474609375 1227.16748046875 1706.5281982421875 1180.9515380859375 533.02679443359375 605.890869140625 1284.48095703125 6531.267578125 735.0457763671875 1554.890625 1980.821533203125 5088.07666015625 3307.003173828125 733.1575927734375 375.358428955078125 827.95977783203125 1191.9647216796875 0 853.1314697265625 1117.9747314453125 384.891693115234375 0 0 0 318.56427001953125 1645.310546875 26.350812911987304688 0 0 39.440723419189453125 1202.4705810546875 1576.1368408203125 476.775970458984375 768.79443359375 1052.3765869140625
0 0 0 109.25832366943359375 403.336273193359375 435.7965087890625 8921.9208984375 1761.08544921875 2700.513427734375 1209.8297119140625 1722.7181396484375 482.451171875 756.28216552734375 4224.74755859375 1321.8212890625 850.5906982421875 2662.04638671875 3705.132568359375 1281.0167236328125 1167.59130859375 451.811126708984375 1581.836181640625 220.16998291015625 1525.99365234375 4329.7744140625 9916.302734375 9200.8095703125 3199.37255859375 2058.1376953125 7955.5419921875 678.19464111328125 875.843017578125 845.83465576171875 1887.423583984375 3490.509521484375 440.80865478515625 496.994842529296875 48.148662567138671875 0 0 0 1395.1162109375 6100.54296875 2130.446044921875 0 338.3294677734375 1064.0772705078125 3670.410400390625 5771.37548828125 0 160.3619537353515625
0 0 2706.437744140625 930.65081787109375 172.916748046875 746.3323974609375 2768.8740234375 475.44122314453125 1612.994384765625 2171.015625 4001.6845703125 1688.4510498046875 1726.04052734375 430.2322998046875 379.3975830078125 7327.68212890625 1431.16064453125 2248.167236328125 1056.9344482421875 1135.1864013671875 890.18304443359375 513.80633544921875 859.85003662109375 1061.5230712890625 583.9571533203125 9084.6640625 287.9344482421875 351.21209716796875 413.86712646484375 328.990447998046875 346.020965576171875 312.851318359375 885.739501953125 985.4754638671875 531.670166015625 935.47607421875 841.413818359375 0 3.5252587795257568359 290.5360107421875 0 0 172.8939971923828125 4169.65185546875 5121.6787109375 40.09731292724609375 3130.891357421875 2223.884033203125 702.62103271484375 0 0
2002.66845703125 1463.3551025390625 309.5335693359375 1716.8140869140625 87.59525299072265625 506.55322265625 445.64447021484375 1476.3968505859375 4624.2607421875 72.328369140625 1582.15625 319.41241455078125 703.09320068359375 1583.711181640625 4120.68505859375 1211.504150390625 1260.101806640625 834.782470703125 3354.616943359375 136.579833984375 720.8861083984375 398.845428466796875 477.704498291015625 0 422.9832763671875 415.761566162109375 473.285888671875 198.908935546875 225.0067901611328125 302.175872802734375 880.364013671875 1755.7862548828125 483.4661865234375 122.0411224365234375 617.7366943359375 1078.6715087890625 11.351575851440429688 514.2510986328125 359.203704833984375 1241.9334716796875 0 0 345.4921875 256.9403076171875 224.538543701171875 0 1062.542236328125 3453.926513671875 9.8327016830444335938 4282.22216796875 0
548.08966064453125 285.381439208984375 340.2315673828125 1210.254150390625 3569.5166015625 387.05029296875 6848.71533203125 1163.75439453125 656.43115234375 4287.447265625 1099.6004638671875 793.701904296875 1316.111083984375 3228.2724609375 695.56646728515625 2345.8701171875 3917.845703125 419.524169921875 3975.995849609375 2490.196533203125 427.59161376953125 696.2890625 439.019195556640625 488.6387939453125 1182.66455078125 527.3114013671875 586.9908447265625 779.94683837890625 865.34918212890625 683.78875732421875 168.9211273193359375 248.6141815185546875 532.276611328125 303.066436767578125 1031.8902587890625 95.812835693359375 1127.45263671875 4266.34521484375 327.99151611328125 181.3197784423828125 430.511138916015625 0 282.978240966796875 337.63299560546875 40.3062591552734375 372.010162353515625 0 685.13580322265625 1774.6221923828125 4515.39306640625 0
911.58209228515625 999.09857177734375 60.064830780029296875 1191.5570068359375 414.602996826171875 117.53665924072265625 421.8455810546875 322.797210693359375 755.30224609375 945.019287109375 858.88385009765625 1023.7412109375 3727.136474609375 900.610595703125 6813.73779296875 2286.182373046875 2420.641357421875 1423.187744140625 489.09576416015625 1711.1322021484375 52.00542449951171875 672.8699951171875 375.30743408203125 0 1164.721435546875 692.563232421875 1142.83837890625 1674.6168212890625 323.750274658203125 2045.480712890625 961.65533447265625 1016.93878173828125 927.37042236328125 1025.982421875 686.96051025390625 178.689422607421875 567.77386474609375 1148.75927734375 1516.761962890625 273.923065185546875 303.193267822265625 697.58843994140625 368.4508056640625 768.8175048828125 242.7826385498046875 108.89058685302734375 428.704132080078125 85.3715972900390625 106.67972564697265625 219.7006072998046875 156.7498626708984375
1834.899658203125 1724.3707275390625 1234.6663818359375 938.422607421875 4782.4052734375 600.8900146484375 230.1005706787109375 163.153076171875 526.59857177734375 829.2303466796875 482.9993896484375 747.85614013671875 3242.24951171875 8816.193359375 553.69598388671875 476.09814453125 894.25482177734375 787.1124267578125 927.571533203125 1982.6683349609375 992.62298583984375 723.85162353515625 366.221160888671875 542.9635009765625 185.6523284912109375 1104.7132568359375 1489.9310302734375 1591.378662109375 1171.6854248046875 1065.9920654296875 145.97119140625 807.07293701171875 333.024261474609375 666.0841064453125 512.47698974609375 345.63079833984375 240.501678466796875 175.8047637939453125 567.428955078125 1074.3857421875 678.25286865234375 1618.9732666015625 906.01922607421875 676.4007568359375 594.80889892578125 0 223.119659423828125 83.9190673828125 232.908203125 366.4110107421875 154.8324737548828125
1977.3216552734375 758.52911376953125 1589.9505615234375 969.4061279296875 754.0609130859375 135.04217529296875 94.50496673583984375 121.01673126220703125 1735.522216796875 635.8428955078125 2109.215576171875 2366.034423828125 1559.1541748046875 547.6951904296875 915.70526123046875 785.46234130859375 603.571044921875 1534.8857421875 1995.41015625 872.47979736328125 1303.9130859375 953.72076416015625 1708.5345458984375 2152.576171875 2078.43212890625 1661.01611328125 561.08160400390625 460.683135986328125 764.0750732421875 93.9453582763671875 348.013641357421875 743.61181640625 324.733154296875 1627.692626953125 464.89862060546875 375.593109130859375 227.4449920654296875 166.8134918212890625 208.12261962890625 329.22650146484375 259.808502197265625 306.1160888671875 390.48834228515625 558.25189208984375 1165.85986328125 257.18304443359375 174.8802032470703125 399.16900634765625 248.4395751953125 350.080596923828125 452.161651611328125
1129.713623046875 142.672576904296875 798.9193115234375 4046.13427734375 93.7922821044921875 908.63775634765625 0 8.071887969970703125 954.94610595703125 1979.037353515625 754.67205810546875 3364.10498046875 1625.035400390625 3203.877197265625 995.08917236328125 515.28466796875 1417.8182373046875 2068.748779296875 255.73095703125 1437.956298828125 3024.41796875 270.0072021484375 880.48284912109375 1973.64794921875 898.34844970703125 490.576171875 602.18096923828125 588.13385009765625 556.67236328125 832.69268798828125 427.450439453125 53.423381805419921875 307.2943115234375 1584.33740234375 899.59893798828125 732.1771240234375 868.273193359375 888.2886962890625 93.1021881103515625 448.698699951171875 638.48028564453125 1802.5 612.7371826171875 776.23712158203125 273.06658935546875 594.8966064453125 139.50372314453125 204.4952239990234375 150.4990692138671875 367.731719970703125 925.60980224609375
1097.5731201171875 732.974853515625 3246.608642578125 1322.638427734375 1783.8701171875 7590.1396484375 168.120941162109375 0 21.052206039428710938 1823.434814453125 1799.3359375 1349.491943359375 1205.2987060546875 2049.701904296875 556.27679443359375 2066.457763671875 1919.1146240234375 653.2003173828125 1496.7320556640625 991.89727783203125 963.11083984375 1798.2701416015625 424.555572509765625 931.021240234375 2231.698486328125 2603.171142578125 673.97723388671875 706.88916015625 593.29278564453125 706.4232177734375 508.394775390625 867.5272216796875 606.0924072265625 946.5927734375 88.1998748779296875 589.3092041015625 490.70794677734375 1513.46630859375 1854.5263671875 291.27911376953125 454.005126953125 926.9072265625 116.79703521728515625 661.1778564453125 109.4225921630859375 293.78350830078125 1682.341796875 334.554595947265625 206.3668670654296875 101.451690673828125 514.27239990234375
538.9049072265625 1069.9150390625 1853.9405517578125 3040.773193359375 9544.19140625 4466.73583984375 7.7302241325378417969 1809.7335205078125 611.06488037109375 945.51080322265625 758.00048828125 721.02410888671875 2368.18798828125 712.0244140625 1483.5587158203125 532.3551025390625 929.781982421875 923.11529541015625 1576.1558837890625 877.073486328125 6.4172239303588867188 600.4771728515625 1287.491943359375 102.34320068359375 667.15472412109375 2069.3583984375 0 1101.1168212890625 739.8125 639.3270263671875 643.41180419921875 0 349.275177001953125 766.48779296875 727.6832275390625 408.44561767578125 2471.630126953125 1148.490478515625 881.96478271484375 625.3140869140625 416.701324462890625 1328.343017578125 9.7612781524658203125 1138.40576171875 1584.96728515625 307.0943603515625 40.6815643310546875 303.70361328125 454.173919677734375 906.47283935546875 901.88470458984375
1336.852783203125 8383.4716796875 9706.609375 8763.7880859375 4117.63525390625 452.82666015625 1106.114013671875 531.063720703125 1254.5882568359375 424.839080810546875 606.02374267578125 778.73944091796875 465.7940673828125 796.48907470703125 1472.8890380859375 1374.7078857421875 834.52349853515625 1355.9400634765625 615.78704833984375 398.79266357421875 946.238037109375 653.01544189453125 1226.9442138671875 1136.008056640625 1410.2047119140625 5442.51220703125 0 3147.957275390625 971.70703125 543.70611572265625 510.45013427734375 411.476837158203125 842.9381103515625 236.411590576171875 732.7965087890625 427.65814208984375 351.235809326171875 921.2379150390625 269.190399169921875 831.6126708984375 677.3172607421875 482.553863525390625 1061.5269775390625 482.4796142578125 756.810302734375 355.83331298828125 575.61346435546875 728.53369140625 670.96771240234375 712.6370849609375 445.874603271484375
504.081390380859375 3408.127197265625 1564.7615966796875 381.97998046875 1754.275146484375 2187.1640625 348.4061279296875 397.865997314453125 284.01263427734375 445.70086669921875 307.14373779296875 355.013153076171875 721.76885986328125 76.7108001708984375 1178.507568359375 1074.670654296875 1213.239013671875 813.79498291015625 3054.49658203125 516.7479248046875 1135.7747802734375 1038.58837890625 1044.4813232421875 791.548095703125 476.73907470703125 5080.029296875 0 1604.28271484375 813.77044677734375 1015.03167724609375 637.99774169921875 1147.042236328125 771.28094482421875 992.85675048828125 877.52655029296875 543.81268310546875 1050.9830322265625 905.8599853515625 999.335205078125 157.9603729248046875 458.013336181640625 444.47601318359375 656.9854736328125 546.2274169921875 401.206024169921875 220.159637451171875 1340.9404296875 255.4146575927734375 51.6842041015625 826.08551025390625 271.235382080078125
281.470001220703125 2598.196044921875 1174.2177734375 935.41033935546875 1582.5389404296875 7733.40771484375 229.938385009765625 434.484771728515625 306.253631591796875 220.791748046875 1390.920166015625 522.19146728515625 320.881103515625 4685.91015625 486.458282470703125 707.77105712890625 1194.0679931640625 633.507568359375 1189.4031982421875 1101.4591064453125 1499.4659423828125 1260.571044921875 655.84698486328125 721.83477783203125 873.41326904296875 5470.88232421875 0 1151.5751953125 438.656982421875 669.60089111328125 639.72076416015625 487.04718017578125 634.02423095703125 471.577972412109375 575.2174072265625 810.39501953125 848.27691650390625 764.4339599609375 540.0457763671875 875.4481201171875 293.814666748046875 1140.8201904296875 817.013916015625 343.4744873046875 1136.1890869140625 1378.2447509765625 489.28765869140625 885.5394287109375 1167.3525390625 134.731842041015625 0
1190.0936279296875 795.2158203125 1961.1605224609375 1192.9456787109375 1687.025146484375 2694.15966796875 492.250640869140625 465.237579345703125 1352.7833251953125 814.36492919921875 223.8131103515625 1003.6630859375 964.153076171875 2497.905029296875 3873.882080078125 1027.0792236328125 1447.1944580078125 1713.6661376953125 1240.93701171875 1231.4603271484375 1389.343017578125 684.440185546875 581.43194580078125 1997.3890380859375 2125.71826171875 1984.364501953125 0 944.1224365234375 797.50665283203125 1617.078857421875 722.2120361328125 311.619720458984375 675.4659423828125 478.987579345703125 674.0025634765625 360.139556884765625 446.614349365234375 661.39776611328125 1000.1024169921875 501.02581787109375 420.979156494140625 92.11936187744140625 897.90802001953125 337.067779541015625 385.12408447265625 618.5841064453125 430.1827392578125 456.262481689453125 145.6950531005859375 0 0
