ForecastVariables/BuildingFootprint_Mean_100m/BuildingFootprintMean_Random1.asc
ncols        529
nrows        344
xllcorner    2700.000000000000
yllcorner    15900.000000000000
cellsize     100.000000000000
NODATA_value  0
[rows 115 to 137 of 344, columns 153 to 203 of 529]
864.68804931640625 914.59967041015625 267.60650634765625 546.07208251953125 995.63531494140625 1427.5360107421875 172.799896240234375 294.004608154296875 93.269378662109375 191.0319061279296875 557.33978271484375 300.24200439453125 0 0 0 0 0 0 0 0 0 0 0 0 0 0 669.58209228515625 1045.293701171875 729.0684814453125 782.589599609375 687.6424560546875 240.24468994140625 605.5419921875 286.86126708984375 921.4791259765625 634.5709228515625 1315.8087158203125 491.263580322265625 772.1973876953125 0 5739.08203125 289.09130859375 0 0 0 0 0 0 0 0 0
371.51715087890625 422.7576904296875 812.992919921875 826.759521484375 962.09930419921875 1043.1944580078125 437.314483642578125 95.53066253662109375 474.373046875 1046.0064697265625 347.958740234375 362.90972900390625 0 0 0 0 0 0 0 0 1336.23291015625 2080.52587890625 947.97491455078125 154.5111236572265625 0 0 350.58447265625 191.58453369140625 359.73907470703125 1640.619873046875 2103.09619140625 734.4481201171875 494.350860595703125 951.0577392578125 211.3586578369140625 311.7510986328125 978.051513671875 361.4871826171875 250.8841094970703125 0 1468.084716796875 76.21923828125 0 0 0 0 0 0 0 0 0
193.729095458984375 497.939666748046875 597.5189208984375 1930.232177734375 96.634918212890625 1005.8743896484375 1575.6005859375 1146.6722412109375 1339.79150390625 970.583251953125 641.03765869140625 0 0 0 0 0 0 0 0 0 107.636993408203125 182.6607666015625 491.98907470703125 726.45233154296875 568.69842529296875 1303.4805908203125 123.7502899169921875 484.789398193359375 254.045928955078125 491.658538818359375 1435.19482421875 319.87939453125 2663.5087890625 3208.2451171875 407.039794921875 1076.7818603515625 199.236602783203125 2474.5634765625 165.74920654296875 0 0 0 0 0 0 0 0 0 0 0 0
689.04449462890625 2023.259521484375 369.864501953125 474.09326171875 749.90008544921875 479.45257568359375 1261.6143798828125 593.80377197265625 523.44293212890625 822.08306884765625 481.132293701171875 0 0 0 0 0 0 0 0 0 1361.1998291015625 208.82122802734375 0 3330.10498046875 537.45208740234375 99.781951904296875 0 1077.1103515625 581.86663818359375 477.154205322265625 225.183349609375 645.095458984375 0 0 0 0 141.0075531005859375 0 0 0 0 0 0 0 0 0 0 0 0 0 0
420.631744384765625 2480.413330078125 601.237548828125 460.198638916015625 493.26153564453125 339.16290283203125 1323.5806884765625 457.773681640625 763.32568359375 744.02081298828125 201.4197998046875 0 0 0 0 0 0 0 0 0 1053.7138671875 354.97003173828125 397.823333740234375 4391.44091796875 791.39654541015625 779.74139404296875 0 0 94.8771820068359375 0 0 0 0 0 0 0 0 0 0 0 0 0 0 0 0 0 0 0 0 0 0
1373.9759521484375 741.9195556640625 505.663970947265625 373.608123779296875 954.47003173828125 329.87286376953125 909.25750732421875 493.025787353515625 788.8704833984375 441.10302734375 400.249359130859375 0 0 0 0 0 0 0 0 133.737518310546875 166.16485595703125 1015.3115234375 602.8443603515625 742.56610107421875 672.25970458984375 370.927093505859375 309.94964599609375 787.61907958984375 153.6538238525390625 307.80059814453125 88.0251312255859375 0 0 0 0 0 0 0 0 0 0 0 0 0 0 0 0 0 0 0 0
711.05377197265625 334.172821044921875 267.389190673828125 539.0789794921875 826.20068359375 366.938385009765625 735.11773681640625 465.008758544921875 860.72723388671875 0 0 0 0 0 0 200.8188018798828125 672.044189453125 215.1962127685546875 431.569671630859375 454.08575439453125 484.54254150390625 213.459716796875 231.62811279296875 551.97576904296875 1560.2374267578125 400.30731201171875 705.33538818359375 398.5467529296875 701.43780517578125 34.554340362548828125 0 0 0 0 0 0 0 158.62225341796875 0 0 0 0 0 0 0 0 0 0 0 0 0
416.0709228515625 0 182.03570556640625 632.9869384765625 716.3253173828125 367.616668701171875 758.43603515625 439.230560302734375 1250.9503173828125 590.85186767578125 0 0 0 0 0 221.7813873291015625 178.12799072265625 218.3945159912109375 258.280914306640625 915.82305908203125 1057.5750732421875 701.162353515625 189.0256500244140625 811.33197021484375 1013.64697265625 171.7078094482421875 684.27130126953125 196.881805419921875 230.1314697265625 0 0 0 0 0 0 0 0 878.090576171875 0 0 0 0 0 0 0 0 0 0 0 0 0
1514.13525390625 318.439483642578125 0 440.924224853515625 834.35211181640625 1032.4659423828125 802.94000244140625 348.509796142578125 1079.5164794921875 1783.7044677734375 261.40191650390625 0 0 0 0 230.4334564208984375 254.0506439208984375 436.126373291015625 737.62957763671875 420.178131103515625 1046.567626953125 715.2279052734375 404.1287841796875 1005.4644775390625 950.20703125 481.76702880859375 969.68353271484375 242.263275146484375 231.4986114501953125 0 0 0 0 0 0 0 30.423723220825195312 0 0 0 0 0 0 35.7432708740234375 0 0 0 0 0 0 0
1347.044189453125 447.624481201171875 141.772216796875 0 461.7318115234375 942.857666015625 1177.7364501953125 1624.0589599609375 1991.4853515625 2416.106201171875 9.2784090042114257812 0 0 0 0 203.2601318359375 199.2845001220703125 286.03863525390625 421.618804931640625 622.05584716796875 522.4315185546875 327.512725830078125 1052.3514404296875 746.34124755859375 706.911865234375 1148.9964599609375 79.96506500244140625 300.779327392578125 299.081390380859375 0 0 0 0 0 0 0 27.460145950317382812 0 0 0 0 0 0 24.278921127319335938 0 0 0 0 0 0 0
2373.0048828125 474.013519287109375 667.091064453125 182.400299072265625 600.65496826171875 392.415496826171875 459.736907958984375 1209.8197021484375 570.4599609375 256.8232421875 640.626708984375 152.257537841796875 0 0 0 290.117095947265625 199.4176177978515625 221.0708160400390625 246.57928466796875 433.275634765625 602.03875732421875 789.39324951171875 326.284210205078125 784.29730224609375 424.332855224609375 749.717041015625 0 873.258056640625 1572.22412109375 0 0 0 0 0 0 0 0 0 0 0 0 0 0 0 0 0 0 0 0 0 0
968.03564453125 276.739776611328125 128.971649169921875 281.01666259765625 727.649658203125 883.32171630859375 685.97161865234375 52.021358489990234375 484.850189208984375 454.15802001953125 748.845947265625 0 0 0 0 0 901.76568603515625 355.796051025390625 302.87738037109375 360.56561279296875 545.47216796875 6239.4375 1329.3143310546875 335.774383544921875 584.21917724609375 369.6829833984375 426.988433837890625 0 0 0 0 0 0 0 0 0 0 0 0 0 0 0 0 0 0 0 0 0 0 0 0
165.8080291748046875 999.21624755859375 1549.6544189453125 1588.402587890625 705.9654541015625 0 424.766143798828125 405.324310302734375 722.93707275390625 391.27178955078125 319.11541748046875 0 0 0 0 0 40.401973724365234375 316.21905517578125 471.786956787109375 991.46636962890625 3447.0341796875 956.83477783203125 272.655792236328125 831.0419921875 214.5518341064453125 1490.1270751953125 308.5728759765625 375.85137939453125 0 0 0 0 0 52.659305572509765625 0 0 0 0 0 0 0 0 0 0 0 0 0 0 0 0 0
614.6702880859375 1653.9356689453125 164.916107177734375 856.90802001953125 563.8155517578125 4573.97021484375 1956.6502685546875 446.487396240234375 685.15283203125 387.12725830078125 403.759674072265625 23.465282440185546875 15.891854286193847656 0 0 0 264.709625244140625 668.6876220703125 610.20501708984375 1875.1304931640625 457.37835693359375 176.8438568115234375 72.27496337890625 711.11785888671875 186.393524169921875 593.59423828125 566.987060546875 298.80523681640625 0 0 0 0 0 0 0 0 47.696926116943359375 0 0 0 0 0 0 0 0 0 0 0 0 0 0
217.988372802734375 836.232666015625 431.895477294921875 447.860992431640625 910.419921875 1389.3697509765625 298.8917236328125 207.235443115234375 830.47344970703125 377.326141357421875 776.26397705078125 1713.2054443359375 2505.01171875 0 0 1994.0828857421875 1354.9053955078125 574.05902099609375 609.44622802734375 840.2679443359375 121.93560791015625 844.2073974609375 1818.16064453125 1139.2484130859375 148.61456298828125 841.077392578125 1303.1553955078125 510.319244384765625 117.14310455322265625 0 0 0 0 0 0 0 374.665924072265625 90.53118896484375 0 0 0 0 0 0 0 0 0 0 0 0 0
350.353424072265625 349.5791015625 268.0235595703125 411.03302001953125 200.701141357421875 782.4830322265625 349.9573974609375 638.94659423828125 89.83123779296875 341.4808349609375 2242.673828125 612.3665771484375 386.601715087890625 161.7319793701171875 453.670501708984375 952.99884033203125 568.61865234375 408.179931640625 163.45843505859375 397.7667236328125 1304.9757080078125 907.4129638671875 67.5446624755859375 234.285430908203125 730.3055419921875 267.36163330078125 1422.935546875 389.9002685546875 609.11962890625 0 0 0 0 0 0 0 0 53.72600555419921875 0 0 0 0 0 0 0 0 0 0 0 0 0
656.80816650390625 926.0760498046875 129.418304443359375 738.49267578125 1056.723876953125 208.66650390625 885.32012939453125 1468.1221923828125 0 0 836.62298583984375 707.27520751953125 370.34307861328125 332.859466552734375 421.31927490234375 438.98870849609375 744.75439453125 942.59356689453125 61.638256072998046875 0 0 0 0 0 1606.3690185546875 464.475067138671875 710.54071044921875 0 779.29962158203125 0 0 0 0 0 0 0 0 746.6612548828125 0 0 0 0 0 0 0 0 0 0 0 0 1675.6920166015625
1213.6707763671875 694.13427734375 627.0845947265625 429.514556884765625 532.26959228515625 883.3392333984375 762.51727294921875 604.52117919921875 0 0 0 438.68963623046875 512.1136474609375 590.0343017578125 1008.65386962890625 395.4873046875 331.875518798828125 637.98406982421875 918.4322509765625 0 0 0 0 0 791.8614501953125 570.19635009765625 0 0 0 0 0 0 0 0 0 0 0 42.908939361572265625 0 0 0 0 0 0 0 0 0 0 0 124.46282196044921875 360.88543701171875
454.8643798828125 555.080322265625 514.59429931640625 676.74176025390625 707.4415283203125 1695.3763427734375 787.62762451171875 490.113006591796875 1037.99072265625 6.4006414413452148438 0 578.11676025390625 624.2293701171875 694.2000732421875 759.4993896484375 381.829254150390625 438.91998291015625 419.65313720703125 407.24713134765625 0 0 0 0 0 0 0 0 0 0 0 139.081573486328125 0 0 0 0 0 0 0 36.4000244140625 0 0 0 0 0 0 0 0 0 0 270.38671875 1353.4921875
860.5657958984375 174.4473876953125 318.987213134765625 422.773895263671875 324.72119140625 877.18450927734375 769.214599609375 2850.69189453125 63.55144500732421875 452.660003662109375 540.540283203125 39.084075927734375 1002.29888916015625 369.512176513671875 871.78619384765625 435.973052978515625 363.7122802734375 560.20220947265625 561.911376953125 0 0 0 0 0 0 0 0 0 0 0 150.6905059814453125 295.03607177734375 0 50.436412811279296875 196.0096435546875 64.6256256103515625 0 0 0 0 0 0 0 0 0 0 0 0 2429.263427734375 587.27764892578125 75.9808807373046875
2298.25927734375 807.29998779296875 715.58160400390625 328.7386474609375 731.2088623046875 600.20733642578125 1307.565673828125 2357.343994140625 1259.3223876953125 1146.23193359375 1286.6004638671875 671.1158447265625 398.045654296875 1704.8699951171875 254.0511932373046875 418.670257568359375 524.01171875 109.13750457763671875 297.83673095703125 556.73565673828125 0 0 0 0 0 0 0 0 55.88578033447265625 0 211.21343994140625 962.3271484375 714.3189697265625 392.646728515625 1433.84033203125 1219.52587890625 194.1806182861328125 133.76324462890625 0 0 0 0 0 0 0 0 0 0 1888.953857421875 1162.8582763671875 203.59820556640625
1741.51123046875 537.1719970703125 253.7078857421875 1048.66455078125 685.22406005859375 276.083160400390625 150.564727783203125 199.84173583984375 253.08538818359375 295.0904541015625 556.71026611328125 473.43011474609375 492.096405029296875 547.9500732421875 916.77362060546875 542.33380126953125 390.150482177734375 240.28656005859375 441.61346435546875 716.60528564453125 0 0 152.01409912109375 536.73931884765625 100.39867401123046875 0 964.30755615234375 193.758514404296875 0 522.66314697265625 604.64923095703125 581.4197998046875 614.99749755859375 126.289703369140625 233.5541534423828125 899.91162109375 827.9718017578125 0 0 0 0 92.74204254150390625 0 0 0 0 0 0 194.0366668701171875 379.28192138671875 133.9332427978515625
437.03631591796875 570.36285400390625 517.2978515625 802.91082763671875 142.5918426513671875 1657.9075927734375 537.35662841796875 503.200897216796875 71.90491485595703125 916.64837646484375 440.42913818359375 971.80963134765625 604.15667724609375 358.25262451171875 141.5373687744140625 1070.1563720703125 742.792236328125 488.2723388671875 744.16363525390625 0 0 0 26.841192245483398438 467.420196533203125 861.4600830078125 487.66607666015625 777.192626953125 795.2078857421875 1362.3687744140625 957.37738037109375 708.6722412109375 302.02264404296875 392.312774658203125 746.8670654296875 451.240478515625 150.6385040283203125 1943.552490234375 377.52752685546875 1060.79296875 482.677886962890625 101.1111602783203125 1931.60791015625 823.93023681640625 0 0 0 0 0 63.311855316162109375 193.668212890625 174.1439666748046875
