ForecastVariables/BuildingFootprint_Mean_100m/BuildingFootprintMean_Random2.asc
ncols        529
nrows        344
xllcorner    2700.000000000000
yllcorner    15900.000000000000
cellsize     100.000000000000
NODATA_value  0
[rows 161 to 183 of 344, columns 312 to 363 of 529]
714.82281494140625 589.79901123046875 316.857330322265625 800.1795654296875 493.793365478515625 578.66290283203125 203.6576080322265625 1443.9173583984375 832.899169921875 1029.087890625 1679.10546875 3223.280517578125 572.7421875 2461.33251953125 440.502960205078125 42.19922637939453125 1271.265625 926.4278564453125 555.0780029296875 861.99151611328125 838.23236083984375 271.274871826171875 401.73095703125 228.3115081787109375 288.55914306640625 284.72650146484375 644.20501708984375 316.015594482421875 256.050384521484375 505.051605224609375 321.445709228515625 234.62738037109375 128.8309783935546875 218.0858612060546875 1374.310546875 1320.8360595703125 419.118194580078125 177.390045166015625 683.241455078125 452.25616455078125 1255.3876953125 372.1173095703125 798.7174072265625 448.606475830078125 811.15673828125 463.638946533203125 1230.9183349609375 385.07342529296875 959.37841796875 2151.50390625 777.58599853515625 931.6767578125
862.25213623046875 1599.5576171875 323.03436279296875 978.44964599609375 1881.019287109375 550.66241455078125 1244.8568115234375 2408.16845703125 1109.2362060546875 792.357666015625 423.855865478515625 0 132.1580657958984375 647.38067626953125 209.5513153076171875 644.09478759765625 963.3779296875 1742.006591796875 602.33758544921875 440.457672119140625 979.25579833984375 185.1314544677734375 259.819000244140625 306.588836669921875 294.54248046875 359.134002685546875 426.4739990234375 469.3096923828125 261.28057861328125 297.982147216796875 263.41021728515625 249.0310821533203125 187.2217864990234375 171.66131591796875 254.5733795166015625 64.637847900390625 565.54541015625 141.9055328369140625 1355.642578125 911.87860107421875 536.06072998046875 602.896484375 594.579345703125 326.87127685546875 345.014404296875 255.866668701171875 5319.13671875 353.373687744140625 851.2435302734375 1152.0870361328125 531.6732177734375 144.67620849609375
663.27459716796875 423.388153076171875 544.46527099609375 489.7279052734375 213.2970428466796875 20.99927520751953125 0 0 474.010650634765625 600.31536865234375 602.69915771484375 710.71875 831.82000732421875 470.484619140625 46.50661468505859375 29.604267120361328125 376.97174072265625 233.6099090576171875 208.1519927978515625 484.136077880859375 621.23907470703125 345.79852294921875 318.452117919921875 367.761993408203125 240.5689239501953125 306.070037841796875 397.384613037109375 320.042205810546875 1144.6981201171875 313.248046875 195.986907958984375 141.819122314453125 245.6000213623046875 276.00537109375 232.4759674072265625 301.35028076171875 265.713592529296875 570.122802734375 2342.5556640625 1526.7037353515625 2021.3133544921875 613.3944091796875 518.28875732421875 310.874359130859375 182.599517822265625 0 2263.103271484375 2474.466552734375 1067.75244140625 1157.1214599609375 448.63720703125 903.48199462890625
1205.2830810546875 369.054595947265625 762.511962890625 1542.31298828125 220.27020263671875 599.144775390625 1027.71630859375 0 1251.6485595703125 873.36669921875 749.07989501953125 1355.3310546875 748.280517578125 558.61578369140625 577.61907958984375 1776.4705810546875 23.5918121337890625 387.244354248046875 731.2769775390625 759.44219970703125 253.91558837890625 438.494659423828125 385.98388671875 297.7327880859375 344.70977783203125 313.28009033203125 250.9087982177734375 312.140655517578125 508.520355224609375 150.4141082763671875 215.163330078125 224.5107574462890625 158.6288299560546875 294.6123046875 527.8504638671875 372.145172119140625 205.6273956298828125 3969.576904296875 1951.916748046875 471.73883056640625 494.330535888671875 297.451171875 429.253662109375 317.237030029296875 613.75311279296875 655.2496337890625 4146.91162109375 7492.5 3149.439697265625 2063.978759765625 4645.4443359375 315.0546875
867.3980712890625 1291.5965576171875 695.702880859375 3.8584306240081787109 2098.333251953125 985.82733154296875 1466.9727783203125 180.6805572509765625 846.49957275390625 894.6856689453125 529.09783935546875 1939.0438232421875 437.331451416015625 669.5069580078125 832.0283203125 661.019775390625 523.5823974609375 468.893798828125 610.68048095703125 558.23651123046875 571.05914306640625 350.5059814453125 352.94403076171875 527.34271240234375 227.3876495361328125 333.293060302734375 260.745849609375 304.512542724609375 355.441680908203125 311.80621337890625 1562.5970458984375 170.4246978759765625 118.2886199951171875 370.439788818359375 286.394317626953125 289.195892333984375 145.8284454345703125 81.6056365966796875 355.688323974609375 409.0645751953125 697.58026123046875 417.640960693359375 590.58856201171875 588.68780517578125 394.870513916015625 165.838470458984375 3183.918212890625 2662.17431640625 1861.2291259765625 1966.2177734375 5359.96435546875 535.73760986328125
626.96551513671875 870.55859375 360.222686767578125 610.21173095703125 501.451751708984375 5849.7900390625 0.84080040454864501953 1625.425537109375 185.2906036376953125 303.5789794921875 673.05181884765625 1515.9716796875 647.7906494140625 542.218017578125 573.90216064453125 453.50494384765625 464.19281005859375 425.07257080078125 739.1092529296875 516.20733642578125 678.6240234375 439.5262451171875 266.2445068359375 405.705108642578125 391.551605224609375 519.2647705078125 377.51226806640625 336.274261474609375 277.79461669921875 908.093994140625 349.260498046875 263.49481201171875 306.3134765625 337.675323486328125 186.0190277099609375 276.252960205078125 234.3941650390625 248.0483856201171875 157.1386871337890625 234.593353271484375 245.5882415771484375 632.18621826171875 438.483917236328125 1205.6502685546875 519.487060546875 207.182342529296875 925.2410888671875 7978.2958984375 1418.9322509765625 1851.1881103515625 1079.9395751953125 347.410430908203125
1707.7755126953125 1460.44921875 114.5147857666015625 51.844829559326171875 1494.9921875 858.498779296875 2142.342041015625 740.297607421875 593.9228515625 549.9482421875 596.65826416015625 1111.6278076171875 1606.7464599609375 1554.3182373046875 819.621826171875 652.70709228515625 589.07720947265625 676.32586669921875 522.0980224609375 171.951751708984375 0 2418.94921875 43.28891754150390625 42.13130950927734375 353.896026611328125 163.414764404296875 345.22882080078125 512.36962890625 453.349700927734375 407.477020263671875 687.2930908203125 399.193023681640625 193.0268402099609375 223.88897705078125 225.6125640869140625 226.70556640625 186.226898193359375 222.6151580810546875 146.606964111328125 287.2073974609375 767.69976806640625 980.23150634765625 70.557037353515625 1038.107177734375 499.620635986328125 201.9254302978515625 142.266021728515625 1146.2552490234375 9122.1884765625 2399.314453125 3290.868896484375 443.388702392578125
471.575836181640625 1081.230712890625 280.3187255859375 61.39599609375 680.21673583984375 776.873046875 702.8211669921875 2312.8173828125 3740.4794921875 6579.13818359375 1043.9361572265625 502.509613037109375 411.955963134765625 365.39764404296875 505.25201416015625 287.55145263671875 176.9413299560546875 20.383632659912109375 0 0 0 990.59490966796875 580.42010498046875 662.10992431640625 394.05450439453125 262.399139404296875 372.031341552734375 290.268768310546875 412.8646240234375 199.23382568359375 405.369049072265625 255.06878662109375 186.8911895751953125 164.812103271484375 944.49749755859375 1411.3448486328125 107.29384613037109375 163.068756103515625 203.2069549560546875 309.48883056640625 1316.966796875 295.42266845703125 292.457916259765625 309.249267578125 892.56512451171875 270.45623779296875 289.7154541015625 592.15838623046875 104.82300567626953125 245.3580322265625 1538.4154052734375 218.9215545654296875
1072.5498046875 393.106903076171875 693.560546875 175.997344970703125 907.96514892578125 1068.9141845703125 311.034423828125 2344.653564453125 2090.316650390625 257.47930908203125 314.932891845703125 167.531524658203125 334.25457763671875 566.5078125 110.6320953369140625 1324.3275146484375 741.49322509765625 823.72637939453125 0 0 2004.868896484375 1026.007080078125 1983.7987060546875 891.4822998046875 300.1817626953125 486.950531005859375 347.302398681640625 772.49090576171875 228.423492431640625 342.286956787109375 298.3880615234375 320.498199462890625 209.3581390380859375 217.5798187255859375 199.3616790771484375 231.7717742919921875 398.127716064453125 223.3255157470703125 196.06610107421875 289.6949462890625 540.14202880859375 728.30303955078125 608.580322265625 393.3616943359375 340.244110107421875 251.83917236328125 231.0462493896484375 646.4779052734375 2320.30126953125 3163.123779296875 2230.610595703125 1447.86279296875
504.2843017578125 524.88861083984375 546.096923828125 457.32666015625 714.6790771484375 574.88421630859375 173.337921142578125 2521.017822265625 1106.0863037109375 89.4300384521484375 478.979766845703125 1990.9337158203125 155.5951080322265625 2728.6064453125 615.5760498046875 1859.9998779296875 316.755157470703125 545.97894287109375 415.98419189453125 500.58306884765625 416.504425048828125 156.6436309814453125 426.840576171875 590.6209716796875 267.9351806640625 261.316680908203125 209.749725341796875 341.593780517578125 245.671295166015625 264.48089599609375 461.5491943359375 218.96630859375 205.7248992919921875 135.198760986328125 170.116119384765625 289.128021240234375 317.540557861328125 340.454132080078125 244.20159912109375 333.626953125 69.6912689208984375 236.566192626953125 259.935821533203125 332.36468505859375 317.83074951171875 172.9108428955078125 231.0924530029296875 316.363067626953125 320.665740966796875 465.163116455078125 1710.4180908203125 5296.3671875
293.05206298828125 423.36114501953125 373.161041259765625 338.57952880859375 313.6563720703125 1065.422607421875 376.3203125 3619.7861328125 2245.989501953125 142.5769195556640625 2011.4169921875 1231.37548828125 1012.49066162109375 1023.5504150390625 625.169921875 625.02899169921875 301.724273681640625 564.05377197265625 289.412506103515625 349.135284423828125 383.812103271484375 180.252105712890625 256.79803466796875 232.5435333251953125 211.670166015625 287.63555908203125 225.6864166259765625 239.7154998779296875 437.02984619140625 306.75714111328125 182.138153076171875 245.122802734375 185.3106231689453125 182.03021240234375 233.8346099853515625 214.929901123046875 353.400390625 949.66802978515625 1127.85693359375 906.2410888671875 197.7386322021484375 128.8192901611328125 45.194591522216796875 319.600372314453125 381.483795166015625 236.1279754638671875 296.060791015625 340.804107666015625 391.290924072265625 561.806396484375 363.303253173828125 1227.8665771484375
326.709991455078125 411.7796630859375 229.1341400146484375 293.4346923828125 419.8558349609375 443.124603271484375 280.6068115234375 1162.5999755859375 904.91253662109375 1411.4349365234375 1285.2205810546875 750.20025634765625 345.487396240234375 627.70166015625 652.4715576171875 317.967803955078125 625.89215087890625 513.18414306640625 230.1897430419921875 246.9141998291015625 368.6475830078125 242.501953125 250.9535064697265625 343.383453369140625 409.561676025390625 389.343902587890625 450.706390380859375 456.433837890625 374.62017822265625 415.718109130859375 608.86724853515625 43.39510345458984375 213.4532318115234375 232.5447998046875 339.68841552734375 393.562530517578125 436.881805419921875 1138.9307861328125 638.25396728515625 1348.2579345703125 225.8892822265625 345.498870849609375 595.09405517578125 515.134033203125 467.1824951171875 359.48382568359375 327.693267822265625 303.43133544921875 492.175933837890625 776.618408203125 563.89801025390625 726.28955078125
639.36865234375 613.982421875 316.0096435546875 668.79119873046875 856.64422607421875 1283.1195068359375 520.177978515625 857.72650146484375 594.27313232421875 1010.20965576171875 331.42279052734375 267.42352294921875 341.9144287109375 547.46258544921875 454.6629638671875 446.205902099609375 456.7294921875 323.691162109375 381.064453125 269.475006103515625 231.970794677734375 299.25152587890625 183.349517822265625 260.743255615234375 470.966461181640625 302.135498046875 355.306854248046875 491.8341064453125 269.465240478515625 221.0816802978515625 211.64691162109375 478.150054931640625 307.982574462890625 261.791961669921875 206.2623291015625 255.9745635986328125 308.448638916015625 397.618682861328125 792.1363525390625 319.377227783203125 202.260040283203125 492.2889404296875 281.062652587890625 290.3790283203125 623.49493408203125 479.9954833984375 345.45751953125 234.9646453857421875 401.468719482421875 285.48480224609375 285.484375 297.21063232421875
388.784759521484375 351.31842041015625 365.175933837890625 971.051025390625 945.10498046875 149.7714691162109375 1143.107177734375 487.4854736328125 294.16046142578125 496.438934326171875 418.965179443359375 147.5295257568359375 293.86102294921875 525.396240234375 507.032806396484375 537.4083251953125 231.2144622802734375 328.389251708984375 283.464691162109375 226.0304412841796875 238.2108001708984375 269.429351806640625 215.0096435546875 294.653472900390625 235.0567779541015625 330.4774169921875 299.00701904296875 350.709503173828125 282.3411865234375 327.27691650390625 216.4513092041015625 324.2935791015625 268.4193115234375 294.368560791015625 224.066131591796875 285.344757080078125 300.00469970703125 285.51708984375 375.90155029296875 227.78228759765625 207.0730743408203125 327.900238037109375 215.2859649658203125 396.42303466796875 805.00823974609375 199.0419158935546875 1544.47607421875 396.02386474609375 163.4687042236328125 653.99969482421875 510.64227294921875 219.3596954345703125
408.7027587890625 333.534088134765625 357.49029541015625 4528.93798828125 812.62677001953125 455.02191162109375 774.911865234375 469.29083251953125 375.304229736328125 372.800994873046875 376.2266845703125 509.408111572265625 616.42510986328125 315.1995849609375 414.9168701171875 1429.5986328125 227.4074554443359375 417.38848876953125 387.185546875 213.2004852294921875 267.474822998046875 231.0767669677734375 400.736114501953125 250.793121337890625 519.72454833984375 323.549041748046875 114.84583282470703125 356.615478515625 417.4901123046875 217.2127532958984375 230.3253021240234375 321.993896484375 336.7547607421875 262.88623046875 434.648529052734375 220.226348876953125 295.270721435546875 173.959381103515625 230.1782684326171875 344.740966796875 829.3153076171875 727.65618896484375 569.17462158203125 382.68719482421875 1317.6390380859375 872.47705078125 485.679779052734375 385.074005126953125 266.93243408203125 290.885040283203125 416.837738037109375 248.124969482421875
285.250885009765625 428.0369873046875 536.8594970703125 1897.5775146484375 1612.373779296875 623.1993408203125 208.92578125 387.98077392578125 342.51458740234375 246.549285888671875 232.4749298095703125 398.087432861328125 351.758056640625 176.9214324951171875 671.63775634765625 418.4595947265625 271.419647216796875 439.816375732421875 420.731689453125 267.633453369140625 185.1757354736328125 211.53778076171875 228.241455078125 218.0614013671875 256.610076904296875 370.980987548828125 444.7957763671875 215.2389373779296875 285.494598388671875 267.3258056640625 286.4647216796875 380.084930419921875 368.298492431640625 421.979156494140625 322.471649169921875 235.798370361328125 286.231536865234375 253.2069549560546875 344.71807861328125 751.00433349609375 872.36651611328125 417.99603271484375 266.59283447265625 1281.9898681640625 541.52734375 781.4642333984375 1164.609130859375 458.295257568359375 257.874908447265625 369.852569580078125 358.705780029296875 362.93658447265625
1404.59326171875 1654.105712890625 1112.1702880859375 65.12413787841796875 634.15570068359375 1387.3175048828125 136.1186676025390625 494.115447998046875 362.691436767578125 339.185821533203125 292.804229736328125 456.838714599609375 271.304168701171875 176.2008056640625 206.744384765625 305.605743408203125 289.20294189453125 591.9849853515625 301.662811279296875 413.84539794921875 235.47235107421875 235.2474517822265625 258.548187255859375 237.8991546630859375 261.617462158203125 282.4439697265625 169.2275543212890625 229.1335601806640625 234.0863494873046875 242.7081146240234375 220.6757049560546875 322.22802734375 236.4892425537109375 420.509063720703125 360.222259521484375 237.2119598388671875 429.935546875 388.205657958984375 381.375396728515625 227.06787109375 273.34771728515625 272.596466064453125 585.84881591796875 221.190185546875 437.410400390625 612.95343017578125 928.67724609375 592.06903076171875 330.152618408203125 371.973236083984375 243.9754180908203125 0
1684.57666015625 1615.8905029296875 786.499755859375 914.54840087890625 137.2241668701171875 811.84136962890625 0.0047746645286679267883 388.819427490234375 325.773834228515625 196.9048614501953125 128.204925537109375 196.7693939208984375 236.6372528076171875 185.275543212890625 203.9163818359375 141.57568359375 174.6996612548828125 427.79705810546875 481.4285888671875 348.028900146484375 291.070526123046875 231.3872222900390625 359.060516357421875 327.76275634765625 243.08660888671875 227.18048095703125 293.135284423828125 324.3095703125 245.3578033447265625 331.725738525390625 613.94354248046875 384.626617431640625 336.272735595703125 257.279388427734375 260.77154541015625 553.8179931640625 489.086883544921875 415.425079345703125 407.52764892578125 266.885772705078125 243.0262908935546875 295.0992431640625 747.98773193359375 367.6456298828125 300.628509521484375 1389.52978515625 1217.8726806640625 143.0740966796875 163.47607421875 927.19915771484375 504.6417236328125 150.29473876953125
286.091888427734375 266.211639404296875 1003.53955078125 872.9844970703125 1615.1845703125 282.280181884765625 110.5476226806640625 263.163665771484375 379.1478271484375 232.2000732421875 167.89520263671875 378.335906982421875 1443.3397216796875 269.686370849609375 236.73095703125 267.3865966796875 325.978851318359375 716.95013427734375 272.131072998046875 254.9163055419921875 185.5679779052734375 430.2794189453125 324.306243896484375 673.011474609375 402.902374267578125 653.292724609375 278.1427001953125 600.65618896484375 328.547882080078125 423.45849609375 399.539520263671875 269.79473876953125 288.60296630859375 1117.0936279296875 3208.3408203125 704.09930419921875 462.64208984375 422.215362548828125 426.402008056640625 188.0356903076171875 254.5604095458984375 229.86798095703125 399.55206298828125 102.806915283203125 166.4712066650390625 3517.171875 1868.1448974609375 820.48992919921875 95.94857025146484375 694.90777587890625 828.78515625 406.43585205078125
801.74835205078125 340.212982177734375 633.3780517578125 895.28216552734375 371.77978515625 32.28815460205078125 424.0048828125 193.9028167724609375 214.421844482421875 317.5511474609375 1086.265380859375 1223.314697265625 975.88165283203125 446.559112548828125 205.902435302734375 238.3773651123046875 364.315155029296875 451.034759521484375 315.477325439453125 345.183746337890625 208.1291656494140625 464.35723876953125 319.680084228515625 2023.7730712890625 3103.451171875 775.47564697265625 511.1982421875 436.230926513671875 287.017669677734375 292.238067626953125 321.887969970703125 466.8316650390625 328.353424072265625 621.57574462890625 1223.608642578125 322.18994140625 552.64105224609375 194.29901123046875 163.0484466552734375 191.0893402099609375 165.7171173095703125 388.256439208984375 358.3563232421875 524.6807861328125 52.995349884033203125 1418.0255126953125 982.681396484375 0 367.11669921875 82.5154571533203125 0 0
892.20745849609375 440.117401123046875 637.1572265625 881.89556884765625 1650.565673828125 863.463134765625 198.8322296142578125 216.048187255859375 235.550933837890625 284.5836181640625 1178.3880615234375 308.92767333984375 1281.3341064453125 73.97612762451171875 284.921722412109375 320.740692138671875 246.715667724609375 557.09979248046875 297.8341064453125 604.887939453125 464.662017822265625 494.768280029296875 836.305419921875 169.495452880859375 230.5838165283203125 264.20037841796875 572.22784423828125 479.8740234375 307.642120361328125 148.4805755615234375 334.972503662109375 432.724822998046875 211.0925750732421875 344.288787841796875 2853.8271484375 327.561798095703125 1593.9022216796875 5812.25341796875 568.99371337890625 64.185699462890625 360.00421142578125 1181.44921875 437.0045166015625 542.18316650390625 163.8249053955078125 422.714996337890625 0 0 0 0 43.591869354248046875 0
1006.08416748046875 348.473358154296875 1677.2216796875 327.238494873046875 316.89385986328125 1084.663330078125 678.70306396484375 225.397705078125 180.7915191650390625 189.9021759033203125 817.301513671875 193.594146728515625 1140.1439208984375 410.98583984375 375.143829345703125 364.621185302734375 340.097991943359375 482.137420654296875 243.7556610107421875 433.703765869140625 463.9873046875 642.5233154296875 456.89013671875 314.22705078125 319.164031982421875 1363.3372802734375 234.50860595703125 1120.0352783203125 306.563995361328125 200.7106170654296875 659.11602783203125 988.2099609375 545.19329833984375 668.13909912109375 2368.041015625 2314.152099609375 1804.203125 1445.71533203125 281.913299560546875 631.957763671875 476.771087646484375 413.726165771484375 269.80035400390625 453.4114990234375 81.21173095703125 0 0 0 0 0.92127650976181030273 0 0
189.77923583984375 2204.58251953125 125.9187469482421875 534.57879638671875 854.6737060546875 3281.0302734375 911.86273193359375 172.6801910400390625 216.63885498046875 291.291229248046875 348.992034912109375 158.028045654296875 577.5772705078125 929.19012451171875 221.97119140625 860.50762939453125 380.697113037109375 651.48699951171875 440.90972900390625 566.38861083984375 1501.6207275390625 373.39984130859375 400.6529541015625 404.384918212890625 365.696929931640625 809.9451904296875 1448.9814453125 3265.177734375 1215.4495849609375 673.57135009765625 622.77789306640625 387.286651611328125 438.99652099609375 622.74517822265625 1142.103271484375 1136.5968017578125 344.7230224609375 2751.123046875 0 787.6339111328125 192.369476318359375 0 0 0 0 0 0 111.8482818603515625 992.8515625 669.535888671875 172.00787353515625 0
