ForecastVariables/BuildingFootprint_Mean_100m/BuildingFootprintMean_Random4.asc
ncols        529
nrows        344
xllcorner    2700.000000000000
yllcorner    15900.000000000000
cellsize     100.000000000000
NODATA_value  0
[rows 92 to 114 of 344, columns 312 to 363 of 529]
7093.51904296875 3735.6689453125 784.0751953125 747.60198974609375 796.69677734375 536.86627197265625 927.04229736328125 480.356719970703125 455.716766357421875 699.16253662109375 1302.601318359375 344.564483642578125 387.975128173828125 466.7674560546875 453.35260009765625 401.648468017578125 433.424713134765625 334.0101318359375 1376.679443359375 2583.51171875 828.05859375 768.8978271484375 640.71466064453125 1021.715576171875 647.47003173828125 366.284149169921875 214.845611572265625 640.30450439453125 764.12469482421875 902.7662353515625 1945.177001953125 419.055938720703125 0 730.28656005859375 625.61090087890625 1531.540771484375 201.640533447265625 1223.888671875 678.6761474609375 638.1378173828125 1289.343994140625 20.26328277587890625 929.533447265625 1558.0853271484375 1608.096435546875 2820.4658203125 308.698699951171875 693.170654296875 554.1075439453125 79.52330780029296875 1904.1917724609375 321.678192138671875
2.6677000522613525391 1472.8875732421875 1279.48486328125 842.4178466796875 840.87646484375 781.42645263671875 285.677947998046875 798.35162353515625 258.71954345703125 330.935546875 1019.41754150390625 413.804595947265625 791.3790283203125 5244.74169921875 276.34979248046875 878.02252197265625 419.400482177734375 561.65948486328125 504.77294921875 428.777374267578125 445.12225341796875 642.42108154296875 830.1085205078125 143.513092041015625 184.459808349609375 703.5447998046875 798.4964599609375 417.49957275390625 126.84474945068359375 1781.951416015625 406.983978271484375 0 1102.891357421875 429.3988037109375 585.51849365234375 237.2520294189453125 626.587890625 601.380859375 310.745025634765625 92.024322509765625 2156.44140625 335.248992919921875 1175.791748046875 509.260009765625 2188.00244140625 554.6827392578125 2145.616455078125 844.6851806640625 2364.81787109375 68.0279998779296875 535.0963134765625 1003.91241455078125
2082.932861328125 1702.8795166015625 0 265.6083984375 1639.6025390625 1231.557861328125 375.898956298828125 747.453857421875 816.735595703125 382.023345947265625 13.416782379150390625 1085.9110107421875 565.9263916015625 574.52655029296875 291.806182861328125 598.8218994140625 377.6343994140625 1994.40966796875 430.414031982421875 572.66790771484375 401.108062744140625 560.808349609375 140.3798675537109375 1541.085693359375 1008.886474609375 907.60040283203125 0 516.996826171875 1084.883544921875 312.742889404296875 244.455352783203125 0 2420.511474609375 506.76580810546875 203.090576171875 1292.082275390625 1545.861328125 1856.5643310546875 4717.4599609375 150.2623138427734375 638.73199462890625 143.2144775390625 367.6656494140625 1106.0269775390625 1367.8953857421875 56.315887451171875 1169.927734375 1493.2451171875 806.78167724609375 1451.59375 1547.41015625 1459.353515625
2107.96923828125 1477.840576171875 1553.927001953125 2257.47021484375 1111.4906005859375 700.0880126953125 2748.557373046875 998.421875 608.1439208984375 736.2337646484375 685.96966552734375 325.225799560546875 498.03692626953125 436.34600830078125 288.28656005859375 531.56524658203125 660.46337890625 783.62591552734375 613.5926513671875 249.8333587646484375 0 0 0 634.36566162109375 1456.2177734375 747.03399658203125 205.187896728515625 349.303314208984375 0 0 1228.2322998046875 1355.47265625 1548.6365966796875 2558.927734375 30.336744308471679688 1835.3843994140625 1289.7552490234375 18.162296295166015625 862.140625 661.203857421875 5154.78125 4321.5107421875 194.9620361328125 796.930908203125 1334.821533203125 2672.268310546875 3079.66748046875 3258.460693359375 1256.65380859375 3373.0517578125 794.5517578125 591.6298828125
1337.32275390625 1984.0052490234375 1429.1142578125 633.5447998046875 117.5386199951171875 447.587646484375 199.3902587890625 4268.85791015625 465.32177734375 476.035125732421875 688.939453125 786.4139404296875 598.10296630859375 575.28680419921875 308.4813232421875 417.67889404296875 772.6646728515625 397.36639404296875 677.981201171875 414.368988037109375 0 559.35125732421875 181.25323486328125 2141.537109375 8.098567962646484375 797.42681884765625 136.6601715087890625 173.094970703125 179.007354736328125 236.632232666015625 2102.4287109375 263.525299072265625 0 0 0 0 6381.0908203125 861.78619384765625 426.62548828125 989.1937255859375 411.202056884765625 1804.6912841796875 8435.9638671875 7080.41455078125 480.01470947265625 693.9935302734375 265.4317626953125 1114.623291015625 432.7347412109375 1675.51904296875 1109.440673828125 523.8902587890625
1282.4888916015625 93.7631683349609375 679.273681640625 1241.9990234375 257.15826416015625 304.645904541015625 721.1142578125 236.941925048828125 777.31317138671875 508.65386962890625 5450.99169921875 284.26019287109375 529.932373046875 41.736110687255859375 1006.49652099609375 447.731536865234375 581.88031005859375 592.2879638671875 823.56884765625 0 0 681.66571044921875 515.77825927734375 63.9363555908203125 934.92071533203125 253.6232757568359375 490.64105224609375 3560.488037109375 943.2032470703125 1308.5784912109375 3903.49267578125 897.091796875 0 0 0 383.596649169921875 443.6131591796875 2582.61181640625 180.68255615234375 1783.26708984375 900.07177734375 14.497081756591796875 1060.7620849609375 2198.644287109375 193.029449462890625 362.68994140625 903.9307861328125 1962.4915771484375 469.49530029296875 739.28515625 99.22470855712890625 7.785366058349609375
1653.1396484375 0 49.0867156982421875 1042.6134033203125 3148.349609375 276.46917724609375 166.4628753662109375 1158.786865234375 613.26995849609375 315.68280029296875 296.351165771484375 463.153533935546875 472.504180908203125 2960.26611328125 784.897216796875 690.9794921875 651.06121826171875 774.1876220703125 468.75341796875 0 0 706.06756591796875 1747.32568359375 2656.540771484375 1950.757080078125 571.132080078125 195.56951904296875 1976.59326171875 3730.138671875 353.72064208984375 3901.287109375 498.73077392578125 0 0 0 3759.819580078125 892.46630859375 603.752685546875 719.306640625 1949.3662109375 386.134368896484375 278.8843994140625 3931.887451171875 1247.258056640625 564.438720703125 1130.5919189453125 431.053802490234375 6188.6201171875 2854.64697265625 1406.870361328125 676.4547119140625 1479.4794921875
1024.6715087890625 335.04638671875 864.0899658203125 424.222564697265625 627.28765869140625 290.05615234375 535.48529052734375 94.55084228515625 502.305023193359375 111.70740509033203125 458.36505126953125 374.767913818359375 1506.5360107421875 1525.659423828125 494.75244140625 127.93769073486328125 701.75933837890625 345.165283203125 447.93524169921875 0 0 2828.501220703125 1745.0654296875 651.04681396484375 1711.650390625 2440.877197265625 1249.5201416015625 810.0947265625 1125.8433837890625 583.87109375 93.9998931884765625 1843.3167724609375 0 0 0 0 2982.958984375 403.16290283203125 2097.86083984375 1435.601806640625 761.9168701171875 2809.828857421875 828.59136962890625 1029.8289794921875 2226.130126953125 408.35528564453125 404.57574462890625 2183.640625 781.7789306640625 222.2961578369140625 2213.234619140625 200.7830047607421875
10.8292236328125 888.46917724609375 387.208465576171875 392.253570556640625 425.59619140625 241.7928924560546875 468.836151123046875 424.48333740234375 289.546356201171875 722.842529296875 857.45831298828125 579.79998779296875 852.79095458984375 807.94427490234375 326.87310791015625 819.48284912109375 545.2747802734375 546.79742431640625 227.75494384765625 0 0 470.900909423828125 1148.6219482421875 312.345794677734375 609.904052734375 2233.1748046875 3476.671142578125 331.79132080078125 843.621337890625 238.957611083984375 11185.5869140625 1909.33154296875 0 0 0 0 0 775.15264892578125 737.1788330078125 1519.353271484375 429.06060791015625 3067.34912109375 114.02336883544921875 107.06574249267578125 3097.210693359375 1731.974365234375 849.62432861328125 334.820556640625 2311.20263671875 1040.7037353515625 2129.28076171875 3753.28125
353.068389892578125 1403.16357421875 629.9385986328125 614.26080322265625 706.714599609375 1168.1019287109375 940.39129638671875 549.05047607421875 661.0758056640625 390.177642822265625 252.903594970703125 389.131378173828125 125.541259765625 3.4205765724182128906 0 6.5802931785583496094 719.80377197265625 641.09234619140625 618.93463134765625 522.89898681640625 35.373378753662109375 790.6295166015625 152.553466796875 353.97296142578125 65.9483642578125 332.25103759765625 45.49753570556640625 2105.443359375 1795.226318359375 2716.813720703125 5035.24365234375 0 0 0 0 0 0 520.65869140625 1395.568115234375 2104.327392578125 2194.251220703125 1557.9571533203125 868.81640625 233.415679931640625 259.38983154296875 533.9371337890625 1784.0301513671875 5752.4013671875 429.25482177734375 307.407012939453125 529.19744873046875 9801.31640625
447.216217041015625 768.51336669921875 427.547515869140625 301.312164306640625 810.47625732421875 466.102203369140625 444.87933349609375 668.83984375 567.087646484375 1248.4669189453125 487.750396728515625 592.88519287109375 0 0 0 14.64650726318359375 672.39483642578125 662.3441162109375 484.065185546875 442.881500244140625 172.6910400390625 1043.4619140625 1512.047607421875 892.1134033203125 1591.831298828125 2707.666015625 208.81982421875 45.994228363037109375 358.91497802734375 197.6759033203125 173.5461578369140625 1.3701767921447753906 204.340911865234375 0 0 0 0 2691.56787109375 1085.377685546875 116.63524627685546875 224.954925537109375 2829.516357421875 758.21527099609375 2433.576171875 17.781688690185546875 26.887533187866210938 640.7679443359375 53.7818450927734375 86.6331024169921875 2399.069580078125 988.1776123046875 2346.2275390625
1244.8826904296875 459.29168701171875 582.32330322265625 910.85308837890625 665.19854736328125 724.77825927734375 380.65606689453125 831.86175537109375 708.1566162109375 1129.5489501953125 414.684173583984375 613.598876953125 0 0 0 23.483356475830078125 562.87548828125 351.530029296875 314.787994384765625 1196.319580078125 250.7744598388671875 1436.0596923828125 793.6368408203125 2153.09033203125 880.238525390625 203.263580322265625 3205.25146484375 1193.672607421875 314.837310791015625 0 0 0 0 0 0 0 118.9156036376953125 4190.70263671875 1484.36572265625 1325.095947265625 310.220947265625 4656.408203125 731.78411865234375 2228.791015625 3507.644287109375 710.4124755859375 34.539653778076171875 1807.8563232421875 3973.078125 4013.042236328125 1112.6484375 1431.3048095703125
763.91864013671875 1386.1580810546875 947.02490234375 382.78662109375 1498.697021484375 284.43328857421875 402.626312255859375 372.212371826171875 304.201263427734375 353.1844482421875 505.539276123046875 1.80548858642578125 0 0 0 1225.1810302734375 490.4412841796875 1008.6287841796875 336.583648681640625 333.116912841796875 0 5487.2841796875 2516.38525390625 3486.116943359375 815.6168212890625 1494.958251953125 271.51922607421875 672.49151611328125 0 0 0 0 0 0 0 0 436.78216552734375 4011.68408203125 362.786529541015625 769.85406494140625 2205.069091796875 2118.68115234375 1413.51171875 1929.5859375 262.51983642578125 140.11651611328125 983.29718017578125 551.27008056640625 1680.4599609375 1896.05322265625 2402.973876953125 528.12957763671875
400.5574951171875 903.64349365234375 897.92706298828125 324.912994384765625 841.51995849609375 545.15673828125 1118.827880859375 480.64080810546875 534.6513671875 1231.42431640625 545.6895751953125 485.285186767578125 0 0 0 783.36407470703125 310.47412109375 1046.8404541015625 365.48443603515625 387.4288330078125 0.087778411805629730225 284.0980224609375 256.752960205078125 189.062347412109375 946.945068359375 2715.4970703125 0 0 0 0 0 0 0 0 0 40.9334869384765625 246.25201416015625 217.519317626953125 742.7510986328125 5835.3291015625 3420.070556640625 3766.60302734375 1141.8330078125 869.55450439453125 799.544677734375 1970.6845703125 1155.0341796875 7073.7607421875 7772.01318359375 2286.791015625 0 32.57672882080078125
617.77764892578125 613.97589111328125 193.9033203125 588.49407958984375 929.11175537109375 570.58203125 271.915130615234375 518.3038330078125 1088.1868896484375 128.00787353515625 443.367279052734375 918.42864990234375 160.0208587646484375 27.47336578369140625 235.0514678955078125 446.9796142578125 84.41487884521484375 4093.85400390625 231.55096435546875 495.994781494140625 646.4873046875 1416.138427734375 2386.026611328125 3328.307861328125 4693.2236328125 1580.6072998046875 849.3609619140625 1465.762939453125 0 0 0 0 0 0 0 0 163.5835418701171875 457.4556884765625 801.797119140625 1103.2974853515625 1016.58447265625 1613.975830078125 588.3944091796875 687.68609619140625 1072.2330322265625 558.7584228515625 1930.7900390625 4954.97265625 151.6407623291015625 2510.912841796875 1449.7686767578125 1876.9578857421875
1131.573486328125 470.244903564453125 794.96759033203125 4472.08203125 685.96466064453125 549.9154052734375 894.78759765625 1135.3067626953125 1194.0401611328125 527.33154296875 394.0888671875 323.559661865234375 397.494873046875 251.3848114013671875 87.28310394287109375 148.3248291015625 222.0565032958984375 263.2083740234375 514.0244140625 251.8737030029296875 4443.64990234375 1065.63916015625 205.19549560546875 2016.5418701171875 669.87109375 114.812286376953125 5298.29150390625 1663.3863525390625 0 52.051433563232421875 0 0 0 0 0 0 0 492.28167724609375 1009.00201416015625 363.1351318359375 111.13620758056640625 1167.482177734375 17.353870391845703125 1799.0986328125 639.169189453125 262.000274658203125 529.6806640625 3779.622802734375 66.6251678466796875 3208.90087890625 4821.86328125 9732.7236328125
492.645172119140625 496.143402099609375 646.3309326171875 878.663330078125 472.55328369140625 2634.266357421875 1054.4210205078125 324.679107666015625 895.2852783203125 648.41448974609375 924.53515625 534.33502197265625 782.179931640625 179.7820587158203125 594.3831787109375 235.15191650390625 352.921905517578125 462.844390869140625 234.3182373046875 311.15380859375 2405.01708984375 1346.9842529296875 74.14162445068359375 215.766204833984375 3492 621.26251220703125 1605.9764404296875 6320.2998046875 157.9052276611328125 0 0 0 0 0 0 0 0 1246.5279541015625 699.9522705078125 1663.9561767578125 4162.1982421875 1747.791015625 1582.78076171875 674.64208984375 2417.980712890625 85.07778167724609375 980.5638427734375 8694.671875 4900.234375 0 1204.429931640625 587.59783935546875
777.27935791015625 1122.94677734375 784.1815185546875 475.466064453125 239.344818115234375 433.38421630859375 673.95294189453125 2637.73193359375 1707.3768310546875 628.560791015625 1914.6434326171875 700.936767578125 378.655517578125 563.11376953125 698.09075927734375 0 554.21795654296875 132.703521728515625 479.4736328125 1356.78076171875 3024.975341796875 96.0074615478515625 152.8535614013671875 2017.2430419921875 2112.187744140625 6294.16455078125 2897.07958984375 7810.3779296875 0 0 0 0 0 0 0 0 0 0 5056.115234375 684.4639892578125 1615.712646484375 4411.6455078125 1231.9361572265625 8.4643573760986328125 2605.500244140625 1645.4178466796875 472.11572265625 30.076961517333984375 278.1531982421875 529.16937255859375 1024.91259765625 5539.6953125
572.40789794921875 609.4007568359375 619.42877197265625 531.33929443359375 1560.1524658203125 1448.23828125 721.50457763671875 1542.5350341796875 808.35699462890625 507.522918701171875 1768.9456787109375 443.29998779296875 374.530975341796875 608.056640625 0 0 0 740.09393310546875 777.826171875 2732.06787109375 3169.64697265625 1755.3671875 673.25390625 666.5950927734375 401.90374755859375 2814.038818359375 2735.885009765625 2801.36962890625 0 0 0 0 0 0 0 0 0 0 0 600.8748779296875 202.9733428955078125 158.905731201171875 2045.838623046875 1837.68798828125 1979.967041015625 55.48316192626953125 3252.063720703125 7560.12060546875 2656.494140625 312.644805908203125 362.53887939453125 1575.70068359375
735.21624755859375 1175.2054443359375 819.32647705078125 766.01019287109375 441.44879150390625 682.9078369140625 369.962432861328125 723.5887451171875 193.760833740234375 2214.047119140625 507.688720703125 643.68658447265625 390.296295166015625 590.4273681640625 27.0595550537109375 0 0 1724.554931640625 2351.881103515625 552.72467041015625 578.9183349609375 636.61676025390625 1098.01806640625 2420.384033203125 3613.22119140625 2882.66455078125 3447.834228515625 4.1535506248474121094 0 0 0 0 0 0 0 0 0 0 0 0 433.338897705078125 1275.11572265625 1017.9642333984375 326.852294921875 122.3242034912109375 1225.952392578125 1618.3623046875 7101.43994140625 969.3450927734375 926.958984375 6079.63671875 1649.7760009765625
1067.63916015625 612.78326416015625 433.052490234375 514.7664794921875 202.41717529296875 213.853729248046875 376.193878173828125 477.052490234375 491.975067138671875 342.699554443359375 560.63653564453125 386.074371337890625 500.729156494140625 875.03814697265625 503.417724609375 0 0 1273.4818115234375 2223.0654296875 62.098155975341796875 1190.5860595703125 578.30609130859375 205.524688720703125 5442.91552734375 2563.635498046875 1594.288818359375 839.84033203125 0 0 0 0 0 0 0 0 0 0 0 0 0 0 990.4344482421875 863.91546630859375 1102.9710693359375 18.045566558837890625 438.480712890625 936.58251953125 928.7890625 5143.0634765625 842.2298583984375 1554.046630859375 1659.2694091796875
0 487.330169677734375 547.97100830078125 743.95086669921875 102.97003173828125 312.547271728515625 625.059814453125 1058.8994140625 635.31195068359375 977.91351318359375 470.985595703125 1113.2591552734375 1052.1234130859375 509.127838134765625 429.371978759765625 0 2542.7958984375 2768.546875 624.67755126953125 666.71759033203125 175.64080810546875 3453.53564453125 1760.1380615234375 568.65301513671875 7489.67333984375 1999.615478515625 255.773895263671875 0 0 0 0 0 0 0 0 0 0 0 0 0 0 0 4448.3603515625 3775.8701171875 884.909912109375 2898.005126953125 103.63513946533203125 294.121856689453125 983.0670166015625 2882.607421875 58.31830596923828125 1639.641357421875
0 275.734771728515625 574.82781982421875 927.74871826171875 526.62762451171875 682.37921142578125 1137.46875 565.66387939453125 818.134033203125 669.7161865234375 1241.6190185546875 288.098114013671875 880.77764892578125 806.740966796875 177.52996826171875 0 2619.6083984375 785.0484619140625 3853.661865234375 429.206390380859375 533.483642578125 1652.566650390625 610.9324951171875 1906.3851318359375 300.679351806640625 946.42913818359375 1103.8966064453125 0 0 0 0 0 0 0 0 0 0 0 0 0 0 0 0 0 2455.106689453125 551.763671875 368.09234619140625 968.603515625 154.24725341796875 377.662841796875 2321.25146484375 1806.517822265625
