ForecastVariables/BuildingFootprint_Mean_100m/BuildingFootprintMean_Random4.asc
ncols        529
nrows        344
xllcorner    2700.000000000000
yllcorner    15900.000000000000
cellsize     100.000000000000
NODATA_value  0
[rows 46 to 68 of 344, columns 208 to 259 of 529]
640.4903564453125 453.378265380859375 1142.872802734375 990.91876220703125 375.59686279296875 627.2265625 1903.9468994140625 91.80727386474609375 0 0 0 0 0 0 0 0 0 0 0 0 0 0 0 0 0 0 0 0 0 0 0 0 144.0100250244140625 385.673187255859375 91.5906982421875 451.30792236328125 264.74639892578125 532.08575439453125 524.26385498046875 476.559722900390625 799.6856689453125 572.27679443359375 686.10833740234375 627.525146484375 698.31158447265625 1216.58154296875 701.489990234375 2132.065185546875 8304.8388671875 3087.9765625 22.145425796508789062 957.02093505859375
873.04278564453125 599.7071533203125 1381.21630859375 1077.793701171875 973.5970458984375 0 1055.9898681640625 2155.770751953125 0 0 0 0 0 0 0 0 0 0 0 0 0 0 0 0 0 0 0 0 0 0 0 0 141.4371795654296875 388.201263427734375 0 190.8009490966796875 200.0934906005859375 249.819061279296875 822.2196044921875 895.35577392578125 4785.22216796875 1595.2401123046875 974.5303955078125 812.613525390625 0 333.31451416015625 377.792724609375 4677.98388671875 9515.7705078125 981.36773681640625 645.23101806640625 406.5760498046875
558.18743896484375 371.879638671875 593.20184326171875 496.447723388671875 306.87054443359375 0 0 0 0 0 0 0 0 0 0 0 0 0 0 0 0 0 0 0 0 0 0 0 0 0 418.74322509765625 0 0 0 409.889495849609375 251.869873046875 315.398101806640625 272.7171630859375 777.94293212890625 168.6351776123046875 1410.241943359375 1698.264892578125 852.3544921875 519.97564697265625 1195.7325439453125 903.97283935546875 585.05023193359375 5166.361328125 6201.44580078125 2767.91650390625 829.4384765625 970.63519287109375
4529.5693359375 515.85418701171875 1094.763427734375 1315.35595703125 87.5316162109375 0 0 0 0 0 0 0 0 0 0 0 0 0 0 0 0 0 0 0 0 0 0 0 0 0 450.89312744140625 0 0 0 150.086944580078125 361.33154296875 373.08294677734375 552.1846923828125 843.40447998046875 557.7666015625 1911.84765625 1021.97332763671875 1261.0013427734375 349.896026611328125 729.6263427734375 681.4510498046875 590.69586181640625 3635.1875 1174.0684814453125 1477.401123046875 3785.033935546875 0
2001.9493408203125 2211.740478515625 319.31146240234375 1080.2879638671875 0 0 0 0 0 0 0 0 0 0 0 0 0 0 0 0 0 0 0 0 0 0 0 0 0 0 359.16741943359375 0 0 23.919708251953125 231.6508941650390625 565.1484375 365.0614013671875 580.11956787109375 739.7603759765625 904.174072265625 1072.6480712890625 801.52374267578125 629.12738037109375 318.6719970703125 1310.6468505859375 783.15399169921875 445.343780517578125 0 1824.256591796875 368.92901611328125 433.283203125 233.4216461181640625
1094.01904296875 1082.178466796875 247.8578948974609375 367.796478271484375 1271.671630859375 0 0 0 0 0 0 0 0 0 0 0 0 0 0 0 0 0 0 0 0 0 0 0 0 0 0 0 0 157.61846923828125 261.10491943359375 745.60296630859375 6.5186505317687988281 1021.15838623046875 502.390533447265625 1096.608154296875 4025.778076171875 4733.39453125 0 516.74456787109375 678.4361572265625 759.71234130859375 247.325531005859375 0 344.40057373046875 677.49224853515625 6283.8203125 3707.24609375
597.3289794921875 1327.1002197265625 1718.4083251953125 999.7164306640625 0 0 0 0 0 0 0 501.7886962890625 0 0 0 0 0 0 0 0 0 0 0 0 0 0 0 0 0 0 0 0 0 0 0 215.507568359375 610.4888916015625 500.5914306640625 1001.5618896484375 661.46453857421875 361.640594482421875 189.70660400390625 437.19384765625 707.643310546875 1147.5032958984375 3190.3857421875 1267.8934326171875 0 20.502197265625 1716.84912109375 5300.6259765625 824.85198974609375
299.47314453125 62.1551971435546875 0 0 0 0 0 0 0 0 0 358.453094482421875 290.34698486328125 0 0 0 0 0 0 0 0 0 0 0 0 0 0 0 0 0 0 0 0 0 0 0 0 624.98040771484375 22.417970657348632812 520.8382568359375 280.213836669921875 2125.07373046875 205.613311767578125 740.01959228515625 438.5692138671875 725.64605712890625 166.6113128662109375 28.683866500854492188 674.45037841796875 809.4210205078125 520.4970703125 436.233367919921875
901.9482421875 1101.3006591796875 359.028289794921875 30.153423309326171875 0 0 0 0 0 0 0 0 184.23504638671875 0 0 0 0 0 0 0 0 0 0 632.65997314453125 297.256378173828125 990.0308837890625 565.83343505859375 520.588623046875 117.54067230224609375 0 0 0 0 0 403.82574462890625 25.065311431884765625 21.741464614868164062 447.96337890625 121.8324127197265625 534.40545654296875 1062.5565185546875 631.31817626953125 29.397678375244140625 797.226318359375 409.37615966796875 854.83514404296875 480.793701171875 735.29644775390625 555.51031494140625 49.164653778076171875 242.0023956298828125 514.21234130859375
7909.12548828125 4386.5048828125 1193.5230712890625 1383.93896484375 30.284353256225585938 0 0 0 0 0 76.73321533203125 1299.402587890625 0 0 0 0 0 0 0 0 0 1126.7247314453125 743.15325927734375 598.1029052734375 572.69720458984375 634.9273681640625 1090.98486328125 359.996673583984375 367.573577880859375 19.46783447265625 0 0 0 0 0 468.75164794921875 342.04119873046875 1695.9617919921875 82.21274566650390625 880.24169921875 651.93292236328125 549.41131591796875 1207.43408203125 686.951416015625 124.2378387451171875 631.18487548828125 127.39650726318359375 562.89697265625 847.29962158203125 1035.087158203125 443.050140380859375 344.581298828125
1099.5675048828125 3959.59912109375 0 494.802947998046875 1389.767578125 294.9410400390625 1208.4083251953125 0 0 0 2104.072265625 0 0 0 0 0 0 0 0 556.0208740234375 643.04571533203125 508.72283935546875 283.49163818359375 261.69818115234375 165.769378662109375 475.828369140625 131.6234893798828125 308.23931884765625 1510.1671142578125 683.533203125 0 0 0 0 0 3350.366455078125 541.10955810546875 2646.591796875 290.73876953125 250.592010498046875 299.45611572265625 251.7225189208984375 572.19757080078125 447.963134765625 458.7666015625 882.4520263671875 178.860137939453125 660.85125732421875 707.6356201171875 2729.3173828125 495.876434326171875 709.83251953125
0 0 0 2894.023193359375 0 3437.120361328125 3507.166259765625 301.6409912109375 0 0 0 0 0 0 0 0 0 0 0 0 248.80657958984375 1216.57568359375 261.100738525390625 540.31268310546875 0 570.4169921875 195.0778961181640625 144.43609619140625 468.163299560546875 549.2188720703125 94.86278533935546875 0 0 0 0 109.935272216796875 249.554412841796875 668.98321533203125 1065.385498046875 756.9490966796875 250.09210205078125 200.646881103515625 1953.8914794921875 382.68511962890625 467.700927734375 316.865692138671875 554.7584228515625 542.683349609375 361.762603759765625 5507.13623046875 211.0089111328125 414.537506103515625
703.70184326171875 0 0 215.7975006103515625 382.238311767578125 9689.9833984375 9999.99609375 2960.42138671875 2933.888671875 0 0 0 0 0 0 0 0 0 0 0 528.19842529296875 120.48545074462890625 79.82314300537109375 875.85565185546875 1534.0216064453125 455.71734619140625 338.232147216796875 268.989288330078125 362.505615234375 466.3385009765625 198.12139892578125 0 0 0 0 346.6707763671875 708.226806640625 1230.405029296875 397.4132080078125 966.091552734375 346.40411376953125 245.4854583740234375 480.076171875 604.56427001953125 527.0115966796875 236.5191802978515625 2097.62060546875 520.73089599609375 720.060302734375 534.7681884765625 571.053466796875 450.82861328125
526.10052490234375 1324.6556396484375 448.681488037109375 548.63671875 272.663909912109375 5808.41748046875 8836.505859375 1993.1549072265625 7430.0029296875 0 0 0 0 0 0 0 0 0 0 0 0 0 0 312.10406494140625 649.65185546875 570.1710205078125 0 768.1689453125 0 983.0858154296875 84.68154144287109375 0 0 0 1035.17919921875 138.5880889892578125 1134.405029296875 1408.90234375 78.121429443359375 1252.3487548828125 407.9345703125 51.6533966064453125 647.0767822265625 581.03302001953125 1039.0823974609375 2197.724609375 616.87518310546875 678.961181640625 478.614471435546875 388.817108154296875 778.83734130859375 540.0255126953125
533.23297119140625 149.8769378662109375 0 778.04986572265625 41.78078460693359375 0 208.8312225341796875 5822.42529296875 2153.1796875 0 0 0 0 0 0 0 0 0 0 0 0 0 0 0 0 44.543071746826171875 0 0 0 0 0 0 0 0 1309.30712890625 1239.031005859375 509.02130126953125 422.035186767578125 110.2081298828125 482.5677490234375 3385.69580078125 156.898468017578125 700.861572265625 680.35052490234375 235.99432373046875 895.43927001953125 981.730712890625 1021.3206787109375 632.32781982421875 518.56866455078125 881.5107421875 971.18426513671875
1185.1083984375 0 0 103.8553009033203125 85.627838134765625 0 0 0 0 0 0 0 0 0 0 0 0 0 0 0 0 0 0 0 0 0 0 0 0 0 0 0 0 0 306.911834716796875 1154.2357177734375 1317.375 467.2008056640625 597.9166259765625 839.2979736328125 412.057769775390625 2190.40478515625 918.79876708984375 63.356693267822265625 552.209716796875 501.41107177734375 1150.656494140625 580.6953125 518.780517578125 480.98370361328125 7103.4833984375 296.7545166015625
0 0 0 0 0 0 0 0 0 0 0 0 0 0 0 0 157.041107177734375 928.36956787109375 1329.137939453125 550.6114501953125 81.43451690673828125 0 0 0 0 0 0 0 0 0 0 0 0 0 141.086181640625 390.356292724609375 811.6619873046875 81.97174072265625 604.91827392578125 823.478515625 1343.4461669921875 541.42303466796875 118.0409393310546875 598.34368896484375 583.356201171875 479.475921630859375 710.0311279296875 554.38665771484375 843.55511474609375 1002.39434814453125 464.283660888671875 431.580352783203125
0 0 0 0 0 0 0 0 0 0 0 0 0 0 0 0 289.948150634765625 244.128570556640625 1556.84130859375 855.79632568359375 186.6685943603515625 0 569.2667236328125 1229.861328125 82.26102447509765625 0 0 0 0 0 0 0 0 382.5682373046875 257.859771728515625 441.704742431640625 177.4975738525390625 320.81072998046875 898.87384033203125 1397.39453125 383.971099853515625 491.596527099609375 138.8672332763671875 129.480072021484375 529.23748779296875 458.2401123046875 210.509002685546875 473.630645751953125 350.8983154296875 643.68658447265625 546.6719970703125 436.587615966796875
0 0 0 0 0 0 0 0 0 0 0 0 0 0 0 689.50970458984375 139.2643280029296875 26.4669036865234375 158.1172943115234375 473.1044921875 910.367431640625 0 43.509418487548828125 439.289459228515625 337.85699462890625 331.68963623046875 1022.51031494140625 1578.4864501953125 1301.89501953125 446.074371337890625 0 0 0 0 681.16302490234375 913.1488037109375 1191.835693359375 802.3543701171875 1684.5517578125 1380.2548828125 147.99188232421875 230.448577880859375 935.655029296875 0 0 739.83123779296875 369.908294677734375 587.89837646484375 519.30029296875 469.275421142578125 865.43756103515625 1071.9508056640625
0 0 0 0 0 0 0 0 0 0 0 0 0 0 0 781.4166259765625 382.219085693359375 0 0 371.368499755859375 230.0531158447265625 66.0384979248046875 414.63385009765625 523.13507080078125 2436.66455078125 424.510589599609375 1090.1103515625 2644.996337890625 1509.9068603515625 6711.78466796875 61.231502532958984375 450.32965087890625 229.95477294921875 65.7018585205078125 0 150.0024566650390625 1129.951904296875 849.514404296875 670.3076171875 160.45867919921875 2890.658203125 91.6558074951171875 4663.50244140625 71.60369873046875 926.710205078125 551.50250244140625 167.127288818359375 7.6808261871337890625 0 0 0 1516.4951171875
0 0 0 0 0 0 0 0 0 0 0 0 0 0 0 0 182.1085205078125 299.756744384765625 298.7763671875 231.5794219970703125 186.0182037353515625 518.25201416015625 1252.408447265625 994.38531494140625 743.80889892578125 1181.1385498046875 2561.16552734375 1036.8673095703125 2399.0498046875 4227.15673828125 26.18151092529296875 25.733045578002929688 0 35.955341339111328125 0 0 2211.466064453125 175.617767333984375 300.668304443359375 73.7382659912109375 1055.9595947265625 121.3350830078125 448.588592529296875 531.19219970703125 379.058624267578125 0 0 0 0 0 0 1296.0673828125
0 0 0 0 0 0 0 0 0 0 0 0 0 0 0 0 0 324.893585205078125 1791.61962890625 367.121551513671875 2050.537109375 948.49041748046875 466.12591552734375 699.10888671875 477.42828369140625 1669.7872314453125 784.4117431640625 9684.052734375 2810.52978515625 1217.545654296875 368.54559326171875 1591.404296875 0 0 300.0234375 0 0 0 0 1073.453125 567.725830078125 623.98651123046875 2.5025219917297363281 320.92291259765625 0 0 0 0 0 0 0 0
0 0 0 0 0 0 0 0 0 0 0 0 0 0 0 0 0 191.098052978515625 243.5384674072265625 1.4566485881805419922 0 343.50982666015625 701.154296875 739.272216796875 604.8763427734375 896.56573486328125 2768.33837890625 2433.82177734375 1387.0018310546875 808.17279052734375 40.874114990234375 0 0 0 0 0 0 0 0 0 0 0 0 0 0 0 0 0 0 0 0 0
