ForecastVariables/LightPollution_Blue_500m_100percent/LightPollutionBlue_100_Focal_Random1.asc
ncols        529
nrows        344
xllcorner    2700.000000000000
yllcorner    15900.000000000000
cellsize     100.000000000000
NODATA_value  nan
[rows 320 to 339 of 344, columns 450 to 494 of 529]
161.8473968505859375 139.292877197265625 124.76404571533203125 122.6508941650390625 121.65785980224609375 134.314239501953125 150.096160888671875 146.395050048828125 156.374176025390625 155.853271484375 133.690521240234375 100.7456207275390625 88.29898834228515625 84.7550506591796875 88.5606842041015625 87.99634552001953125 85.610504150390625 85.94597625732421875 84.79987335205078125 83.60039520263671875 83.42705535888671875 81.43798065185546875 85.3774566650390625 85.096405029296875 83.59304046630859375 79.024749755859375 83.12985992431640625 87.403411865234375 91.95550537109375 88.38063812255859375 87.330841064453125 84.00849151611328125 78.403076171875 79.2619781494140625 78.93457794189453125 80.23604583740234375 76.9477691650390625 78.39005279541015625 78.63129425048828125 81.62966156005859375 83.243499755859375 84.9281005859375 81.48647308349609375 78.38616943359375 77.3277740478515625
175.05279541015625 142.2374114990234375 122.08879852294921875 106.7285614013671875 114.80498504638671875 137.8229827880859375 150.0536346435546875 167.0563507080078125 181.2069549560546875 171.9216156005859375 146.944793701171875 124.7329559326171875 93.99044036865234375 84.62957000732421875 87.61046600341796875 86.5273284912109375 88.99407196044921875 89.18862152099609375 86.1712493896484375 85.90767669677734375 83.2919921875 84.665435791015625 87.09716796875 86.02692413330078125 80.9367523193359375 79.33905792236328125 79.1729278564453125 84.5468292236328125 91.70781707763671875 92.467803955078125 87.45073699951171875 81.68071746826171875 79.95148468017578125 81.759979248046875 80.09427642822265625 77.7269744873046875 78.58707427978515625 79.8232574462890625 79.23056793212890625 81.72565460205078125 82.86159515380859375 83.61121368408203125 80.0186920166015625 81.6259307861328125 80.4762420654296875
195.0054473876953125 156.9609832763671875 116.14495086669921875 95.1106719970703125 103.0724639892578125 116.4833526611328125 137.7783355712890625 161.3369903564453125 170.9069976806640625 162.57666015625 149.6434173583984375 121.65686798095703125 94.3565521240234375 87.31473541259765625 86.3220672607421875 88.0362091064453125 88.967315673828125 91.36614227294921875 89.83282470703125 85.65486907958984375 86.10845947265625 85.40399932861328125 86.00565338134765625 82.869598388671875 80.3478851318359375 77.31169891357421875 77.63916015625 83.21277618408203125 87.925537109375 87.1082763671875 86.5367584228515625 84.8167572021484375 81.3047027587890625 81.82108306884765625 79.97426605224609375 80.4884490966796875 79.76209259033203125 82.612701416015625 82.78867340087890625 81.69373321533203125 85.6002960205078125 83.11812591552734375 83.93286895751953125 79.353271484375 81.1407318115234375
216.2686614990234375 178.3223419189453125 106.50644683837890625 93.99749755859375 92.7919769287109375 103.31024169921875 116.44419097900390625 127.17317962646484375 136.844696044921875 152.8401336669921875 131.948883056640625 100.41710662841796875 90.02356719970703125 88.09027862548828125 88.581634521484375 90.196014404296875 92.8299560546875 90.96250152587890625 89.05983734130859375 86.22814178466796875 85.400360107421875 84.0327911376953125 83.3697509765625 83.7710113525390625 79.52510833740234375 78.129241943359375 78.63909912109375 81.406982421875 83.1679840087890625 87.504119873046875 83.51740264892578125 83.7410736083984375 83.16036224365234375 81.722320556640625 80.72322845458984375 79.7154083251953125 80.27596282958984375 82.82757568359375 85.7703704833984375 86.31491851806640625 86.375732421875 84.8529510498046875 84.16033172607421875 82.99774932861328125 82.16883087158203125
213.117462158203125 152.9421234130859375 117.24668121337890625 100.716796875 93.28284454345703125 98.25498199462890625 107.38465118408203125 115.55181884765625 117.53273773193359375 124.63483428955078125 108.46433258056640625 95.50519561767578125 92.75090789794921875 90.26654052734375 91.3452606201171875 93.13181304931640625 94.4197845458984375 92.7372589111328125 91.38829803466796875 90.1245880126953125 85.31757354736328125 83.1046905517578125 86.69153594970703125 86.170654296875 83.44403076171875 82.15163421630859375 82.05859375 83.72039031982421875 85.407928466796875 84.62277984619140625 82.85040283203125 81.8100738525390625 82.1934967041015625 79.26897430419921875 78.694000244140625 77.24120330810546875 80.939697265625 82.75136566162109375 84.4445648193359375 88.1752777099609375 84.74781036376953125 86.38195037841796875 85.49527740478515625 81.47075653076171875 83.3934326171875
196.9524078369140625 156.380340576171875 125.96954345703125 110.06426239013671875 98.74884796142578125 99.42144775390625 107.6104583740234375 112.01401519775390625 117.108367919921875 109.47553253173828125 99.3063507080078125 91.61054229736328125 90.61066436767578125 91.5707550048828125 89.15478515625 92.067169189453125 94.7584381103515625 95.04573822021484375 94.10282135009765625 94.02373504638671875 90.35359954833984375 87.497955322265625 86.01067352294921875 87.7359771728515625 89.61330413818359375 85.90952301025390625 85.6660003662109375 89.6649322509765625 86.7481689453125 83.2113189697265625 86.37242889404296875 85.177581787109375 82.6095123291015625 81.91065216064453125 78.3873138427734375 81.2654571533203125 82.21148681640625 82.8747100830078125 86.824127197265625 84.7223968505859375 85.57329559326171875 86.528778076171875 85.530914306640625 83.38934326171875 79.76638031005859375
234.3661346435546875 162.235504150390625 134.5021820068359375 107.34899139404296875 100.2862396240234375 109.226898193359375 119.49428558349609375 122.83992767333984375 113.7956085205078125 108.8264007568359375 100.045074462890625 91.21689605712890625 83.75553131103515625 81.14894866943359375 89.8402862548828125 90.2174224853515625 95.408782958984375 100.0989990234375 97.9062042236328125 99.27140045166015625 96.53276824951171875 96.1402130126953125 92.32489776611328125 90.135406494140625 90.391571044921875 88.3791351318359375 89.54750823974609375 91.496826171875 87.18454742431640625 86.0990447998046875 87.40943145751953125 85.86687469482421875 86.427978515625 85.32971954345703125 82.465606689453125 80.9828338623046875 83.03570556640625 85.97731781005859375 80.9539642333984375 86.07220458984375 86.3001251220703125 85.721954345703125 81.23688507080078125 80.91796875 79.8218536376953125
225.1449737548828125 175.35296630859375 132.6314239501953125 120.040985107421875 115.29477691650390625 122.33049774169921875 133.059417724609375 157.713470458984375 128.984130859375 109.0094757080078125 92.78338623046875 88.54473114013671875 77.48273468017578125 81.10089874267578125 87.17356109619140625 95.09354400634765625 96.04358673095703125 100.922210693359375 104.5666961669921875 107.78589630126953125 104.26016998291015625 98.9914703369140625 97.6197357177734375 93.9607696533203125 90.41561126708984375 88.26488494873046875 90.299530029296875 87.7126007080078125 92.638641357421875 85.94194793701171875 83.03194427490234375 87.3800506591796875 88.08985137939453125 89.065399169921875 86.96514892578125 83.99207305908203125 85.990570068359375 86.0521392822265625 86.4224395751953125 83.32726287841796875 90.64852142333984375 87.43627166748046875 85.37429046630859375 79.184295654296875 75.8665618896484375
221.5789337158203125 160.3054046630859375 125.1462554931640625 117.327667236328125 162.4048614501953125 170.4418487548828125 177.369842529296875 174.0244140625 162.11737060546875 119.78919219970703125 99.26888275146484375 78.18369293212890625 86.555450439453125 88.0919647216796875 92.61383056640625 97.1931915283203125 105.77529144287109375 100.1251220703125 106.0062255859375 109.18292236328125 109.786895751953125 104.401702880859375 99.29981231689453125 93.7704620361328125 89.198577880859375 87.30600738525390625 85.93302154541015625 89.1616973876953125 90.908905029296875 85.29779052734375 79.42043304443359375 83.9794769287109375 85.91832733154296875 86.83876800537109375 88.85610198974609375 88.59572601318359375 88.721221923828125 88.70832061767578125 91.57408905029296875 93.13861846923828125 91.765228271484375 93.35849761962890625 89.7858734130859375 82.4669036865234375 76.8241119384765625
165.124114990234375 133.7926177978515625 125.291839599609375 165.2054901123046875 186.082977294921875 223.807403564453125 213.9463348388671875 189.383148193359375 164.603790283203125 141.7990264892578125 105.626800537109375 97.09918975830078125 91.34932708740234375 101.57733917236328125 102.488372802734375 111.9659576416015625 117.50946807861328125 111.45163726806640625 103.86956787109375 108.93404388427734375 111.0944976806640625 109.76848602294921875 103.9735260009765625 94.76656341552734375 85.81549072265625 81.71795654296875 84.14156341552734375 88.21410369873046875 90.15776824951171875 82.3056488037109375 83.40361785888671875 82.33025360107421875 88.43206787109375 88.2450408935546875 89.2783203125 91.89537811279296875 94.3392791748046875 95.7778167724609375 100.89221954345703125 101.8615875244140625 100.945892333984375 97.18439483642578125 91.53469085693359375 89.371124267578125 83.58588409423828125
134.636383056640625 113.38185882568359375 147.6510009765625 180.9954833984375 192.3271484375 196.229248046875 225.42913818359375 190.360015869140625 158.08880615234375 115.8045806884765625 105.3594207763671875 104.69976806640625 106.4656524658203125 111.4685211181640625 125.59598541259765625 125.7285308837890625 127.215972900390625 119.182861328125 112.65090179443359375 113.71819305419921875 115.0030517578125 114.45685577392578125 115.93335723876953125 101.34584808349609375 84.21863555908203125 78.1721954345703125 78.28751373291015625 88.02843475341796875 91.17299652099609375 90.64597320556640625 83.05692291259765625 85.7288818359375 92.0699005126953125 93.51071929931640625 92.46257781982421875 96.8890533447265625 100.60699462890625 104.66242218017578125 105.90374755859375 111.09755706787109375 110.2350921630859375 105.08385467529296875 97.82935333251953125 94.56269073486328125 92.583709716796875
147.726531982421875 119.79512786865234375 125.9659271240234375 162.4245147705078125 183.3703155517578125 192.404205322265625 165.0079193115234375 156.5954742431640625 119.54326629638671875 106.430023193359375 99.05886077880859375 105.78908538818359375 118.48193359375 127.34066009521484375 134.214141845703125 141.40289306640625 133.908447265625 123.6343536376953125 123.68273162841796875 122.88538360595703125 124.84281158447265625 128.4571533203125 125.8967437744140625 115.61214447021484375 90.06916046142578125 78.52109527587890625 80.977508544921875 85.1687164306640625 93.92615509033203125 93.595550537109375 94.3510284423828125 91.7739715576171875 92.59740447998046875 94.80843353271484375 98.720458984375 98.528533935546875 104.588836669921875 106.9929656982421875 111.86069488525390625 115.3902587890625 113.1854400634765625 109.82370758056640625 107.95013427734375 101.8909759521484375 101.17667388916015625
156.439727783203125 131.88116455078125 152.7628173828125 151.1552734375 158.730804443359375 147.92547607421875 139.619140625 130.8819580078125 104.3409423828125 96.09648895263671875 93.4447784423828125 105.14139556884765625 127.78449249267578125 131.47979736328125 138.161102294921875 144.0721435546875 138.060272216796875 129.607208251953125 118.7245330810546875 120.99837493896484375 128.957916259765625 138.5547332763671875 135.45513916015625 128.7647552490234375 103.50095367431640625 76.3792572021484375 74.13140869140625 83.56839752197265625 96.38025665283203125 93.177276611328125 93.642669677734375 91.12176513671875 84.810516357421875 90.473724365234375 96.63082122802734375 101.87603759765625 102.07651519775390625 105.11676788330078125 112.172943115234375 114.27672576904296875 112.65509033203125 112.68779754638671875 112.05437469482421875 106.1807861328125 100.506072998046875
187.0607452392578125 179.575927734375 184.917724609375 174.2928009033203125 147.7158966064453125 138.1895599365234375 137.7855224609375 125.82762908935546875 110.347747802734375 93.34326171875 94.1717681884765625 109.32410430908203125 126.12176513671875 139.9125823974609375 142.8676910400390625 134.194427490234375 132.708465576171875 122.80736541748046875 115.35996246337890625 110.83904266357421875 121.92816162109375 135.679351806640625 139.76068115234375 125.32334136962890625 107.225982666015625 88.31296539306640625 75.3914031982421875 78.37738037109375 89.16998291015625 91.27455902099609375 85.17159271240234375 80.8849029541015625 80.281097412109375 78.560760498046875 88.28313446044921875 94.31664276123046875 98.0579376220703125 97.67270660400390625 102.89376068115234375 107.74957275390625 110.514739990234375 104.355438232421875 99.287078857421875 99.471832275390625 93.0825347900390625
210.754058837890625 203.9216766357421875 184.4777374267578125 163.032806396484375 162.7126007080078125 145.84564208984375 128.3933258056640625 119.397674560546875 102.72968292236328125 87.76275634765625 87.3274993896484375 101.55210113525390625 112.508544921875 125.09317779541015625 121.57923126220703125 115.31046295166015625 110.0569305419921875 97.3175048828125 87.315155029296875 94.1424713134765625 93.2135162353515625 105.82308197021484375 117.59656524658203125 109.52978515625 96.902557373046875 83.76317596435546875 73.41939544677734375 69.5819854736328125 74.967987060546875 77.21335601806640625 70.12531280517578125 61.1330718994140625 59.827663421630859375 61.848125457763671875 66.47994232177734375 73.702728271484375 76.08419036865234375 78.48828887939453125 78.323699951171875 81.8465576171875 85.1763763427734375 82.2317962646484375 72.9920654296875 72.19120025634765625 71.7477264404296875
153.008453369140625 149.1150665283203125 137.1092681884765625 135.63006591796875 110.76247406005859375 91.84027862548828125 96.9658050537109375 88.77050018310546875 70.82872772216796875 57.002574920654296875 64.6332244873046875 70.68682098388671875 79.2626190185546875 84.81396484375 79.8184967041015625 78.13037109375 72.94681549072265625 57.424777984619140625 55.40258026123046875 52.9593048095703125 53.8040618896484375 57.541412353515625 72.93241119384765625 76.69293212890625 65.12713623046875 52.832027435302734375 48.4644012451171875 50.359897613525390625 48.10782623291015625 45.624568939208984375 41.30426788330078125 34.455303192138671875 27.262926101684570312 28.151182174682617188 35.86846160888671875 38.261341094970703125 37.048198699951171875 36.768589019775390625 39.275325775146484375 40.041858673095703125 39.516696929931640625 39.03516387939453125 36.0675506591796875 29.68973541259765625 28.434093475341796875
73.97611236572265625 45.165019989013671875 68.0780181884765625 64.8569793701171875 43.358776092529296875 40.564849853515625 38.743194580078125 35.396533966064453125 25.411371231079101562 28.862888336181640625 26.950868606567382812 27.746898651123046875 35.470119476318359375 33.052066802978515625 34.845897674560546875 32.154819488525390625 28.486265182495117188 23.89990234375 21.27805328369140625 16.293184280395507812 18.256998062133789062 21.24877166748046875 24.254938125610351562 31.354078292846679688 27.234043121337890625 26.013118743896484375 21.745624542236328125 16.850603103637695312 20.468854904174804688 16.8007354736328125 15.472147941589355469 11.295960426330566406 6.58111572265625 7.9869685173034667969 10.741077423095703125 11.876513481140136719 11.730883598327636719 9.4622783660888671875 11.641276359558105469 12.627733230590820312 9.8071279525756835938 10.571323394775390625 9.9937763214111328125 6.0840125083923339844 6.8214559555053710938
14.581517219543457031 7.6269268989562988281 15.430756568908691406 12.47544097900390625 10.378167152404785156 10.307660102844238281 8.6594934463500976562 4.7168216705322265625 5.7200231552124023438 9.513347625732421875 4.73931884765625 6.39532470703125 8.8243570327758789062 6.7073349952697753906 8.0107812881469726562 7.867053985595703125 5.9122495651245117188 6.2811346054077148438 4.0482258796691894531 3.3863251209259033203 2.8813226222991943359 4.3763623237609863281 3.8344717025756835938 5.4860239028930664062 5.469974517822265625 8.2192440032958984375 5.0915040969848632812 1.9265331029891967773 4.5904684066772460938 3.5572581291198730469 2.2629895210266113281 1.2687293291091918945 0.6829687952995300293 0.68727511167526245117 0.98090201616287231445 1.0580824613571166992 1.2123140096664428711 0.80959016084671020508 0.81473839282989501953 0.59022212028503417969 0.58954095840454101562 0.38903802633285522461 nan nan nan
nan nan nan nan nan nan nan nan nan nan nan nan nan nan nan nan nan nan nan nan nan nan nan nan nan nan nan nan nan nan nan nan nan nan nan nan nan nan nan nan nan nan nan nan nan
nan nan nan nan nan nan nan nan nan nan nan nan nan nan nan nan nan nan nan nan nan nan nan nan nan nan nan nan nan nan nan nan nan nan nan nan nan nan nan nan nan nan nan nan nan
