ForecastVariables/LightPollution_Blue_500m_100percent/LightPollutionBlue_100_Focal_Random4.asc
ncols        529
nrows        344
xllcorner    2700.000000000000
yllcorner    15900.000000000000
cellsize     100.000000000000
NODATA_value  nan
[rows 300 to 319 of 344, columns 270 to 314 of 529]
70.993408203125 72.32868194580078125 72.54754638671875 74.8309478759765625 75.38602447509765625 75.3767852783203125 77.37224578857421875 73.55384063720703125 70.68915557861328125 71.9448089599609375 70.182037353515625 76.5338592529296875 80.44709014892578125 78.0628204345703125 79.92145538330078125 75.47003936767578125 75.83550262451171875 75.77866363525390625 74.43959808349609375 73.53408050537109375 72.9236602783203125 73.147979736328125 69.470184326171875 67.07480621337890625 70.1978302001953125 74.68437957763671875 78.46466064453125 77.4197998046875 76.438720703125 75.71353912353515625 73.0276336669921875 73.67511749267578125 76.9972686767578125 76.9166717529296875 76.74921417236328125 79.40766143798828125 76.298919677734375 73.8432769775390625 69.0145111083984375 69.824249267578125 72.31114959716796875 72.55877685546875 72.9848175048828125 72.77672576904296875 74.038177490234375
72.73940277099609375 72.615081787109375 76.0257568359375 75.17951202392578125 75.5913848876953125 78.3861083984375 76.01999664306640625 72.16585540771484375 73.3079986572265625 70.24588775634765625 71.080902099609375 77.181793212890625 80.5162200927734375 78.65830230712890625 78.359588623046875 79.2292938232421875 74.73456573486328125 79.45568084716796875 78.03087615966796875 75.91443634033203125 74.4398651123046875 68.50627899169921875 68.25662994384765625 72.09310150146484375 73.319488525390625 77.41040802001953125 78.05095672607421875 77.50070953369140625 75.3494720458984375 77.524871826171875 76.8280487060546875 75.4957275390625 77.71237945556640625 80.33953094482421875 82.27567291259765625 80.32480621337890625 79.4091644287109375 77.6883544921875 73.00323486328125 71.77761077880859375 73.21340179443359375 69.7903289794921875 73.75543212890625 75.89458465576171875 74.02045440673828125
75.0315704345703125 74.72750091552734375 73.9344024658203125 74.3472900390625 78.92424774169921875 78.60828399658203125 74.511627197265625 71.77922821044921875 70.5261993408203125 72.27042388916015625 72.40779876708984375 74.211090087890625 76.292877197265625 78.19112396240234375 77.28090667724609375 73.007781982421875 76.46196746826171875 78.16191864013671875 81.074310302734375 76.87601470947265625 70.7548065185546875 69.52767181396484375 68.68349456787109375 70.33098602294921875 75.6959075927734375 77.5562896728515625 75.57161712646484375 73.9195556640625 74.96237945556640625 78.5562896728515625 76.968902587890625 78.2292022705078125 75.28903961181640625 78.19525909423828125 81.2159576416015625 79.792938232421875 82.8055419921875 73.8059844970703125 73.42246246337890625 76.5958099365234375 74.40027618408203125 75.0655670166015625 74.5619964599609375 76.56075286865234375 75.34551239013671875
73.95555877685546875 75.0260467529296875 73.13896942138671875 76.7082672119140625 76.4856109619140625 75.1507415771484375 74.19338226318359375 72.585296630859375 71.1026611328125 70.8955078125 71.80712127685546875 74.7774505615234375 74.9080047607421875 78.795623779296875 69.95253753662109375 74.95021820068359375 79.10385894775390625 79.8216552734375 79.854736328125 72.33127593994140625 71.053741455078125 70.4979095458984375 71.98248291015625 71.86217498779296875 74.43929290771484375 75.41451263427734375 72.6901397705078125 74.0983428955078125 79.09264373779296875 78.1425323486328125 76.526702880859375 75.31969451904296875 73.73200225830078125 72.69983673095703125 74.10871124267578125 77.097686767578125 74.07852935791015625 73.1971893310546875 72.63599395751953125 74.2234344482421875 74.19461822509765625 75.53765106201171875 74.03093719482421875 74.1116790771484375 74.36767578125
75.74602508544921875 74.7641143798828125 75.8106842041015625 73.785980224609375 76.5988311767578125 75.1512298583984375 75.46966552734375 70.94902801513671875 72.07440185546875 72.80419921875 71.7470855712890625 75.0266265869140625 77.29187774658203125 76.19556427001953125 77.64662933349609375 76.49404144287109375 75.3948211669921875 77.62418365478515625 75.4953765869140625 74.08383941650390625 69.230560302734375 70.27368927001953125 70.21807861328125 73.11614990234375 73.10543060302734375 72.966461181640625 74.087554931640625 77.4794464111328125 79.1924591064453125 79.4892730712890625 74.68508148193359375 72.74764251708984375 69.453521728515625 69.74024200439453125 69.52132415771484375 72.76255035400390625 69.5019683837890625 72.4242095947265625 72.58916473388671875 72.245208740234375 71.8170623779296875 74.00547027587890625 71.36658477783203125 72.63285064697265625 71.20652008056640625
73.37407684326171875 74.4933624267578125 73.5357818603515625 75.25283050537109375 75.12026214599609375 79.68975067138671875 75.54673004150390625 72.91510772705078125 72.76094818115234375 72.6004791259765625 74.02825164794921875 76.824615478515625 80.33914947509765625 79.10303497314453125 78.44191741943359375 77.2241973876953125 77.96375274658203125 77.12583160400390625 73.9563751220703125 71.08054351806640625 70.546722412109375 67.5279083251953125 73.07328033447265625 74.3791656494140625 74.36853790283203125 77.19211578369140625 76.95658111572265625 78.740203857421875 80.8286895751953125 82.1956329345703125 78.4984283447265625 69.7420196533203125 69.66301727294921875 69.0900421142578125 69.24925994873046875 72.66370391845703125 70.1897735595703125 72.725128173828125 73.5 69.59160614013671875 71.514373779296875 70.439300537109375 72.7747650146484375 72.23778533935546875 70.25868988037109375
75.80269622802734375 71.5970306396484375 76.79251861572265625 74.4770660400390625 76.949310302734375 76.75746917724609375 77.4048614501953125 74.606658935546875 71.39117431640625 73.2831878662109375 74.727386474609375 76.83258056640625 78.5883941650390625 81.39502716064453125 79.02458953857421875 78.5922393798828125 74.4403076171875 72.6849517822265625 68.930511474609375 71.38027191162109375 65.2063446044921875 66.86678314208984375 70.99724578857421875 74.217498779296875 75.35901641845703125 76.0243072509765625 77.892791748046875 82.548858642578125 83.70794677734375 82.51894378662109375 75.73744964599609375 71.00592803955078125 70.7974090576171875 71.26509857177734375 70.60987091064453125 71.5922088623046875 73.1423187255859375 71.47818756103515625 70.9928741455078125 74.14411163330078125 71.75450897216796875 70.41357421875 72.40586090087890625 74.82524871826171875 72.47377777099609375
76.35186004638671875 79.035003662109375 75.57492828369140625 75.5668792724609375 73.28009796142578125 75.058624267578125 74.96648406982421875 74.20224761962890625 71.25860595703125 71.2764129638671875 72.330291748046875 73.61193084716796875 78.35089874267578125 80.17469024658203125 80.841827392578125 78.40572357177734375 71.9094085693359375 69.56328582763671875 72.9781646728515625 66.9389190673828125 67.14144134521484375 69.8944244384765625 69.405609130859375 71.1375732421875 77.50457763671875 78.6256561279296875 79.24640655517578125 85.7248382568359375 83.63294219970703125 79.21637725830078125 74.12982940673828125 71.96435546875 73.16278839111328125 72.327178955078125 71.1595611572265625 68.6035308837890625 72.9169769287109375 73.62191009521484375 70.70381927490234375 71.595001220703125 72.49407958984375 69.004302978515625 73.348907470703125 75.87255859375 76.5463104248046875
81.0628509521484375 81.72646331787109375 78.30963134765625 76.95156097412109375 76.83007049560546875 74.5900421142578125 73.0989990234375 72.19741058349609375 72.92031097412109375 69.81020355224609375 68.483001708984375 75.1297149658203125 76.685394287109375 77.5222930908203125 77.5707244873046875 79.45714569091796875 76.6245269775390625 72.97663116455078125 72.79421234130859375 72.10709381103515625 72.58402252197265625 71.59636688232421875 67.526947021484375 76.00522613525390625 79.08345794677734375 81.20166015625 81.40966796875 82.16022491455078125 82.53290557861328125 79.8946075439453125 76.11667633056640625 73.7173309326171875 71.54689788818359375 72.243499755859375 71.07247161865234375 68.49562835693359375 69.8848876953125 72.658447265625 70.88520050048828125 68.04328155517578125 67.319915771484375 70.85463714599609375 73.09201812744140625 77.27964019775390625 76.54299163818359375
82.31343841552734375 82.75669097900390625 84.8477020263671875 79.30190277099609375 76.26107025146484375 75.5566864013671875 75.05587005615234375 74.76949310302734375 73.3374786376953125 67.0972900390625 69.873291015625 71.34552001953125 72.2925567626953125 75.29683685302734375 78.84549713134765625 76.87987518310546875 75.06341552734375 73.81359100341796875 72.40052032470703125 78.56577301025390625 77.352264404296875 70.24343109130859375 74.775054931640625 73.3844451904296875 75.07918548583984375 77.05757904052734375 79.660491943359375 79.21540069580078125 81.23007965087890625 82.712005615234375 76.129974365234375 77.036102294921875 74.52972412109375 70.8530426025390625 70.8751068115234375 72.20075225830078125 69.03105926513671875 66.044525146484375 67.7024383544921875 65.0391693115234375 64.97690582275390625 70.73471832275390625 74.029541015625 76.4397125244140625 72.7940673828125
78.42950439453125 84.620941162109375 81.04956817626953125 77.39566802978515625 72.9457855224609375 75.05322265625 74.85327911376953125 75.09450531005859375 73.7516021728515625 72.61322784423828125 69.4165496826171875 68.68537139892578125 70.211761474609375 73.34018707275390625 75.96646881103515625 75.73537445068359375 74.2243194580078125 71.20740509033203125 73.458831787109375 75.55359649658203125 75.3304595947265625 75.607025146484375 69.8309326171875 68.9571380615234375 66.749725341796875 71.33222198486328125 68.27458953857421875 72.24521636962890625 79.9854736328125 78.46781158447265625 78.38088226318359375 76.24597930908203125 74.00945281982421875 71.36003875732421875 67.80356597900390625 67.62184906005859375 66.7481536865234375 63.71518707275390625 63.033588409423828125 60.491062164306640625 61.7256011962890625 66.427154541015625 69.14041900634765625 71.386871337890625 72.35126495361328125
74.1423187255859375 75.3659210205078125 77.0151214599609375 69.3964080810546875 71.70398712158203125 69.52291107177734375 71.23920440673828125 72.4684600830078125 74.00037384033203125 76.1940155029296875 71.222381591796875 69.035247802734375 71.8781585693359375 71.879913330078125 70.45415496826171875 74.35565948486328125 71.85677337646484375 72.92242431640625 72.80621337890625 75.22397613525390625 76.9320526123046875 75.4121246337890625 71.2054595947265625 64.24353790283203125 65.6462860107421875 61.234310150146484375 65.63767242431640625 72.54607391357421875 72.1545867919921875 75.65252685546875 75.89844512939453125 75.1062469482421875 71.34803009033203125 67.47513580322265625 68.3346405029296875 67.09156036376953125 66.11164093017578125 65.59665679931640625 58.1120758056640625 60.43987274169921875 60.961273193359375 63.60993194580078125 65.00511932373046875 67.07155609130859375 69.55960845947265625
68.1835784912109375 72.038177490234375 67.5163421630859375 70.18951416015625 64.37229156494140625 64.008453369140625 70.2200775146484375 75.6876220703125 77.09902191162109375 74.54915618896484375 73.730987548828125 75.1843719482421875 72.17581939697265625 70.3291778564453125 70.31388092041015625 72.49759674072265625 70.8650360107421875 69.79000091552734375 72.11736297607421875 77.4160919189453125 82.3101348876953125 76.40978240966796875 70.22914886474609375 72.6117401123046875 65.861602783203125 65.957305908203125 66.91796112060546875 69.31000518798828125 75.4458160400390625 77.32907867431640625 76.483917236328125 72.29737091064453125 70.3373565673828125 68.63364410400390625 66.34072113037109375 69.75545501708984375 71.0519866943359375 67.9829254150390625 63.956638336181640625 62.73998260498046875 66.15755462646484375 62.90410614013671875 66.98598480224609375 66.57848358154296875 67.5381011962890625
66.70253753662109375 66.19507598876953125 69.3848114013671875 65.78636932373046875 66.48102569580078125 66.76923370361328125 68.49173736572265625 74.079833984375 77.4049072265625 77.54262542724609375 77.9023590087890625 78.61685943603515625 78.1259918212890625 72.80637359619140625 70.63799285888671875 69.05466461181640625 69.06118011474609375 70.12288665771484375 72.16526031494140625 79.2046356201171875 79.25 79.52166748046875 76.16901397705078125 72.639617919921875 73.0792236328125 69.28733062744140625 71.864654541015625 73.55228424072265625 75.95897674560546875 79.48693084716796875 77.03256988525390625 74.96318817138671875 71.6414031982421875 67.915191650390625 71.30330657958984375 74.488128662109375 74.25433349609375 72.10646820068359375 71.391326904296875 71.7941131591796875 67.36959075927734375 65.43304443359375 67.90130615234375 71.075225830078125 70.332000732421875
67.3128814697265625 71.608734130859375 71.89481353759765625 70.82476806640625 68.896881103515625 72.656005859375 71.33447265625 72.07218170166015625 79.156158447265625 79.60741424560546875 82.231353759765625 80.8712615966796875 79.60663604736328125 78.88094329833984375 73.07293701171875 71.14250946044921875 67.8268280029296875 69.53037261962890625 75.14186859130859375 77.83077239990234375 79.44167327880859375 79.01612091064453125 77.53176116943359375 75.96137237548828125 72.95000457763671875 75.6331634521484375 75.6832733154296875 78.9608001708984375 77.95771026611328125 75.992095947265625 78.3327178955078125 77.15651702880859375 74.552001953125 72.75048828125 72.167877197265625 74.23394012451171875 74.62477874755859375 73.49958038330078125 75.85945892333984375 70.90966796875 71.7754058837890625 68.01845550537109375 69.11871337890625 72.0791473388671875 72.9339599609375
73.38108062744140625 72.22116851806640625 73.824798583984375 74.990081787109375 75.618011474609375 72.720428466796875 73.58292388916015625 75.9094696044921875 74.62329864501953125 78.8794403076171875 78.93025970458984375 77.63498687744140625 77.13930511474609375 74.82763671875 73.638153076171875 69.85950469970703125 69.86870574951171875 68.73181915283203125 71.43474578857421875 74.9560546875 76.47611236572265625 73.39032745361328125 70.5235595703125 72.18515777587890625 75.93703460693359375 76.22332763671875 74.5368194580078125 74.104217529296875 78.0174713134765625 74.63800048828125 77.1108245849609375 76.25164794921875 75.62082672119140625 72.7482757568359375 72.19690704345703125 72.93857574462890625 75.2957763671875 74.51175689697265625 73.36876678466796875 73.7538909912109375 70.63237762451171875 71.47284698486328125 67.886138916015625 71.45839691162109375 75.001739501953125
70.66822052001953125 72.83803558349609375 71.83716583251953125 75.14208221435546875 77.4581756591796875 76.1879119873046875 76.39966583251953125 74.1245880126953125 74.58657073974609375 75.9445343017578125 73.554901123046875 72.21185302734375 70.88927459716796875 71.54727935791015625 68.93473052978515625 70.62284088134765625 71.00034332275390625 72.4051055908203125 72.087493896484375 72.545684814453125 71.24372100830078125 68.701446533203125 68.61692047119140625 70.7822265625 72.18978118896484375 76.10790252685546875 73.1803131103515625 75.44692230224609375 71.99904632568359375 72.25682830810546875 72.76966094970703125 74.9743804931640625 71.8768310546875 69.4082183837890625 71.3108673095703125 72.785797119140625 71.24671173095703125 72.36173248291015625 74.629730224609375 73.541717529296875 71.39276123046875 68.8454437255859375 69.47003936767578125 72.579742431640625 72.97971343994140625
73.8225555419921875 72.03316497802734375 73.58956146240234375 72.5254058837890625 73.16487884521484375 76.84488677978515625 74.44608306884765625 75.07801055908203125 76.8367767333984375 73.94269561767578125 70.5057830810546875 68.26267242431640625 66.60150909423828125 65.70992279052734375 69.782196044921875 73.55098724365234375 73.184234619140625 72.9318084716796875 73.4980621337890625 72.6952667236328125 72.4736785888671875 68.27234649658203125 68.27265167236328125 72.94541168212890625 76.45372772216796875 76.1660003662109375 78.09468841552734375 71.58742523193359375 69.06163787841796875 71.676971435546875 71.5362396240234375 70.86812591552734375 68.94366455078125 68.762664794921875 71.094696044921875 70.2505950927734375 70.13277435302734375 72.96236419677734375 73.5447998046875 72.80609130859375 71.80179595947265625 70.73735809326171875 70.776519775390625 71.09247589111328125 74.1883697509765625
80.63065338134765625 73.64151763916015625 70.706298828125 74.68245697021484375 72.776519775390625 74.64215087890625 75.1493988037109375 77.4004974365234375 77.81884002685546875 73.680267333984375 70.45829010009765625 68.7430419921875 66.393402099609375 65.59712982177734375 70.79811859130859375 72.60068511962890625 73.593536376953125 74.5713958740234375 70.94071197509765625 72.47855377197265625 74.2837982177734375 74.88399505615234375 72.69757843017578125 76.33396148681640625 77.47791290283203125 78.65831756591796875 79.0780029296875 73.141571044921875 70.56571197509765625 70.89246368408203125 67.9799957275390625 69.60718536376953125 70.84033203125 69.4815521240234375 67.80144500732421875 70.9903106689453125 72.367279052734375 73.39012908935546875 71.03586578369140625 71.33211517333984375 73.57659912109375 72.01656341552734375 71.54986572265625 73.6116180419921875 76.21445465087890625
80.85759735107421875 78.3168487548828125 74.68792724609375 73.66082000732421875 74.26568603515625 73.9056854248046875 78.27867889404296875 79.71115875244140625 74.75713348388671875 78.656402587890625 73.72545623779296875 69.15863800048828125 67.49437713623046875 70.65129852294921875 70.92786407470703125 72.71117401123046875 73.55933380126953125 71.30347442626953125 73.28594970703125 74.79309844970703125 76.6648101806640625 77.8047027587890625 80.36080169677734375 76.7239990234375 78.17409515380859375 78.919708251953125 75.38077545166015625 74.98056793212890625 70.379608154296875 69.33383941650390625 70.71901702880859375 69.575286865234375 70.056915283203125 67.52295684814453125 70.2588653564453125 70.61067962646484375 73.8992462158203125 72.1631622314453125 70.55414581298828125 70.30507659912109375 70.70569610595703125 70.85945892333984375 74.55002593994140625 72.09267425537109375 72.99002838134765625
