ForecastVariables/LightPollution_Blue_500m_100percent/LightPollutionBlue_100_Focal_Random1.asc
ncols        529
nrows        344
xllcorner    2700.000000000000
yllcorner    15900.000000000000
cellsize     100.000000000000
NODATA_value  nan
[rows 0 to 19 of 344, columns 135 to 179 of 529]
184.686248779296875 126.4797515869140625 125.22040557861328125 101.48114013671875 96.86214447021484375 96.040252685546875 117.31856536865234375 141.2512969970703125 154.526123046875 161.8096923828125 158.7515411376953125 141.891754150390625 138.825103759765625 136.3336639404296875 133.355865478515625 148.5543975830078125 129.200927734375 124.9177398681640625 142.662078857421875 149.3926239013671875 183.89556884765625 184.7739105224609375 141.2913055419921875 110.24242401123046875 133.4281463623046875 148.3505096435546875 161.49530029296875 168.5440673828125 192.0164337158203125 201.038909912109375 153.9679412841796875 162.5193328857421875 153.261932373046875 167.73553466796875 169.9681243896484375 170.729095458984375 171.6575469970703125 185.7856903076171875 197.2485504150390625 228.329376220703125 248.2825775146484375 250.407196044921875 245.369384765625 230.2805938720703125 208.981414794921875
321.98223876953125 222.603912353515625 179.289154052734375 147.1236572265625 121.93154144287109375 127.82427978515625 146.2642669677734375 175.7071533203125 194.7720947265625 196.7714691162109375 196.7398681640625 174.580810546875 175.0937957763671875 171.6896209716796875 181.281890869140625 186.225250244140625 180.897857666015625 181.7960205078125 188.8650665283203125 238.2959136962890625 259.41168212890625 253.468505859375 222.626251220703125 233.449859619140625 183.081878662109375 193.666046142578125 210.4215545654296875 264.58319091796875 288.035186767578125 267.735443115234375 248.395538330078125 204.072418212890625 225.298828125 220.9376373291015625 240.1741943359375 230.371307373046875 241.4782257080078125 255.8945465087890625 281.39642333984375 303.242584228515625 316.126739501953125 299.4605712890625 318.9305419921875 285.6373291015625 253.65069580078125
475.380401611328125 327.24114990234375 257.39459228515625 182.9479827880859375 150.9549407958984375 136.957489013671875 163.991485595703125 184.6776580810546875 196.23736572265625 206.8506622314453125 207.1823577880859375 208.092041015625 175.242431640625 186.417449951171875 198.901947021484375 187.927520751953125 201.95037841796875 213.1501617431640625 209.937408447265625 247.16314697265625 276.26678466796875 271.31048583984375 305.448089599609375 253.199676513671875 234.096923828125 216.0129547119140625 271.51214599609375 332.197021484375 310.9945068359375 301.708709716796875 297.692474365234375 259.62969970703125 228.3446044921875 280.16363525390625 264.68701171875 318.871429443359375 277.953704833984375 310.5557861328125 341.051116943359375 396.417877197265625 377.888336181640625 348.26947021484375 334.90411376953125 329.773895263671875 323.928497314453125
575.04376220703125 520.18206787109375 325.00567626953125 230.728851318359375 166.522216796875 158.348358154296875 169.9404449462890625 177.520599365234375 195.8670501708984375 205.856536865234375 228.732879638671875 186.02410888671875 176.73773193359375 171.130035400390625 181.0866241455078125 186.4549407958984375 196.3572235107421875 198.04736328125 201.89202880859375 224.2602081298828125 249.9349212646484375 290.280487060546875 274.39801025390625 254.250518798828125 242.2366485595703125 262.465911865234375 276.301483154296875 309.283355712890625 372.199310302734375 332.537322998046875 266.409698486328125 229.6222381591796875 249.8249053955078125 272.96649169921875 339.238800048828125 353.000579833984375 391.641082763671875 383.309539794921875 407.1702880859375 423.6514892578125 448.664886474609375 464.20025634765625 428.960662841796875 411.230926513671875 413.80926513671875
685.25885009765625 535.521484375 452.978790283203125 266.30279541015625 195.554473876953125 164.8209228515625 177.191192626953125 205.6091156005859375 187.9240264892578125 217.9154510498046875 227.47113037109375 201.367523193359375 173.041595458984375 167.5247802734375 145.32373046875 180.8813934326171875 189.509490966796875 204.58575439453125 231.6898651123046875 209.7293853759765625 213.865142822265625 239.403106689453125 257.62237548828125 244.8743743896484375 240.692626953125 242.884918212890625 286.168548583984375 326.743408203125 375.9552001953125 362.082672119140625 238.4545135498046875 225.8231048583984375 247.1917724609375 353.84503173828125 369.9012451171875 458.956146240234375 432.37677001953125 476.21673583984375 488.692901611328125 498.77001953125 556.9853515625 588.51849365234375 553.3607177734375 512.19036865234375 549.250732421875
590.66656494140625 531.9775390625 462.42156982421875 391.897918701171875 215.8863372802734375 183.140167236328125 199.333587646484375 213.6311798095703125 217.318634033203125 218.4427337646484375 231.5878143310546875 230.531890869140625 184.9834747314453125 145.14923095703125 146.6011810302734375 181.5305328369140625 210.9516448974609375 226.6258697509765625 238.931732177734375 211.9547882080078125 206.833160400390625 226.7474365234375 203.30438232421875 220.835784912109375 194.2122039794921875 183.3241119384765625 274.3013916015625 350.516693115234375 362.62847900390625 330.60040283203125 289.585601806640625 223.19964599609375 289.94647216796875 333.535888671875 477.713531494140625 532.31048583984375 510.06768798828125 465.01031494140625 554.4080810546875 654.52362060546875 703.01361083984375 692.16461181640625 626.4501953125 660.97296142578125 583.70648193359375
658.57415771484375 573.49078369140625 509.79498291015625 414.981414794921875 366.385833740234375 229.0434417724609375 214.46875 206.58074951171875 232.45648193359375 253.3296966552734375 233.8857421875 227.5064544677734375 199.48980712890625 153.9168853759765625 163.719268798828125 183.51416015625 248.931365966796875 257.91180419921875 222.153167724609375 240.105224609375 228.82196044921875 205.167816162109375 183.3793182373046875 168.1981964111328125 157.10638427734375 166.2611236572265625 227.8595733642578125 326.18109130859375 324.21807861328125 326.3961181640625 311.34332275390625 339.7220458984375 340.08074951171875 394.9415283203125 451.35906982421875 530.666015625 539.93475341796875 561.323486328125 597.48443603515625 772.50634765625 844.107177734375 778.70831298828125 746.98052978515625 621.05865478515625 565.9012451171875
683.45672607421875 752.70654296875 550.59600830078125 459.369720458984375 407.516265869140625 357.21636962890625 236.5047149658203125 235.4878387451171875 229.8765869140625 244.799591064453125 251.22186279296875 216.1714019775390625 200.3042144775390625 204.1371307373046875 191.0365142822265625 214.9626007080078125 248.021240234375 275.356964111328125 270.8548583984375 264.819427490234375 230.763885498046875 191.124847412109375 205.79693603515625 169.3747711181640625 145.442413330078125 157.99273681640625 209.8701934814453125 256.82440185546875 319.51873779296875 318.057342529296875 317.4744873046875 349.62945556640625 424.4884033203125 415.545501708984375 427.390533447265625 407.30438232421875 480.474395751953125 535.386962890625 647.96063232421875 864.0333251953125 907.2796630859375 914.7318115234375 819.82403564453125 667.091064453125 575.81024169921875
737.62554931640625 726.252197265625 713.98480224609375 497.40020751953125 415.721649169921875 379.51580810546875 379.1387939453125 268.220794677734375 240.1763916015625 265.328125 268.320831298828125 232.7266387939453125 205.1996307373046875 204.005340576171875 229.6784515380859375 265.890869140625 281.28057861328125 323.751739501953125 305.0491943359375 267.10687255859375 236.957122802734375 232.411285400390625 234.3602447509765625 171.7644805908203125 172.835784912109375 186.0157623291015625 205.2686004638671875 229.3592681884765625 278.702789306640625 302.52227783203125 329.963958740234375 371.122528076171875 377.5474853515625 407.569854736328125 372.497406005859375 394.28778076171875 356.53253173828125 448.69097900390625 641.32000732421875 826.4090576171875 941.956298828125 940.00128173828125 825.5306396484375 698.50537109375 618.7366943359375
695.57769775390625 678.77508544921875 611.73980712890625 579.0423583984375 414.6802978515625 411.358306884765625 390.612274169921875 403.530731201171875 330.321044921875 292.921844482421875 288.9202880859375 273.0396728515625 237.4739837646484375 218.0465850830078125 231.7505645751953125 351.542327880859375 483.777557373046875 396.55401611328125 360.178680419921875 288.9139404296875 283.00018310546875 276.78875732421875 222.86810302734375 216.8896636962890625 204.2027435302734375 207.5909881591796875 204.5778350830078125 227.68951416015625 223.4914093017578125 224.1019744873046875 283.16937255859375 325.055877685546875 357.68768310546875 362.646942138671875 358.22113037109375 357.300262451171875 311.17474365234375 432.33221435546875 687.41375732421875 831.56890869140625 841.84881591796875 831.9437255859375 749.56024169921875 684.98974609375 650.1903076171875
576.24298095703125 534.34136962890625 456.927398681640625 415.7882080078125 458.625579833984375 378.02294921875 391.35064697265625 423.583526611328125 453.02947998046875 404.617584228515625 352.0225830078125 318.25799560546875 278.67498779296875 253.9162750244140625 311.74224853515625 505.906219482421875 587.8719482421875 566.02777099609375 405.80230712890625 354.99896240234375 314.5518798828125 291.5799560546875 270.929351806640625 246.1070556640625 215.64459228515625 188.3863372802734375 218.2623138427734375 195.873260498046875 195.0205841064453125 176.3031463623046875 187.7697296142578125 250.08795166015625 307.7486572265625 352.7642822265625 362.21148681640625 361.640777587890625 365.043121337890625 491.263519287109375 714.34002685546875 854.623291015625 821.48101806640625 690.10028076171875 717.220458984375 655.144287109375 645.7794189453125
310.6405029296875 390.77691650390625 331.878082275390625 252.197540283203125 247.436065673828125 341.377105712890625 358.399688720703125 387.930419921875 411.915557861328125 461.55255126953125 441.565460205078125 373.203338623046875 346.413238525390625 371.443817138671875 470.42987060546875 546.90399169921875 649.98492431640625 633.0076904296875 544.95318603515625 358.5865478515625 321.912200927734375 334.7296142578125 311.267730712890625 285.980743408203125 239.1269683837890625 257.711456298828125 280.421661376953125 206.8673095703125 154.719970703125 158.1699066162109375 137.6695709228515625 165.548370361328125 257.823974609375 310.1439208984375 368.655670166015625 380.9248046875 409.65399169921875 555.4993896484375 689.1339111328125 829.5936279296875 831.7686767578125 781.650146484375 660.491455078125 647.89886474609375 655.20404052734375
174.90374755859375 207.7830963134765625 224.4144134521484375 169.2126922607421875 146.074554443359375 172.878173828125 280.244598388671875 308.390167236328125 360.9368896484375 409.230560302734375 410.09637451171875 406.42791748046875 385.460540771484375 396.863739013671875 473.7564697265625 603.97271728515625 638.02301025390625 601.38995361328125 432.323699951171875 394.39447021484375 392.11834716796875 369.316802978515625 377.03070068359375 334.697479248046875 369.338531494140625 452.5316162109375 360.993896484375 285.737579345703125 173.6656036376953125 132.9083404541015625 130.136444091796875 140.67449951171875 259.886932373046875 318.844970703125 360.77813720703125 421.490478515625 413.616241455078125 571.8193359375 679.86065673828125 784.6790771484375 813.741943359375 804.904541015625 734.4383544921875 694.4725341796875 682.5548095703125
123.34201812744140625 126.49558258056640625 136.8968963623046875 133.2091827392578125 127.21978759765625 128.839019775390625 140.845703125 197.903350830078125 225.19842529296875 262.1632080078125 303.331146240234375 355.7164306640625 356.309814453125 352.3056640625 381.16778564453125 472.534393310546875 579.70263671875 480.360382080078125 452.610382080078125 444.6708984375 450.27667236328125 472.94195556640625 460.65496826171875 504.23297119140625 703.9554443359375 633.12908935546875 624.43170166015625 353.888580322265625 249.9323272705078125 140.8240509033203125 137.000274658203125 208.8321380615234375 290.52252197265625 346.437896728515625 409.63543701171875 565.4227294921875 548.22039794921875 568.65496826171875 667.83001708984375 749.1973876953125 756.255615234375 866.71197509765625 822.31005859375 736.4224853515625 640.32672119140625
109.82665252685546875 110.19866943359375 112.89434051513671875 115.329254150390625 118.7074127197265625 117.77892303466796875 116.6469268798828125 122.8832855224609375 140.5992889404296875 170.1531829833984375 178.047332763671875 191.446136474609375 238.1037750244140625 258.28363037109375 299.080108642578125 346.24188232421875 381.244537353515625 414.117889404296875 402.65673828125 435.794586181640625 486.5765380859375 517.50616455078125 551.12371826171875 705.98638916015625 830.54827880859375 968.20648193359375 755.49749755859375 536.95428466796875 191.8079833984375 149.903839111328125 195.5773162841796875 259.394622802734375 289.69891357421875 400.23876953125 617.7318115234375 747.099853515625 733.2264404296875 605.87371826171875 667.13812255859375 802.657470703125 858.88128662109375 856.7047119140625 831.9847412109375 661.6968994140625 644.51446533203125
108.17171478271484375 112.96942901611328125 113.80379486083984375 114.81490325927734375 111.5181732177734375 112.5711517333984375 109.277191162109375 108.3541259765625 113.419097900390625 120.10082244873046875 122.9901580810546875 114.22293853759765625 131.893402099609375 181.8357696533203125 193.70404052734375 224.8225250244140625 250.420379638671875 267.30023193359375 299.247650146484375 352.702301025390625 387.935577392578125 432.512939453125 553.71368408203125 695.8773193359375 919.6190185546875 929.5836181640625 847.42059326171875 496.0810546875 332.119354248046875 165.9083099365234375 261.889404296875 271.312744140625 415.454071044921875 545.73638916015625 685.6937255859375 768.4296875 918.49871826171875 824.78533935546875 720.53009033203125 742.79656982421875 804.47119140625 805.71197509765625 752.825927734375 665.0177001953125 587.71795654296875
108.256988525390625 114.61191558837890625 116.6253662109375 114.85752105712890625 114.47359466552734375 109.9262542724609375 105.31246185302734375 98.23766326904296875 101.087493896484375 110.40886688232421875 109.551116943359375 110.08068084716796875 114.85157012939453125 128.2918701171875 143.548828125 159.0175628662109375 176.5809783935546875 181.7722015380859375 199.3547515869140625 214.3833770751953125 252.5552825927734375 268.0474853515625 349.129241943359375 533.9000244140625 633.70050048828125 786.68658447265625 566.0159912109375 430.229400634765625 233.4491729736328125 272.3436279296875 286.4249267578125 446.445587158203125 530.044921875 638.42718505859375 755.81365966796875 943.97137451171875 970.223388671875 892.013427734375 668.8551025390625 636.98907470703125 696.40594482421875 704.0404052734375 630.9383544921875 560.33746337890625 509.521728515625
105.26016998291015625 112.826629638671875 115.69329833984375 112.87958526611328125 114.84462738037109375 104.5063629150390625 95.820648193359375 94.06450653076171875 96.27092742919921875 94.9737701416015625 101.077972412109375 104.3687591552734375 105.07392120361328125 113.48358917236328125 127.64104461669921875 139.187164306640625 141.4614410400390625 146.2490692138671875 148.785736083984375 154.1747589111328125 164.48577880859375 190.409088134765625 212.886932373046875 288.19671630859375 430.669342041015625 396.88885498046875 426.90838623046875 252.4839019775390625 292.353240966796875 306.181396484375 439.725006103515625 539.0445556640625 653.946044921875 675.4801025390625 875.433349609375 987.75341796875 837.073974609375 731.98199462890625 638.23974609375 561.31414794921875 523.23492431640625 473.635772705078125 351.71954345703125 384.136260986328125 446.307891845703125
100.1110382080078125 107.3697967529296875 108.193511962890625 107.79644012451171875 106.128265380859375 99.26819610595703125 88.85999298095703125 84.92200469970703125 87.30364990234375 92.33465576171875 90.98378753662109375 95.99979400634765625 98.49857330322265625 102.3708953857421875 111.847991943359375 122.732147216796875 132.184783935546875 133.109771728515625 142.60260009765625 143.2295684814453125 152.86907958984375 162.641845703125 171.596099853515625 188.34759521484375 221.570220947265625 223.015106201171875 209.482513427734375 208.2485809326171875 211.27569580078125 298.14093017578125 338.5260009765625 471.8609619140625 512.64227294921875 596.9134521484375 579.9693603515625 674.8431396484375 621.956298828125 527.00689697265625 414.578948974609375 357.125274658203125 321.01947021484375 280.45928955078125 248.890045166015625 245.927642822265625 334.397186279296875
97.22818756103515625 97.9243316650390625 102.81850433349609375 98.5171661376953125 94.1417388916015625 94.68497467041015625 86.04697418212890625 77.5804595947265625 81.029632568359375 87.308380126953125 91.910736083984375 83.73097991943359375 91.06121826171875 99.17215728759765625 104.88818359375 114.30074310302734375 124.2709503173828125 131.9097747802734375 131.6690826416015625 141.6836700439453125 144.25299072265625 153.0327606201171875 164.5775909423828125 172.53668212890625 173.1819305419921875 171.2052459716796875 162.865203857421875 166.0283355712890625 169.5287017822265625 184.04644775390625 276.957672119140625 249.9608612060546875 368.02093505859375 343.383392333984375 349.890350341796875 350.954345703125 382.478485107421875 296.27081298828125 260.9749755859375 236.4075164794921875 215.7606201171875 211.21307373046875 205.3258209228515625 194.611724853515625 221.8647613525390625
