ForecastVariables/LightPollution_Blue_500m_100percent/LightPollutionBlue_100_Focal_Random4.asc
ncols        529
nrows        344
xllcorner    2700.000000000000
yllcorner    15900.000000000000
cellsize     100.000000000000
NODATA_value  nan
[rows 120 to 139 of 344, columns 90 to 134 of 529]
114.35007476806640625 104.7205810546875 108.5775604248046875 123.41417694091796875 223.280517578125 373.70050048828125 513.38482666015625 526.36480712890625 304.203155517578125 92.2553863525390625 200.9627838134765625 227.1445465087890625 710.36456298828125 577.82232666015625 888.7392578125 816.59478759765625 805.53399658203125 1089.1278076171875 916.41143798828125 655.33636474609375 613.92132568359375 817.44427490234375 694.9898681640625 901.377685546875 1115.1097412109375 1179.288818359375 1180.74755859375 1242.09716796875 1312.615966796875 1172.83837890625 1103.343505859375 1554.4674072265625 967.2322998046875 916.47503662109375 709.551025390625 726.6922607421875 881.2412109375 791.51727294921875 677.8504638671875 746.155517578125 763.075439453125 979.8858642578125 993.77069091796875 1013.03485107421875 1070.95849609375
88.84004974365234375 92.7743377685546875 116.74109649658203125 114.31365966796875 158.9228057861328125 328.55657958984375 520.90191650390625 523.7325439453125 342.047210693359375 304.249908447265625 405.170257568359375 1040.341796875 778.82537841796875 1062.870361328125 1127.396484375 1048.430908203125 1061.2965087890625 1125.3026123046875 1062.84423828125 774.32818603515625 713.95263671875 741.66912841796875 972.84295654296875 1180.1839599609375 894.00213623046875 966.716064453125 1121.8924560546875 1186.9791259765625 972.8697509765625 1312.498046875 1432.408447265625 1270.576904296875 1243.1619873046875 928.48760986328125 868.8099365234375 724.89971923828125 554.01019287109375 824.57427978515625 1056.3671875 778.62060546875 842.3648681640625 1144.3153076171875 1028.354736328125 963.15576171875 1008.16387939453125
82.45662689208984375 84.5025482177734375 86.34466552734375 107.87247467041015625 94.7145538330078125 228.8478546142578125 558.37890625 512.74798583984375 616.73565673828125 492.875091552734375 885.76446533203125 1103.1624755859375 1434.189453125 1291.201171875 1277.5908203125 1120.11572265625 1295.674072265625 1026.1678466796875 911.3912353515625 1096.36376953125 782.61322021484375 881.71575927734375 1115.773681640625 1128.0269775390625 1090.8607177734375 780.33282470703125 982.9556884765625 765.11468505859375 992.45458984375 1535.844970703125 1353.856201171875 1624.4273681640625 1582.421142578125 1174.8482666015625 747.11834716796875 893.86859130859375 730.54473876953125 936.00543212890625 1070.8350830078125 1127.9417724609375 1108.584716796875 1101.9461669921875 1043.54296875 1179.8585205078125 1045.444580078125
84.774993896484375 85.09194183349609375 86.17371368408203125 85.41864013671875 146.13739013671875 314.776702880859375 589.3941650390625 726.63861083984375 745.9647216796875 866.38104248046875 746.15667724609375 1099.53271484375 1429.04345703125 1525.3126220703125 932.47821044921875 1049.4281005859375 1066.251708984375 990.362548828125 1009.67059326171875 818.396484375 911.60699462890625 931.88018798828125 1076.37744140625 1058.225830078125 1126.6497802734375 876.15625 517.0521240234375 673.16668701171875 1140.20556640625 1134.38427734375 1692.760009765625 1672.6546630859375 1674.4776611328125 1305.9556884765625 1007.1842041015625 706.76226806640625 957.088134765625 1004.34417724609375 1001.2283935546875 1231.100830078125 1111.78857421875 1114.223388671875 1297.961181640625 1248.1142578125 1128.0096435546875
126.5315399169921875 101.03204345703125 119.01601409912109375 187.2227935791015625 413.077728271484375 569.64117431640625 878.44976806640625 990.54510498046875 1006.55804443359375 617.7962646484375 883.3890380859375 915.5439453125 1136.8355712890625 812.17388916015625 992.5989990234375 840.42266845703125 744.518310546875 914.3629150390625 949.4888916015625 770.01031494140625 915.6834716796875 895.6890869140625 985.26678466796875 1106.9427490234375 1005.17547607421875 845.4967041015625 703.4267578125 760.209716796875 972.256103515625 1164.0255126953125 1496.4879150390625 1695.31884765625 1327.4932861328125 1512.87548828125 1180.9251708984375 754.2945556640625 484.977996826171875 791.345703125 951.7266845703125 919.319091796875 838.15045166015625 1549.4439697265625 1454.5186767578125 1232.258056640625 1239.028564453125
151.568450927734375 202.4214324951171875 306.864898681640625 494.95538330078125 624.45892333984375 809.5079345703125 1108.9554443359375 1339.509521484375 1109.7904052734375 901.40020751953125 947.70819091796875 795.838134765625 624.92852783203125 656.171630859375 1052.1357421875 810.537841796875 603.18988037109375 756.072021484375 804.961181640625 933.143798828125 982.6934814453125 857.34686279296875 903.344970703125 968.73138427734375 721.4652099609375 865.01922607421875 719.0946044921875 653.49090576171875 832.8336181640625 844.42431640625 1189.4423828125 1241.1470947265625 1497.2777099609375 1080.2044677734375 904.44720458984375 720.3131103515625 583.0245361328125 504.990142822265625 737.8551025390625 663.39068603515625 1159.2294921875 1385.05712890625 1475.5277099609375 1157.59130859375 1183.93603515625
238.3503570556640625 422.85595703125 490.057342529296875 598.64727783203125 729.89453125 1022.9493408203125 1367.537353515625 1407.940673828125 1284.2296142578125 1378.3948974609375 1101.641357421875 1050.4324951171875 807.308837890625 829.3079833984375 809.16290283203125 838.95037841796875 838.73394775390625 711.71246337890625 753.10382080078125 920.3612060546875 944.08868408203125 1018.2408447265625 691.3585205078125 724.57958984375 887.235107421875 709.91455078125 669.5111083984375 738.8770751953125 587.88775634765625 1050.017822265625 842.05426025390625 1220.0908203125 1176.1790771484375 1142.591796875 857.25311279296875 734.85333251953125 625.7816162109375 654.8018798828125 628.02923583984375 972.8841552734375 1192.2252197265625 1131.3218994140625 1198.4107666015625 1372.9881591796875 984.76690673828125
394.87506103515625 462.9688720703125 560.49176025390625 651.4205322265625 895.7188720703125 1013.04962158203125 956.1707763671875 1612.9703369140625 1946.9986572265625 1561.2001953125 1172.1715087890625 1194.9837646484375 1449.4969482421875 1032.5716552734375 778.40753173828125 805.5245361328125 937.826416015625 773.42303466796875 659.86895751953125 892.04638671875 993.48822021484375 943.868408203125 913.859619140625 579.3267822265625 813.1839599609375 855.16583251953125 901.72662353515625 746.16998291015625 773.331298828125 859.14630126953125 1143.85595703125 1090.4564208984375 1204.9530029296875 1095.9317626953125 1032.025390625 862.02899169921875 907.5660400390625 776.09906005859375 737.55792236328125 856.297119140625 1365.5009765625 1342.28759765625 1078.155517578125 797.37353515625 1038.7120361328125
320.58575439453125 406.7640380859375 554.92327880859375 782.08538818359375 861.51507568359375 895.22747802734375 1313.0001220703125 1346.1630859375 1877.6510009765625 1605.7652587890625 1696.4205322265625 1404.03857421875 925.9002685546875 1034.1220703125 997.97882080078125 800.9461669921875 670.5181884765625 598.8365478515625 699.3824462890625 825.17169189453125 755.37127685546875 1142.2664794921875 973.56646728515625 1033.589599609375 667.06268310546875 966.14141845703125 1121.287841796875 1019.91156005859375 992.38140869140625 952.9959716796875 1331.6910400390625 1219.7529296875 1005.4312744140625 892.0452880859375 882.33905029296875 929.617431640625 830.9261474609375 1026.186767578125 889.73577880859375 1081.9383544921875 1110.2850341796875 1578.140380859375 932.30596923828125 823.95538330078125 994.64776611328125
267.513031005859375 347.805084228515625 639.10858154296875 843.28350830078125 887.40106201171875 989.10552978515625 1399.670166015625 1628.8731689453125 1550.1910400390625 1699.669677734375 1443.576416015625 1101.725341796875 922.9632568359375 822.60260009765625 920.77740478515625 827.530517578125 639.166015625 718.69000244140625 718.737548828125 729.9473876953125 1139.28955078125 1024.8892822265625 1152.143310546875 1047.64453125 1170.322265625 1022.44842529296875 1233.620361328125 1557.038818359375 1346.5828857421875 1424.959228515625 1373.19677734375 1189.6934814453125 803.1942138671875 725.9219970703125 877.15618896484375 804.1790771484375 929.84918212890625 897.25750732421875 1092.3114013671875 1053.4620361328125 1149.049072265625 1109.688232421875 1033.6009521484375 840.57891845703125 965.68841552734375
135.892547607421875 377.65509033203125 523.7703857421875 786.99847412109375 1114.3194580078125 1294.9368896484375 1616.998291015625 1564.58642578125 1605.9384765625 1327.23388671875 1052.1533203125 835.5924072265625 952.6717529296875 816.83953857421875 745.2154541015625 720.30963134765625 815.1307373046875 888.395263671875 919.44903564453125 925.74786376953125 962.63421630859375 1095.0333251953125 955.50714111328125 964.7030029296875 916.3458251953125 1288.7347412109375 1723.532958984375 1759.877685546875 1831.01806640625 1491.4300537109375 1290.4315185546875 987.61376953125 1000.35699462890625 777.67547607421875 775.644775390625 1062.5604248046875 1009.9423828125 972.85357666015625 732.2987060546875 980.42974853515625 1118.252197265625 954.05181884765625 713.8741455078125 739.85595703125 852.45831298828125
143.57733154296875 177.625274658203125 459.051025390625 884.0909423828125 1328.6226806640625 1397.594482421875 1171.807373046875 1594.803466796875 1340.313232421875 1136.349365234375 716.23468017578125 749.91949462890625 681.01806640625 788.91094970703125 832.5484619140625 933.24951171875 924.2672119140625 1034.86328125 1139.6829833984375 1139.307373046875 968.00909423828125 875.9488525390625 970.16583251953125 744.54608154296875 1160.8543701171875 1622.414794921875 1746.740478515625 1797.4747314453125 1688.2254638671875 1681.2515869140625 1097.657470703125 965.3350830078125 619.178955078125 823.65386962890625 1044.5205078125 1125.411865234375 1180 935.86761474609375 917.47894287109375 718.72430419921875 970.94781494140625 915.33172607421875 732.5992431640625 694.9454345703125 873.25250244140625
185.1554718017578125 240.08477783203125 409.1148681640625 842.75189208984375 1008.5833740234375 1453.12109375 1299.783203125 1136.55859375 1117.36083984375 801.79962158203125 844.47076416015625 761.8109130859375 740.3145751953125 922.3135986328125 1059.781494140625 1080.3140869140625 1115.39501953125 1161.034423828125 1252.3682861328125 1188.462890625 998.2738037109375 909.51300048828125 813.6031494140625 1010.98602294921875 1303.372314453125 1559.2298583984375 1799.3125 1813.4844970703125 1616.9688720703125 968.6290283203125 1120.646484375 664.2716064453125 779.76531982421875 976.64892578125 1343.39111328125 1382.1051025390625 1249.97119140625 1127.256103515625 859.64544677734375 999.6805419921875 944.788330078125 1028.3148193359375 993.75628662109375 1007.22650146484375 1103.7210693359375
208.032470703125 246.0069732666015625 440.0955810546875 646.16363525390625 1029.029541015625 1266.4197998046875 1375.3028564453125 818.07830810546875 807.75762939453125 847.468505859375 987.03472900390625 1067.90966796875 1153.0653076171875 1269.6839599609375 1244.945068359375 1154.957763671875 1165.3580322265625 1185.841796875 1162.6104736328125 1246.16650390625 1084.3087158203125 784.0650634765625 790.7198486328125 1293.3292236328125 1403.3233642578125 1403.4320068359375 1576.192138671875 1660.953125 1183.5125732421875 975.36822509765625 937.99591064453125 893.136474609375 976.119140625 1303.5357666015625 1502.82568359375 1447.1796875 1422.3526611328125 1232.307861328125 997.86309814453125 1043.67333984375 1214.678955078125 1047.7125244140625 1191.290771484375 1345.4425048828125 1298.694580078125
211.66693115234375 245.9515533447265625 331.835845947265625 908.187744140625 1033.4095458984375 1083.4503173828125 1033.2076416015625 945.6617431640625 784.67938232421875 993.2449951171875 1178.159912109375 1375.1512451171875 1478.5665283203125 1430.5335693359375 1305.9859619140625 1118.38623046875 1051.4808349609375 1092.25341796875 1052.2032470703125 1103.1900634765625 944.43109130859375 1020.5078125 938.07049560546875 1163.147705078125 1264.92724609375 1329.7623291015625 1191.73095703125 1107.539794921875 1062.659912109375 1057.4013671875 1097.200927734375 1128.36279296875 1142.7529296875 1212.903564453125 1354.946044921875 1401.5797119140625 1302.4827880859375 1173.9007568359375 996.2061767578125 927.302001953125 1141.0677490234375 1177.2601318359375 1104.0306396484375 1226.6063232421875 1190.751953125
221.75042724609375 248.333953857421875 447.885955810546875 763.2269287109375 1035.873046875 988.90167236328125 1021.559326171875 872.22955322265625 846.814208984375 1086.7196044921875 1368.7974853515625 1541.1688232421875 1513.8748779296875 1518.753662109375 1292.7044677734375 1135.8079833984375 997.05633544921875 1024.1990966796875 1131.5565185546875 1036.7696533203125 1269.8157958984375 1250.7977294921875 1160.4365234375 944.42095947265625 1226.5599365234375 1222.923095703125 1068.0830078125 839.7528076171875 1188.125244140625 1159.4285888671875 1047.987060546875 1158.0152587890625 1168.1336669921875 942.8089599609375 949.32135009765625 1092.6107177734375 1035.3770751953125 1020.5166015625 1046.5205078125 847.69482421875 911.541259765625 1052.624755859375 1072.51171875 1074.5167236328125 1039.7064208984375
214.68328857421875 362.80670166015625 670.65350341796875 745.13153076171875 1050.42529296875 1247.3572998046875 983.07867431640625 840.6595458984375 885.18841552734375 1132.222900390625 1453.926513671875 1561.922119140625 1416.0533447265625 1240.494384765625 1145.544677734375 1174.1773681640625 1132.492919921875 1125.3729248046875 1072.8187255859375 1457.1356201171875 1307.3236083984375 1203.9813232421875 1053.6971435546875 1198.978515625 1172.6944580078125 973.96136474609375 866.64031982421875 1095.5086669921875 1176.3111572265625 1322.8968505859375 1204.6805419921875 1064.1373291015625 922.02154541015625 754.90069580078125 687.171630859375 760.5516357421875 912.6141357421875 936.70977783203125 908.5982666015625 899.0963134765625 789.99786376953125 990.48828125 1033.457275390625 831.87005615234375 814.60711669921875
235.3509063720703125 608.101806640625 893.02020263671875 1117.4324951171875 1197.91015625 1295.0869140625 1059.4329833984375 998.937255859375 860.1796875 1093.0343017578125 1214.428466796875 1232.845703125 1172.3154296875 1111.5413818359375 1052.5020751953125 1052.1513671875 1286.4862060546875 1356.3741455078125 1381.8861083984375 1102.5980224609375 1360.20703125 1213.290283203125 1157.8206787109375 944.2158203125 969.91876220703125 901.5672607421875 1010.13531494140625 1109.7220458984375 1198.5220947265625 1320.5611572265625 1409.8961181640625 1143.6937255859375 801.962158203125 648.5963134765625 546.78302001953125 531.61151123046875 973.6146240234375 1111.999755859375 1123.6939697265625 1057.8404541015625 954.32012939453125 894.70465087890625 1011.1517333984375 837.78436279296875 654.72247314453125
540.25408935546875 772.0626220703125 1113.0718994140625 1310.82861328125 1411.093994140625 1269.746337890625 1203.5421142578125 966.6708984375 908.32281494140625 882.84161376953125 853.106689453125 877.6229248046875 928.4078369140625 941.92620849609375 1099.6195068359375 1285.25244140625 1408.71826171875 1524.4884033203125 1321.646484375 1273.095458984375 1137.6507568359375 1371.6756591796875 1093.795654296875 1001.59478759765625 812.41363525390625 933.76708984375 836.47552490234375 919.69610595703125 1212.9698486328125 1330.421875 1332.8729248046875 1009.5799560546875 804.68212890625 496.754119873046875 449.658721923828125 696.13128662109375 1000.10955810546875 1347.518310546875 1322.400146484375 1148.9691162109375 1051.4515380859375 958.7662353515625 914.6485595703125 862.2872314453125 714.469482421875
653.4012451171875 947.7491455078125 1023.42572021484375 1388.6083984375 1228.5250244140625 1380.9791259765625 1191.0418701171875 966.10430908203125 894.686767578125 779.27313232421875 643.105224609375 791.64776611328125 862.028564453125 937.1204833984375 1025.309326171875 1269.09912109375 1455.831298828125 1428.7916259765625 1380.8521728515625 1205.254150390625 1365.794921875 1309.444580078125 1372.984375 1253.2679443359375 992.8707275390625 763.6431884765625 752.23468017578125 834.25732421875 1204.18212890625 1246.9091796875 988.82781982421875 936.85186767578125 772.09527587890625 516.06146240234375 479.513427734375 789.08734130859375 1125.952880859375 1474.8699951171875 1515.8768310546875 1160.0665283203125 992.5758056640625 879.8189697265625 840.48968505859375 827.65447998046875 688.9429931640625
