ForecastVariables/LightPollution_Blue_500m_100percent/LightPollutionBlue_100_Focal_Random1.asc
ncols        529
nrows        344
xllcorner    2700.000000000000
yllcorner    15900.000000000000
cellsize     100.000000000000
NODATA_value  nan
[rows 20 to 39 of 344, columns 270 to 314 of 529]
72.28311920166015625 74.99495697021484375 75.73390960693359375 84.64565277099609375 89.15543365478515625 90.09110260009765625 89.17801666259765625 95.94007110595703125 100.33266448974609375 104.72281646728515625 99.97800445556640625 100.7969512939453125 97.3219451904296875 95.22100067138671875 88.678955078125 86.54278564453125 88.1024322509765625 90.1717529296875 91.653228759765625 92.510650634765625 86.36013031005859375 88.68912506103515625 93.72550201416015625 95.97489166259765625 98.64337158203125 102.6347503662109375 111.9840545654296875 116.5400543212890625 113.463714599609375 136.0268402099609375 169.1525726318359375 263.582733154296875 354.63482666015625 428.391021728515625 401.8026123046875 377.01007080078125 267.80999755859375 260.34136962890625 231.70379638671875 228.1920013427734375 240.3266754150390625 266.737152099609375 383.4075927734375 497.806243896484375 592.64111328125
77.7590484619140625 78.1470947265625 83.47674560546875 83.484405517578125 90.4741363525390625 92.57135009765625 97.8815765380859375 98.2243499755859375 100.9434051513671875 102.0748443603515625 102.86437225341796875 97.471527099609375 93.0615081787109375 91.2583465576171875 85.66037750244140625 82.1589202880859375 83.6452789306640625 87.55364227294921875 94.27266693115234375 93.385162353515625 86.68605804443359375 82.24859619140625 89.0409698486328125 92.1633148193359375 96.4227142333984375 97.3218994140625 104.59932708740234375 108.6789398193359375 110.4775543212890625 105.17525482177734375 168.5638275146484375 276.650115966796875 349.17962646484375 385.250030517578125 471.00164794921875 428.82989501953125 347.039154052734375 283.455810546875 299.269805908203125 231.2029571533203125 233.3201751708984375 250.2812347412109375 316.888397216796875 448.15972900390625 588.4500732421875
79.0853118896484375 78.475494384765625 79.16762542724609375 89.34633636474609375 90.411834716796875 94.10228729248046875 94.6011505126953125 100.9736785888671875 99.74527740478515625 100.98004150390625 99.13080596923828125 93.47815704345703125 89.548736572265625 85.69957733154296875 84.4596405029296875 79.2240447998046875 81.6803131103515625 91.89543914794921875 91.96474456787109375 88.72216796875 83.39115142822265625 83.2265777587890625 80.49800872802734375 85.41037750244140625 91.61822509765625 94.39868927001953125 96.5214691162109375 104.86653900146484375 99.712066650390625 94.8045806884765625 102.5034332275390625 183.623138427734375 275.9788818359375 382.235076904296875 359.7156982421875 345.24298095703125 341.536529541015625 401.10107421875 355.24951171875 290.847015380859375 223.92755126953125 207.58416748046875 234.313262939453125 372.5543212890625 527.39453125
81.76035308837890625 79.0029754638671875 82.4815216064453125 84.50923919677734375 92.602447509765625 91.894561767578125 95.9866790771484375 97.687652587890625 101.99983978271484375 94.45873260498046875 92.766754150390625 92.4939117431640625 89.5883941650390625 89.8317413330078125 84.98833465576171875 87.23780059814453125 83.61344146728515625 88.403900146484375 92.72124481201171875 84.45966339111328125 85.45378875732421875 80.4242095947265625 81.6207122802734375 79.75347137451171875 85.19731903076171875 91.72278594970703125 95.4931488037109375 93.97742462158203125 93.26575469970703125 87.50029754638671875 92.9677734375 103.000518798828125 162.6056671142578125 223.255523681640625 256.123931884765625 290.096527099609375 376.656158447265625 353.253753662109375 364.502044677734375 367.766693115234375 273.564361572265625 174.197906494140625 208.922882080078125 292.353302001953125 411.410125732421875
81.6848297119140625 83.23006439208984375 83.63236236572265625 86.12837982177734375 88.1182708740234375 94.61960601806640625 95.72920989990234375 98.7105255126953125 96.80181884765625 96.49338531494140625 88.901702880859375 88.5660858154296875 92.83697509765625 93.64946746826171875 92.680572509765625 87.77465057373046875 88.09551239013671875 91.89910125732421875 90.6454010009765625 89.06743621826171875 81.33345794677734375 83.38091278076171875 83.9592742919921875 87.26042938232421875 82.01042938232421875 85.60633087158203125 90.16791534423828125 90.1957855224609375 86.93213653564453125 88.65016937255859375 84.33152008056640625 88.89300537109375 98.99394989013671875 122.55300140380859375 156.154083251953125 229.3914947509765625 265.810333251953125 344.440216064453125 364.7706298828125 330.782684326171875 221.3386077880859375 171.9478607177734375 205.8254241943359375 258.287200927734375 328.556427001953125
82.68401336669921875 84.20947265625 83.93674468994140625 87.339202880859375 91.98293304443359375 92.48136138916015625 101.3186187744140625 98.99771881103515625 98.9229278564453125 94.6367034912109375 92.254913330078125 85.46649932861328125 88.10129547119140625 95.81717681884765625 94.68900299072265625 87.91918182373046875 86.9752349853515625 89.1016998291015625 90.17823028564453125 85.70320892333984375 87.16683197021484375 86.295135498046875 91.21971893310546875 85.17742919921875 84.221343994140625 80.5101318359375 86.4694061279296875 87.25335693359375 85.82949066162109375 80.69086456298828125 85.9703521728515625 85.5340728759765625 91.7988739013671875 97.3069305419921875 131.3722686767578125 145.8313446044921875 171.4539031982421875 257.905517578125 308.29803466796875 227.9046173095703125 176.5572509765625 146.114410400390625 149.5084075927734375 209.3186492919921875 294.122955322265625
83.787689208984375 81.4098358154296875 83.04747772216796875 87.57851409912109375 91.74146270751953125 94.29427337646484375 98.70520782470703125 106.86456298828125 101.5539398193359375 96.5976715087890625 87.0166473388671875 90.55970001220703125 89.74908447265625 90.15407562255859375 90.35720062255859375 87.32744598388671875 85.36730194091796875 83.963104248046875 78.07733154296875 83.31781005859375 81.83795928955078125 89.2772216796875 86.05680084228515625 83.266143798828125 82.0464324951171875 78.8417205810546875 76.36365509033203125 80.68857574462890625 83.50311279296875 85.822509765625 81.8493194580078125 88.8246612548828125 89.09734344482421875 101.00717926025390625 104.519073486328125 126.0471954345703125 135.517059326171875 158.14080810546875 180.67694091796875 179.4567718505859375 144.13885498046875 117.32515716552734375 113.44647979736328125 151.9810333251953125 210.4766693115234375
83.46631622314453125 83.82645416259765625 83.299224853515625 85.727325439453125 89.75557708740234375 93.93890380859375 98.3961181640625 101.649139404296875 105.66033935546875 99.54137420654296875 93.06157684326171875 86.09104156494140625 92.123931884765625 89.77811431884765625 87.36104583740234375 82.1453704833984375 81.90752410888671875 80.229827880859375 79.49837493896484375 74.91338348388671875 76.5176544189453125 80.1944427490234375 83.73777008056640625 82.9989166259765625 77.70639801025390625 75.2161102294921875 72.80200958251953125 77.72077178955078125 83.085418701171875 83.91861724853515625 86.127410888671875 85.50449371337890625 94.3227386474609375 89.48192596435546875 96.82689666748046875 101.9255523681640625 117.20914459228515625 113.094696044921875 135.800262451171875 140.1324920654296875 131.0535736083984375 99.1099853515625 117.41098785400390625 138.1956634521484375 161.9007110595703125
85.912139892578125 83.1474761962890625 86.6665191650390625 85.48293304443359375 83.84627532958984375 90.35031890869140625 98.3507080078125 102.91504669189453125 101.45496368408203125 103.03717041015625 94.7733917236328125 90.251953125 88.91838836669921875 97.26288604736328125 90.8986358642578125 84.36344146728515625 80.98708343505859375 84.8916778564453125 83.20781707763671875 75.94449615478515625 74.08139801025390625 77.4609375 83.20574951171875 85.13777923583984375 78.29117584228515625 72.68199920654296875 75.36418914794921875 80.6363525390625 79.96142578125 82.86974334716796875 89.2611083984375 90.90036773681640625 82.23836517333984375 87.79244232177734375 82.381134033203125 89.581878662109375 87.749237060546875 111.46714019775390625 116.4411163330078125 124.72846221923828125 116.4847869873046875 139.76861572265625 170.916473388671875 174.1582794189453125 165.9295196533203125
85.24640655517578125 85.26758575439453125 81.09583282470703125 82.79331207275390625 82.62145233154296875 84.2645416259765625 92.241119384765625 98.14948272705078125 103.66666412353515625 99.61808013916015625 95.78813934326171875 89.28031158447265625 91.61780548095703125 93.71047210693359375 93.981689453125 88.47032928466796875 85.12761688232421875 87.55429840087890625 84.36598968505859375 78.59511566162109375 77.88010406494140625 80.72411346435546875 80.00756072998046875 83.3795623779296875 84.54969024658203125 80.84256744384765625 75.124755859375 73.1648712158203125 78.85170745849609375 84.89798736572265625 89.0466766357421875 85.0538330078125 83.55670928955078125 78.75353240966796875 81.23928070068359375 70.72353363037109375 83.11252593994140625 93.6382904052734375 104.49907684326171875 109.70676422119140625 144.7885589599609375 189.9794158935546875 231.149658203125 239.9682159423828125 205.9682464599609375
87.77605438232421875 85.489105224609375 82.3198394775390625 79.505096435546875 78.82857513427734375 80.99497222900390625 88.42366790771484375 97.909576416015625 102.45751953125 97.56255340576171875 91.63524627685546875 93.403717041015625 91.9056854248046875 88.4495697021484375 88.58489227294921875 84.6719512939453125 83.89113616943359375 86.02663421630859375 86.68134307861328125 80.63239288330078125 77.62447357177734375 80.2759857177734375 85.04323577880859375 82.64583587646484375 87.9777069091796875 83.089874267578125 75.9947967529296875 74.710479736328125 77.24349212646484375 81.01471710205078125 81.37972259521484375 88.45667266845703125 87.8227691650390625 82.89086151123046875 75.34765625 78.36737823486328125 81.69608306884765625 86.08904266357421875 92.65767669677734375 121.52889251708984375 170.802093505859375 225.611358642578125 258.886871337890625 277.62127685546875 264.482940673828125
88.08685302734375 83.644317626953125 83.78704071044921875 79.0776519775390625 78.10985565185546875 82.31250762939453125 90.6484527587890625 96.32195281982421875 96.720306396484375 96.99375152587890625 97.93106842041015625 89.4277191162109375 87.85882568359375 87.9479827880859375 79.81916046142578125 80.71077728271484375 81.18508148193359375 84.538482666015625 85.610595703125 87.68204498291015625 80.03189849853515625 81.36333465576171875 86.51673126220703125 91.56649017333984375 85.83043670654296875 86.17325592041015625 81.051605224609375 76.5661773681640625 76.26273345947265625 75.25429534912109375 83.0079193115234375 88.078826904296875 94.0048980712890625 88.17748260498046875 89.43401336669921875 86.8699493408203125 84.5228729248046875 85.02704620361328125 96.07706451416015625 115.373931884765625 148.6615142822265625 221.31524658203125 275.1956787109375 283.998687744140625 258.051025390625
88.16437530517578125 88.65256500244140625 86.8557281494140625 83.27240753173828125 79.07961273193359375 85.13358306884765625 91.242523193359375 94.66985321044921875 96.336822509765625 100.8132781982421875 99.69058990478515625 95.841033935546875 90.5399322509765625 85.63837432861328125 82.55690765380859375 76.13237762451171875 84.80791473388671875 85.82534027099609375 87.32045745849609375 93.3612823486328125 93.11341094970703125 87.23468017578125 87.56707763671875 90.2889862060546875 89.72284698486328125 88.2116241455078125 86.44657135009765625 83.0366668701171875 75.01087188720703125 77.80609130859375 82.98084259033203125 93.47805023193359375 94.947845458984375 98.7665863037109375 96.4203643798828125 93.79784393310546875 87.4443359375 85.61701202392578125 96.97119140625 118.68807220458984375 145.6566314697265625 188.4685821533203125 242.04058837890625 245.038055419921875 244.8120880126953125
90.994110107421875 92.8708953857421875 91.16973114013671875 85.9464569091796875 83.829986572265625 87.55397796630859375 93.20824432373046875 94.653564453125 99.754302978515625 100.154541015625 100.22827911376953125 102.6954498291015625 95.41411590576171875 89.3053741455078125 82.91582489013671875 80.5375213623046875 74.57099151611328125 88.97832489013671875 92.86849212646484375 90.1815948486328125 94.008880615234375 94.08654022216796875 84.473175048828125 84.36008453369140625 90.29071044921875 92.452178955078125 88.928497314453125 80.2913360595703125 78.72884368896484375 78.422393798828125 84.3168487548828125 89.9601287841796875 98.1673736572265625 102.66437530517578125 102.6234588623046875 91.7230377197265625 89.0725555419921875 94.834503173828125 104.19390869140625 114.3282012939453125 138.4251251220703125 166.864288330078125 202.4208831787109375 229.825897216796875 277.073883056640625
87.98458099365234375 94.25627899169921875 93.0514068603515625 92.74941253662109375 88.7053985595703125 90.7814178466796875 94.10027313232421875 96.65833282470703125 97.95117950439453125 100.52585601806640625 100.9233245849609375 103.211151123046875 101.2809906005859375 84.6377410888671875 83.6761627197265625 79.33588409423828125 79.58657073974609375 81.7291717529296875 89.07334136962890625 87.6305389404296875 88.197174072265625 89.42830657958984375 87.293243408203125 85.1575775146484375 87.0065460205078125 89.19036102294921875 86.812164306640625 85.8114013671875 80.667144775390625 78.39981842041015625 81.821624755859375 89.30825042724609375 96.9691619873046875 102.87783050537109375 99.6262054443359375 97.8699798583984375 93.37237548828125 89.914215087890625 103.51092529296875 117.72794342041015625 135.0915374755859375 164.2060699462890625 199.059539794921875 237.4909820556640625 236.8809814453125
91.3141326904296875 95.69637298583984375 97.15937042236328125 92.26273345947265625 90.42200469970703125 89.96421051025390625 95.345703125 98.07740020751953125 94.6711883544921875 97.46796417236328125 108.84671783447265625 101.10992431640625 96.8470458984375 92.11164093017578125 85.9556121826171875 82.69719696044921875 81.3344268798828125 80.15802001953125 82.8138580322265625 87.44123077392578125 82.572723388671875 78.56822967529296875 84.821014404296875 82.3653106689453125 82.4000701904296875 85.55214691162109375 85.80179595947265625 82.59522247314453125 77.30242156982421875 75.91364288330078125 80.20728302001953125 87.813934326171875 94.13878631591796875 96.105865478515625 100.82904815673828125 98.47907257080078125 90.38816070556640625 88.973236083984375 93.43975830078125 113.299407958984375 133.8724517822265625 135.718719482421875 165.9215087890625 206.274810791015625 239.6299285888671875
93.5718536376953125 96.36299896240234375 95.70854949951171875 91.9709625244140625 88.5753021240234375 89.81572723388671875 92.49505615234375 92.8038177490234375 94.2765350341796875 99.8023834228515625 99.550079345703125 99.7052459716796875 95.44951629638671875 94.89990234375 91.98313140869140625 82.43225860595703125 81.95543670654296875 79.34163665771484375 79.055633544921875 79.34537506103515625 78.8032073974609375 78.9945068359375 74.35080718994140625 79.93675994873046875 81.92319488525390625 84.01728057861328125 81.09300994873046875 77.8669891357421875 75.187469482421875 75.26230621337890625 80.4108734130859375 84.70733642578125 89.59029388427734375 91.02666473388671875 94.35497283935546875 93.065185546875 86.7985382080078125 85.96363067626953125 85.592559814453125 92.7527313232421875 105.27335357666015625 128.4429931640625 138.7769927978515625 176.973175048828125 220.47271728515625
89.88474273681640625 91.9582366943359375 94.844451904296875 89.3057098388671875 87.575714111328125 87.7479248046875 88.57250213623046875 85.36469268798828125 92.44727325439453125 93.18389892578125 93.4246978759765625 97.5639495849609375 98.31977081298828125 91.94416046142578125 87.00067138671875 84.2565765380859375 77.07064056396484375 77.16635894775390625 76.0018310546875 74.13620758056640625 71.21314239501953125 69.35732269287109375 74.90328216552734375 83.232177734375 83.08347320556640625 76.40836334228515625 79.4008941650390625 79.03411102294921875 76.71610260009765625 79.193603515625 77.9614410400390625 82.23766326904296875 85.7099761962890625 89.392852783203125 86.5369720458984375 83.91149139404296875 83.4027862548828125 77.78609466552734375 82.62890625 84.14937591552734375 92.7430419921875 117.03392791748046875 139.6855926513671875 147.56024169921875 210.418426513671875
89.04380035400390625 88.6960296630859375 91.3286590576171875 91.453704833984375 89.74249267578125 88.5651092529296875 84.97664642333984375 83.60357666015625 82.31058502197265625 87.120880126953125 90.72284698486328125 93.40061187744140625 89.247772216796875 92.27709197998046875 87.5081024169921875 83.0035247802734375 75.2361907958984375 74.26605987548828125 74.270721435546875 70.6948699951171875 70.12221527099609375 70.2499847412109375 79.67214202880859375 82.04581451416015625 78.71161651611328125 80.65224456787109375 81.7764434814453125 79.92644500732421875 80.174560546875 77.86791229248046875 81.76718902587890625 79.872467041015625 81.789764404296875 84.93965911865234375 81.1148529052734375 81.29421234130859375 71.6190948486328125 73.8842926025390625 78.5722503662109375 84.62616729736328125 86.7295074462890625 96.5824737548828125 126.63671112060546875 145.525115966796875 152.681365966796875
118.25611114501953125 89.91199493408203125 90.0444183349609375 95.48993682861328125 95.68584442138671875 92.2727508544921875 87.2202301025390625 82.70395660400390625 80.32985687255859375 79.76520538330078125 88.3121795654296875 89.23302459716796875 89.3361968994140625 85.62210845947265625 88.19297027587890625 81.55594635009765625 77.07342529296875 73.78421783447265625 75.2205352783203125 73.6079864501953125 68.6472930908203125 69.8040924072265625 78.42333984375 77.9069061279296875 80.35846710205078125 82.753631591796875 81.491790771484375 81.98328399658203125 82.6934967041015625 82.669952392578125 78.62810516357421875 81.6093902587890625 80.929412841796875 79.332489013671875 83.5275726318359375 75.3846435546875 74.14321136474609375 72.57511138916015625 77.5063629150390625 79.4524993896484375 86.22199249267578125 88.0355072021484375 99.14832305908203125 128.611785888671875 137.5804443359375
