ForecastVariables/LightPollution_Blue_500m_100percent/LightPollutionBlue_100_Focal_Random1.asc
ncols        529
nrows        344
xllcorner    2700.000000000000
yllcorner    15900.000000000000
cellsize     100.000000000000
NODATA_value  nan
[rows 100 to 119 of 344, columns 360 to 404 of 529]
865.77587890625 885.8924560546875 1077.625732421875 1142.0604248046875 1181.0611572265625 1479.001708984375 1864.12158203125 1502.40234375 1210.4891357421875 1005.83538818359375 1130.0233154296875 1136.6788330078125 1267.98583984375 1220.2283935546875 1161.8935546875 1004.27734375 960.6409912109375 1044.192138671875 1314.6087646484375 1042.7716064453125 758.9532470703125 452.447479248046875 282.3155517578125 170.22332763671875 168.0902099609375 162.2414398193359375 247.2148284912109375 310.937896728515625 343.85797119140625 459.0262451171875 480.71319580078125 676.8592529296875 807.6304931640625 817.355224609375 694.15472412109375 691.58038330078125 627.66387939453125 720.214111328125 824.72015380859375 714.235107421875 1063.446044921875 798.26318359375 413.63916015625 309.063140869140625 324.596588134765625
609.19830322265625 842.00250244140625 964.34954833984375 1139.4266357421875 1494.15576171875 1586.86474609375 1676.341064453125 1545.7298583984375 1435.9676513671875 1237.8780517578125 983.36285400390625 1192.3900146484375 1309.6463623046875 1404.644287109375 1338.6451416015625 1331.82958984375 1137.8795166015625 1152.6717529296875 1164.733154296875 1042.26611328125 679.54248046875 364.265655517578125 173.1446685791015625 143.742401123046875 123.59487152099609375 151.6924591064453125 224.812347412109375 322.677642822265625 487.804168701171875 570.73614501953125 868.45635986328125 850.31689453125 1049.331787109375 1201.768310546875 1185.88720703125 1036.4415283203125 866.1693115234375 694.855712890625 870.44390869140625 1275.537841796875 1155.191650390625 960.10882568359375 638.79156494140625 464.5994873046875 595.34210205078125
733.2060546875 828.92388916015625 972.66412353515625 1322.5535888671875 1272.801513671875 1665.7872314453125 1597.97314453125 1509.813232421875 1356.942626953125 1229.4112548828125 1095.8505859375 1036.0263671875 1326.117919921875 1506.4202880859375 1375.1600341796875 1215.494140625 1329.3104248046875 1275.6409912109375 1031.2901611328125 893.8201904296875 904.23516845703125 396.4942626953125 277.571502685546875 231.1076507568359375 134.0031280517578125 132.7460174560546875 200.8718109130859375 382.160888671875 469.7784423828125 602.82635498046875 845.4852294921875 1167.4102783203125 1251.2926025390625 1435.588134765625 1306.2821044921875 1184.1578369140625 1151.1356201171875 945.04876708984375 1013.83673095703125 1157.68994140625 1110.6837158203125 1104.1710205078125 1115.7779541015625 702.123046875 851.70159912109375
1010.6744384765625 1030.568115234375 1219.358642578125 1227.5198974609375 1403.792724609375 1258.2884521484375 1319.54150390625 1482.9058837890625 1283.5228271484375 1076.0413818359375 1034.1912841796875 1134.504150390625 1291.234130859375 1388.16015625 1285.4169921875 970.551025390625 897.2286376953125 1110.969482421875 1178.1888427734375 1206.895751953125 725.50189208984375 778.51788330078125 494.3731689453125 677.43731689453125 367.4571533203125 273.043304443359375 355.578765869140625 536.7401123046875 632.25994873046875 675.49835205078125 862.8896484375 1069.7236328125 1495.0958251953125 1484.9100341796875 1612.1090087890625 1410.80322265625 1179.7955322265625 1041.6221923828125 936.81805419921875 1100.702880859375 1094.667236328125 1230.902587890625 1043.0516357421875 1137.73974609375 1026.65380859375
1203.302978515625 1458.0084228515625 1587.0301513671875 1502.6666259765625 1318.0333251953125 1167.4969482421875 1094.554443359375 1151.58251953125 1319.6241455078125 1158.0120849609375 947.82098388671875 1178.15673828125 1544.8997802734375 1277.051513671875 954.56207275390625 776.75518798828125 754.0716552734375 861.7664794921875 1305.00634765625 1170.724609375 1439.4117431640625 1261.8599853515625 1269.6876220703125 890.32525634765625 865.67071533203125 693.52886962890625 829.54608154296875 847.57318115234375 815.369384765625 908.4517822265625 866.5018310546875 1275.2115478515625 1450.758056640625 1627.1290283203125 1619.8643798828125 1471.47802734375 1090.84130859375 1155.8497314453125 931.7674560546875 801.55267333984375 1165.1593017578125 1119.9827880859375 1085.183837890625 1161.2723388671875 981.342041015625
1713.361572265625 1780.43408203125 1955.1805419921875 1750.041748046875 1554.1839599609375 1271.40478515625 1171.3206787109375 1067.703369140625 987.96783447265625 1153.3326416015625 1234.62255859375 1370.0496826171875 1584.4390869140625 1390.98193359375 801.51141357421875 592.57110595703125 671.14117431640625 962.17120361328125 1065.66650390625 1521.9761962890625 1670.6605224609375 1995.40771484375 1497.539306640625 1401.00390625 1155.398193359375 1227.70458984375 1085.60595703125 1072.5904541015625 1095.81884765625 1212.6280517578125 1315.4893798828125 1225.1685791015625 1486.24462890625 1595.2650146484375 1597.2974853515625 1270.99169921875 1030.7332763671875 903.58978271484375 854.07586669921875 697.5360107421875 876.66949462890625 1042.509765625 1064.298583984375 891.34124755859375 889.83050537109375
1677.9630126953125 1819.0999755859375 2264.06494140625 2334.399658203125 1653.632080078125 1222.9853515625 1340.8919677734375 1105.2713623046875 1084.20703125 950.20404052734375 1383.225830078125 1627.008544921875 1559.9920654296875 1427.1087646484375 1102.0284423828125 767.6309814453125 800.2481689453125 972.55828857421875 1317.85302734375 1484.93212890625 1823.1925048828125 1510.1141357421875 1812.395263671875 1452.59375 1259.496826171875 860.90472412109375 957.75457763671875 1071.50341796875 1182.47607421875 1304.3865966796875 1233.357666015625 1239.0047607421875 1453.4561767578125 1591.150390625 1459.6483154296875 1245.8033447265625 958.33758544921875 711.76434326171875 676.5926513671875 1088.9088134765625 731.8179931640625 896.266357421875 1035.419921875 917.4410400390625 820.3311767578125
1432.921630859375 2070.2509765625 2328.8212890625 2464.42919921875 1816.221923828125 1544.100830078125 1042.115234375 1181.2685546875 1025.9208984375 1180.6895751953125 1263.9383544921875 1584.052734375 1680.68359375 1531.522216796875 1141.3157958984375 947.45330810546875 1102.713134765625 1092.5714111328125 1154.8223876953125 1366.968994140625 1432.3519287109375 1627.771240234375 1362.8388671875 1299.235595703125 755.16363525390625 706.04864501953125 635.82177734375 819.5 918.34881591796875 1075.3590087890625 1248.902099609375 1229.9476318359375 1289.176025390625 1314.228759765625 1379.0665283203125 1167.2369384765625 1099.7469482421875 791.11785888671875 897.6666259765625 897.40716552734375 967.6826171875 867.059326171875 915.28314208984375 931.6839599609375 963.36285400390625
1753.102783203125 2131.11572265625 2317.4736328125 2218.171142578125 2149.6533203125 1639.3636474609375 1208.59423828125 943.87835693359375 1331.646728515625 1274.05517578125 1332.3714599609375 1402.4312744140625 1480.140380859375 1434.4769287109375 1133.102294921875 1126.561767578125 1142.04345703125 1271.8634033203125 1142.008056640625 1153.71435546875 1386.326171875 1314.6956787109375 1355.396484375 1028.288818359375 723.72418212890625 492.9959716796875 383.213653564453125 424.79669189453125 745.04376220703125 992.2991943359375 1282.363037109375 1102.7347412109375 863.75347900390625 1127.7742919921875 1531.791259765625 1292.5662841796875 1156.3865966796875 1210.6689453125 979.73028564453125 721.26953125 895.4803466796875 1158.065673828125 865.59014892578125 1031.12744140625 1337.3089599609375
1458.1234130859375 2028.8250732421875 2065.919677734375 1960.830810546875 1705.2423095703125 1390.50146484375 1164.151611328125 1422.080322265625 1101.268798828125 1194.551513671875 1445.9110107421875 1294.7216796875 1369.3111572265625 1065.648193359375 1246.462646484375 1124.2259521484375 1103.9251708984375 1159.02734375 1210.580810546875 1252.2830810546875 1223.924072265625 1439.9422607421875 1057.0379638671875 1008.03851318359375 746.578125 368.635101318359375 197.6962432861328125 361.7633056640625 615.3843994140625 991.01849365234375 1191.2176513671875 906.41766357421875 806.7440185546875 1077.067626953125 1283.3094482421875 1422.7447509765625 1257.996337890625 1096.02783203125 971.60015869140625 815.151611328125 915.889892578125 805.79461669921875 1123.97265625 1327.28662109375 1608.6640625
1316.5347900390625 1399.2906494140625 1672.9532470703125 1677.560791015625 1437.34716796875 1181.80126953125 1364.07421875 1178.326904296875 1135.361328125 1218.80517578125 1318.720703125 1378.0682373046875 1094.6314697265625 1115.70654296875 1127.6668701171875 1232.842529296875 1013.1947021484375 1178.497802734375 1329.8280029296875 1334.63720703125 1423.1370849609375 1482.24072265625 1356.9215087890625 943.83514404296875 705.2828369140625 272.892486572265625 227.40850830078125 306.2169189453125 605.28790283203125 990.4432373046875 1087.8956298828125 892.06536865234375 797.9327392578125 802.27685546875 1053.5086669921875 1275.013427734375 1305.1837158203125 971.95025634765625 916.34893798828125 1107.956787109375 771.10888671875 913.83905029296875 1321.867919921875 1925.966796875 1800.4151611328125
1189.6392822265625 1242.42431640625 1215.55712890625 1298.5233154296875 1149.7752685546875 1207.653564453125 1169.37744140625 1076.0706787109375 1154.208251953125 1259.3035888671875 1077.23681640625 1006.51007080078125 1138.70068359375 1177.240478515625 1154.473388671875 1192.298095703125 1093.9853515625 1012.409423828125 1201.6605224609375 1642.461181640625 1822.6043701171875 1674.6151123046875 1413.4996337890625 1197.4169921875 774.58026123046875 641.6251220703125 460.586090087890625 480.757080078125 702.91217041015625 1124.622314453125 1139.6915283203125 983.96453857421875 858.9635009765625 820.846923828125 1035.19384765625 1048.6187744140625 1001.00482177734375 951.74725341796875 1033.2003173828125 943.97589111328125 959.64019775390625 983.20892333984375 1684.331298828125 1973.393798828125 2265.168212890625
1223.0201416015625 1144.577880859375 1070.9765625 1209.6663818359375 1035.042236328125 1088.3458251953125 1007.7508544921875 1012.65673828125 1063.6141357421875 1004.00994873046875 1071.031982421875 1123.12841796875 924.646484375 1119.8746337890625 1105.080322265625 1033.831787109375 1051.8590087890625 1066.2606201171875 1381.789794921875 1686.5067138671875 1927.701904296875 1644.2415771484375 1685.093505859375 1401.7139892578125 1188.5338134765625 1042.2750244140625 781.397705078125 651.9019775390625 852.18292236328125 1274.2789306640625 1471.49267578125 1204.1199951171875 1122.3502197265625 1107.1649169921875 1051.741943359375 931.31195068359375 990.98675537109375 1115.6915283203125 974.25396728515625 1054.1131591796875 1066.2518310546875 1364.7398681640625 1762.9786376953125 2038.41552734375 2117.490234375
987.50982666015625 1200.1978759765625 971.76739501953125 961.6788330078125 969.9091796875 970.8681640625 930.1075439453125 1107.548828125 1090.7384033203125 882.19830322265625 1087.71630859375 1192.4635009765625 1053.15234375 1133.87744140625 1150.57373046875 1063.41259765625 1110.029296875 1200.0545654296875 1473.0506591796875 1740.15673828125 1641.211669921875 1673.1339111328125 1493.2432861328125 1515.8946533203125 1402.992919921875 1094.164306640625 813.12823486328125 714.87652587890625 877.6883544921875 1266.6546630859375 1467.9029541015625 1348.6119384765625 1404.1529541015625 1354.7169189453125 1439.3055419921875 1107.132080078125 1015.58990478515625 1232.7227783203125 1527.5582275390625 1462.4244384765625 1592.796142578125 1668.1871337890625 1739.4033203125 2123.8359375 1879.6827392578125
1077.617431640625 965.05511474609375 816.7757568359375 832.134033203125 917.84503173828125 974.57110595703125 941.82623291015625 1003.95294189453125 1184.749267578125 1057.490234375 1193.2930908203125 1195.9971923828125 1145.977783203125 942.58197021484375 1109.0711669921875 1119.1605224609375 1137.274169921875 1424.4239501953125 1423.6884765625 1518.3349609375 1483.259033203125 1403.052490234375 1244.51220703125 1306.44189453125 1393.9892578125 1168.5050048828125 833.1275634765625 657.21551513671875 881.0286865234375 1019.7763671875 1321.4471435546875 1474.0498046875 1462.095458984375 1500.128662109375 1471.0072021484375 1373.863037109375 1308.1370849609375 1568.2440185546875 1911.186767578125 1940.48193359375 1913.7139892578125 2092.595458984375 2006.8717041015625 1880.1273193359375 1566.838134765625
1253.727294921875 780.01007080078125 675.07232666015625 899.70806884765625 909.50927734375 983.15850830078125 1057.3548583984375 1157.7626953125 1030.412841796875 1322.4791259765625 1373.877685546875 1334.7266845703125 1159.81640625 1082.3687744140625 944.5428466796875 1085.849853515625 1130.1927490234375 1429.3477783203125 1496.458740234375 1210.596435546875 1043.51513671875 911.0670166015625 1019.52313232421875 1103.343994140625 1212.2044677734375 1128.66845703125 903.22216796875 753.750244140625 782.52532958984375 1067.872802734375 1319.8182373046875 1416.2310791015625 1351.064453125 1387.3004150390625 1285.8946533203125 1281.1082763671875 1632.247314453125 1644.5469970703125 1803.881591796875 2225.965576171875 2077.7197265625 1961.591796875 1889.5770263671875 1721.1937255859375 1363.1019287109375
1125.84912109375 917.26690673828125 716.80218505859375 779.0123291015625 883.4581298828125 857.73455810546875 924.3963623046875 980.971435546875 1011.0438232421875 1293.027099609375 1218.891845703125 1345.749267578125 1443.4654541015625 1107.65185546875 883.32879638671875 1094.823486328125 1147.78662109375 1149.139892578125 1066.01171875 966.037109375 660.52935791015625 481.31005859375 626.8057861328125 782.13189697265625 931.73760986328125 1000.1490478515625 921.56463623046875 862.820556640625 1006.3480224609375 1213.8897705078125 1368.250244140625 1210.76611328125 1300.7711181640625 1350.3695068359375 1234.688720703125 1164.7918701171875 1385.507080078125 1576.957275390625 1674.4774169921875 1869.966796875 1934.49755859375 1537.9544677734375 1756.12109375 1428.68505859375 1198.510009765625
1198.939453125 1158.0806884765625 903.9283447265625 904.44482421875 765.72637939453125 764.4005126953125 564.59503173828125 632.71368408203125 828.41632080078125 790.1806640625 1111.9384765625 1462.11328125 1341.746826171875 1174.799560546875 871.433837890625 880.44903564453125 1066.75146484375 972.89605712890625 782.6026611328125 540.009033203125 288.59283447265625 276.11297607421875 308.282379150390625 445.01165771484375 610.447509765625 770.10675048828125 790.70672607421875 867.11590576171875 934.8349609375 1222.10595703125 1271.25 1308.5345458984375 1317.757080078125 1213.4434814453125 1197.1805419921875 1350.8414306640625 1310.3272705078125 1544.3134765625 1616.29248046875 1320.801025390625 1457.0950927734375 1624.6802978515625 1383.4810791015625 1275.1583251953125 1153.3304443359375
1408.745849609375 1059.2259521484375 908.17816162109375 911.72784423828125 950.85491943359375 713.26568603515625 456.669921875 361.151947021484375 434.648590087890625 772.6861572265625 1119.2186279296875 1212.1058349609375 1139.6015625 1240.192138671875 1197.8695068359375 679.52105712890625 812.6995849609375 832.5072021484375 593.01580810546875 224.0240020751953125 147.5977935791015625 153.078460693359375 202.7899017333984375 332.022735595703125 466.560882568359375 632.89678955078125 739.17742919921875 798.12445068359375 872.35675048828125 963.4788818359375 1205.5242919921875 1299.76806640625 1381.0784912109375 1212.1343994140625 1157.8441162109375 1318.815673828125 1558.6807861328125 1548.1373291015625 1338.683349609375 1132.690185546875 1173.7210693359375 1345.495849609375 1192.2838134765625 1167.428955078125 1082.73583984375
1066.3587646484375 1189.86669921875 907.24871826171875 882.00018310546875 982.5650634765625 866.9058837890625 424.286895751953125 273.130279541015625 496.32861328125 778.51336669921875 971.71282958984375 1109.137451171875 1218.7117919921875 1137.273193359375 802.45941162109375 920.05950927734375 673.7994384765625 596.0333251953125 342.63275146484375 226.08892822265625 131.1306304931640625 165.711578369140625 288.33380126953125 519.11883544921875 704.598876953125 798.12469482421875 795.82037353515625 931.8829345703125 897.56494140625 947.5958251953125 1145.5181884765625 1276.9625244140625 1230.4493408203125 1279.325927734375 1251.9183349609375 1267.17578125 1299.1783447265625 1389.9368896484375 1188.68701171875 1175.9891357421875 1089.849609375 976.00860595703125 1031.169677734375 1069.2752685546875 1062.2528076171875
