ForecastVariables/LightPollution_Blue_500m_100percent/LightPollutionBlue_100_Focal_Random4.asc
ncols        529
nrows        344
xllcorner    2700.000000000000
yllcorner    15900.000000000000
cellsize     100.000000000000
NODATA_value  nan
[rows 0 to 19 of 344, columns 180 to 224 of 529]
191.773681640625 187.3260650634765625 167.6288604736328125 180.391998291015625 175.2825775146484375 193.7883758544921875 183.063812255859375 185.7131805419921875 140.0432891845703125 128.1144866943359375 126.17076873779296875 152.35888671875 184.1744537353515625 251.346893310546875 257.76568603515625 257.47979736328125 208.2845001220703125 178.283660888671875 144.3311309814453125 127.645111083984375 85.69834136962890625 78.54323577880859375 70.04405975341796875 69.08615875244140625 69.48052215576171875 74.47223663330078125 70.853790283203125 71.5405120849609375 69.56211090087890625 66.6482086181640625 59.02916717529296875 60.23589324951171875 63.586719512939453125 67.32254791259765625 75.1523284912109375 78.77376556396484375 89.9922332763671875 118.26580810546875 154.1100006103515625 139.4425201416015625 131.2962799072265625 131.3294219970703125 172.6468658447265625 325.39776611328125 364.365478515625
249.786163330078125 236.7223663330078125 261.26251220703125 216.2274627685546875 204.528717041015625 202.0751953125 236.2538604736328125 215.6273193359375 179.778717041015625 129.753021240234375 136.9356231689453125 172.7205047607421875 264.343963623046875 275.2154541015625 287.0224609375 253.4572296142578125 251.1166534423828125 189.4300994873046875 163.3672637939453125 121.9499359130859375 110.51129913330078125 96.05471038818359375 91.5804290771484375 91.36798095703125 97.3094635009765625 95.8205718994140625 97.432525634765625 95.6869659423828125 96.9210357666015625 86.6664581298828125 87.040618896484375 83.57256317138671875 88.72986602783203125 95.222198486328125 101.5713348388671875 116.5777587890625 148.1046295166015625 202.339752197265625 227.0304412841796875 307.11505126953125 237.571197509765625 269.38409423828125 366.252471923828125 560.96038818359375 728.4354248046875
294.66644287109375 298.860809326171875 263.346343994140625 263.450714111328125 213.01922607421875 205.8911590576171875 202.529998779296875 216.4149017333984375 190.8399200439453125 163.635162353515625 141.220947265625 207.4585723876953125 285.08404541015625 261.929107666015625 244.1141357421875 241.7427978515625 173.4100189208984375 165.704620361328125 129.031280517578125 125.57942962646484375 111.2876739501953125 106.14203643798828125 98.10774993896484375 101.32592010498046875 102.641998291015625 105.73830413818359375 100.53253936767578125 107.07427978515625 101.92119598388671875 104.188323974609375 103.09532928466796875 112.76520538330078125 105.45128631591796875 116.6550445556640625 119.8414459228515625 154.1930999755859375 197.049957275390625 233.1405181884765625 409.11895751953125 436.71337890625 519.19500732421875 573.2578125 585.369140625 584.21759033203125 720.6744384765625
441.42779541015625 334.574798583984375 313.197479248046875 253.3713531494140625 229.8160400390625 192.1741943359375 207.243194580078125 213.00982666015625 212.2667694091796875 169.0086517333984375 207.6039886474609375 253.9727020263671875 259.800628662109375 265.303955078125 222.521575927734375 164.9858551025390625 128.12432861328125 125.48322296142578125 120.73244476318359375 113.842864990234375 113.53815460205078125 106.42397308349609375 104.80698394775390625 100.95508575439453125 103.6279296875 100.6049957275390625 106.28887176513671875 103.9929351806640625 108.80167388916015625 113.38782501220703125 159.4833831787109375 142.52301025390625 140.841156005859375 137.5657806396484375 179.30316162109375 168.1575164794921875 199.8992767333984375 437.343902587890625 576.39923095703125 717.75701904296875 731.60882568359375 857.43438720703125 738.40423583984375 662.3631591796875 791.872802734375
514.96844482421875 459.830841064453125 350.190460205078125 293.709228515625 236.5117645263671875 229.7393798828125 218.9437408447265625 242.5629425048828125 221.1959075927734375 224.200775146484375 260.48968505859375 260.23870849609375 245.1603240966796875 251.9453277587890625 205.207122802734375 124.10886383056640625 117.81352996826171875 119.636199951171875 113.872161865234375 116.31549072265625 112.7004547119140625 110.3548126220703125 101.40471649169921875 107.55767822265625 105.75481414794921875 105.098358154296875 99.35416412353515625 109.1067962646484375 117.57869720458984375 164.6926727294921875 179.55548095703125 202.035675048828125 207.7920989990234375 221.443603515625 218.0679473876953125 212.0424346923828125 330.991058349609375 563.2431640625 768.1253662109375 888.157958984375 1013.7523193359375 886.421630859375 899.96905517578125 845.119140625 644.028076171875
516.2100830078125 454.261962890625 401.59625244140625 332.806549072265625 317.641448974609375 257.738250732421875 236.4940338134765625 234.296844482421875 240.6203765869140625 217.14508056640625 197.8859100341796875 233.838592529296875 244.82049560546875 192.4229736328125 115.2803802490234375 114.17382049560546875 116.771636962890625 107.57999420166015625 111.561065673828125 112.664581298828125 112.728973388671875 110.44846343994140625 109.1619873046875 104.3448486328125 108.148529052734375 104.3352813720703125 106.42343902587890625 118.695159912109375 155.504852294921875 174.0196075439453125 215.37200927734375 245.50323486328125 296.439117431640625 264.931365966796875 250.69598388671875 303.9700927734375 454.117919921875 616.40771484375 801.6258544921875 1008.09857177734375 894.6810302734375 992.4176025390625 899.0718994140625 814.6129150390625 638.26983642578125
529.58062744140625 413.156951904296875 326.120849609375 335.637786865234375 323.0040283203125 305.339111328125 285.429412841796875 245.360992431640625 206.587310791015625 197.7874908447265625 167.0430908203125 161.16455078125 188.753265380859375 116.5419921875 114.028656005859375 111.00026702880859375 109.32047271728515625 107.32311248779296875 111.2548980712890625 116.0844879150390625 110.7865447998046875 113.2823333740234375 110.64789581298828125 111.55710601806640625 107.7676239013671875 111.82961273193359375 132.12579345703125 173.6537933349609375 169.13720703125 207.90386962890625 251.920196533203125 283.67041015625 237.5065155029296875 262.723114013671875 275.947540283203125 346.55987548828125 409.3155517578125 549.09490966796875 756.8603515625 801.26007080078125 925.398681640625 828.1597900390625 799.31170654296875 776.40972900390625 842.45916748046875
529.88323974609375 385.041229248046875 310.096954345703125 340.65057373046875 324.60345458984375 335.228912353515625 300.5009765625 231.562957763671875 190.62451171875 156.7068939208984375 143.888916015625 123.76036834716796875 115.24240875244140625 117.221710205078125 112.32439422607421875 107.803863525390625 104.917388916015625 108.0785369873046875 112.29296875 111.76689910888671875 113.85945892333984375 108.479248046875 109.4973602294921875 110.42099761962890625 113.1495819091796875 136.4560089111328125 209.4392242431640625 248.0788726806640625 269.249176025390625 246.150634765625 244.18756103515625 260.72119140625 254.790252685546875 237.5814361572265625 266.6956787109375 231.3202667236328125 321.508758544921875 498.487152099609375 725.98236083984375 746.5303955078125 733.5618896484375 883.18975830078125 875.5899658203125 941.195556640625 849.30865478515625
539.87548828125 452.256195068359375 381.760345458984375 318.462005615234375 350.05810546875 323.65277099609375 262.627288818359375 225.871856689453125 184.852142333984375 140.2108612060546875 116.4447174072265625 109.27938079833984375 113.6977691650390625 110.3856353759765625 108.58740234375 105.473052978515625 109.3352508544921875 113.52259063720703125 107.72615814208984375 111.119476318359375 111.3844146728515625 110.6236572265625 107.8182830810546875 111.8077392578125 125.2297515869140625 194.786712646484375 408.32086181640625 421.10614013671875 462.763671875 326.5150146484375 284.38470458984375 245.7499542236328125 262.53857421875 234.956146240234375 255.501678466796875 263.411041259765625 314.6051025390625 510.8359375 643.58367919921875 774.8173828125 845.01763916015625 973.13311767578125 1030.02978515625 934.690673828125 975.2159423828125
604.91693115234375 578.53125 394.54449462890625 317.425048828125 304.709747314453125 297.60626220703125 249.9910430908203125 215.24591064453125 157.9787139892578125 119.2654876708984375 112.42340087890625 106.48967742919921875 105.4175262451171875 107.416168212890625 104.9301910400390625 106.31893157958984375 109.3253021240234375 113.59227752685546875 113.15704345703125 112.42662811279296875 111.99134063720703125 110.4727325439453125 108.68080902099609375 108.65035247802734375 267.4840087890625 397.6893310546875 609.4503173828125 825.4644775390625 673.9329833984375 475.392913818359375 361.289215087890625 259.888824462890625 248.4987640380859375 350.1678466796875 311.273162841796875 443.3243408203125 608.0145263671875 620.05108642578125 637.95013427734375 800.07147216796875 983.9488525390625 1051.656494140625 960.0899658203125 1041.958740234375 1184.7266845703125
673.84088134765625 540.12127685546875 474.49945068359375 366.07952880859375 279.334259033203125 228.0364837646484375 218.2171173095703125 176.995941162109375 140.220458984375 117.8883819580078125 104.83937835693359375 104.160919189453125 101.73388671875 105.65773773193359375 105.61353302001953125 108.43115234375 113.3183746337890625 114.07312774658203125 119.10748291015625 117.6627655029296875 111.86663055419921875 111.560272216796875 106.64846038818359375 241.1721649169921875 562.06610107421875 798.06402587890625 860.91326904296875 963.47027587890625 910.02532958984375 874.99066162109375 517.89599609375 305.25927734375 390.00994873046875 408.2596435546875 624.18389892578125 793.9112548828125 787.93121337890625 843.21484375 782.10845947265625 821.6478271484375 904.94268798828125 943.10845947265625 1000.51031494140625 913.76995849609375 951.25787353515625
687.4989013671875 604.59686279296875 476.584136962890625 349.728179931640625 226.852386474609375 208.3616485595703125 182.078887939453125 149.732635498046875 130.4499969482421875 113.93849945068359375 107.533111572265625 103.353729248046875 106.72733306884765625 107.19317626953125 108.142730712890625 111.78235626220703125 118.8469390869140625 118.552490234375 115.59021759033203125 118.2166290283203125 112.35256195068359375 156.981536865234375 324.300872802734375 479.480133056640625 584.8927001953125 850.49188232421875 1055.020751953125 1038.6588134765625 1089.140380859375 937.5655517578125 789.98968505859375 703.591552734375 538.63238525390625 555.25103759765625 935.4359130859375 1111.368408203125 1060.5972900390625 851.885986328125 909.43499755859375 947.544677734375 964.3643798828125 1083.8831787109375 998.73126220703125 748.3780517578125 675.77764892578125
649.01202392578125 612.34710693359375 451.7041015625 304.314971923828125 224.2673797607421875 188.677337646484375 164.6438446044921875 140.119293212890625 120.66553497314453125 112.9934234619140625 105.398040771484375 105.47939300537109375 106.64007568359375 109.98368072509765625 109.88336944580078125 111.36174774169921875 113.42830657958984375 115.38753509521484375 117.73511505126953125 113.0814208984375 158.7928924560546875 320.764556884765625 456.4537353515625 612.83563232421875 608.23779296875 702.5587158203125 907.8927001953125 998.66064453125 998.39727783203125 913.43878173828125 1086.1982421875 1107.3905029296875 797.53875732421875 765.384521484375 897.1898193359375 1088.9552001953125 1183.8907470703125 1059.5050048828125 893.3515625 858.58929443359375 1108.0208740234375 1334.2646484375 1048.0440673828125 731.27435302734375 615.2841796875
587.0692138671875 511.5191650390625 377.033782958984375 281.8953857421875 217.5854949951171875 168.612640380859375 146.425323486328125 135.1024322509765625 116.4649810791015625 106.3617401123046875 105.28168487548828125 104.53075408935546875 104.42314910888671875 107.3215179443359375 112.78342437744140625 112.651519775390625 108.72100067138671875 116.24086761474609375 110.7248992919921875 159.490814208984375 365.1234130859375 570.80548095703125 488.74029541015625 560.250244140625 732.6927490234375 689.6787109375 638.08563232421875 575.06787109375 960.9676513671875 1184.29931640625 1227.769775390625 1040.2828369140625 971.63555908203125 932.67486572265625 919.7481689453125 1060.275634765625 1188.606201171875 1009.83197021484375 964.00640869140625 1051.9847412109375 1254.5030517578125 1252.0975341796875 1015.39715576171875 800.82830810546875 616.28192138671875
570.5655517578125 399.577880859375 278.391143798828125 225.1954345703125 175.5956878662109375 149.227752685546875 131.9052886962890625 121.499969482421875 108.67484283447265625 106.80762481689453125 102.424224853515625 98.48784637451171875 102.99188995361328125 108.25152587890625 107.88468170166015625 108.54913330078125 110.71575927734375 109.96051788330078125 112.588104248046875 482.749176025390625 521.17413330078125 616.875 723.80120849609375 597.43719482421875 618.02996826171875 510.175628662109375 595.7052001953125 655.32574462890625 726.19390869140625 1214.2037353515625 1278.3416748046875 1078.140625 1037.9503173828125 946.96307373046875 935.234130859375 1142.4808349609375 1181.02685546875 1182.1173095703125 1071.3831787109375 1125.3587646484375 1177.5948486328125 1035.6031494140625 847.78973388671875 627.3092041015625 536.3310546875
540.53118896484375 367.61700439453125 237.0713958740234375 173.9439239501953125 144.7007598876953125 131.0860748291015625 120.7915802001953125 110.16994476318359375 109.6561126708984375 108.59869384765625 101.4064483642578125 118.0147705078125 115.3382720947265625 107.55096435546875 108.75579833984375 113.57726287841796875 114.8204193115234375 111.1711883544921875 397.144317626953125 688.38604736328125 996.36358642578125 685.0352783203125 725.3787841796875 642.64422607421875 614.493408203125 536.9886474609375 730.13055419921875 782.578857421875 849.23602294921875 1010.1900634765625 1288.72265625 1318.9935302734375 1052.9927978515625 979.96368408203125 1191.4827880859375 1241.00439453125 1352.31005859375 1266.2589111328125 1150.9462890625 1060.1912841796875 851.8973388671875 888.12237548828125 653.30810546875 465.679168701171875 435.91094970703125
461.24359130859375 403.2620849609375 251.4040374755859375 155.27239990234375 128.7144927978515625 117.18207550048828125 114.8214111328125 112.8550567626953125 113.282928466796875 110.50246429443359375 126.5562896728515625 153.690216064453125 135.149078369140625 121.52060699462890625 120.3898162841796875 126.8991241455078125 122.97780609130859375 361.101531982421875 574.11212158203125 1012.70538330078125 1102.55029296875 1152.13134765625 752.116455078125 664.81182861328125 650.32086181640625 877.794921875 810.86907958984375 870.076171875 908.6712646484375 1078.0645751953125 1303.7437744140625 1371.848876953125 1246.7806396484375 1070.5880126953125 1225.3099365234375 1470.57177734375 1342.7830810546875 1328.2642822265625 1108.79052734375 809.447021484375 833.76397705078125 866.92559814453125 564.205810546875 405.8880615234375 582.94775390625
426.08984375 323.678009033203125 193.4329376220703125 140.087554931640625 128.8078155517578125 115.91730499267578125 112.50974273681640625 115.5356597900390625 122.952850341796875 147.854644775390625 166.31695556640625 169.3902435302734375 170.18951416015625 158.6081695556640625 152.986602783203125 220.41619873046875 209.366180419921875 486.41571044921875 1071.87353515625 1061.1702880859375 1233.8641357421875 1048.53173828125 983.92877197265625 818.98773193359375 857.636474609375 907.744873046875 844.24139404296875 700.43035888671875 1018.911865234375 1216.3138427734375 1288.607177734375 1248.3106689453125 1219.473388671875 1223.2713623046875 1254.4180908203125 1333.24609375 1409.7984619140625 1278.6492919921875 1033.7080078125 976.1181640625 923.78216552734375 904.61767578125 717.537109375 712.14361572265625 699.927978515625
329.68572998046875 250.5794219970703125 185.6733551025390625 144.943389892578125 124.3775634765625 118.801422119140625 116.57391357421875 122.36875152587890625 142.286834716796875 177.156005859375 185.20257568359375 211.9294891357421875 251.567718505859375 215.997406005859375 254.7007904052734375 506.379180908203125 653.85986328125 873.18731689453125 936.130126953125 1394.1650390625 1124.81689453125 1168.3118896484375 805.07025146484375 861.8885498046875 924.90618896484375 1041.8668212890625 915.31549072265625 981.19647216796875 918.42315673828125 1093.081298828125 1247.603271484375 1274.6134033203125 1141.8338623046875 1144.6339111328125 1160.5 1263.154296875 1477.867431640625 1290.7578125 1111.3233642578125 1069.0313720703125 1080.4864501953125 958.88177490234375 1114.755126953125 984.0396728515625 928.35369873046875
248.5595245361328125 214.867645263671875 200.9570770263671875 156.44342041015625 126.211212158203125 123.7272186279296875 124.73905181884765625 140.1878814697265625 154.9812774658203125 248.906005859375 352.8896484375 498.443695068359375 479.5181884765625 347.451202392578125 571.98828125 961.03955078125 1083.0726318359375 1092.9249267578125 1326.3240966796875 1363.7689208984375 1292.2392578125 859.08465576171875 1009.902587890625 937.44915771484375 1142.86181640625 1134.1112060546875 1322.86767578125 986.76739501953125 997.5987548828125 1119.224853515625 1297.681640625 1210.9822998046875 988.75732421875 1145.1514892578125 1163.78271484375 1250.8056640625 1547.2159423828125 1364.278564453125 1164.1767578125 1062.6199951171875 1170.363525390625 1389.828125 1160.34765625 1075.573974609375 993.24114990234375
