ForecastVariables/LightPollution_Blue_500m_100percent/LightPollutionBlue_100_Focal_Random4.asc
ncols        529
nrows        344
xllcorner    2700.000000000000
yllcorner    15900.000000000000
cellsize     100.000000000000
NODATA_value  nan
[rows 280 to 299 of 344, columns 360 to 404 of 529]
66.298614501953125 70.13871002197265625 67.97484588623046875 73.6166534423828125 74.529632568359375 74.2118988037109375 67.6939849853515625 67.88384246826171875 69.55329132080078125 69.9670562744140625 69.3686676025390625 68.5496063232421875 68.04848480224609375 68.80986785888671875 71.959442138671875 68.37454986572265625 64.076751708984375 64.55968475341796875 63.5965576171875 66.06154632568359375 68.29286956787109375 68.63227081298828125 69.4609375 64.82651519775390625 67.5374603271484375 65.335174560546875 65.20787811279296875 69.3835601806640625 71.20604705810546875 63.93146514892578125 62.981670379638671875 68.9718170166015625 72.154052734375 75.88158416748046875 76.51206207275390625 72.24523162841796875 73.507171630859375 70.72219085693359375 67.94701385498046875 65.2548370361328125 65.85704803466796875 67.2545623779296875 67.5049591064453125 67.49587249755859375 66.2850189208984375
67.14131927490234375 65.4301605224609375 67.79132843017578125 69.18235015869140625 76.94759368896484375 71.007598876953125 69.734893798828125 70.55774688720703125 72.041839599609375 70.05548858642578125 70.5600738525390625 68.64990997314453125 67.7742919921875 70.602325439453125 71.6425628662109375 72.36798858642578125 68.13228607177734375 65.6236724853515625 66.99887847900390625 68.312103271484375 71.322113037109375 72.8631134033203125 65.983489990234375 66.8697052001953125 67.70545196533203125 67.6948089599609375 67.0586395263671875 72.2611541748046875 67.33820343017578125 66.79213714599609375 63.59891510009765625 65.2161712646484375 71.797698974609375 73.57326507568359375 73.5185699462890625 74.99298095703125 71.27149200439453125 69.0748291015625 65.50701904296875 67.9091339111328125 65.50447845458984375 68.22293853759765625 68.8114776611328125 69.33748626708984375 69.870880126953125
64.60211181640625 65.71617889404296875 66.1802825927734375 72.89150238037109375 73.2752227783203125 72.369873046875 71.98017120361328125 72.01702880859375 70.8082427978515625 71.91257476806640625 70.37310791015625 71.39595794677734375 70.48911285400390625 69.06870269775390625 70.88808441162109375 73.916229248046875 69.075347900390625 67.325164794921875 69.6805267333984375 69.0042572021484375 72.0776824951171875 71.53905487060546875 69.74481201171875 66.756439208984375 67.43802642822265625 70.7259063720703125 73.64701080322265625 70.9900054931640625 70.5026702880859375 67.56703948974609375 66.70172882080078125 61.62103271484375 67.990234375 73.94281005859375 69.98854827880859375 69.09710693359375 69.33164215087890625 64.76239013671875 68.6197967529296875 66.07723236083984375 70.9864501953125 72.89493560791015625 72.3011932373046875 70.5623779296875 67.45574951171875
67.35848236083984375 67.98595428466796875 70.4894866943359375 71.796600341796875 73.96075439453125 74.25331878662109375 73.0518951416015625 70.744537353515625 73.3343353271484375 73.90993499755859375 72.9284515380859375 69.57770538330078125 71.40966033935546875 71.4928131103515625 72.0222015380859375 71.9358367919921875 72.33697509765625 67.8417510986328125 64.5958404541015625 70.20777130126953125 69.63454437255859375 72.70262908935546875 67.070831298828125 70.29312896728515625 71.5425872802734375 73.67363739013671875 72.2046356201171875 73.89544677734375 74.45018768310546875 69.342132568359375 63.66463470458984375 64.2274169921875 68.61284637451171875 68.480224609375 68.2005462646484375 66.59737396240234375 62.675533294677734375 67.11193084716796875 67.149261474609375 70.30858612060546875 73.81075286865234375 76.17835235595703125 74.52611541748046875 70.15702056884765625 67.71157073974609375
68.895477294921875 72.29932403564453125 70.30735015869140625 71.65493011474609375 70.6737823486328125 72.38527679443359375 72.24748992919921875 69.8122406005859375 68.6749267578125 69.818328857421875 73.16220855712890625 73.65503692626953125 69.57567596435546875 71.4066619873046875 74.144500732421875 73.2125701904296875 70.257568359375 67.49835968017578125 63.788330078125 66.73724365234375 73.0856781005859375 70.54601287841796875 71.77532196044921875 67.695098876953125 75.509857177734375 73.6718292236328125 72.1614532470703125 71.92778778076171875 74.4634552001953125 68.74631500244140625 65.630523681640625 68.50482177734375 65.0894317626953125 67.39054107666015625 66.465606689453125 67.9557952880859375 66.2136077880859375 67.8086090087890625 69.56465911865234375 71.9486846923828125 76.489990234375 74.30207061767578125 71.556610107421875 70.1102752685546875 68.29071807861328125
73.1011962890625 70.341552734375 70.42362213134765625 68.2566680908203125 71.0357513427734375 67.7073822021484375 67.3389892578125 67.5855865478515625 65.30115509033203125 67.04442596435546875 72.003875732421875 71.18340301513671875 68.15593719482421875 70.62120819091796875 74.1920928955078125 68.36478424072265625 63.105930328369140625 65.9633026123046875 65.701080322265625 67.143768310546875 68.6468505859375 72.09557342529296875 71.17510223388671875 70.577392578125 72.6172332763671875 73.187042236328125 72.19681549072265625 70.55704498291015625 67.7371368408203125 69.83795166015625 69.78806304931640625 65.12923431396484375 66.86855316162109375 67.130462646484375 69.355377197265625 69.38214111328125 72.220458984375 73.43215179443359375 69.9618682861328125 73.7832183837890625 72.8310089111328125 71.45318603515625 68.8853912353515625 67.2599639892578125 66.76729583740234375
67.99851226806640625 70.49553680419921875 66.72857666015625 68.0077362060546875 64.89281463623046875 64.43572235107421875 62.138912200927734375 66.24018096923828125 69.00151824951171875 67.42189788818359375 71.254608154296875 69.75669097900390625 68.4945526123046875 67.7440032958984375 66.900146484375 68.04441070556640625 63.561611175537109375 60.322177886962890625 62.831172943115234375 65.2338104248046875 71.7532196044921875 69.5174713134765625 70.0391387939453125 73.898406982421875 71.09369659423828125 71.8086700439453125 68.879119873046875 70.24018096923828125 66.9276580810546875 67.183074951171875 67.5363922119140625 68.44919586181640625 65.5919036865234375 68.10333251953125 68.59066009521484375 72.47798919677734375 75.02640533447265625 76.53595733642578125 73.42256927490234375 70.49414825439453125 67.49636077880859375 66.9756011962890625 67.53997802734375 66.86156463623046875 66.9342041015625
67.18601226806640625 67.7711181640625 69.988739013671875 62.456512451171875 63.9353179931640625 62.854930877685546875 64.7637176513671875 66.34272003173828125 69.178985595703125 73.92022705078125 72.91204833984375 72.41595458984375 69.3805084228515625 67.74068450927734375 63.375743865966796875 65.23670196533203125 63.304576873779296875 61.17115020751953125 62.7769317626953125 70.70745086669921875 72.076934814453125 69.80062103271484375 69.19718170166015625 69.4458160400390625 74.3266143798828125 70.95639801025390625 69.93259429931640625 65.451904296875 68.30931854248046875 66.414794921875 66.39064788818359375 68.588531494140625 68.65154266357421875 67.38983154296875 69.719573974609375 72.81716156005859375 77.9900360107421875 77.184967041015625 74.53675079345703125 69.1826324462890625 66.0838470458984375 66.32405853271484375 66.19891357421875 68.22846221923828125 70.05565643310546875
65.6779632568359375 69.21498870849609375 64.37915802001953125 66.3422698974609375 61.900737762451171875 64.12543487548828125 68.6703643798828125 66.20401763916015625 69.76876068115234375 73.27722930908203125 75.63994598388671875 71.596771240234375 67.4737701416015625 64.733551025390625 64.70485687255859375 60.03376007080078125 60.479694366455078125 65.7452850341796875 69.100616455078125 70.56223297119140625 71.15915679931640625 70.6422119140625 67.670684814453125 71.8926544189453125 70.61862945556640625 71.79651641845703125 67.2391357421875 66.25664520263671875 66.247039794921875 68.313995361328125 69.22829437255859375 67.336761474609375 70.0542755126953125 68.3400115966796875 69.1725921630859375 73.45191192626953125 75.07404327392578125 74.94277191162109375 71.01885986328125 68.38423919677734375 69.13188934326171875 66.60778045654296875 66.26678466796875 67.9897003173828125 69.0896453857421875
68.4900054931640625 67.37738037109375 69.31841278076171875 66.91211700439453125 67.2131805419921875 65.3652496337890625 67.63201904296875 69.7299652099609375 68.8378143310546875 71.7091522216796875 71.886566162109375 69.581512451171875 62.229694366455078125 60.598003387451171875 60.51605224609375 58.682559967041015625 58.299015045166015625 64.0320281982421875 67.99367523193359375 71.58722686767578125 70.90329742431640625 69.36771392822265625 69.84676361083984375 67.26473236083984375 72.309356689453125 65.3911285400390625 67.50823211669921875 67.4178009033203125 66.19313812255859375 65.775543212890625 69.92063140869140625 72.2799072265625 71.69014739990234375 70.673980712890625 67.00960540771484375 69.24334716796875 70.58103179931640625 71.76326751708984375 71.052886962890625 70.55580902099609375 70.2187042236328125 71.2415618896484375 69.902496337890625 70.73108673095703125 64.1683197021484375
69.53565216064453125 69.2350006103515625 69.3454437255859375 70.4837799072265625 69.78932952880859375 69.705078125 68.40460968017578125 70.378509521484375 71.244842529296875 66.996978759765625 68.5749053955078125 64.31761932373046875 64.16239166259765625 61.763248443603515625 56.693531036376953125 56.1119232177734375 58.3455352783203125 60.127079010009765625 67.11053466796875 69.99651336669921875 68.025390625 68.88156890869140625 67.3121795654296875 67.28795623779296875 63.94837188720703125 63.129428863525390625 62.690593719482421875 65.1894989013671875 64.5320281982421875 64.3507843017578125 70.56409454345703125 70.9058837890625 71.52889251708984375 68.93909454345703125 66.6668853759765625 64.534515380859375 65.876953125 68.6507568359375 71.63034820556640625 74.33853912353515625 75.13433074951171875 75.73052215576171875 73.59149169921875 68.52843475341796875 65.8755950927734375
72.1737213134765625 69.49503326416015625 69.16101837158203125 69.3371734619140625 70.63518524169921875 72.02742767333984375 71.6668548583984375 71.31224822998046875 68.55570220947265625 67.06829071044921875 65.0179595947265625 65.78496551513671875 67.50891876220703125 64.14992523193359375 62.03414154052734375 57.928905487060546875 57.08563232421875 63.086818695068359375 65.53978729248046875 67.51366424560546875 68.46063995361328125 65.170074462890625 66.6108856201171875 65.7133331298828125 60.75261688232421875 57.20013427734375 58.70886993408203125 61.70560455322265625 63.18410491943359375 67.16178131103515625 67.5005645751953125 68.962005615234375 68.83557891845703125 68.4882965087890625 66.0703277587890625 64.22574615478515625 66.67678070068359375 68.18955230712890625 73.41939544677734375 76.9092864990234375 80.27010345458984375 78.173828125 76.34035491943359375 72.9793243408203125 70.2788543701171875
66.1341552734375 67.50284576416015625 68.338836669921875 68.3377227783203125 68.50270843505859375 70.30487823486328125 73.227874755859375 69.7413330078125 67.51490020751953125 65.22827911376953125 67.212982177734375 71.38458251953125 68.93357086181640625 68.372711181640625 65.8187255859375 63.725982666015625 64.6730194091796875 65.684295654296875 66.1955413818359375 66.171142578125 71.38275909423828125 67.625091552734375 65.131622314453125 63.41641998291015625 59.15499114990234375 56.341823577880859375 58.779880523681640625 59.65251922607421875 67.530914306640625 65.89083099365234375 67.9084320068359375 68.3750152587890625 68.85842132568359375 67.51589202880859375 67.6757354736328125 66.7964324951171875 67.7253570556640625 72.5051727294921875 72.48793792724609375 78.9005584716796875 81.44458770751953125 80.5140380859375 75.859954833984375 75.63919830322265625 71.23908233642578125
66.2901763916015625 68.71628570556640625 66.90795135498046875 69.551055908203125 69.02304840087890625 70.34844207763671875 68.6843719482421875 70.57990264892578125 66.75559234619140625 67.2313995361328125 66.425018310546875 67.84869384765625 73.009185791015625 72.23685455322265625 66.44806671142578125 65.13245391845703125 66.57952880859375 67.41071319580078125 69.020599365234375 72.18460845947265625 68.348388671875 69.59055328369140625 67.63777923583984375 64.49443817138671875 62.616924285888671875 60.851543426513671875 59.266147613525390625 66.1252288818359375 67.80237579345703125 72.80500030517578125 70.47595977783203125 70.0704498291015625 67.66371917724609375 67.72005462646484375 71.13594818115234375 69.7930450439453125 68.45145416259765625 71.2406158447265625 76.0437164306640625 75.16458892822265625 77.3398590087890625 75.16829681396484375 75.8991546630859375 70.16796875 71.90056610107421875
70.390777587890625 70.4504241943359375 69.7286224365234375 68.07422637939453125 70.4491424560546875 68.24361419677734375 66.9591217041015625 66.5204010009765625 68.357269287109375 67.90936279296875 67.72369384765625 70.5943450927734375 72.10967254638671875 73.12564849853515625 67.89670562744140625 66.7572784423828125 66.8771820068359375 67.43273162841796875 72.875335693359375 71.283477783203125 70.66384124755859375 69.1025848388671875 71.09133148193359375 68.424774169921875 65.56870269775390625 58.87964630126953125 64.04022216796875 68.8905029296875 74.684844970703125 74.4588165283203125 73.688018798828125 71.49053955078125 70.12447357177734375 69.12125396728515625 69.6340789794921875 74.376190185546875 73.3835601806640625 70.479278564453125 71.7335205078125 74.40567779541015625 72.04449462890625 74.090789794921875 69.2471923828125 70.74819183349609375 71.0252227783203125
71.13488006591796875 72.85440826416015625 72.143310546875 70.12226104736328125 64.8555755615234375 63.3704833984375 62.932086944580078125 65.50606536865234375 64.3251800537109375 66.85092926025390625 70.025787353515625 71.12195587158203125 69.98011016845703125 65.64482879638671875 68.312408447265625 67.1389923095703125 67.05872344970703125 72.14551544189453125 68.251556396484375 70.46497344970703125 71.95012664794921875 73.1370697021484375 71.6342620849609375 68.06072998046875 62.559421539306640625 62.56298828125 63.79840087890625 70.47690582275390625 70.995025634765625 76.90460205078125 75.4632720947265625 71.33380126953125 68.933197021484375 69.275665283203125 73.22954559326171875 74.89031219482421875 74.7273712158203125 72.567901611328125 72.77613067626953125 72.289825439453125 74.5168304443359375 69.35303497314453125 72.60140228271484375 73.63040924072265625 72.48035430908203125
73.1347503662109375 71.1762237548828125 72.5557098388671875 68.44307708740234375 65.31060028076171875 60.52556610107421875 61.4145660400390625 63.8820037841796875 68.668365478515625 68.861480712890625 68.723175048828125 69.9129180908203125 68.2111358642578125 67.5365142822265625 67.1651611328125 67.34575653076171875 68.84037017822265625 68.61336517333984375 70.725982666015625 69.40972900390625 72.79682159423828125 72.424224853515625 70.43414306640625 66.34618377685546875 64.56377410888671875 62.44995880126953125 64.6936187744140625 63.94033050537109375 74.1732025146484375 74.036224365234375 76.82440185546875 69.2452392578125 69.52999114990234375 72.13144683837890625 74.588043212890625 72.173187255859375 74.1249542236328125 75.0515594482421875 76.26734161376953125 71.999267578125 69.71739959716796875 72.78870391845703125 73.4490814208984375 74.52877044677734375 73.4495391845703125
70.79218292236328125 75.3091888427734375 71.446929931640625 69.8111572265625 63.894786834716796875 63.135528564453125 62.396106719970703125 68.1556243896484375 72.624908447265625 73.78570556640625 70.45690155029296875 68.4233856201171875 70.21990203857421875 67.6131591796875 66.6137847900390625 71.304718017578125 71.57210540771484375 65.77597808837890625 68.82924652099609375 71.76031494140625 68.9598846435546875 70.96697998046875 67.876068115234375 68.8163909912109375 65.94574737548828125 66.41866302490234375 66.2395782470703125 68.1809234619140625 72.4149322509765625 75.853363037109375 75.88336944580078125 74.4787750244140625 71.0054931640625 73.6216278076171875 75.47943878173828125 76.26744842529296875 73.4263153076171875 73.09783935546875 72.10164642333984375 72.47922515869140625 71.8260498046875 71.03499603271484375 70.6955413818359375 71.933868408203125 75.604736328125
70.741455078125 71.66457366943359375 70.202728271484375 70.24593353271484375 66.19335174560546875 65.77054595947265625 68.03479766845703125 70.4061279296875 73.58914947509765625 76.3395538330078125 70.75494384765625 70.14029693603515625 67.2635955810546875 68.294403076171875 70.55693817138671875 69.91619110107421875 71.49631500244140625 68.836334228515625 68.2317352294921875 67.89459991455078125 68.48372650146484375 68.11742401123046875 70.46129608154296875 71.72176361083984375 71.2042999267578125 68.95423126220703125 70.19362640380859375 71.1373291015625 72.09801483154296875 76.5382080078125 78.16156005859375 77.40499114990234375 76.2034912109375 77.07100677490234375 78.4670867919921875 77.560699462890625 75.34755706787109375 73.7419586181640625 73.51975250244140625 73.7044219970703125 69.50045013427734375 67.838623046875 69.80397796630859375 73.34329986572265625 76.62418365478515625
69.6120452880859375 68.56758880615234375 68.6813201904296875 67.75507354736328125 69.51403045654296875 65.6960906982421875 67.90512847900390625 74.92188262939453125 74.75521087646484375 70.0503997802734375 68.29013824462890625 68.9132843017578125 68.7730712890625 69.797210693359375 72.518463134765625 72.3057403564453125 66.507781982421875 71.57944488525390625 70.3622894287109375 68.23397064208984375 67.3372344970703125 69.1767425537109375 73.25921630859375 74.22920989990234375 74.00061798095703125 76.89646148681640625 73.22960662841796875 69.8244781494140625 68.639556884765625 77.18212890625 77.651702880859375 79.7630157470703125 78.4492950439453125 79.49198150634765625 81.0410614013671875 80.92481231689453125 75.80709075927734375 76.08153533935546875 75.92171478271484375 74.06134033203125 69.3199462890625 66.75914764404296875 71.1767120361328125 72.7034454345703125 74.1509552001953125
