ForecastVariables/LightPollution_Blue_500m_20percent/LightPollutionBlue_20_Focal_Random4.asc
ncols        529
nrows        344
xllcorner    2700.000000000000
yllcorner    15900.000000000000
cellsize     100.000000000000
NODATA_value  nan
[rows 280 to 299 of 344, columns 308 to 351 of 529]
65.2534027099609375 65.40886688232421875 70.64208984375 69.0340423583984375 70.49202728271484375 67.96932220458984375 69.87905120849609375 68.42069244384765625 67.4526519775390625 58.558483123779296875 60.457523345947265625 62.00322723388671875 61.7364349365234375 60.308467864990234375 64.92211151123046875 63.67119598388671875 70.66667938232421875 74.90251922607421875 77.3492279052734375 77.899322509765625 77.4848175048828125 75.51633453369140625 77.4565277099609375 75.8553924560546875 74.80107879638671875 73.47676849365234375 68.75052642822265625 69.082794189453125 71.86492919921875 68.6920928955078125 68.246337890625 68.02880096435546875 69.10443115234375 67.039886474609375 65.25799560546875 63.96292877197265625 66.1123809814453125 64.96010589599609375 67.99969482421875 66.0338287353515625 65.258148193359375 65.40238189697265625 68.19631195068359375 69.57894134521484375
62.9063720703125 70.23193359375 74.47495269775390625 71.64957427978515625 68.84716033935546875 68.01358795166015625 66.58727264404296875 65.4637298583984375 62.585369110107421875 61.0976715087890625 58.49291229248046875 59.61864471435546875 59.37122344970703125 63.228900909423828125 60.478694915771484375 66.14069366455078125 67.20581817626953125 70.7398529052734375 71.9971160888671875 72.37018585205078125 75.016021728515625 76.42017364501953125 70.63710784912109375 73.433624267578125 72.24103546142578125 70.03626251220703125 72.97570037841796875 71.823211669921875 69.985321044921875 69.59174346923828125 68.6296234130859375 69.466064453125 69.19074249267578125 69.170135498046875 65.49078369140625 67.4257049560546875 65.88896942138671875 69.7233734130859375 69.919830322265625 70.24433135986328125 69.38037109375 67.5355987548828125 68.45407867431640625 71.6847686767578125
73.3244171142578125 75.64495086669921875 75.27274322509765625 74.07035064697265625 75.90863800048828125 70.32962799072265625 65.32912445068359375 64.44065093994140625 63.304302215576171875 62.976837158203125 58.43907928466796875 55.356960296630859375 64.56708526611328125 60.491695404052734375 62.446773529052734375 65.80979156494140625 68.4803009033203125 67.66058349609375 71.14385986328125 67.9647674560546875 69.14049530029296875 70.431854248046875 72.14006805419921875 70.61693572998046875 71.50209808349609375 71.124053955078125 73.553192138671875 73.7078094482421875 71.96733856201171875 69.921478271484375 67.5626220703125 70.35884857177734375 68.39920806884765625 63.176593780517578125 67.45330810546875 64.57083892822265625 66.53327178955078125 68.177001953125 71.0743408203125 71.01143646240234375 68.424346923828125 66.634124755859375 68.60125732421875 71.1385955810546875
74.14218902587890625 74.53237152099609375 75.852752685546875 76.7866058349609375 71.470306396484375 68.07428741455078125 66.7252349853515625 65.5608978271484375 66.705780029296875 64.54150390625 60.380344390869140625 60.883319854736328125 61.657451629638671875 67.8569488525390625 68.26140594482421875 69.2083740234375 68.13362884521484375 72.05548095703125 70.68825531005859375 71.2906494140625 68.5434417724609375 68.42456817626953125 69.25128936767578125 70.42697906494140625 72.236083984375 74.3110198974609375 74.50986480712890625 76.6451263427734375 77.690643310546875 68.37432098388671875 68.59796142578125 69.15152740478515625 70.50160980224609375 67.55290985107421875 63.862438201904296875 64.144073486328125 65.57746124267578125 68.631256103515625 67.61804962158203125 68.3930816650390625 69.4732208251953125 69.67610931396484375 67.743865966796875 71.36003875732421875
74.9435882568359375 71.4071807861328125 71.40660858154296875 70.217193603515625 67.92803955078125 70.66542816162109375 69.97418975830078125 68.46860504150390625 69.39490509033203125 66.6740570068359375 65.2514801025390625 64.17362213134765625 65.47898101806640625 71.8415069580078125 75.1463775634765625 71.30997467041015625 77.698150634765625 74.26599884033203125 68.649383544921875 70.9240570068359375 74.86664581298828125 69.1805572509765625 67.588775634765625 69.635162353515625 73.7918853759765625 75.3019866943359375 78.34638214111328125 78.5658416748046875 76.1383819580078125 74.526580810546875 72.93088531494140625 73.58287811279296875 71.45899200439453125 71.6799163818359375 66.11737060546875 64.928955078125 66.75226593017578125 67.0327301025390625 67.61190032958984375 67.56118011474609375 68.34223175048828125 69.7816314697265625 72.66794586181640625 74.08522796630859375
75.97519683837890625 70.89825439453125 69.49652862548828125 65.71002960205078125 71.0283203125 70.47863006591796875 73.003204345703125 72.071685791015625 72.63426971435546875 67.998779296875 61.893032073974609375 64.445281982421875 68.6237640380859375 75.838134765625 74.069183349609375 73.30602264404296875 72.57965850830078125 73.87378692626953125 71.85521697998046875 68.19420623779296875 62.411380767822265625 66.50112152099609375 67.02759552001953125 71.1904754638671875 72.54180145263671875 73.59876251220703125 77.87042236328125 77.37819671630859375 77.092437744140625 75.3260650634765625 76.63625335693359375 75.2180633544921875 76.57036590576171875 72.26385498046875 68.20908355712890625 70.93318939208984375 69.4331512451171875 66.6796722412109375 66.6280364990234375 66.9503936767578125 66.7379608154296875 71.99639129638671875 75.01576995849609375 73.37612152099609375
76.35120391845703125 74.27278900146484375 70.7656402587890625 66.95885467529296875 72.6443634033203125 74.98502349853515625 73.56980133056640625 74.77787017822265625 72.6182861328125 68.3841552734375 64.94951629638671875 64.494049072265625 70.3713531494140625 69.3397674560546875 74.65576934814453125 73.2719573974609375 69.9795989990234375 66.84134674072265625 66.52722930908203125 59.496082305908203125 58.008575439453125 58.78705596923828125 63.835514068603515625 67.87842559814453125 72.2226409912109375 71.9737396240234375 72.3430938720703125 75.5948638916015625 72.67840576171875 73.28778076171875 71.086334228515625 74.80474090576171875 72.15876007080078125 68.7607574462890625 69.9043731689453125 70.326385498046875 69.9521484375 67.06478118896484375 64.09210205078125 64.38227081298828125 64.350921630859375 69.5042266845703125 74.018951416015625 72.230010986328125
77.86948394775390625 74.58660888671875 69.680877685546875 67.3788604736328125 71.7168121337890625 74.004180908203125 73.325958251953125 73.13995361328125 71.8950958251953125 69.5929107666015625 66.52593994140625 66.72391510009765625 70.292816162109375 72.71688079833984375 70.59008026123046875 70.70491790771484375 70.52886199951171875 67.03925323486328125 60.19544219970703125 57.248119354248046875 58.22647857666015625 57.83037567138671875 60.989818572998046875 65.70925140380859375 69.46550750732421875 71.4974517822265625 70.89319610595703125 69.834991455078125 71.54000091552734375 65.9928436279296875 70.4051055908203125 69.3777618408203125 66.01070404052734375 68.50003814697265625 69.38854217529296875 70.62291717529296875 71.47210693359375 67.8858489990234375 63.655681610107421875 58.663593292236328125 62.673069000244140625 66.66229248046875 71.4580078125 75.52392578125
73.1079559326171875 71.5527191162109375 69.834442138671875 69.95487213134765625 69.5861663818359375 70.4880828857421875 71.7536163330078125 72.12563323974609375 70.313690185546875 69.77075958251953125 69.59775543212890625 69.2627105712890625 71.03156280517578125 72.2364349365234375 68.745819091796875 66.72457122802734375 67.61261749267578125 67.9973297119140625 65.4535064697265625 61.302898406982421875 59.56915283203125 56.46405792236328125 62.2520599365234375 66.157928466796875 69.42424774169921875 70.27306365966796875 69.16466522216796875 69.17847442626953125 67.02667999267578125 67.953338623046875 66.46905517578125 67.2864532470703125 70.15142822265625 65.83197784423828125 71.2449188232421875 73.45458221435546875 70.30028533935546875 68.59566497802734375 60.513080596923828125 60.063236236572265625 59.556926727294921875 65.7466888427734375 69.9245758056640625 74.10924530029296875
72.1434326171875 71.73386383056640625 69.86684417724609375 69.34200286865234375 71.42972564697265625 70.69667816162109375 69.93752288818359375 69.13344573974609375 71.130859375 67.872772216796875 71.17397308349609375 72.70723724365234375 71.48531341552734375 69.5945587158203125 66.18354034423828125 66.63397216796875 68.73553466796875 67.6541900634765625 68.144439697265625 65.997467041015625 61.12689208984375 62.157867431640625 62.3153839111328125 66.31884002685546875 68.5676116943359375 66.529541015625 68.31011199951171875 66.50890350341796875 67.40746307373046875 66.2192535400390625 67.53458404541015625 71.11577606201171875 70.36913299560546875 71.6229705810546875 70.67472076416015625 72.414459228515625 72.85535430908203125 66.710296630859375 63.922885894775390625 58.95159149169921875 60.31360626220703125 65.1388397216796875 71.83188629150390625 72.4723052978515625
69.4817657470703125 71.6982421875 71.0951690673828125 72.3033905029296875 74.72948455810546875 72.50749969482421875 72.4573974609375 67.7855377197265625 67.43476104736328125 71.09180450439453125 71.358062744140625 73.262939453125 71.4743499755859375 68.07462310791015625 68.51053619384765625 67.0224609375 69.805145263671875 70.41888427734375 69.76755523681640625 66.37786102294921875 65.80977630615234375 66.098876953125 65.22930908203125 66.60776519775390625 67.3542633056640625 66.9826812744140625 64.66533660888671875 64.021820068359375 63.921566009521484375 66.57607269287109375 71.14311981201171875 71.5217437744140625 73.4106597900390625 70.35016632080078125 73.133209228515625 71.351104736328125 71.27808380126953125 69.897705078125 64.12281036376953125 64.29175567626953125 61.877590179443359375 67.29754638671875 70.97454833984375 71.9654693603515625
70.4571075439453125 71.35262298583984375 76.63341522216796875 76.43099212646484375 74.77032470703125 72.21845245361328125 70.42644500732421875 67.14661407470703125 68.38211822509765625 68.66202545166015625 69.88661956787109375 69.561798095703125 70.52628326416015625 70.009063720703125 67.37204742431640625 69.70761871337890625 70.87281036376953125 73.22992706298828125 71.4559326171875 72.1430816650390625 71.24492645263671875 69.23155975341796875 66.3772735595703125 69.6174163818359375 69.99906158447265625 65.6545867919921875 61.883159637451171875 60.531902313232421875 61.87717437744140625 66.15160369873046875 68.4979248046875 73.462982177734375 70.6189117431640625 71.6690216064453125 67.31620025634765625 71.76956939697265625 70.14299774169921875 66.566680908203125 69.21800994873046875 68.26558685302734375 67.30582427978515625 65.48805999755859375 71.390533447265625 71.09311676025390625
72.84003448486328125 77.05905914306640625 76.8122100830078125 76.81037139892578125 75.76241302490234375 70.9254913330078125 67.38220977783203125 67.51146697998046875 67.13262939453125 66.464569091796875 64.014678955078125 67.589263916015625 69.1373443603515625 68.4369964599609375 70.40888214111328125 67.9356842041015625 73.006378173828125 72.52341461181640625 74.2342376708984375 73.18402099609375 73.5163116455078125 69.99367523193359375 71.8115692138671875 70.84088897705078125 66.93903350830078125 65.77042388916015625 61.398769378662109375 62.262359619140625 66.58740234375 69.2379913330078125 71.54259490966796875 68.54999542236328125 72.3338165283203125 67.28342437744140625 67.5295257568359375 67.9364166259765625 68.83123779296875 69.1280670166015625 71.2928924560546875 67.830780029296875 67.87035369873046875 68.3744354248046875 68.43903350830078125 74.09995269775390625
76.979705810546875 77.706146240234375 80.999725341796875 80.3798980712890625 74.43323516845703125 72.49609375 68.8939361572265625 68.95880126953125 66.24410247802734375 64.2920684814453125 67.5948944091796875 68.57022857666015625 65.256622314453125 72.28694915771484375 71.7035980224609375 72.9104156494140625 69.68454742431640625 73.37860107421875 76.23126220703125 76.43166351318359375 72.3351593017578125 69.7025909423828125 72.35131072998046875 69.47322845458984375 69.78717803955078125 66.4586334228515625 63.6589508056640625 67.7333984375 72.248382568359375 76.9021453857421875 72.7088623046875 72.36150360107421875 68.00672149658203125 70.091644287109375 67.4593963623046875 66.3418121337890625 67.36428070068359375 68.8344879150390625 67.65732574462890625 70.74017333984375 69.44483184814453125 68.50275421142578125 68.94870758056640625 68.81008148193359375
76.22979736328125 79.8914642333984375 82.7548065185546875 81.68807220458984375 74.632720947265625 70.79825592041015625 72.9314422607421875 69.20574951171875 67.224822998046875 67.4821624755859375 67.50685882568359375 66.90139007568359375 73.505950927734375 74.60870361328125 75.6650848388671875 71.1274261474609375 73.28566741943359375 77.38391876220703125 77.5500030517578125 75.54616546630859375 76.01873779296875 76.353759765625 69.393096923828125 71.62969970703125 70.66953277587890625 71.12239837646484375 69.75919342041015625 72.0755767822265625 77.66033935546875 79.8958282470703125 79.40232086181640625 72.6262969970703125 74.5483551025390625 71.53510284423828125 70.773223876953125 66.671142578125 67.32782745361328125 66.6826019287109375 69.2054443359375 69.795074462890625 69.930694580078125 68.5915069580078125 68.46657562255859375 68.01886749267578125
75.94940948486328125 75.0956268310546875 75.5546875 75.3169708251953125 75.0132904052734375 74.133636474609375 70.35784912109375 67.47080230712890625 68.76125335693359375 68.9649658203125 68.75029754638671875 69.9524688720703125 73.417999267578125 75.92746734619140625 72.89937591552734375 72.25278472900390625 75.12778472900390625 79.02600860595703125 81.007293701171875 75.565643310546875 77.82588958740234375 76.08867645263671875 74.3347625732421875 71.98111724853515625 75.164306640625 70.02175140380859375 70.746307373046875 73.91460418701171875 75.24335479736328125 78.9931182861328125 74.70311737060546875 77.316131591796875 74.4058685302734375 74.7104644775390625 73.2947235107421875 69.06023406982421875 63.8644561767578125 65.86811065673828125 67.63516998291015625 69.5493011474609375 66.4901123046875 66.1399688720703125 67.68862152099609375 67.04071044921875
69.81246185302734375 71.06435394287109375 71.0405426025390625 71.28433990478515625 75.19481658935546875 71.10875701904296875 69.46776580810546875 70.5606536865234375 68.33567047119140625 69.716156005859375 70.20944976806640625 73.81280517578125 72.12790679931640625 72.84908294677734375 74.70652008056640625 71.832550048828125 73.86798858642578125 76.53543853759765625 79.39282989501953125 82.97525787353515625 73.52864837646484375 73.82637786865234375 73.96230316162109375 76.9878387451171875 70.991729736328125 72.22489166259765625 68.985992431640625 68.39043426513671875 73.3993682861328125 71.80682373046875 72.12470245361328125 71.97649383544921875 77.49158477783203125 77.46332550048828125 71.9931182861328125 65.99456787109375 63.81444549560546875 64.412200927734375 65.0223541259765625 66.2386322021484375 64.461090087890625 60.247722625732421875 61.25312042236328125 64.89795684814453125
68.10491180419921875 68.2921295166015625 74.76418304443359375 73.71157073974609375 70.99700164794921875 70.88907623291015625 72.09691619873046875 71.73871612548828125 70.43593597412109375 71.17888641357421875 75.35472869873046875 73.0548553466796875 70.5264434814453125 72.4271392822265625 75.40460968017578125 75.36053466796875 74.517669677734375 73.9772491455078125 76.1016845703125 73.50882720947265625 73.67571258544921875 69.72673797607421875 72.69394683837890625 68.12258148193359375 70.24878692626953125 70.6956329345703125 69.03353118896484375 67.0778350830078125 66.8682098388671875 69.8889617919921875 68.7704315185546875 73.04492950439453125 76.8603668212890625 78.454498291015625 73.329803466796875 69.151123046875 65.3409881591796875 61.369476318359375 62.36551666259765625 64.19305419921875 62.759967803955078125 57.519989013671875 57.117725372314453125 62.118927001953125
71.29021453857421875 72.383209228515625 71.58934783935546875 76.279510498046875 73.85636138916015625 74.9306488037109375 74.61640167236328125 71.69362640380859375 70.8896331787109375 73.70308685302734375 74.22566986083984375 72.6370849609375 72.97840118408203125 75.4597625732421875 75.33814239501953125 76.9823150634765625 75.26564788818359375 77.32247161865234375 72.81581878662109375 66.8810577392578125 67.1176605224609375 69.573699951171875 64.4832000732421875 66.1809539794921875 64.643585205078125 66.33449554443359375 67.4889068603515625 67.9712371826171875 65.93212890625 63.8283843994140625 68.80730438232421875 71.48606109619140625 75.34741973876953125 76.9915313720703125 77.00890350341796875 72.918487548828125 65.33489227294921875 64.21036529541015625 65.67789459228515625 62.158618927001953125 60.2208709716796875 62.284393310546875 62.290996551513671875 60.386505126953125
73.36421966552734375 71.28798675537109375 71.46300506591796875 72.48860931396484375 73.5118865966796875 74.0917510986328125 76.609039306640625 72.53112030029296875 73.01324462890625 71.20693206787109375 71.19716644287109375 70.194305419921875 73.72100067138671875 75.93219757080078125 77.16623687744140625 78.63568878173828125 76.8885650634765625 74.6491546630859375 68.92993927001953125 66.07086181640625 67.82175445556640625 64.9733428955078125 63.45714569091796875 61.90323638916015625 64.83887481689453125 64.16461181640625 67.772247314453125 66.1137542724609375 64.6356353759765625 65.480743408203125 65.67020416259765625 69.880462646484375 72.3107147216796875 77.09300994873046875 77.16065216064453125 73.33257293701171875 68.49489593505859375 67.0327911376953125 68.50159454345703125 66.23143768310546875 66.246429443359375 68.2767181396484375 68.443603515625 68.45795440673828125
