ForecastVariables/LightPollution_Blue_500m_20percent/LightPollutionBlue_20_Focal_Random4.asc
ncols        529
nrows        344
xllcorner    2700.000000000000
yllcorner    15900.000000000000
cellsize     100.000000000000
NODATA_value  nan
[rows 220 to 239 of 344, columns 88 to 131 of 529]
316.242919921875 264.73919677734375 198.2265167236328125 142.568695068359375 214.1605987548828125 276.935577392578125 239.301971435546875 200.6597900390625 227.685638427734375 399.997283935546875 517.2421875 597.56011962890625 455.10614013671875 338.8348388671875 240.409210205078125 216.163116455078125 194.09002685546875 192.93304443359375 150.5813751220703125 130.87689208984375 146.3654632568359375 164.281768798828125 230.1958160400390625 337.4693603515625 368.627593994140625 393.35333251953125 434.62982177734375 503.849334716796875 463.903289794921875 426.586395263671875 441.87213134765625 408.337127685546875 424.965301513671875 386.65478515625 459.523468017578125 512.04412841796875 503.965850830078125 549.6553955078125 622.7884521484375 505.358612060546875 351.937042236328125 343.479278564453125 409.70465087890625 458.913055419921875
331.7430419921875 321.722930908203125 223.9379425048828125 198.426239013671875 236.400299072265625 275.704803466796875 267.63629150390625 209.5233001708984375 199.549102783203125 271.911224365234375 408.38330078125 401.7435302734375 363.71746826171875 229.0725250244140625 211.18280029296875 193.750274658203125 205.829833984375 168.584075927734375 126.88991546630859375 125.8528289794921875 145.2241668701171875 225.8722381591796875 331.00006103515625 431.51751708984375 441.832763671875 429.0565185546875 403.363250732421875 412.356658935546875 449.446563720703125 504.555572509765625 467.762298583984375 404.34588623046875 343.421356201171875 402.459197998046875 344.967620849609375 416.78619384765625 564.11572265625 602.43975830078125 497.000274658203125 378.608642578125 321.7080078125 349.16229248046875 356.4146728515625 377.435028076171875
331.574249267578125 299.2598876953125 287.09991455078125 255.099822998046875 234.528411865234375 255.952117919921875 263.56353759765625 217.945404052734375 204.909515380859375 284.6339111328125 329.92193603515625 302.995086669921875 248.3259124755859375 201.58575439453125 146.309814453125 177.6019287109375 164.8565673828125 136.3815765380859375 128.8024444580078125 183.557647705078125 266.15533447265625 326.1827392578125 439.94000244140625 418.911163330078125 431.801422119140625 443.762054443359375 361.021820068359375 330.494964599609375 383.429168701171875 448.049835205078125 498.0560302734375 357.1273193359375 363.759857177734375 344.561248779296875 379.73553466796875 381.48992919921875 452.214508056640625 582.42010498046875 477.56207275390625 394.4283447265625 295.755157470703125 272.52520751953125 326.59686279296875 303.128936767578125
264.756866455078125 303.095428466796875 312.147918701171875 254.91180419921875 246.5451507568359375 257.349151611328125 238.849365234375 195.6393890380859375 233.84918212890625 341.08099365234375 387.633056640625 283.846435546875 211.301116943359375 151.6571502685546875 140.1190338134765625 132.5110626220703125 140.0946807861328125 135.9120025634765625 181.1294097900390625 286.047698974609375 338.541290283203125 458.53009033203125 455.2991943359375 429.993927001953125 355.097686767578125 285.044219970703125 255.124237060546875 277.7100830078125 311.871246337890625 390.942535400390625 356.760101318359375 431.22735595703125 344.843719482421875 342.4007568359375 363.61065673828125 396.322784423828125 450.232940673828125 482.708526611328125 516.25634765625 439.9462890625 358.94598388671875 275.6446533203125 283.53167724609375 304.62261962890625
257.897125244140625 292.69671630859375 283.182220458984375 279.3486328125 257.08831787109375 300.328582763671875 247.45941162109375 278.1107177734375 339.83782958984375 378.86181640625 417.820465087890625 344.009185791015625 216.214385986328125 148.2905120849609375 169.9173583984375 163.2567596435546875 163.298492431640625 209.2933807373046875 282.976165771484375 329.7677001953125 468.556121826171875 616.81207275390625 485.059967041015625 366.19183349609375 251.645355224609375 150.396575927734375 161.594207763671875 209.0909423828125 293.81146240234375 320.966217041015625 332.661376953125 297.23333740234375 334.8419189453125 350.86669921875 382.519927978515625 445.573822021484375 484.28387451171875 493.365753173828125 511.59881591796875 497.010772705078125 421.944976806640625 355.242767333984375 305.4688720703125 356.865325927734375
183.544769287109375 234.5372772216796875 273.65191650390625 279.5018310546875 312.648284912109375 344.875640869140625 322.566375732421875 325.54962158203125 386.122955322265625 431.616058349609375 422.161224365234375 357.804351806640625 249.8742218017578125 224.6054534912109375 243.1144866943359375 261.91607666015625 282.053466796875 281.7685546875 325.02691650390625 433.378814697265625 610.76068115234375 601.2603759765625 469.86822509765625 323.154144287109375 168.7429351806640625 117.9836883544921875 140.118194580078125 173.0477142333984375 214.5062103271484375 264.323455810546875 268.47955322265625 271.398345947265625 288.0916748046875 363.932098388671875 382.887054443359375 425.012725830078125 484.13336181640625 487.42449951171875 541.03179931640625 477.086212158203125 423.567291259765625 342.421966552734375 378.93524169921875 434.582305908203125
187.4220428466796875 203.335968017578125 251.2082977294921875 300.776824951171875 363.305877685546875 413.992156982421875 405.6131591796875 348.08270263671875 368.843597412109375 431.51434326171875 433.14739990234375 350.135833740234375 385.316162109375 359.08087158203125 335.193206787109375 415.12921142578125 494.967254638671875 412.716583251953125 340.537109375 477.018463134765625 583.0599365234375 499.854095458984375 464.611602783203125 305.265472412109375 116.804168701171875 116.85024261474609375 123.22707366943359375 152.6028594970703125 174.7158355712890625 201.7749786376953125 230.2708587646484375 243.7960968017578125 285.500946044921875 327.7716064453125 371.927215576171875 399.008819580078125 411.49017333984375 474.042388916015625 404.081298828125 454.503082275390625 356.884185791015625 378.537872314453125 402.58294677734375 488.49005126953125
192.716217041015625 193.205657958984375 208.6711578369140625 279.661376953125 342.346893310546875 366.267608642578125 352.26068115234375 334.1317138671875 281.001068115234375 362.1080322265625 381.541656494140625 381.877532958984375 391.958526611328125 452.7708740234375 539.63214111328125 567.88238525390625 547.2994384765625 468.3856201171875 369.28680419921875 380.80792236328125 452.275482177734375 458.18817138671875 394.016845703125 209.9578399658203125 189.9781494140625 151.44659423828125 129.8694610595703125 129.65753173828125 149.4335174560546875 175.621917724609375 191.41973876953125 198.63446044921875 227.75335693359375 282.4906005859375 353.296142578125 329.86474609375 339.790618896484375 330.941986083984375 350.51611328125 331.079986572265625 353.96044921875 356.2900390625 456.64019775390625 566.146240234375
191.91351318359375 152.4274139404296875 172.925872802734375 218.348846435546875 267.6092529296875 280.071044921875 281.612884521484375 226.162506103515625 235.22607421875 251.7380218505859375 334.066009521484375 372.374359130859375 409.244537353515625 531.74859619140625 634.216064453125 584.7764892578125 475.0107421875 433.15606689453125 422.668914794921875 349.745849609375 326.783599853515625 431.808349609375 292.722930908203125 260.020721435546875 277.15093994140625 228.452239990234375 184.854888916015625 146.045257568359375 141.3672637939453125 151.00811767578125 163.726348876953125 175.63836669921875 189.470977783203125 223.655487060546875 252.311431884765625 296.810546875 282.743011474609375 301.20550537109375 274.663299560546875 258.31402587890625 266.145660400390625 351.050537109375 459.652862548828125 620.40789794921875
178.042083740234375 146.89544677734375 148.5089111328125 161.779144287109375 182.200164794921875 220.414947509765625 171.5211029052734375 168.1734466552734375 190.7347412109375 237.8128204345703125 282.218963623046875 381.50274658203125 500.125518798828125 562.753662109375 540.41876220703125 547.4468994140625 502.56689453125 431.7822265625 365.3853759765625 353.737701416015625 367.107208251953125 358.623046875 291.801177978515625 298.47344970703125 296.5413818359375 298.985137939453125 257.746307373046875 212.3593292236328125 161.2328338623046875 144.346893310546875 143.22454833984375 153.839813232421875 158.8725128173828125 177.829803466796875 187.0996551513671875 219.8186187744140625 263.127655029296875 242.5504913330078125 265.658782958984375 218.2100372314453125 195.068328857421875 232.543243408203125 413.26171875 517.49041748046875
149.0428466796875 139.02874755859375 140.1222381591796875 138.1862030029296875 154.1960601806640625 147.2279815673828125 138.48443603515625 149.487579345703125 197.127197265625 238.5904388427734375 332.7452392578125 401.30584716796875 504.210906982421875 548.63055419921875 540.55084228515625 538.86328125 545.3863525390625 432.370452880859375 415.69097900390625 418.648895263671875 464.41680908203125 326.0609130859375 273.68939208984375 270.481170654296875 296.952362060546875 309.810211181640625 299.260528564453125 239.6153411865234375 202.272613525390625 179.6565704345703125 161.0120697021484375 138.028289794921875 135.838226318359375 143.097137451171875 165.0082550048828125 180.31536865234375 207.9185791015625 226.45819091796875 214.7235260009765625 210.7777252197265625 166.2054290771484375 182.073577880859375 258.819244384765625 381.029632568359375
145.2161407470703125 140.255645751953125 133.8995513916015625 138.3986663818359375 131.6659698486328125 130.5219268798828125 129.503204345703125 148.7174835205078125 185.7177581787109375 292.698699951171875 405.898651123046875 461.25604248046875 492.192413330078125 509.025726318359375 594.00701904296875 662.68170166015625 719.5157470703125 588.142333984375 532.2274169921875 547.41510009765625 474.5771484375 324.901458740234375 253.1928863525390625 243.8425750732421875 329.91351318359375 314.866424560546875 272.4508056640625 243.5676116943359375 216.345977783203125 205.9455108642578125 191.4664306640625 166.39385986328125 126.189361572265625 126.0443878173828125 135.363861083984375 146.450103759765625 166.9239044189453125 191.209197998046875 180.7776947021484375 175.4203033447265625 165.0644073486328125 172.5263519287109375 196.6685638427734375 256.415374755859375
207.2529754638671875 143.677978515625 142.1343231201171875 137.16424560546875 135.3146820068359375 129.3465728759765625 133.866607666015625 141.930694580078125 209.68035888671875 319.394012451171875 393.947265625 479.580108642578125 514.102294921875 530.661865234375 659.56781005859375 842.38299560546875 930.79339599609375 854.97576904296875 701.95135498046875 597.15740966796875 468.227294921875 387.29486083984375 307.301422119140625 312.911590576171875 353.573089599609375 340.825164794921875 265.838470458984375 233.9437103271484375 225.49383544921875 195.07952880859375 190.9594879150390625 179.2458038330078125 156.7592315673828125 122.1575927734375 120.86530303955078125 125.661834716796875 134.849609375 149.4582366943359375 158.4959869384765625 160.8074188232421875 156.0909423828125 150.8772430419921875 179.5500030517578125 214.0819091796875
271.2510986328125 192.0691070556640625 144.271514892578125 137.319122314453125 128.4306793212890625 134.316558837890625 127.596221923828125 137.441741943359375 170.3096771240234375 252.8776092529296875 375.62713623046875 473.866607666015625 465.38018798828125 523.6475830078125 739.46209716796875 929.759033203125 984.23590087890625 956.6409912109375 806.84295654296875 603.60382080078125 521.16864013671875 424.366607666015625 417.061553955078125 405.911163330078125 392.632415771484375 361.0179443359375 330.4652099609375 217.0594482421875 185.1266937255859375 194.3570404052734375 186.7753448486328125 164.60552978515625 143.6842803955078125 126.9156036376953125 113.503082275390625 119.5406951904296875 116.5286712646484375 121.53881072998046875 132.3271636962890625 134.1927947998046875 130.8262939453125 136.49365234375 142.4741058349609375 158.5321044921875
281.71002197265625 217.3067474365234375 144.927703857421875 131.7172088623046875 129.9836273193359375 123.00821685791015625 131.39251708984375 129.9197235107421875 151.762725830078125 212.359222412109375 321.484771728515625 384.122161865234375 390.2388916015625 423.811309814453125 571.69757080078125 832.81390380859375 965.94073486328125 896.20245361328125 572.251708984375 573.93133544921875 540.47808837890625 441.022125244140625 364.988037109375 421.4071044921875 407.8563232421875 369.9716796875 285.92449951171875 226.425872802734375 148.1963348388671875 157.51861572265625 169.2648162841796875 146.1006622314453125 129.7549285888671875 114.28842926025390625 114.882598876953125 110.70240020751953125 108.90818023681640625 109.66954803466796875 116.27257537841796875 109.62613677978515625 113.92906951904296875 120.4661712646484375 123.66827392578125 121.61652374267578125
283.01806640625 228.0109405517578125 156.6434478759765625 129.448455810546875 120.8960418701171875 120.42063140869140625 122.4001007080078125 134.04229736328125 142.3742523193359375 177.82550048828125 251.7965240478515625 310.7613525390625 352.740509033203125 410.600006103515625 500.5775146484375 719.89129638671875 915.81146240234375 674.96734619140625 649.792236328125 698.6329345703125 603.81793212890625 413.601898193359375 331.397216796875 325.06292724609375 390.616302490234375 321.9735107421875 269.34454345703125 222.280120849609375 196.2403411865234375 151.171844482421875 153.234832763671875 145.0758819580078125 109.38291168212890625 107.96683502197265625 103.02994537353515625 102.16278076171875 102.9930267333984375 100.301544189453125 99.68059539794921875 100.01157379150390625 103.81099700927734375 104.27600860595703125 109.235321044921875 108.12451934814453125
340.2354736328125 244.882171630859375 209.593292236328125 130.785736083984375 116.49962615966796875 113.60030364990234375 121.96089935302734375 128.18572998046875 138.365631103515625 152.9562835693359375 210.5688018798828125 280.39129638671875 352.466156005859375 399.274871826171875 545.5233154296875 825.59405517578125 857.6004638671875 811.69854736328125 806.862060546875 783.27606201171875 650.289794921875 487.26385498046875 352.797149658203125 272.45269775390625 286.121826171875 308.577880859375 272.31402587890625 247.7019500732421875 223.8444976806640625 198.5296478271484375 164.38916015625 138.81341552734375 117.30230712890625 98.71015167236328125 95.1868896484375 92.57512664794921875 92.45253753662109375 91.72808074951171875 93.41967010498046875 98.88722991943359375 100.83948516845703125 105.4678497314453125 103.50018310546875 103.2138824462890625
405.14276123046875 324.780670166015625 244.370513916015625 176.3767547607421875 112.6056671142578125 110.73073577880859375 113.77194976806640625 127.10242462158203125 128.8394012451171875 145.3713226318359375 172.284423828125 249.29052734375 317.331390380859375 422.336639404296875 626.752197265625 799.9896240234375 959.126220703125 949.96368408203125 873.90203857421875 694.9476318359375 642.59503173828125 509.106292724609375 294.099578857421875 249.093109130859375 235.9976043701171875 258.859588623046875 279.4722900390625 273.43914794921875 252.876800537109375 191.5704498291015625 164.0593719482421875 147.780303955078125 128.17919921875 100.1219635009765625 93.83774566650390625 87.26303863525390625 83.4715576171875 87.50775146484375 91.5990447998046875 98.6468505859375 101.53668212890625 101.26578521728515625 100.56017303466796875 97.38928985595703125
393.317169189453125 374.2657470703125 241.43670654296875 178.535308837890625 134.29443359375 109.57611083984375 112.8119964599609375 116.9230194091796875 123.833831787109375 135.064178466796875 159.7603912353515625 230.9428863525390625 306.124908447265625 395.204437255859375 584.69866943359375 793.6307373046875 926.07708740234375 910.51202392578125 698.305419921875 697.51019287109375 559.4613037109375 308.81640625 220.340789794921875 205.9615020751953125 226.090240478515625 208.6555023193359375 232.5025634765625 243.5695037841796875 211.2778778076171875 199.19342041015625 169.0701141357421875 141.3641204833984375 109.40904998779296875 98.95943450927734375 92.87429046630859375 91.16327667236328125 88.09844970703125 88.77031707763671875 89.8201446533203125 98.237274169921875 101.1391143798828125 100.4598388671875 97.22521209716796875 90.8683929443359375
442.015167236328125 293.506103515625 273.258636474609375 188.0416717529296875 148.0480804443359375 114.196197509765625 111.51390838623046875 113.394317626953125 125.915069580078125 139.0322723388671875 181.2666778564453125 235.777069091796875 292.608917236328125 410.247772216796875 557.7379150390625 793.0228271484375 920.12310791015625 776.9468994140625 650.4495849609375 616.65264892578125 421.206329345703125 273.252044677734375 210.1768951416015625 196.214996337890625 170.9209747314453125 180.7454071044921875 193.2446136474609375 184.2824859619140625 187.2540130615234375 184.5947265625 162.6001129150390625 114.2562103271484375 101.26743316650390625 95.616455078125 95.06012725830078125 89.43424224853515625 89.89404296875 85.3524627685546875 89.65373992919921875 93.5982666015625 95.21599578857421875 94.41075897216796875 93.891815185546875 89.96404266357421875
