ForecastVariables/LightPollution_Blue_500m_20percent/LightPollutionBlue_20_Focal_Random4.asc
ncols        529
nrows        344
xllcorner    2700.000000000000
yllcorner    15900.000000000000
cellsize     100.000000000000
NODATA_value  nan
[rows 20 to 39 of 344, columns 440 to 483 of 529]
354.1444091796875 322.293548583984375 251.4327392578125 164.4975128173828125 113.5768585205078125 87.54840087890625 85.3219146728515625 90.7440338134765625 87.6666107177734375 88.422271728515625 79.05806732177734375 84.604278564453125 87.12235260009765625 95.55881500244140625 123.7065582275390625 103.34563446044921875 93.38134002685546875 83.8990631103515625 74.1507568359375 68.55936431884765625 73.77222442626953125 79.16063690185546875 82.775299072265625 105.49153900146484375 91.3376922607421875 77.7904510498046875 81.97724151611328125 77.61507415771484375 75.1625823974609375 73.33121490478515625 77.1377105712890625 76.9176025390625 77.79166412353515625 72.2234649658203125 69.7600555419921875 66.81926727294921875 71.53868865966796875 74.09417724609375 76.10791778564453125 77.653594970703125 74.877166748046875 71.0336456298828125 67.05667877197265625 64.50482940673828125
345.149810791015625 311.31390380859375 220.5898284912109375 230.561279296875 217.2006683349609375 130.774322509765625 90.6295623779296875 87.5026397705078125 88.67392730712890625 74.50963592529296875 82.73526763916015625 84.6179962158203125 95.988128662109375 129.35516357421875 138.1062469482421875 133.9391326904296875 101.64324188232421875 89.35636138916015625 76.88152313232421875 73.36553955078125 74.532470703125 83.4386138916015625 112.2221832275390625 122.24854278564453125 116.49103546142578125 95.2990264892578125 85.32257080078125 79.2678070068359375 75.27822113037109375 77.7993011474609375 79.71984100341796875 82.091888427734375 76.02318572998046875 77.06668853759765625 73.54285430908203125 71.1907806396484375 68.75128936767578125 75.466705322265625 78.1442718505859375 76.56986236572265625 73.408203125 70.77033233642578125 67.37816619873046875 66.17813873291015625
277.3231201171875 276.459686279296875 297.81268310546875 359.457489013671875 339.83282470703125 234.2453460693359375 131.9223480224609375 88.6363067626953125 75.65380096435546875 76.466064453125 76.8255767822265625 83.50838470458984375 119.74446868896484375 146.9480438232421875 146.556488037109375 138.568756103515625 122.70079803466796875 85.11037445068359375 78.8566741943359375 75.1122283935546875 81.965484619140625 109.455047607421875 126.02213287353515625 124.16748046875 124.0101165771484375 118.41434478759765625 92.62750244140625 80.29885101318359375 79.7901763916015625 79.81500244140625 79.806884765625 80.71746063232421875 84.694366455078125 77.82479095458984375 75.13616943359375 71.796173095703125 70.19527435302734375 70.34297943115234375 73.7763519287109375 74.31800079345703125 76.53926849365234375 70.5285491943359375 67.386932373046875 64.97719573974609375
226.4068603515625 279.288787841796875 403.84228515625 446.5020751953125 408.82452392578125 330.749359130859375 195.2956085205078125 98.417633056640625 71.41402435302734375 72.17064666748046875 74.64954376220703125 79.66722869873046875 108.30049896240234375 145.688751220703125 150.42236328125 132.540008544921875 93.00485992431640625 81.06732940673828125 75.50780487060546875 79.47048187255859375 81.34212493896484375 92.26480865478515625 116.32485198974609375 126.02095794677734375 122.31524658203125 95.48996734619140625 81.15523529052734375 81.02978515625 78.55303192138671875 77.03266143798828125 77.9178466796875 81.006805419921875 78.23577880859375 75.92362213134765625 71.39339447021484375 71.33792877197265625 65.4268646240234375 63.274166107177734375 66.92646026611328125 71.1266021728515625 72.25818634033203125 69.86835479736328125 67.84656524658203125 65.47577667236328125
197.1705169677734375 253.568756103515625 359.910247802734375 426.82037353515625 415.9298095703125 296.4481201171875 157.8519287109375 88.33446502685546875 74.9313507080078125 70.43221282958984375 70.967681884765625 87.05617523193359375 106.9843902587890625 139.4177093505859375 145.8401336669921875 104.84848785400390625 81.570831298828125 70.21991729736328125 73.28096771240234375 76.05587005615234375 85.59136962890625 87.834503173828125 91.4452667236328125 112.2201080322265625 94.17554473876953125 81.6337127685546875 81.9932708740234375 78.314117431640625 76.5479278564453125 76.7296295166015625 79.96405792236328125 77.8686065673828125 75.4934234619140625 72.1376495361328125 74.287139892578125 65.04703521728515625 62.80939483642578125 61.065319061279296875 63.462345123291015625 66.6928253173828125 67.51653289794921875 68.8112335205078125 69.12729644775390625 66.6681365966796875
167.4872894287109375 206.4197998046875 261.71527099609375 338.618896484375 333.765869140625 204.275543212890625 121.36534881591796875 107.3796539306640625 92.05423736572265625 78.6015777587890625 76.195892333984375 90.37457275390625 132.130096435546875 139.4337615966796875 129.3998260498046875 91.02451324462890625 70.2018280029296875 67.3412933349609375 68.091827392578125 78.2462310791015625 82.17952728271484375 86.59871673583984375 83.99334716796875 84.5233612060546875 79.27440643310546875 77.76007843017578125 76.71765899658203125 76.25339508056640625 78.8424072265625 76.866058349609375 75.66739654541015625 75.9967803955078125 73.55486297607421875 76.37447357177734375 68.63231658935546875 64.63703155517578125 60.530521392822265625 59.85626983642578125 57.788524627685546875 61.4822540283203125 63.473468780517578125 65.87548828125 67.1294403076171875 67.8287506103515625
147.2342987060546875 188.9194183349609375 208.862518310546875 241.1541290283203125 218.4149169921875 164.45916748046875 148.9400787353515625 136.9598846435546875 121.2688751220703125 103.0076446533203125 101.00530242919921875 122.8418121337890625 143.600830078125 142.7692413330078125 121.85774993896484375 94.1675872802734375 67.29119873046875 61.966030120849609375 68.6638641357421875 78.41727447509765625 82.11421966552734375 81.648773193359375 77.18193817138671875 77.886962890625 77.9765625 73.02960968017578125 72.037933349609375 72.865966796875 77.79815673828125 77.581085205078125 75.84723663330078125 73.1837005615234375 75.89633941650390625 71.6273651123046875 69.3169097900390625 67.86241912841796875 65.2783050537109375 57.0060577392578125 57.448513031005859375 57.39550018310546875 59.976238250732421875 63.46082305908203125 66.5345001220703125 66.33359527587890625
131.260498046875 142.3283843994140625 168.3997039794921875 177.375274658203125 165.562164306640625 153.03863525390625 145.8037261962890625 135.8665008544921875 133.582000732421875 138.6728363037109375 141.01806640625 148.127105712890625 160.3725433349609375 148.432403564453125 121.87915802001953125 83.67000579833984375 66.85437774658203125 65.383453369140625 67.29404449462890625 76.5689697265625 83.78020477294921875 80.42633819580078125 76.53314208984375 73.62009429931640625 70.85645294189453125 72.5749053955078125 74.3159637451171875 74.734771728515625 73.80008697509765625 76.39342498779296875 74.74976348876953125 73.96884918212890625 71.6123809814453125 71.8978271484375 69.6273651123046875 71.9964599609375 64.5387115478515625 63.2830352783203125 60.60125732421875 56.505218505859375 56.488353729248046875 62.22454833984375 65.65070343017578125 66.73382568359375
112.36753082275390625 118.009918212890625 127.9897003173828125 127.27770233154296875 106.7255859375 109.26016998291015625 114.01329803466796875 123.82880401611328125 132.2209930419921875 122.87915802001953125 132.406341552734375 163.3873138427734375 172.707122802734375 157.3079376220703125 108.340179443359375 75.7218017578125 70.28781890869140625 66.5767669677734375 71.187774658203125 78.2322845458984375 83.44597625732421875 79.1652069091796875 75.11798095703125 73.84778594970703125 72.7050933837890625 73.663421630859375 75.37708282470703125 75.28440093994140625 75.1409912109375 75.30680084228515625 72.60888671875 69.0561981201171875 68.62119293212890625 68.5792694091796875 74.57122039794921875 68.7958984375 67.96195220947265625 66.40134429931640625 64.7337646484375 58.64693450927734375 59.23645782470703125 61.375370025634765625 64.229583740234375 65.94138336181640625
98.59354400634765625 97.88004302978515625 97.7783203125 87.4928436279296875 82.5661773681640625 82.49262237548828125 88.4381866455078125 93.89287567138671875 90.34825897216796875 102.35186004638671875 135.101898193359375 174.080841064453125 184.8469390869140625 137.0888671875 95.454559326171875 80.999176025390625 70.1434173583984375 68.1687469482421875 71.36917877197265625 79.299346923828125 82.7943115234375 78.22838592529296875 75.27203369140625 71.53443145751953125 75.41458892822265625 75.0994873046875 75.5105743408203125 75.849273681640625 75.83461761474609375 74.3228912353515625 70.7482147216796875 64.69722747802734375 63.446071624755859375 67.5814361572265625 70.3451080322265625 73.27387237548828125 69.111114501953125 69.17356109619140625 64.76198577880859375 64.67071533203125 59.81992340087890625 59.11447906494140625 65.015899658203125 69.74243927001953125
84.69597625732421875 84.9166412353515625 84.9998016357421875 81.66199493408203125 79.68304443359375 73.44373321533203125 74.023284912109375 71.61217498779296875 72.665191650390625 96.87244415283203125 138.039581298828125 169.064178466796875 169.37261962890625 142.5711212158203125 99.25687408447265625 76.405792236328125 69.3313751220703125 68.93994903564453125 72.93025970458984375 77.7705841064453125 80.45257568359375 82.9458160400390625 77.14298248291015625 75.46656036376953125 73.27268218994140625 76.91530609130859375 74.814788818359375 76.33242034912109375 77.7931060791015625 71.62969207763671875 64.25016021728515625 59.27190399169921875 63.7795257568359375 65.86931610107421875 70.3047943115234375 73.04312896728515625 73.18304443359375 66.8508758544921875 68.89048004150390625 65.9368133544921875 63.63474273681640625 63.367465972900390625 65.58254241943359375 68.452178955078125
81.00395965576171875 84.2113037109375 83.38086700439453125 80.111480712890625 78.57524871826171875 70.95084381103515625 68.21697998046875 73.62689971923828125 76.96446990966796875 93.69371795654296875 143.376739501953125 152.7969818115234375 155.71600341796875 128.2636566162109375 94.4215545654296875 68.14057159423828125 66.550811767578125 70.36907958984375 72.20037841796875 79.0194091796875 81.47196197509765625 81.84889984130859375 79.1044769287109375 76.05303955078125 75.46765899658203125 75.69231414794921875 76.61788177490234375 72.6187286376953125 72.80243682861328125 67.00250244140625 63.07208251953125 60.52678680419921875 57.566501617431640625 65.84807586669921875 71.47705078125 74.73963165283203125 71.1307525634765625 73.1023101806640625 72.07987213134765625 68.42807769775390625 64.4997711181640625 63.657657623291015625 66.64361572265625 68.53688812255859375
77.07009124755859375 82.3156280517578125 82.93868255615234375 79.60596466064453125 72.814849853515625 69.001678466796875 69.76233673095703125 73.0221710205078125 84.6709747314453125 105.328643798828125 134.6220550537109375 162.023284912109375 138.8081817626953125 104.48580169677734375 72.148773193359375 65.54773712158203125 65.99524688720703125 68.31988525390625 75.01178741455078125 78.5037841796875 80.19012451171875 78.76595306396484375 75.94219970703125 79.36859893798828125 76.60114288330078125 76.15484619140625 72.058502197265625 71.51495361328125 66.58385467529296875 67.4254302978515625 64.4326629638671875 58.44237518310546875 57.76229095458984375 65.22290802001953125 74.53459930419921875 70.69918060302734375 74.1985626220703125 74.9490509033203125 73.120025634765625 68.400390625 62.929691314697265625 62.411956787109375 63.720600128173828125 68.846771240234375
75.75804901123046875 76.5587310791015625 82.70969390869140625 78.725799560546875 69.644683837890625 69.5712432861328125 71.26421356201171875 77.55860137939453125 95.3601531982421875 122.52227020263671875 146.8543243408203125 160.5452728271484375 137.1547698974609375 81.40741729736328125 70.6882171630859375 64.0191192626953125 61.54457855224609375 63.87223052978515625 70.25595855712890625 72.4210662841796875 72.04416656494140625 71.60883331298828125 72.10916900634765625 72.28032684326171875 76.84929656982421875 69.97431182861328125 71.7044219970703125 70.81000518798828125 66.3650054931640625 66.57379913330078125 60.880611419677734375 62.043025970458984375 62.817844390869140625 67.7850341796875 68.4657135009765625 72.47347259521484375 71.6914215087890625 72.485504150390625 73.48870086669921875 67.93752288818359375 61.765533447265625 62.151088714599609375 64.516876220703125 64.551544189453125
75.79485321044921875 74.62186431884765625 74.641632080078125 77.34159088134765625 73.71199798583984375 69.886444091796875 69.6075897216796875 75.380523681640625 101.0337371826171875 137.778076171875 167.354522705078125 156.34552001953125 125.91022491455078125 93.76413726806640625 71.08751678466796875 61.47017669677734375 58.64312744140625 59.128566741943359375 61.415889739990234375 64.47978973388671875 67.10771942138671875 67.63536834716796875 67.37622833251953125 71.076995849609375 67.74015045166015625 73.767425537109375 72.2328948974609375 71.15008544921875 66.59891510009765625 63.854244232177734375 65.45993804931640625 65.0110931396484375 66.14621734619140625 62.185882568359375 66.9752655029296875 69.30229949951171875 68.7570953369140625 67.359771728515625 70.1102752685546875 65.40982818603515625 64.38883209228515625 64.95883941650390625 64.21242523193359375 63.47367095947265625
73.94722747802734375 73.098876953125 76.71233367919921875 75.0987091064453125 73.972015380859375 67.9004364013671875 67.78945159912109375 70.4207305908203125 83.86075592041015625 139.867584228515625 166.008209228515625 154.015716552734375 116.80181121826171875 87.56354522705078125 66.15615081787109375 57.957546234130859375 57.1962127685546875 58.61669158935546875 59.674236297607421875 65.20478057861328125 66.2786102294921875 67.132049560546875 71.500823974609375 69.47248077392578125 71.770538330078125 75.2653045654296875 75.23162841796875 68.94014739990234375 68.69448089599609375 66.4013671875 65.5329742431640625 64.52883148193359375 63.616641998291015625 67.1774444580078125 63.65653228759765625 66.79709625244140625 66.35973358154296875 68.3325958251953125 65.276947021484375 67.6264801025390625 69.978179931640625 67.08730316162109375 65.7115631103515625 66.200439453125
73.30110931396484375 77.15936279296875 77.53345489501953125 75.7905426025390625 69.05389404296875 66.80316162109375 63.5917816162109375 72.4833221435546875 98.10515594482421875 126.5879974365234375 150.57568359375 137.19781494140625 112.3161773681640625 80.54515838623046875 66.19927978515625 61.524562835693359375 61.37966156005859375 59.73006439208984375 64.182708740234375 66.7333984375 69.20027923583984375 73.11322021484375 71.6300811767578125 73.17919158935546875 72.2841796875 76.993133544921875 75.90755462646484375 72.91725921630859375 67.11054229736328125 64.1729888916015625 63.653202056884765625 64.13294219970703125 66.75592041015625 66.3588104248046875 69.018890380859375 62.77864837646484375 65.57102203369140625 67.20609283447265625 67.74056243896484375 67.3341217041015625 72.17137908935546875 70.059326171875 67.9156951904296875 62.190982818603515625
76.06142425537109375 76.2824859619140625 76.94312286376953125 72.972869873046875 72.2057342529296875 65.2646636962890625 67.69582366943359375 77.342315673828125 99.15850830078125 135.336700439453125 135.52532958984375 125.2173919677734375 86.85912322998046875 72.2064971923828125 66.3701324462890625 63.217060089111328125 61.577117919921875 63.537853240966796875 63.30789947509765625 65.319915771484375 69.19840240478515625 71.0712738037109375 70.58589935302734375 71.0592803955078125 77.57668304443359375 73.62973785400390625 74.2681732177734375 72.1355743408203125 65.07221221923828125 62.23624420166015625 63.595001220703125 66.41009521484375 64.55896759033203125 67.14257049560546875 67.98856353759765625 69.797210693359375 64.659210205078125 65.15633392333984375 65.54137420654296875 70.3429412841796875 68.896270751953125 74.08681488037109375 67.0226593017578125 63.546306610107421875
71.96759033203125 72.5313568115234375 75.14994049072265625 73.6212310791015625 68.373809814453125 68.369537353515625 68.75403594970703125 84.8945465087890625 115.33286285400390625 136.5041046142578125 134.2899169921875 100.8531646728515625 75.18572235107421875 63.59683990478515625 64.86652374267578125 64.66522979736328125 60.486606597900390625 61.42717742919921875 65.63440704345703125 62.829730987548828125 64.1042938232421875 67.4589385986328125 69.27374267578125 77.23665618896484375 81.22601318359375 77.28748321533203125 72.36580657958984375 70.025421142578125 64.104278564453125 66.566253662109375 65.76149749755859375 65.845306396484375 66.8125457763671875 66.93369293212890625 69.8676300048828125 67.68515777587890625 68.860107421875 61.190738677978515625 64.8152618408203125 65.90636444091796875 72.31804656982421875 68.44482421875 68.52019500732421875 69.38238525390625
60.7422332763671875 65.5794830322265625 71.42064666748046875 71.329986572265625 67.90258026123046875 66.712005615234375 72.87233734130859375 93.88503265380859375 128.1796112060546875 133.4696044921875 116.58373260498046875 90.315582275390625 66.15674591064453125 59.192508697509765625 57.4188995361328125 59.74767303466796875 61.955181121826171875 59.632892608642578125 57.206714630126953125 60.540496826171875 61.299957275390625 63.45117950439453125 73.21121978759765625 80.1859283447265625 80.0983734130859375 81.2343292236328125 76.26006317138671875 67.128448486328125 65.1184844970703125 65.249114990234375 69.546722412109375 68.4500274658203125 67.4964141845703125 70.20342254638671875 66.2220306396484375 67.73046875 66.45440673828125 65.81899261474609375 60.628223419189453125 63.6166229248046875 68.11479949951171875 69.94196319580078125 68.90848541259765625 69.8685302734375
