ForecastVariables/LightPollution_Blue_500m_20percent/LightPollutionBlue_20_Focal_Random4.asc
ncols        529
nrows        344
xllcorner    2700.000000000000
yllcorner    15900.000000000000
cellsize     100.000000000000
NODATA_value  nan
[rows 220 to 239 of 344, columns 308 to 351 of 529]
107.8707275390625 110.97440338134765625 99.74860382080078125 87.0828399658203125 91.1944427490234375 91.1966552734375 95.86768341064453125 113.61009979248046875 114.9524688720703125 102.22557830810546875 82.69097137451171875 77.42517852783203125 78.0238800048828125 81.573089599609375 74.53485107421875 73.4929046630859375 71.394622802734375 73.87909698486328125 79.74510955810546875 100.86803436279296875 82.10607147216796875 71.98541259765625 72.180145263671875 70.0406646728515625 74.02866363525390625 74.83037567138671875 76.5215911865234375 74.75038909912109375 69.34295654296875 67.2085113525390625 73.65827178955078125 74.3471832275390625 74.16950225830078125 80.22557830810546875 77.8957977294921875 75.64075469970703125 73.53741455078125 72.43077850341796875 78.01352691650390625 79.97449493408203125 84.06749725341796875 82.27312469482421875 76.08715057373046875 73.18755340576171875
113.318939208984375 100.9767303466796875 86.80593109130859375 90.55985260009765625 87.25072479248046875 95.00460052490234375 111.66657257080078125 117.5931549072265625 120.557281494140625 114.6252899169921875 97.616790771484375 84.172698974609375 81.79656219482421875 81.857818603515625 77.135284423828125 72.176422119140625 77.6342315673828125 78.81720733642578125 92.5091400146484375 86.425079345703125 73.9999237060546875 72.29247283935546875 67.6392059326171875 73.55633544921875 73.04718780517578125 79.6598358154296875 75.31119537353515625 69.55304718017578125 68.137420654296875 66.50373077392578125 73.04297637939453125 75.34136962890625 79.59752655029296875 74.99880218505859375 79.73635101318359375 76.50122833251953125 71.07947540283203125 77.095733642578125 79.89504241943359375 83.64594268798828125 80.62894439697265625 74.51984405517578125 69.22936248779296875 68.3697357177734375
104.0210113525390625 90.0739898681640625 89.599822998046875 86.0661163330078125 87.929168701171875 90.78345489501953125 100.4541015625 112.90008544921875 117.34204864501953125 111.71869659423828125 91.65753173828125 85.7564849853515625 86.16466522216796875 82.9668121337890625 81.28864288330078125 79.8814697265625 82.291656494140625 125.73319244384765625 115.27252960205078125 99.06561279296875 85.673736572265625 64.9503326416015625 68.1590423583984375 68.1632232666015625 75.1788787841796875 70.17182159423828125 72.2898101806640625 66.8999786376953125 66.18933868408203125 69.8942108154296875 71.27037811279296875 77.6717071533203125 77.315277099609375 78.700836181640625 77.00827789306640625 75.52608489990234375 71.18145751953125 78.031158447265625 79.3049774169921875 78.40431976318359375 77.02618408203125 71.66104888916015625 66.74860382080078125 61.047328948974609375
89.54805755615234375 107.46717071533203125 100.63165283203125 93.454254150390625 90.7154998779296875 86.5903167724609375 85.057891845703125 98.967376708984375 108.8070831298828125 91.28514862060546875 85.9660491943359375 114.23833465576171875 105.61425018310546875 84.413726806640625 84.752838134765625 87.9564056396484375 135.1698150634765625 150.5124053955078125 144.100494384765625 114.4020233154296875 90.4931182861328125 75.95709991455078125 60.214580535888671875 70.9550018310546875 69.9067535400390625 75.82657623291015625 67.64424896240234375 68.46103668212890625 67.569061279296875 71.73931884765625 80.5718994140625 73.46435546875 77.27276611328125 74.6701202392578125 75.9794769287109375 71.5277099609375 77.20128631591796875 76.56551361083984375 74.74810791015625 76.1431427001953125 70.19841766357421875 71.69863128662109375 64.24036407470703125 61.780094146728515625
115.64654541015625 144.319610595703125 121.61135101318359375 101.39286041259765625 94.93584442138671875 88.41783905029296875 85.1221923828125 88.17693328857421875 84.9557037353515625 83.60601806640625 111.5284423828125 140.1751861572265625 131.484710693359375 106.20853424072265625 89.82605743408203125 117.18698883056640625 133.3795318603515625 145.9524993896484375 149.62115478515625 130.6442718505859375 86.79360198974609375 61.81096649169921875 68.6833648681640625 62.82070159912109375 77.68701171875 107.6420440673828125 78.4670867919921875 72.55138397216796875 69.9560699462890625 75.28035736083984375 75.2647247314453125 75.40325927734375 67.02947235107421875 68.52993011474609375 63.1273193359375 72.35594940185546875 75.6444854736328125 75.11071014404296875 69.5367279052734375 66.0621490478515625 71.00069427490234375 68.1414031982421875 66.192535400390625 63.973278045654296875
146.1479644775390625 149.544342041015625 144.0465240478515625 121.9873046875 100.7592926025390625 92.6062164306640625 84.99959564208984375 79.24835205078125 79.40613555908203125 105.34185791015625 132.6340789794921875 136.8236846923828125 140.3258209228515625 129.632781982421875 100.416717529296875 90.41092681884765625 117.0214385986328125 125.3433685302734375 128.965911865234375 91.08937835693359375 62.8250274658203125 66.70830535888671875 64.41234588623046875 77.4095001220703125 107.666778564453125 112.4095458984375 111.84578704833984375 83.8804168701171875 79.9230804443359375 74.11537933349609375 71.9301605224609375 68.50011444091796875 61.072841644287109375 56.189350128173828125 67.28040313720703125 63.3718109130859375 67.89414215087890625 70.53670501708984375 69.11782073974609375 65.08278656005859375 65.44470977783203125 68.78359222412109375 68.4615325927734375 68.8588104248046875
135.85552978515625 146.4384918212890625 147.79461669921875 126.03845977783203125 95.40055084228515625 96.047882080078125 113.7553863525390625 82.93408203125 78.63018035888671875 89.00174713134765625 113.04644012451171875 133.186492919921875 136.336761474609375 105.5219268798828125 80.1852569580078125 82.82349395751953125 87.530181884765625 103.16419219970703125 82.04236602783203125 67.40350341796875 70.1800689697265625 60.846019744873046875 66.0236358642578125 95.63840484619140625 110.084075927734375 112.63231658935546875 113.213531494140625 104.06473541259765625 72.49925994873046875 72.0770416259765625 69.476287841796875 67.0222320556640625 58.572967529296875 58.78106689453125 59.293537139892578125 63.292079925537109375 63.6492767333984375 67.3492889404296875 69.79592132568359375 70.2733612060546875 68.26502227783203125 69.04184722900390625 74.52960968017578125 70.27337646484375
120.34778594970703125 136.3934173583984375 121.55728912353515625 94.447601318359375 99.969085693359375 149.47088623046875 131.733428955078125 115.6153106689453125 81.759063720703125 78.94586944580078125 84.80791473388671875 115.68131256103515625 101.0998992919921875 76.8294219970703125 76.4964599609375 76.12973785400390625 79.1795806884765625 73.4980926513671875 69.19635009765625 107.36454010009765625 78.78878021240234375 68.6699981689453125 63.997955322265625 66.80272674560546875 98.5154876708984375 107.091064453125 106.47076416015625 75.10379791259765625 70.91180419921875 72.400909423828125 70.78160858154296875 63.150333404541015625 66.75528717041015625 63.826190948486328125 61.754428863525390625 62.75656890869140625 66.35797119140625 66.5916595458984375 68.10724639892578125 71.2767181396484375 73.29819488525390625 75.5450286865234375 75.5769500732421875 71.966796875
92.77313995361328125 115.68857574462890625 89.84244537353515625 94.24365997314453125 150.94671630859375 164.478668212890625 163.5124969482421875 132.5974578857421875 114.501708984375 81.7170867919921875 82.56264495849609375 89.11470794677734375 76.81650543212890625 76.67169189453125 78.88268280029296875 76.42932891845703125 77.596405029296875 74.978607177734375 115.417938232421875 133.98468017578125 119.557861328125 82.402313232421875 68.44431304931640625 65.360626220703125 68.1173553466796875 104.93121337890625 78.835052490234375 76.35855865478515625 72.9337005615234375 70.955169677734375 71.8890228271484375 69.4995880126953125 69.8290557861328125 70.697052001953125 67.2117156982421875 66.90277862548828125 64.857635498046875 69.1006317138671875 69.57990264892578125 72.12328338623046875 80.11681365966796875 81.30606842041015625 78.1357574462890625 79.614166259765625
91.9935760498046875 103.4557647705078125 95.1356201171875 117.6220550537109375 133.08355712890625 168.125274658203125 167.158172607421875 157.434234619140625 100.39029693603515625 87.9994659423828125 85.18015289306640625 82.351715087890625 81.05812835693359375 80.3440704345703125 77.92848968505859375 79.5312042236328125 78.16493988037109375 112.9917449951171875 134.973480224609375 138.56707763671875 137.9625396728515625 119.99338531494140625 78.8558502197265625 70.84471893310546875 80.257232666015625 100.192108154296875 84.97280120849609375 77.7384490966796875 72.598907470703125 68.9822845458984375 71.8041229248046875 77.20093536376953125 70.95575714111328125 67.77593994140625 68.73321533203125 64.8446197509765625 65.03646087646484375 65.33504486083984375 67.75531768798828125 72.64093780517578125 80.155303955078125 90.41143798828125 89.7230682373046875 83.8043365478515625
110.99600982666015625 114.645172119140625 111.2823638916015625 97.05612945556640625 120.267364501953125 136.943328857421875 160.0420684814453125 104.9565582275390625 92.589141845703125 94.24732208251953125 96.954803466796875 83.37604522705078125 85.40349578857421875 83.81801605224609375 82.94354248046875 80.267059326171875 79.79602813720703125 89.4732666015625 123.4449920654296875 137.4384765625 139.8073883056640625 97.99358367919921875 73.2924041748046875 89.3797149658203125 149.104156494140625 119.75484466552734375 103.0302581787109375 79.07408905029296875 71.3613739013671875 71.97393798828125 73.13469696044921875 74.4636688232421875 69.0211334228515625 67.95824432373046875 71.2489471435546875 68.84752655029296875 65.221832275390625 64.36954498291015625 68.09346771240234375 75.74208831787109375 94.0990447998046875 103.10315704345703125 101.70372772216796875 89.78028106689453125
122.0122528076171875 124.9025726318359375 113.86060333251953125 103.40184783935546875 95.29915618896484375 121.36981201171875 103.9835052490234375 90.6057281494140625 98.045562744140625 139.533294677734375 109.17133331298828125 99.20281219482421875 87.5187530517578125 87.18389892578125 88.94146728515625 88.0468902587890625 79.95711517333984375 74.7390594482421875 89.68825531005859375 127.4720001220703125 98.18868255615234375 73.683135986328125 88.7361297607421875 155.2118988037109375 174.5117645263671875 164.9309539794921875 121.04581451416015625 94.9798583984375 67.9206695556640625 68.62987518310546875 72.59423828125 73.0890655517578125 70.80422210693359375 67.0279388427734375 70.90355682373046875 71.2945556640625 69.1414031982421875 69.06787872314453125 72.0956573486328125 116.083984375 148.685943603515625 120.38080596923828125 110.119873046875 95.80457305908203125
117.3773040771484375 119.8256683349609375 114.92392730712890625 96.4149017333984375 89.725006103515625 87.853546142578125 87.29361724853515625 98.56195831298828125 145.5326690673828125 151.3621368408203125 144.5687408447265625 110.98529052734375 101.287261962890625 95.7514495849609375 93.0804595947265625 87.0721435546875 86.29929351806640625 83.31813812255859375 77.87890625 84.8140716552734375 70.559356689453125 83.31313323974609375 133.7296142578125 149.98382568359375 178.760284423828125 181.214752197265625 158.28350830078125 84.534759521484375 68.661407470703125 68.469207763671875 71.04830169677734375 71.82022857666015625 66.84674835205078125 67.6287384033203125 66.32965850830078125 71.9764404296875 71.499725341796875 72.84023284912109375 109.1629486083984375 166.7447967529296875 184.5533905029296875 167.46722412109375 119.7017974853515625 93.9665679931640625
101.9350433349609375 112.45800018310546875 94.85669708251953125 89.587554931640625 84.47147369384765625 84.83180999755859375 88.5220794677734375 126.38245391845703125 140.633270263671875 152.9483642578125 154.01092529296875 140.8172607421875 97.0866546630859375 94.937286376953125 94.81443023681640625 96.772430419921875 101.55899810791015625 87.96744537353515625 76.7252960205078125 67.79032135009765625 70.66968536376953125 74.32598876953125 91.72647857666015625 144.1513671875 161.2392578125 165.4736785888671875 95.07807159423828125 76.499847412109375 73.644622802734375 71.04628753662109375 70.38134002685546875 68.27352142333984375 65.53914642333984375 62.487934112548828125 65.450347900390625 67.7707366943359375 71.201446533203125 96.15512847900390625 147.8870086669921875 170.8994140625 185.388763427734375 186.66827392578125 142.62646484375 86.4140777587890625
94.21051025390625 92.33713531494140625 92.15613555908203125 85.71219635009765625 82.56695556640625 79.55283355712890625 82.31674957275390625 87.68918609619140625 122.9171142578125 140.1237640380859375 142.7591552734375 97.5304107666015625 89.4503326416015625 90.55367279052734375 99.78098297119140625 114.313232421875 113.153289794921875 95.48390960693359375 76.38164520263671875 73.06241607666015625 71.57488250732421875 77.519439697265625 86.50208282470703125 106.9082794189453125 139.6999664306640625 98.64011383056640625 86.69474029541015625 81.51602935791015625 85.74616241455078125 79.44818878173828125 75.43480682373046875 74.6481170654296875 64.81960296630859375 63.97313690185546875 64.15245819091796875 67.207366943359375 65.77202606201171875 76.3436737060546875 105.77373504638671875 152.7010955810546875 169.501068115234375 141.8339996337890625 90.21533966064453125 74.3053741455078125
91.6839599609375 94.0723114013671875 110.951812744140625 98.1132354736328125 84.1299591064453125 77.3321533203125 75.8344879150390625 74.47939300537109375 85.456756591796875 121.9943389892578125 92.56693267822265625 86.59363555908203125 90.76178741455078125 98.724151611328125 110.97971343994140625 112.262908935546875 113.015411376953125 104.86809539794921875 90.861663818359375 71.804443359375 74.8596038818359375 84.64954376220703125 91.545196533203125 98.3524627685546875 96.35311126708984375 88.33483123779296875 85.5045318603515625 102.46331787109375 95.836669921875 90.5089263916015625 80.297088623046875 74.46141815185546875 70.75780487060546875 66.52698516845703125 71.5249481201171875 64.88932037353515625 65.81487274169921875 68.73737335205078125 74.08856964111328125 102.597076416015625 117.93375396728515625 80.8701324462890625 72.4373321533203125 67.63152313232421875
99.755584716796875 137.318359375 141.336944580078125 116.706024169921875 91.31011199951171875 78.2476654052734375 71.4671173095703125 69.02978515625 76.69649505615234375 79.94545745849609375 82.15990447998046875 88.08666229248046875 90.224761962890625 93.2147674560546875 99.52190399169921875 111.9844512939453125 110.4191131591796875 101.68602752685546875 79.5000762939453125 74.604339599609375 76.64459991455078125 88.63939666748046875 96.1182098388671875 94.73175811767578125 94.82056427001953125 92.31339263916015625 108.22389984130859375 107.36388397216796875 110.2087554931640625 96.7994537353515625 87.9371490478515625 72.8086395263671875 70.8009033203125 73.81795501708984375 69.0080108642578125 70.75244140625 66.1306915283203125 66.790069580078125 65.39665985107421875 70.113739013671875 66.8703765869140625 65.1640625 64.392333984375 66.156463623046875
136.6251678466796875 164.9586334228515625 167.5039520263671875 138.1713104248046875 104.72351837158203125 80.1734771728515625 72.4293060302734375 67.53376007080078125 69.41278076171875 74.1255035400390625 84.6737823486328125 86.29637908935546875 89.36566162109375 91.279876708984375 95.39844512939453125 101.993560791015625 103.83734893798828125 91.36190032958984375 81.26781463623046875 78.83599090576171875 85.14368438720703125 87.38642120361328125 96.3437347412109375 93.87017822265625 92.99001312255859375 103.38287353515625 108.96298980712890625 114.56258392333984375 111.0503997802734375 102.85124969482421875 79.726776123046875 70.3374786376953125 71.20550537109375 71.7505950927734375 71.39636993408203125 69.95008087158203125 69.78867340087890625 68.01436614990234375 70.32830047607421875 65.04041290283203125 65.0296478271484375 64.73809051513671875 62.570789337158203125 66.62607574462890625
143.4631500244140625 160.729949951171875 164.6191558837890625 156.414520263671875 107.41872406005859375 76.502197265625 68.8994293212890625 68.962738037109375 67.84175872802734375 75.85108184814453125 83.27703094482421875 87.92333221435546875 91.20220184326171875 94.86995697021484375 95.0815887451171875 94.4695892333984375 96.88939666748046875 93.7827911376953125 86.97772979736328125 86.98748779296875 88.333526611328125 87.0672454833984375 89.92523193359375 96.345184326171875 98.3007049560546875 96.01483917236328125 105.46366119384765625 112.88555145263671875 113.47821807861328125 86.511810302734375 73.5820465087890625 69.9640350341796875 69.9262542724609375 73.68581390380859375 76.0255279541015625 70.920166015625 65.72151947021484375 74.4980316162109375 75.517303466796875 71.2490692138671875 69.89377593994140625 67.40621185302734375 64.370269775390625 64.94470977783203125
127.06534576416015625 144.4388580322265625 156.5341339111328125 115.80336761474609375 88.638824462890625 75.99149322509765625 71.10314178466796875 68.62774658203125 70.84078216552734375 79.3924713134765625 86.9142303466796875 92.85984039306640625 94.5899658203125 95.07381439208984375 96.35332489013671875 94.83818817138671875 97.32157135009765625 91.69847869873046875 89.52475738525390625 88.47733306884765625 86.89296722412109375 86.40497589111328125 87.303497314453125 89.8046417236328125 91.3599853515625 92.149017333984375 94.89356231689453125 103.23336029052734375 89.07086181640625 80.74800872802734375 73.34084320068359375 73.5465087890625 71.5285491943359375 71.989227294921875 75.992431640625 74.45925140380859375 74.17041015625 73.44205474853515625 78.9324493408203125 78.31102752685546875 76.0957794189453125 69.32726287841796875 66.00196075439453125 67.524749755859375
