ForecastVariables/LightPollution_Blue_100m_100percent/LightPollutionBlue_100_Random2.asc
ncols        529
nrows        344
xllcorner    2700.000000000000
yllcorner    15900.000000000000
cellsize     100.000000000000
NODATA_value  -3.4028234663852885981e+38
[rows 198 to 215 of 344, columns 369 to 409 of 529]
5.6645092964172363281 7.5975542068481445312 6.5170230865478515625 6.3690023422241210938 9.0187826156616210938 11.366511344909667969 5.6022191047668457031 7.0676698684692382812 4.3470444679260253906 11.247989654541015625 27.802242279052734375 5.8102679252624511719 6.6909337043762207031 5.1782145500183105469 4.5378308296203613281 4.3347105979919433594 7.1799521446228027344 6.113018035888671875 5.3676352500915527344 5.0518012046813964844 8.090351104736328125 7.0039982795715332031 8.4095315933227539062 6.6398749351501464844 5.1125774383544921875 4.491729736328125 5.5947537422180175781 5.3960576057434082031 4.5828180313110351562 6.9766774177551269531 3.8385250568389892578 12.388789176940917969 13.326623916625976562 7.1096692085266113281 4.7537636756896972656 7.2309565544128417969 6.1859011650085449219 4.5382080078125 7.5757818222045898438 7.5513811111450195312 7.1806421279907226562
6.2706122398376464844 16.543243408203125 10.57303619384765625 5.3783144950866699219 6.0676245689392089844 10.667982101440429688 6.398052215576171875 3.8976650238037109375 6.9505395889282226562 9.8920764923095703125 11.750654220581054688 7.430694580078125 5.7631678581237792969 4.5198450088500976562 5.89641571044921875 6.0980496406555175781 5.9350905418395996094 5.6949176788330078125 7.0677404403686523438 5.9609193801879882812 6.4018950462341308594 7.0815815925598144531 5.6506915092468261719 5.083568572998046875 5.2238397598266601562 5.1510472297668457031 6.8295984268188476562 7.2724404335021972656 5.3611207008361816406 3.9082174301147460938 5.3414678573608398438 12.44797515869140625 10.216570854187011719 5.440093994140625 5.62548828125 5.0544190406799316406 5.7770428657531738281 7.2509942054748535156 11.763118743896484375 28.513031005859375 17.096448898315429688
5.1543865203857421875 5.3181405067443847656 5.1594448089599609375 5.5073709487915039062 4.6498160362243652344 6.4184699058532714844 5.9697208404541015625 6.374664306640625 6.4232654571533203125 3.9537916183471679688 4.7364683151245117188 5.9381108283996582031 5.4489398002624511719 5.8770537376403808594 6.3414640426635742188 7.0392217636108398438 6.6894922256469726562 5.9953780174255371094 6.1111268997192382812 5.3852505683898925781 6.1807460784912109375 4.6865220069885253906 4.9362325668334960938 6.8184032440185546875 7.518474578857421875 4.9653372764587402344 3.9890809059143066406 4.4064717292785644531 5.6452755928039550781 5.1229300498962402344 4.1602487564086914062 5.174549102783203125 5.3127398490905761719 4.3901677131652832031 5.9568438529968261719 8.5163021087646484375 4.34487152099609375 5.2273650169372558594 8.8598718643188476562 14.417731285095214844 9.7492771148681640625
5.3462862968444824219 5.5807785987854003906 6.4978623390197753906 7.6328701972961425781 5.6968932151794433594 5.4023051261901855469 5.61611175537109375 6.9829277992248535156 4.3499445915222167969 7.0584836006164550781 6.3636517524719238281 6.2950725555419921875 5.06076812744140625 8.3003911972045898438 15.344794273376464844 21.595417022705078125 8.3396472930908203125 7.9790964126586914062 8.7193517684936523438 4.1699981689453125 3.9361784458160400391 7.0035858154296875 6.153316497802734375 15.240178108215332031 14.626306533813476562 8.249553680419921875 5.3885598182678222656 5.7326717376708984375 5.0621352195739746094 6.1313662528991699219 4.5617742538452148438 6.3600506782531738281 4.9152865409851074219 5.5969777107238769531 5.1015419960021972656 6.0318775177001953125 9.039943695068359375 5.2709817886352539062 6.8956766128540039062 6.3757834434509277344 6.37192535400390625
4.9200658798217773438 3.9274392127990722656 5.5231947898864746094 5.1259355545043945312 4.2636213302612304688 3.9915201663970947266 6.3656067848205566406 8.1023130416870117188 13.136457443237304688 5.7118153572082519531 6.3659296035766601562 7.3466935157775878906 4.6315026283264160156 7.6580071449279785156 14.224081039428710938 6.9555377960205078125 5.9508986473083496094 6.3374781608581542969 3.7861182689666748047 4.7086019515991210938 6.336704254150390625 7.7886290550231933594 9.3008546829223632812 42.917751312255859375 10.703861236572265625 8.359127044677734375 7.1505074501037597656 7.2739086151123046875 7.11672210693359375 7.9685206413269042969 5.9440760612487792969 4.3617916107177734375 3.117221832275390625 4.1794619560241699219 4.8858609199523925781 5.1707892417907714844 7.3703832626342773438 6.0189986228942871094 6.4888205528259277344 6.6565952301025390625 4.4292840957641601562
4.2202048301696777344 5.3608183860778808594 5.2258443832397460938 4.6996622085571289062 5.5600714683532714844 5.9445519447326660156 27.008916854858398438 17.772411346435546875 9.6428251266479492188 6.4901590347290039062 7.1490836143493652344 6.168354034423828125 4.8543262481689453125 3.2211186885833740234 4.7345824241638183594 5.1628770828247070312 7.0420079231262207031 3.6827766895294189453 5.4502167701721191406 8.6131124496459960938 8.67736053466796875 5.5431160926818847656 6.686649322509765625 8.7786159515380859375 6.5895600318908691406 6.6423735618591308594 5.8582568168640136719 8.0944976806640625 6.5071773529052734375 6.392154693603515625 5.7287011146545410156 5.9458088874816894531 4.6070489883422851562 5.308048248291015625 5.4275965690612792969 4.7507338523864746094 6.0149264335632324219 4.9926586151123046875 5.23783111572265625 7.5173735618591308594 5.9467368125915527344
5.2071170806884765625 5.7522034645080566406 5.9532599449157714844 5.0220851898193359375 6.3910975456237792969 5.627471923828125 9.880023956298828125 6.5632586479187011719 7.3008852005004882812 5.8317956924438476562 5.0308332443237304688 6.5529637336730957031 4.0102076530456542969 4.8734979629516601562 6.8998999595642089844 3.8271017074584960938 5.0188999176025390625 5.6756258010864257812 7.568935394287109375 26.600101470947265625 6.9366202354431152344 7.1268095970153808594 8.6443071365356445312 4.9617781639099121094 6.7011942863464355469 5.2354450225830078125 7.4747314453125 6.1549715995788574219 5.3932638168334960938 6.1453108787536621094 8.309734344482421875 5.7826938629150390625 3.819217681884765625 5.3189463615417480469 6.8923311233520507812 7.28814697265625 6.4039196968078613281 5.8278746604919433594 7.8801507949829101562 6.8383316993713378906 7.2034153938293457031
5.7918705940246582031 5.1912837028503417969 5.3804445266723632812 4.3549795150756835938 5.8079576492309570312 5.4135293960571289062 6.9086375236511230469 6.0117893218994140625 5.1986269950866699219 5.2047252655029296875 5.7313542366027832031 5.0008263587951660156 5.4122881889343261719 5.3150472640991210938 5.6668634414672851562 5.230194091796875 5.0414366722106933594 7.1229429244995117188 7.2452635765075683594 6.3765902519226074219 6.3799657821655273438 6.8401212692260742188 6.4737114906311035156 6.0858988761901855469 7.666477203369140625 5.571563720703125 6.7904343605041503906 7.3708591461181640625 6.4756960868835449219 5.153728485107421875 6.5548167228698730469 7.503154754638671875 3.6347455978393554688 7.7767195701599121094 5.0645494461059570312 7.5940313339233398438 8.5551767349243164062 7.7632837295532226562 6.1640758514404296875 5.5470061302185058594 7.3713369369506835938
8.4661760330200195312 5.0843343734741210938 6.9111394882202148438 5.7322978973388671875 6.2784667015075683594 8.475032806396484375 8.7445240020751953125 8.1139621734619140625 5.4378819465637207031 6.3317780494689941406 6.8635153770446777344 7.4674897193908691406 6.6542987823486328125 5.2267818450927734375 6.5371613502502441406 4.7609925270080566406 5.5869803428649902344 6.0277915000915527344 4.9467120170593261719 4.8017725944519042969 5.1993184089660644531 4.7076816558837890625 4.3560247421264648438 6.4648990631103515625 5.5029854774475097656 6.6362428665161132812 7.4818544387817382812 7.4796833992004394531 7.1274266242980957031 6.0984196662902832031 9.497982025146484375 7.8599886894226074219 3.7895178794860839844 5.8608074188232421875 7.2247190475463867188 7.2493844032287597656 7.4766736030578613281 7.1162557601928710938 8.154788970947265625 9.2095098495483398438 6.4561414718627929688
6.5787744522094726562 5.1968412399291992188 8.697078704833984375 5.5387120246887207031 7.8326940536499023438 4.7818875312805175781 6.9572696685791015625 5.4334206581115722656 5.1661739349365234375 7.4385738372802734375 3.6868679523468017578 6.52740478515625 5.3144235610961914062 5.6828980445861816406 4.6767506599426269531 5.399425506591796875 4.2098546028137207031 5.249423980712890625 5.6476702690124511719 4.6416563987731933594 5.2074232101440429688 4.9608240127563476562 4.2004704475402832031 5.0253663063049316406 6.4145913124084472656 4.0136747360229492188 4.6825003623962402344 7.3323144912719726562 11.409664154052734375 18.50247955322265625 21.84183502197265625 10.684412002563476562 6.3685398101806640625 7.3964228630065917969 5.6788592338562011719 5.9864115715026855469 6.1379113197326660156 6.3006610870361328125 7.921417236328125 8.5576534271240234375 7.1643977165222167969
5.7763032913208007812 6.8959980010986328125 6.0455718040466308594 6.2316079139709472656 4.0920872688293457031 6.9444394111633300781 5.5850157737731933594 7.1851449012756347656 6.8374743461608886719 7.6527514457702636719 6.0911073684692382812 5.6705489158630371094 6.1390604972839355469 7.8811392784118652344 4.0531926155090332031 5.540863037109375 4.223781585693359375 7.5422220230102539062 6.4312043190002441406 5.2495903968811035156 4.4069266319274902344 4.3996348381042480469 4.8987741470336914062 5.9838976860046386719 7.3824620246887207031 6.3648715019226074219 7.3491735458374023438 6.2359681129455566406 42.761394500732421875 19.980936050415039062 7.5400757789611816406 4.8765053749084472656 10.160553932189941406 6.1023988723754882812 5.6438846588134765625 5.5600185394287109375 8.2591238021850585938 6.0401144027709960938 7.3323335647583007812 7.2355408668518066406 8.2570142745971679688
6.7587080001831054688 6.1527953147888183594 6.6497168540954589844 6.3733549118041992188 10.44017791748046875 16.059032440185546875 7.0676603317260742188 7.5970325469970703125 6.5279855728149414062 7.648632049560546875 8.0120286941528320312 7.6311278343200683594 4.7342219352722167969 5.6959891319274902344 5.5102057456970214844 6.4031047821044921875 4.3446445465087890625 6.7252240180969238281 5.709743499755859375 6.19095611572265625 4.4404230117797851562 5.1348276138305664062 5.5888190269470214844 7.7537336349487304688 6.1374959945678710938 6.0952625274658203125 8.0523357391357421875 7.8269777297973632812 9.5294647216796875 7.4836449623107910156 5.6660943031311035156 5.2851424217224121094 4.8936972618103027344 7.9267449378967285156 6.5586571693420410156 6.5844297409057617188 6.8116292953491210938 6.0925006866455078125 6.9310698509216308594 8.943378448486328125 8.6150445938110351562
4.5202164649963378906 5.3638134002685546875 4.8430957794189453125 20.904607772827148438 29.800579071044921875 7.8133220672607421875 6.3601894378662109375 7.5532031059265136719 7.9468102455139160156 7.9452953338623046875 7.7920408248901367188 7.6186776161193847656 4.8420386314392089844 4.4691686630249023438 3.9252347946166992188 4.7026133537292480469 7.4310746192932128906 10.128304481506347656 7.2638196945190429688 4.2603769302368164062 5.4575681686401367188 5.8134388923645019531 8.2222080230712890625 6.33036041259765625 5.4290127754211425781 5.2399749755859375 3.7282085418701171875 6.3123188018798828125 5.9514079093933105469 6.5563769340515136719 6.8533492088317871094 6.2685842514038085938 4.9855656623840332031 6.9987077713012695312 5.1575074195861816406 6.3420081138610839844 8.891143798828125 7.8562412261962890625 7.2146115303039550781 7.2289400100708007812 6.2916135787963867188
5.6153802871704101562 3.2324459552764892578 5.9326796531677246094 7.2152447700500488281 5.7673597335815429688 5.0493631362915039062 5.9624581336975097656 5.6168503761291503906 6.8326296806335449219 6.0536098480224609375 6.8228774070739746094 5.9981141090393066406 6.7039098739624023438 3.9600806236267089844 3.1736493110656738281 7.1299376487731933594 13.55425262451171875 14.435406684875488281 5.1313090324401855469 6.1276021003723144531 7.0604848861694335938 5.902805328369140625 5.5688724517822265625 5.3088293075561523438 6.2745199203491210938 6.7155928611755371094 3.8248150348663330078 3.6518375873565673828 6.6698174476623535156 4.3271269798278808594 7.517261505126953125 6.2334189414978027344 5.6165528297424316406 5.2505307197570800781 5.0837564468383789062 5.4596571922302246094 6.7031116485595703125 6.8920307159423828125 7.5482187271118164062 5.6274900436401367188 5.1785511970520019531
7.6493678092956542969 4.369510650634765625 5.6465153694152832031 4.7558465003967285156 6.3112530708312988281 6.7785592079162597656 6.6815428733825683594 6.1646523475646972656 5.5560278892517089844 6.0666623115539550781 6.1912236213684082031 6.0230488777160644531 8.1148672103881835938 5.6114964485168457031 5.8696918487548828125 25.683843612670898438 39.48305511474609375 12.22879791259765625 5.4495100975036621094 6.3345661163330078125 4.9794054031372070312 4.5728282928466796875 5.1935272216796875 4.5832171440124511719 4.6356921195983886719 6.1921710968017578125 5.1383252143859863281 3.3526873588562011719 5.0575933456420898438 5.2950162887573242188 6.0296235084533691406 5.4177703857421875 3.5528087615966796875 4.0073151588439941406 6.2233667373657226562 5.2362313270568847656 4.9801311492919921875 4.9292168617248535156 3.9144222736358642578 6.2920269966125488281 5.1089005470275878906
7.4824271202087402344 5.3215565681457519531 6.0183362960815429688 5.2595968246459960938 5.7315540313720703125 6.6011524200439453125 7.4625291824340820312 7.9885945320129394531 8.09253692626953125 7.2394595146179199219 5.7359600067138671875 7.2996010780334472656 5.5261120796203613281 3.8333055973052978516 6.4103379249572753906 11.142059326171875 11.450937271118164062 4.7172555923461914062 3.9007217884063720703 5.389636993408203125 4.8469595909118652344 4.4071984291076660156 7.1477847099304199219 12.618262290954589844 5.1307535171508789062 5.2045140266418457031 4.8194665908813476562 4.5126547813415527344 5.797405242919921875 7.0886373519897460938 11.801998138427734375 7.7526226043701171875 6.4726781845092773438 5.6790356636047363281 6.7074575424194335938 6.067901611328125 6.4217395782470703125 6.2421169281005859375 6.9697928428649902344 4.82498931884765625 5.0558648109436035156
15.806005477905273438 8.575237274169921875 6.8449330329895019531 6.3595900535583496094 6.3704619407653808594 8.3064594268798828125 8.5590906143188476562 11.516943931579589844 7.1095819473266601562 6.3462052345275878906 6.5122628211975097656 6.0380673408508300781 7.534030914306640625 6.4170694351196289062 7.0364375114440917969 6.0677704811096191406 5.8299541473388671875 5.2605905532836914062 4.9546003341674804688 4.9576029777526855469 4.3701815605163574219 19.4589080810546875 29.268503189086914062 16.030284881591796875 6.6264448165893554688 5.1990728378295898438 4.3501262664794921875 4.3717813491821289062 7.5755567550659179688 31.988780975341796875 15.825425148010253906 7.9175825119018554688 6.3463487625122070312 6.8586397171020507812 6.5187549591064453125 11.687237739562988281 10.226996421813964844 7.0270099639892578125 4.2214260101318359375 5.3522272109985351562 6.0662436485290527344
8.7822551727294921875 6.1282677650451660156 7.2423486709594726562 5.5787897109985351562 7.5512380599975585938 15.001477241516113281 25.561504364013671875 7.4401402473449707031 6.6481218338012695312 8.10749053955078125 6.5924677848815917969 7.9052000045776367188 7.1130127906799316406 8.3237085342407226562 8.1909961700439453125 6.9664006233215332031 8.4254207611083984375 5.0493340492248535156 5.9317507743835449219 4.2775759696960449219 5.2989177703857421875 7.4795436859130859375 6.1622300148010253906 5.8896164894104003906 5.0198163986206054688 5.5188298225402832031 5.438114166259765625 5.5371265411376953125 3.6225914955139160156 6.2754268646240234375 7.9529757499694824219 5.3842978477478027344 7.6837339401245117188 5.0897874832153320312 8.0513010025024414062 59.615142822265625 40.68691253662109375 7.8896131515502929688 4.6593990325927734375 7.7131438255310058594 4.46834564208984375
