ForecastVariables/LightPollution_Blue_100m_100percent/LightPollutionBlue_100_Random2.asc
ncols        529
nrows        344
xllcorner    2700.000000000000
yllcorner    15900.000000000000
cellsize     100.000000000000
NODATA_value  -3.4028234663852885981e+38
[rows 144 to 161 of 344, columns 164 to 204 of 529]
45.089694976806640625 170.480804443359375 234.602630615234375 107.82224273681640625 19.953746795654296875 28.27036285400390625 101.89167022705078125 175.2523651123046875 85.06793212890625 35.467540740966796875 8.5669879913330078125 8.5768260955810546875 32.12146759033203125 60.487152099609375 68.85391998291015625 62.318416595458984375 14.952816009521484375 77.49771881103515625 95.8244171142578125 78.387542724609375 23.860441207885742188 132.10137939453125 128.014251708984375 70.23464202880859375 218.6062774658203125 53.130474090576171875 32.56024932861328125 147.2318115234375 176.26617431640625 84.42183685302734375 67.6909942626953125 58.85720062255859375 31.283605575561523438 37.38165283203125 10.930779457092285156 39.461612701416015625 11.249564170837402344 8.01911163330078125 43.576267242431640625 14.4716033935546875 35.96166229248046875
41.876918792724609375 38.006175994873046875 100.25732421875 105.61971282958984375 36.660327911376953125 18.63645172119140625 85.5649566650390625 133.95220947265625 82.14832305908203125 45.32732391357421875 31.820140838623046875 40.25330352783203125 66.43512725830078125 82.4621734619140625 76.4494781494140625 72.6092071533203125 13.865452766418457031 107.25970458984375 41.594905853271484375 6.8086304664611816406 103.2810211181640625 108.28078460693359375 84.15932464599609375 126.78456878662109375 128.09185791015625 268.56634521484375 90.92139434814453125 188.5945892333984375 166.68597412109375 135.79815673828125 53.9934844970703125 51.305385589599609375 8.2106046676635742188 9.6497430801391601562 35.241168975830078125 12.399251937866210938 45.7045135498046875 32.55574798583984375 38.5214691162109375 14.194231033325195312 38.537731170654296875
155.5805511474609375 42.6699676513671875 120.10976409912109375 102.49599456787109375 146.496551513671875 135.3442230224609375 164.3112640380859375 116.8003082275390625 83.14521026611328125 71.16953277587890625 49.646114349365234375 38.982471466064453125 13.209023475646972656 54.18084716796875 56.040950775146484375 8.5802049636840820312 42.89453125 81.2737274169921875 45.39019012451171875 54.22917938232421875 115.414520263671875 42.35311126708984375 19.199083328247070312 28.491687774658203125 97.588623046875 90.16944122314453125 107.2196197509765625 111.94171905517578125 177.097442626953125 92.8192596435546875 46.2293548583984375 49.888080596923828125 91.470855712890625 8.5403919219970703125 29.829923629760742188 33.342559814453125 34.195354461669921875 41.031646728515625 31.141040802001953125 250.2425689697265625 126.51863861083984375
153.8413543701171875 54.45795440673828125 144.1325836181640625 76.07001495361328125 106.90773773193359375 139.1511383056640625 147.430145263671875 108.7811431884765625 93.03815460205078125 56.370471954345703125 9.0211162567138671875 8.7401113510131835938 13.322587013244628906 47.90234375 51.418609619140625 42.05290985107421875 42.888149261474609375 69.88885498046875 66.41378021240234375 82.7827606201171875 122.238037109375 111.212158203125 98.10532379150390625 88.7946929931640625 17.007598876953125 57.8451690673828125 147.4326171875 121.05998992919921875 213.1982879638671875 104.31073760986328125 83.1088714599609375 90.10089111328125 43.619709014892578125 29.447721481323242188 43.81195831298828125 46.064922332763671875 96.54927825927734375 41.28804779052734375 53.332118988037109375 156.572357177734375 73.32869720458984375
75.7673492431640625 89.87599945068359375 136.0284423828125 117.1822967529296875 122.24102020263671875 30.5766143798828125 46.812923431396484375 112.667938232421875 48.370296478271484375 9.4652099609375 7.6292881965637207031 7.8804287910461425781 54.90822601318359375 58.8504791259765625 46.928985595703125 62.43372344970703125 28.219915390014648438 104.2866363525390625 67.034423828125 68.7313995361328125 79.9712066650390625 49.4250335693359375 12.635148048400878906 12.693838119506835938 84.241607666015625 125.62783050537109375 168.5737457275390625 89.2035369873046875 180.583160400390625 132.25390625 75.536865234375 54.4037322998046875 73.23435211181640625 276.70599365234375 11.021312713623046875 65.4405364990234375 58.813800811767578125 68.2745513916015625 41.06756591796875 39.997196197509765625 107.18080902099609375
41.27204132080078125 19.337186813354492188 67.53411865234375 58.812763214111328125 70.9353790283203125 115.10546112060546875 173.022369384765625 162.025970458984375 55.371265411376953125 12.290912628173828125 9.3259067535400390625 7.6010689735412597656 45.15349578857421875 54.219257354736328125 67.2693023681640625 64.64015960693359375 23.716320037841796875 101.8969573974609375 54.928913116455078125 10.564519882202148438 10.185080528259277344 54.924713134765625 11.874762535095214844 52.4931793212890625 139.9979248046875 179.51556396484375 64.7859344482421875 119.91168212890625 79.70673370361328125 66.29976654052734375 55.233898162841796875 42.97785186767578125 145.26800537109375 114.601654052734375 76.3489227294921875 22.9607086181640625 70.0712890625 69.5022430419921875 50.341167449951171875 42.2472076416015625 41.153408050537109375
28.808607101440429688 18.853307723999023438 16.038759231567382812 18.52927398681640625 89.77313232421875 86.78118133544921875 158.4882659912109375 161.37371826171875 134.361907958984375 77.7225799560546875 41.367542266845703125 6.8819570541381835938 6.56847381591796875 47.116729736328125 58.955219268798828125 65.31804656982421875 77.99266815185546875 63.939304351806640625 60.989269256591796875 63.32028961181640625 56.092418670654296875 51.8797149658203125 74.64592742919921875 170.046417236328125 141.401275634765625 22.004468917846679688 43.446041107177734375 137.128082275390625 109.84027099609375 32.74408721923828125 38.063945770263671875 68.79616546630859375 114.31668853759765625 46.726497650146484375 72.82794952392578125 166.27630615234375 91.53338623046875 132.6301727294921875 74.20310211181640625 49.016674041748046875 41.7865447998046875
10.140595436096191406 17.06339263916015625 18.00222015380859375 16.529584884643554688 64.6776580810546875 162.062591552734375 215.4926910400390625 172.019744873046875 14.469458580017089844 13.541378021240234375 136.8413238525390625 45.547962188720703125 41.576816558837890625 57.244251251220703125 66.82849884033203125 71.5754241943359375 13.185883522033691406 54.67560577392578125 62.13771820068359375 68.2288970947265625 70.5762786865234375 114.16327667236328125 154.233367919921875 168.6551513671875 95.613616943359375 13.973695755004882812 14.572459220886230469 143.5109100341796875 54.54251861572265625 37.98920440673828125 41.58917999267578125 37.564067840576171875 98.6245880126953125 47.36321258544921875 38.82079315185546875 15.0930938720703125 131.87103271484375 176.7863311767578125 109.59883880615234375 148.8874359130859375 92.901031494140625
33.8742523193359375 17.414583206176757812 23.770078659057617188 19.155755996704101562 82.12432098388671875 149.88275146484375 168.5308380126953125 10.036198616027832031 13.174802780151367188 102.81815338134765625 174.875640869140625 161.854888916015625 133.620880126953125 65.6527557373046875 71.36055755615234375 56.7218170166015625 14.595398902893066406 57.00002288818359375 97.13092041015625 129.782135009765625 144.2149505615234375 98.94571685791015625 15.447865486145019531 26.467378616333007812 24.651294708251953125 28.91730499267578125 133.404266357421875 147.047943115234375 37.0109405517578125 63.974330902099609375 45.0077362060546875 41.92832183837890625 88.06902313232421875 28.56742095947265625 10.971982955932617188 19.088165283203125 115.8740692138671875 30.3961181640625 15.374852180480957031 76.72678375244140625 132.90582275390625
23.504947662353515625 14.403401374816894531 15.574278831481933594 41.943389892578125 157.6424713134765625 158.251251220703125 157.15753173828125 38.486480712890625 13.28798675537109375 15.018834114074707031 10.615553855895996094 135.4088287353515625 148.947509765625 103.58032989501953125 117.65625762939453125 132.9775390625 156.0132904052734375 139.0666961669921875 115.688629150390625 75.8021697998046875 17.79656982421875 16.18563079833984375 15.430444717407226562 29.439271926879882812 42.946269989013671875 15.990839958190917969 48.227783203125 142.70648193359375 111.01220703125 69.2935791015625 106.54698944091796875 27.247690200805664062 65.84510040283203125 54.338531494140625 110.30792236328125 60.148090362548828125 93.37744140625 20.530820846557617188 86.8660888671875 76.73682403564453125 46.658489227294921875
16.760366439819335938 9.93865966796875 61.287471771240234375 29.20296478271484375 288.7669677734375 78.8646240234375 58.6134490966796875 33.278881072998046875 18.535718917846679688 13.330840110778808594 17.595804214477539062 115.087738037109375 110.90193939208984375 59.324222564697265625 100.2969207763671875 102.31722259521484375 49.34685516357421875 25.28517913818359375 20.534673690795898438 25.980340957641601562 27.030517578125 15.451093673706054688 13.080960273742675781 12.303946495056152344 40.37420654296875 16.80843353271484375 13.164447784423828125 130.8292999267578125 53.57471466064453125 182.3788909912109375 78.7411346435546875 200.8151092529296875 185.8981475830078125 124.58465576171875 106.98484039306640625 139.2771759033203125 178.0069732666015625 40.07474517822265625 67.3213653564453125 41.46576690673828125 52.854396820068359375
15.014872550964355469 14.5978851318359375 77.1457977294921875 112.91898345947265625 17.791193008422851562 29.598859786987304688 27.941610336303710938 44.52129364013671875 20.805616378784179688 22.553070068359375 16.677215576171875 102.40665435791015625 87.6873931884765625 179.875244140625 31.757730484008789062 19.465343475341796875 8.8629102706909179688 30.25685882568359375 25.207798004150390625 14.554369926452636719 20.855310440063476562 17.849115371704101562 10.606435775756835938 22.20383453369140625 21.528539657592773438 12.524988174438476562 11.53556060791015625 158.5055389404296875 82.76039886474609375 80.1270599365234375 23.541681289672851562 120.18135833740234375 84.1833648681640625 182.596099853515625 39.767242431640625 19.987535476684570312 56.40143585205078125 67.4673004150390625 50.435039520263671875 68.779205322265625 54.030834197998046875
21.897312164306640625 244.5327606201171875 69.35115814208984375 32.813629150390625 87.90192413330078125 367.937652587890625 56.903411865234375 87.36760711669921875 24.254102706909179688 60.423770904541015625 33.853954315185546875 119.71361541748046875 78.13585662841796875 156.526702880859375 77.34157562255859375 21.57012176513671875 40.7080841064453125 48.09680938720703125 157.7397918701171875 84.845489501953125 26.290485382080078125 34.15338897705078125 29.088375091552734375 38.62416839599609375 24.644344329833984375 59.01227569580078125 136.2856292724609375 57.0267486572265625 103.9882354736328125 89.25461578369140625 207.813507080078125 216.630950927734375 78.35106658935546875 103.73471832275390625 63.57110595703125 182.15777587890625 50.6368560791015625 177.3676605224609375 160.5917205810546875 52.29815673828125 7.373989105224609375
69.61974334716796875 81.25508880615234375 75.28395843505859375 31.329908370971679688 24.511791229248046875 31.191057205200195312 35.24431610107421875 32.413341522216796875 33.09745025634765625 114.3621368408203125 151.987945556640625 145.024505615234375 64.8010406494140625 388.927001953125 35.153766632080078125 86.33875274658203125 45.16291046142578125 41.015392303466796875 16.788244247436523438 104.023956298828125 142.14471435546875 198.150177001953125 12.778771400451660156 48.163082122802734375 48.401065826416015625 190.12725830078125 102.96799468994140625 61.23738861083984375 16.348804473876953125 76.09979248046875 84.4706573486328125 33.631496429443359375 209.72991943359375 120.45923614501953125 252.2478790283203125 29.012495040893554688 150.5337982177734375 388.793914794921875 16.986623764038085938 34.755764007568359375 48.1689453125
36.621212005615234375 50.887340545654296875 9.0012178421020507812 30.69156646728515625 52.045318603515625 39.3906402587890625 72.34198760986328125 16.275430679321289062 54.99800872802734375 105.26055145263671875 96.40160369873046875 89.232940673828125 191.803009033203125 230.7860870361328125 157.18475341796875 126.15444183349609375 42.3519744873046875 45.968597412109375 96.9737701416015625 168.314422607421875 57.941944122314453125 36.718578338623046875 151.300933837890625 147.668487548828125 25.742431640625 101.5919189453125 36.8770294189453125 50.573780059814453125 18.026525497436523438 35.571170806884765625 145.618072509765625 61.798526763916015625 25.0971221923828125 103.339569091796875 12.129790306091308594 51.329936981201171875 231.92254638671875 116.35115814208984375 54.22301483154296875 64.78371429443359375 7.6321964263916015625
96.2160797119140625 66.19866180419921875 138.558990478515625 72.56066131591796875 72.75193023681640625 75.495269775390625 151.5329437255859375 139.7729644775390625 59.48781585693359375 111.2332763671875 124.5267333984375 80.3435821533203125 109.77056884765625 51.333293914794921875 55.19390869140625 48.8887481689453125 12.096464157104492188 233.746795654296875 75.4335479736328125 25.98261260986328125 53.9795989990234375 76.59717559814453125 62.086528778076171875 131.672576904296875 86.60732269287109375 36.512302398681640625 27.801595687866210938 65.04998016357421875 6.8068861961364746094 145.7890472412109375 85.1940765380859375 142.7818450927734375 65.44145965576171875 45.71701812744140625 55.22655487060546875 91.39398193359375 204.90716552734375 123.70896148681640625 59.39493560791015625 34.89130401611328125 5.5474600791931152344
36.515228271484375 40.38367462158203125 76.0107879638671875 105.6277923583984375 94.20062255859375 108.697967529296875 178.8829345703125 93.6824188232421875 81.21712493896484375 154.97369384765625 148.581298828125 101.07852935791015625 39.1162109375 63.826961517333984375 12.204358100891113281 46.27896881103515625 33.676082611083984375 145.7931671142578125 211.3161773681640625 28.2084808349609375 55.85854339599609375 59.26312255859375 123.53365325927734375 119.253265380859375 33.1707916259765625 114.340057373046875 51.865726470947265625 88.52634429931640625 138.5512847900390625 61.2099609375 202.6927947998046875 135.2530059814453125 205.2799072265625 40.754116058349609375 47.251617431640625 109.29943084716796875 76.93878936767578125 199.8522796630859375 27.877866744995117188 61.1868743896484375 32.662578582763671875
7.6280584335327148438 8.595043182373046875 7.6741542816162109375 37.1324005126953125 54.922672271728515625 87.4155120849609375 73.314849853515625 94.12090301513671875 63.6617584228515625 10.593231201171875 8.599399566650390625 85.7100372314453125 71.758087158203125 66.27362823486328125 13.103689193725585938 58.81145477294921875 98.585052490234375 26.542219161987304688 34.852573394775390625 52.79184722900390625 94.51320648193359375 79.71373748779296875 359.720672607421875 73.79373931884765625 44.31322479248046875 105.47869110107421875 119.373870849609375 14.229963302612304688 320.742767333984375 108.35759735107421875 81.957733154296875 143.54473876953125 36.14856719970703125 43.44785308837890625 29.129091262817382812 101.83343505859375 121.958038330078125 53.3163299560546875 212.6691741943359375 15.044974327087402344 46.34583282470703125
