ForecastVariables/LightPollution_Blue_100m_100percent/LightPollutionBlue_100_Random2.asc
ncols        529
nrows        344
xllcorner    2700.000000000000
yllcorner    15900.000000000000
cellsize     100.000000000000
NODATA_value  -3.4028234663852885981e+38
[rows 306 to 323 of 344, columns 41 to 81 of 529]
5.0295481681823730469 6.8692011833190917969 5.4521074295043945312 5.0724911689758300781 5.0953211784362792969 5.8137421607971191406 6.3996777534484863281 6.0015592575073242188 4.8848004341125488281 5.381000518798828125 5.2853198051452636719 4.5303945541381835938 6.1076250076293945312 5.5322093963623046875 5.4125156402587890625 6.3425836563110351562 6.4787211418151855469 4.9186029434204101562 5.0490503311157226562 6.3005037307739257812 4.394802093505859375 4.9893698692321777344 5.0412869453430175781 5.3439345359802246094 5.1888594627380371094 4.5676951408386230469 5.3332819938659667969 5.5384364128112792969 4.631023406982421875 5.8800954818725585938 4.9221720695495605469 5.6072187423706054688 7.3736548423767089844 5.9697179794311523438 5.4757032394409179688 4.2472410202026367188 5.3223090171813964844 8.95116424560546875 4.9149708747863769531 4.94269561767578125 5.2163119316101074219
6.1483478546142578125 5.4649548530578613281 6.7227935791015625 5.2773938179016113281 5.5815606117248535156 5.7793178558349609375 6.3182997703552246094 5.7396225929260253906 5.4485692977905273438 3.2147088050842285156 4.2928233146667480469 4.3609042167663574219 4.8775625228881835938 6.4042553901672363281 4.9355025291442871094 6.0553808212280273438 6.5597782135009765625 5.2605886459350585938 6.7077097892761230469 4.5123114585876464844 5.7224802970886230469 6.76303863525390625 5.8926572799682617188 4.94315338134765625 5.7114100456237792969 6.2438750267028808594 4.9818811416625976562 4.4975657463073730469 5.2492227554321289062 6.7304272651672363281 6.542842864990234375 5.6834611892700195312 7.4140520095825195312 6.5875287055969238281 5.1562886238098144531 5.846508026123046875 6.2518858909606933594 7.4021577835083007812 4.626682281494140625 7.25594329833984375 5.6413426399230957031
5.25197601318359375 4.4502267837524414062 4.0000100135803222656 4.5486049652099609375 6.1430010795593261719 5.1249942779541015625 4.7737364768981933594 6.0796732902526855469 4.8586750030517578125 5.167392730712890625 5.5352196693420410156 4.4991970062255859375 5.5417385101318359375 5.9489531517028808594 4.3698334693908691406 5.906036376953125 5.3282361030578613281 6.1111083030700683594 5.1231513023376464844 5.5086450576782226562 6.9865427017211914062 5.5317735671997070312 4.9192404747009277344 4.9066934585571289062 5.9821314811706542969 4.6497173309326171875 5.4218878746032714844 5.3843836784362792969 6.7402110099792480469 4.3462777137756347656 4.2713880538940429688 5.813747406005859375 5.0117235183715820312 5.9044289588928222656 3.9604387283325195312 6.30164337158203125 6.8749461174011230469 7.7363352775573730469 4.1819977760314941406 4.7852129936218261719 4.9843292236328125
5.5387697219848632812 4.6483621597290039062 4.1994986534118652344 3.60619354248046875 5.318233489990234375 4.6835241317749023438 5.1098041534423828125 5.3900117874145507812 4.6790928840637207031 5.4078707695007324219 4.2371263504028320312 4.7244524955749511719 5.9201974868774414062 4.9642300605773925781 3.2740907669067382812 5.3123230934143066406 6.2646450996398925781 3.7786579132080078125 4.8964991569519042969 4.9804472923278808594 5.51808929443359375 3.6420409679412841797 4.6177825927734375 4.6165051460266113281 6.2422032356262207031 5.3852858543395996094 5.8296275138854980469 6.1737465858459472656 6.0982027053833007812 5.5550222396850585938 3.7823057174682617188 7.095111846923828125 6.2061648368835449219 5.1299896240234375 7.1757135391235351562 7.6216540336608886719 8.1254215240478515625 7.5291123390197753906 4.5119118690490722656 5.4559235572814941406 6.9596567153930664062
5.2199673652648925781 5.7962665557861328125 4.8717479705810546875 3.8792808055877685547 5.2054038047790527344 5.6709241867065429688 4.6374883651733398438 4.2758631706237792969 6.8995313644409179688 6.1364507675170898438 6.1193718910217285156 4.0775547027587890625 5.2622408866882324219 5.0720410346984863281 7.0805630683898925781 5.7406282424926757812 3.5205373764038085938 4.0186014175415039062 5.9033350944519042969 7.2034392356872558594 5.6176161766052246094 4.9738154411315917969 5.2035074234008789062 7.1009993553161621094 7.5092120170593261719 5.0854792594909667969 4.568149566650390625 4.897769927978515625 4.7548508644104003906 7.0382318496704101562 6.2529158592224121094 5.1225996017456054688 5.6177988052368164062 4.8050456047058105469 7.4247951507568359375 5.5669584274291992188 6.3871474266052246094 6.7416348457336425781 3.7463901042938232422 4.8994088172912597656 3.025676727294921875
5.4205784797668457031 5.0370197296142578125 5.8478040695190429688 2.1749858856201171875 4.9337525367736816406 4.5275850296020507812 4.5437388420104980469 4.15006256103515625 4.2438263893127441406 6.86273956298828125 5.0508694648742675781 3.38303375244140625 4.5179781913757324219 5.9602880477905273438 5.8642101287841796875 4.8433403968811035156 3.6695909500122070312 3.4857995510101318359 3.1249468326568603516 5.1073484420776367188 6.3203673362731933594 4.7160539627075195312 5.5187954902648925781 6.0879049301147460938 7.22444915771484375 5.7708368301391601562 5.40758514404296875 4.6037807464599609375 4.9888134002685546875 5.8021874427795410156 5.0839900970458984375 5.3530859947204589844 6.2357726097106933594 5.0529742240905761719 5.4762058258056640625 7.1299190521240234375 5.4309630393981933594 8.865871429443359375 5.6232113838195800781 3.4666309356689453125 5.3139791488647460938
4.7653350830078125 3.6766130924224853516 5.4325165748596191406 4.6326966285705566406 4.8459019660949707031 5.3081040382385253906 5.4428868293762207031 4.2043375968933105469 4.8402233123779296875 5.7707681655883789062 4.8545699119567871094 4.7465467453002929688 5.2334866523742675781 5.5377936363220214844 5.3562250137329101562 4.6599221229553222656 5.7761693000793457031 5.1897530555725097656 4.3071055412292480469 5.0712709426879882812 6.6699976921081542969 5.5781154632568359375 5.3959913253784179688 5.5646333694458007812 5.5092716217041015625 5.8045110702514648438 4.0302410125732421875 4.8012475967407226562 4.5352306365966796875 5.2278738021850585938 5.0066995620727539062 5.2481236457824707031 5.7369904518127441406 5.0321779251098632812 6.826442718505859375 5.7328057289123535156 6.1959500312805175781 8.4618234634399414062 5.7790317535400390625 7.2127871513366699219 6.8359999656677246094
7.2462224960327148438 5.3764853477478027344 6.0192108154296875 4.4392380714416503906 6.3120827674865722656 5.1376233100891113281 7.3857822418212890625 4.7711477279663085938 5.8622784614562988281 5.6158919334411621094 5.3474707603454589844 5.0083112716674804688 3.5533175468444824219 6.6110568046569824219 3.2887856960296630859 5.5377197265625 7.5407652854919433594 6.5805864334106445312 3.2819912433624267578 4.4139585494995117188 4.8914933204650878906 5.5992650985717773438 5.1096544265747070312 5.1948714256286621094 5.2304019927978515625 5.1174263954162597656 5.6975555419921875 6.2412219047546386719 5.6679654121398925781 5.8368434906005859375 6.298954010009765625 5.2074713706970214844 6.5682282447814941406 5.7026767730712890625 5.4015722274780273438 4.7894949913024902344 5.4907903671264648438 5.2962040901184082031 5.9438729286193847656 6.5106143951416015625 6.5673828125
5.7716069221496582031 4.3384108543395996094 5.1615772247314453125 5.7634272575378417969 6.2208857536315917969 4.7378950119018554688 5.7475481033325195312 4.3757700920104980469 5.218242645263671875 6.5220112800598144531 5.1072840690612792969 5.0996422767639160156 4.0453243255615234375 5.3053960800170898438 5.0457816123962402344 5.9364829063415527344 7.0363950729370117188 3.9013209342956542969 5.3985390663146972656 3.2694635391235351562 7.3263058662414550781 5.8348097801208496094 5.9421701431274414062 6.0611729621887207031 6.2510247230529785156 5.6765589714050292969 5.1365866661071777344 4.9829659461975097656 5.5162014961242675781 4.1486501693725585938 6.2475247383117675781 4.4358568191528320312 4.8698034286499023438 5.9852113723754882812 5.9692883491516113281 5.9494714736938476562 5.6726322174072265625 6.4728479385375976562 5.806903839111328125 6.3808522224426269531 6.8967714309692382812
4.5301055908203125 5.6871652603149414062 6.4102811813354492188 5.9554810523986816406 6.594783782958984375 4.9153738021850585938 4.9600124359130859375 6.6027407646179199219 5.8853859901428222656 5.8482165336608886719 3.9318971633911132812 4.4818139076232910156 5.5369610786437988281 5.8951239585876464844 4.3879718780517578125 4.4309601783752441406 4.7010393142700195312 3.8596868515014648438 3.5758783817291259766 4.9499034881591796875 6.1565976142883300781 6.2913260459899902344 5.9681262969970703125 6.0880279541015625 5.3698444366455078125 5.1705822944641113281 5.636539459228515625 5.6758074760437011719 5.3491635322570800781 5.7551517486572265625 6.1837458610534667969 5.626705169677734375 6.0040407180786132812 4.7502303123474121094 4.6080803871154785156 6.3159232139587402344 5.1858458518981933594 7.0777125358581542969 5.8758859634399414062 7.7444624900817871094 7.6037726402282714844
4.8215351104736328125 4.3982133865356445312 5.4558000564575195312 5.358570098876953125 5.796966552734375 5.4886221885681152344 5.7403550148010253906 6.2962155342102050781 6.1406764984130859375 4.6978211402893066406 5.1887178421020507812 5.4901146888732910156 6.0875382423400878906 5.2311029434204101562 4.7212724685668945312 4.0024752616882324219 4.8631758689880371094 4.9523143768310546875 4.1848483085632324219 4.1918992996215820312 3.3991129398345947266 5.8444972038269042969 5.6585254669189453125 6.5091886520385742188 4.8572864532470703125 5.5795640945434570312 4.8309574127197265625 4.5498976707458496094 6.5961318016052246094 4.8943657875061035156 4.797763824462890625 4.275440216064453125 6.5156750679016113281 6.0141592025756835938 5.965953826904296875 4.7609086036682128906 5.1048078536987304688 5.8354234695434570312 5.3412466049194335938 6.0799798965454101562 7.2060875892639160156
6.2676081657409667969 5.1278729438781738281 5.6520981788635253906 6.3475823402404785156 5.4660754203796386719 5.839084625244140625 5.7504086494445800781 5.6383924484252929688 4.6647915840148925781 4.4195227622985839844 5.5357151031494140625 4.258930206298828125 4.5651297569274902344 5.4595360755920410156 4.7042226791381835938 4.5649423599243164062 3.5294802188873291016 5.7956967353820800781 3.9570014476776123047 4.688568115234375 4.5382051467895507812 5.6501760482788085938 5.1984848976135253906 4.8615503311157226562 4.342128753662109375 4.6819958686828613281 4.5286822319030761719 5.2718625068664550781 5.5783948898315429688 4.8674187660217285156 4.72039031982421875 4.7117438316345214844 5.254306793212890625 5.0427784919738769531 4.1677994728088378906 6.1841268539428710938 3.962589263916015625 4.5042219161987304688 6.6485438346862792969 6.4988222122192382812 6.8841695785522460938
5.3974733352661132812 4.6018986701965332031 5.9933829307556152344 4.8032007217407226562 5.7932057380676269531 5.6576209068298339844 5.8836588859558105469 5.2557506561279296875 7.0923905372619628906 5.6693015098571777344 4.9075136184692382812 4.7528958320617675781 3.1913120746612548828 4.5399723052978515625 2.4829318523406982422 3.2376613616943359375 6.3655633926391601562 5.7712674140930175781 4.3230648040771484375 5.4032754898071289062 5.80489349365234375 5.9577536582946777344 7.3538403511047363281 6.3094735145568847656 5.3995923995971679688 4.5041475296020507812 4.6811766624450683594 6.7538695335388183594 4.6134891510009765625 4.4914202690124511719 5.6986489295959472656 7.813808441162109375 6.5806784629821777344 4.9069581031799316406 4.7280526161193847656 5.2284893989562988281 5.9645872116088867188 5.2827281951904296875 4.9968457221984863281 6.36786651611328125 6.6186079978942871094
7.0594706535339355469 4.1917042732238769531 6.3401961326599121094 5.2454061508178710938 6.2563643455505371094 5.8856153488159179688 6.1547064781188964844 5.3156585693359375 5.289295196533203125 4.9772429466247558594 5.6184720993041992188 5.4706530570983886719 5.0968356132507324219 3.745147705078125 4.7840862274169921875 6.0934462547302246094 5.6555995941162109375 4.4895930290222167969 5.9153285026550292969 3.9870145320892333984 5.2610201835632324219 6.0651440620422363281 6.5679650306701660156 4.4301371574401855469 5.984676361083984375 4.5699162483215332031 4.3441681861877441406 5.4707503318786621094 5.1832184791564941406 6.7823429107666015625 5.5809450149536132812 5.3658132553100585938 5.0834827423095703125 5.3314042091369628906 6.4916324615478515625 5.9868369102478027344 6.0900859832763671875 6.0046329498291015625 5.0353407859802246094 4.6668491363525390625 8.7631158828735351562
4.815349578857421875 4.4246697425842285156 5.6031408309936523438 4.9917979240417480469 4.7126545906066894531 4.7923879623413085938 5.6132364273071289062 4.4280767440795898438 4.8198113441467285156 5.6738147735595703125 5.8991079330444335938 5.615840911865234375 5.6266398429870605469 4.5275964736938476562 5.2566957473754882812 6.1816339492797851562 5.1428542137145996094 5.4228811264038085938 5.2188539505004882812 4.120319366455078125 5.6102719306945800781 5.1399488449096679688 5.6688022613525390625 5.1712961196899414062 5.5032091140747070312 4.7023077011108398438 7.5481424331665039062 6.2849903106689453125 7.2087893486022949219 6.1002259254455566406 6.4385328292846679688 5.9584331512451171875 4.8369541168212890625 5.0046181678771972656 6.6771855354309082031 4.9815278053283691406 5.3921027183532714844 5.582378387451171875 5.5004296302795410156 5.1970610618591308594 5.9057393074035644531
6.1894879341125488281 5.3484110832214355469 5.9803423881530761719 5.9516940116882324219 4.59725189208984375 5.872348785400390625 6.0699687004089355469 5.9449381828308105469 6.6053404808044433594 5.847446441650390625 5.3889398574829101562 5.5172739028930664062 5.5147457122802734375 4.7901425361633300781 6.1539392471313476562 4.8552074432373046875 5.3013234138488769531 5.8310160636901855469 5.8497343063354492188 6.5530529022216796875 5.7941236495971679688 3.8597466945648193359 5.2544779777526855469 5.9700689315795898438 5.4702653884887695312 3.8332920074462890625 4.1950540542602539062 5.7291369438171386719 6.1595349311828613281 6.9700803756713867188 6.9589509963989257812 7.9644083976745605469 5.9278693199157714844 6.1022810935974121094 5.6321763992309570312 4.7313938140869140625 4.8537459373474121094 4.6391539573669433594 6.3377170562744140625 5.5185170173645019531 5.3019762039184570312
5.6815967559814453125 7.0647749900817871094 5.3616442680358886719 4.9876623153686523438 3.8153102397918701172 5.5289173126220703125 5.4290037155151367188 5.3748917579650878906 5.671665191650390625 5.2355365753173828125 6.6651034355163574219 7.1730394363403320312 5.3818273544311523438 6.1789569854736328125 6.3925199508666992188 4.9030003547668457031 4.6731429100036621094 5.6551046371459960938 5.8298082351684570312 6.0076165199279785156 5.7903165817260742188 6.6918635368347167969 4.5435576438903808594 6.2556691169738769531 4.7738919258117675781 2.6603653430938720703 6.2735614776611328125 6.4806184768676757812 6.6023411750793457031 5.6262440681457519531 4.9030222892761230469 5.4874372482299804688 5.1440753936767578125 4.5354676246643066406 5.81662750244140625 4.2203736305236816406 5.6144642829895019531 5.6528997421264648438 7.2815837860107421875 6.3951358795166015625 6.4018931388854980469
6.3005270957946777344 5.8446335792541503906 4.4149403572082519531 5.3325433731079101562 6.2036695480346679688 5.7665243148803710938 5.643657684326171875 4.4478573799133300781 5.1551480293273925781 5.8960981369018554688 6.2249851226806640625 4.6433835029602050781 5.5985703468322753906 7.1058621406555175781 6.6064724922180175781 5.9625139236450195312 6.2039499282836914062 6.1598944664001464844 5.5867171287536621094 4.6795315742492675781 5.5555958747863769531 7.7690305709838867188 4.9386334419250488281 4.9713811874389648438 3.5112583637237548828 4.3561658859252929688 6.6240749359130859375 4.9678173065185546875 4.7285757064819335938 5.2787928581237792969 5.3448963165283203125 3.9313120841979980469 5.129474639892578125 6.049945831298828125 5.5582165718078613281 5.3620085716247558594 6.5778203010559082031 5.8142266273498535156 5.5916800498962402344 5.0999746322631835938 6.2331681251525878906
