ForecastVariables/LightPollution_Blue_100m_100percent/LightPollutionBlue_100_Random2.asc
ncols        529
nrows        344
xllcorner    2700.000000000000
yllcorner    15900.000000000000
cellsize     100.000000000000
NODATA_value  -3.4028234663852885981e+38
[rows 54 to 71 of 344, columns 41 to 81 of 529]
-3.4028234663852885981e+38 -3.4028234663852885981e+38 -3.4028234663852885981e+38 -3.4028234663852885981e+38 -3.4028234663852885981e+38 -3.4028234663852885981e+38 -3.4028234663852885981e+38 -3.4028234663852885981e+38 -3.4028234663852885981e+38 -3.4028234663852885981e+38 -3.4028234663852885981e+38 -3.4028234663852885981e+38 -3.4028234663852885981e+38 -3.4028234663852885981e+38 2.730655670166015625 6.9121232032775878906 6.1791491508483886719 5.497303009033203125 5.3203716278076171875 7.7295794486999511719 7.1013050079345703125 29.737047195434570312 51.10247039794921875 48.51811981201171875 47.21280670166015625 32.153469085693359375 19.377508163452148438 6.110927581787109375 6.4033827781677246094 6.5984292030334472656 6.1472325325012207031 5.4767980575561523438 5.09546661376953125 6.029979705810546875 4.0613303184509277344 6.4705643653869628906 5.1706132888793945312 5.3375802040100097656 6.3772001266479492188 5.4350209236145019531 5.3764529228210449219
-3.4028234663852885981e+38 -3.4028234663852885981e+38 -3.4028234663852885981e+38 -3.4028234663852885981e+38 -3.4028234663852885981e+38 -3.4028234663852885981e+38 -3.4028234663852885981e+38 -3.4028234663852885981e+38 -3.4028234663852885981e+38 -3.4028234663852885981e+38 -3.4028234663852885981e+38 -3.4028234663852885981e+38 -3.4028234663852885981e+38 -3.4028234663852885981e+38 7.816379547119140625 7.3053083419799804688 6.6543755531311035156 4.0308713912963867188 5.2948088645935058594 6.4058747291564941406 9.6573133468627929688 7.2210931777954101562 6.2334747314453125 7.2570033073425292969 7.8533697128295898438 6.8127160072326660156 6.5306696891784667969 7.1849064826965332031 5.2306046485900878906 6.701324462890625 6.8214206695556640625 7.0069050788879394531 5.5382952690124511719 6.9081249237060546875 5.8566617965698242188 7.2425212860107421875 7.8475899696350097656 5.281215667724609375 6.5586671829223632812 6.4358415603637695312 5.4185204505920410156
-3.4028234663852885981e+38 -3.4028234663852885981e+38 -3.4028234663852885981e+38 -3.4028234663852885981e+38 -3.4028234663852885981e+38 -3.4028234663852885981e+38 -3.4028234663852885981e+38 -3.4028234663852885981e+38 -3.4028234663852885981e+38 -3.4028234663852885981e+38 -3.4028234663852885981e+38 -3.4028234663852885981e+38 -3.4028234663852885981e+38 -3.4028234663852885981e+38 8.7083082199096679688 5.7224640846252441406 4.8714876174926757812 6.8334412574768066406 7.6286792755126953125 8.3020639419555664062 7.3063292503356933594 6.8787622451782226562 8.5748605728149414062 8.3658933639526367188 7.4818897247314453125 6.6482863426208496094 8.1515827178955078125 5.6283922195434570312 5.3286657333374023438 5.1985335350036621094 7.3116240501403808594 6.3017396926879882812 5.9974603652954101562 7.0927724838256835938 7.4046678543090820312 8.37542724609375 7.1691040992736816406 5.3728899955749511719 5.3841161727905273438 6.8242840766906738281 6.7065219879150390625
-3.4028234663852885981e+38 -3.4028234663852885981e+38 -3.4028234663852885981e+38 -3.4028234663852885981e+38 -3.4028234663852885981e+38 -3.4028234663852885981e+38 -3.4028234663852885981e+38 -3.4028234663852885981e+38 -3.4028234663852885981e+38 -3.4028234663852885981e+38 -3.4028234663852885981e+38 -3.4028234663852885981e+38 -3.4028234663852885981e+38 -3.4028234663852885981e+38 10.23560333251953125 13.27993011474609375 5.8134646415710449219 6.5664620399475097656 6.8953518867492675781 7.492412567138671875 5.8576722145080566406 7.24965667724609375 5.208038330078125 7.0847158432006835938 7.4196085929870605469 7.9265522956848144531 7.6590256690979003906 5.6524872779846191406 6.2617692947387695312 6.3788886070251464844 4.6173791885375976562 5.9206495285034179688 6.3993310928344726562 6.72893524169921875 5.3130512237548828125 8.2207851409912109375 5.67993927001953125 4.9554967880249023438 4.8816986083984375 5.965908050537109375 7.4921383857727050781
-3.4028234663852885981e+38 -3.4028234663852885981e+38 -3.4028234663852885981e+38 -3.4028234663852885981e+38 -3.4028234663852885981e+38 -3.4028234663852885981e+38 -3.4028234663852885981e+38 -3.4028234663852885981e+38 -3.4028234663852885981e+38 -3.4028234663852885981e+38 -3.4028234663852885981e+38 -3.4028234663852885981e+38 -3.4028234663852885981e+38 0.76124984025955200195 17.770074844360351562 25.596925735473632812 9.42430877685546875 8.0378170013427734375 6.9168939590454101562 12.539435386657714844 11.18299102783203125 6.5312643051147460938 8.1362504959106445312 6.4229493141174316406 5.5447587966918945312 6.1488981246948242188 6.8447885513305664062 6.8818912506103515625 4.6554245948791503906 6.3164019584655761719 4.6497731208801269531 5.5223550796508789062 5.8223972320556640625 5.4055228233337402344 6.7457823753356933594 6.5286679267883300781 6.4773488044738769531 6.0023760795593261719 4.5572400093078613281 6.7837457656860351562 5.1533765792846679688
-3.4028234663852885981e+38 -3.4028234663852885981e+38 -3.4028234663852885981e+38 -3.4028234663852885981e+38 -3.4028234663852885981e+38 -3.4028234663852885981e+38 -3.4028234663852885981e+38 -3.4028234663852885981e+38 -3.4028234663852885981e+38 -3.4028234663852885981e+38 -3.4028234663852885981e+38 -3.4028234663852885981e+38 -3.4028234663852885981e+38 4.0568881034851074219 26.89447021484375 38.0821533203125 38.560092926025390625 30.149202346801757812 9.0501985549926757812 21.098096847534179688 9.11093902587890625 9.8208284378051757812 7.3138947486877441406 7.9552087783813476562 6.0542225837707519531 5.4727225303649902344 5.5945367813110351562 6.541439056396484375 6.7304067611694335938 6.9078378677368164062 5.4381322860717773438 6.1635684967041015625 4.8227567672729492188 6.3169236183166503906 6.0593509674072265625 5.5168118476867675781 6.6818032264709472656 6.1372675895690917969 5.1698846817016601562 6.7188215255737304688 5.3786191940307617188
-3.4028234663852885981e+38 -3.4028234663852885981e+38 -3.4028234663852885981e+38 -3.4028234663852885981e+38 -3.4028234663852885981e+38 -3.4028234663852885981e+38 -3.4028234663852885981e+38 -3.4028234663852885981e+38 -3.4028234663852885981e+38 -3.4028234663852885981e+38 -3.4028234663852885981e+38 -3.4028234663852885981e+38 -3.4028234663852885981e+38 6.4402527809143066406 37.4889984130859375 45.5003509521484375 37.002620697021484375 8.854373931884765625 8.811798095703125 5.84111785888671875 7.357143402099609375 8.3195056915283203125 6.9695692062377929688 6.1130552291870117188 6.3853693008422851562 5.4312791824340820312 6.4703202247619628906 5.9201054573059082031 6.134273529052734375 6.5548582077026367188 5.7284107208251953125 7.7036314010620117188 6.8483686447143554688 7.1630926132202148438 5.7763156890869140625 6.0492157936096191406 6.3462433815002441406 5.8552541732788085938 5.6334218978881835938 8.8890705108642578125 4.9757795333862304688
-3.4028234663852885981e+38 -3.4028234663852885981e+38 -3.4028234663852885981e+38 -3.4028234663852885981e+38 -3.4028234663852885981e+38 -3.4028234663852885981e+38 -3.4028234663852885981e+38 -3.4028234663852885981e+38 -3.4028234663852885981e+38 -3.4028234663852885981e+38 -3.4028234663852885981e+38 -3.4028234663852885981e+38 -3.4028234663852885981e+38 14.05596923828125 11.162616729736328125 49.49950408935546875 14.224512100219726562 9.7454280853271484375 10.126165390014648438 7.241672515869140625 11.885279655456542969 9.45288848876953125 5.5631933212280273438 5.5941662788391113281 6.4645395278930664062 5.3490872383117675781 6.3674230575561523438 5.862392425537109375 4.9659857749938964844 9.0366983413696289062 6.7508268356323242188 6.1365523338317871094 7.9090619087219238281 5.3103590011596679688 4.8530707359313964844 5.8189225196838378906 6.6582555770874023438 7.6700482368469238281 6.2696127891540527344 5.6209249496459960938 6.6726956367492675781
-3.4028234663852885981e+38 -3.4028234663852885981e+38 -3.4028234663852885981e+38 -3.4028234663852885981e+38 -3.4028234663852885981e+38 -3.4028234663852885981e+38 -3.4028234663852885981e+38 -3.4028234663852885981e+38 -3.4028234663852885981e+38 -3.4028234663852885981e+38 -3.4028234663852885981e+38 -3.4028234663852885981e+38 -3.4028234663852885981e+38 10.840932846069335938 20.475175857543945312 48.61585235595703125 48.174224853515625 17.227888107299804688 20.706022262573242188 13.789624214172363281 13.619650840759277344 6.401821136474609375 6.0641245841979980469 5.9476165771484375 6.9178094863891601562 4.5500946044921875 5.4313178062438964844 8.5624217987060546875 6.8471217155456542969 5.3324232101440429688 6.5882821083068847656 5.3014974594116210938 5.4123048782348632812 4.7985548973083496094 5.0973181724548339844 4.8732018470764160156 5.5434737205505371094 5.3402915000915527344 6.0832247734069824219 5.4435105323791503906 5.9025974273681640625
-3.4028234663852885981e+38 -3.4028234663852885981e+38 -3.4028234663852885981e+38 -3.4028234663852885981e+38 -3.4028234663852885981e+38 -3.4028234663852885981e+38 -3.4028234663852885981e+38 -3.4028234663852885981e+38 -3.4028234663852885981e+38 -3.4028234663852885981e+38 -3.4028234663852885981e+38 -3.4028234663852885981e+38 -3.4028234663852885981e+38 14.403780937194824219 49.3367919921875 79.246002197265625 75.1949615478515625 61.851749420166015625 25.532670974731445312 17.635036468505859375 8.126796722412109375 6.9283709526062011719 6.3538460731506347656 7.8750762939453125 6.4667248725891113281 6.1026058197021484375 5.4528040885925292969 6.1220607757568359375 5.1974692344665527344 4.2281060218811035156 6.3449621200561523438 6.5245103836059570312 5.7890067100524902344 5.9807138442993164062 5.5541539192199707031 7.0136752128601074219 5.2932486534118652344 5.4847564697265625 5.8403382301330566406 6.1292753219604492188 5.1882600784301757812
-3.4028234663852885981e+38 -3.4028234663852885981e+38 -3.4028234663852885981e+38 -3.4028234663852885981e+38 -3.4028234663852885981e+38 -3.4028234663852885981e+38 -3.4028234663852885981e+38 -3.4028234663852885981e+38 -3.4028234663852885981e+38 -3.4028234663852885981e+38 -3.4028234663852885981e+38 -3.4028234663852885981e+38 1.5328910350799560547 21.6800994873046875 12.293573379516601562 13.079423904418945312 26.598926544189453125 53.58296966552734375 30.167306900024414062 8.1958465576171875 7.9938254356384277344 8.2459077835083007812 7.1346387863159179688 7.2978296279907226562 7.8329930305480957031 5.2453508377075195312 6.1234674453735351562 6.0564832687377929688 5.9401478767395019531 6.4538311958312988281 6.2506155967712402344 5.1863794326782226562 6.0108418464660644531 5.8373670578002929688 5.8069510459899902344 7.1733865737915039062 5.2092847824096679688 5.2422785758972167969 6.8020224571228027344 5.5680952072143554688 6.8358588218688964844
-3.4028234663852885981e+38 -3.4028234663852885981e+38 -3.4028234663852885981e+38 -3.4028234663852885981e+38 -3.4028234663852885981e+38 -3.4028234663852885981e+38 -3.4028234663852885981e+38 -3.4028234663852885981e+38 -3.4028234663852885981e+38 -3.4028234663852885981e+38 -3.4028234663852885981e+38 -3.4028234663852885981e+38 18.336315155029296875 87.38587188720703125 32.0760650634765625 10.652753829956054688 9.50031280517578125 8.159099578857421875 8.6436395645141601562 5.9709734916687011719 6.9500474929809570312 7.2155485153198242188 7.8261547088623046875 8.1476430892944335938 6.2764921188354492188 6.4757189750671386719 5.9766740798950195312 6.7275714874267578125 6.0044159889221191406 5.7644114494323730469 5.0057115554809570312 7.1264209747314453125 5.5218043327331542969 5.89298248291015625 5.9277105331420898438 7.27678680419921875 6.1494798660278320312 5.32110595703125 5.1450934410095214844 4.8582453727722167969 5.0814723968505859375
-3.4028234663852885981e+38 -3.4028234663852885981e+38 -3.4028234663852885981e+38 -3.4028234663852885981e+38 -3.4028234663852885981e+38 -3.4028234663852885981e+38 -3.4028234663852885981e+38 -3.4028234663852885981e+38 -3.4028234663852885981e+38 -3.4028234663852885981e+38 -3.4028234663852885981e+38 -3.4028234663852885981e+38 22.39559173583984375 78.14473724365234375 43.16796112060546875 18.880886077880859375 8.1853618621826171875 6.1078724861145019531 6.5638666152954101562 7.02001953125 6.4520006179809570312 7.24965667724609375 6.01526641845703125 4.8939571380615234375 4.655731201171875 7.8862018585205078125 6.1447668075561523438 5.8164601325988769531 5.5194191932678222656 5.3737616539001464844 5.1869287490844726562 5.953746795654296875 5.4700493812561035156 5.8326191902160644531 6.48541259765625 5.6192879676818847656 5.1971998214721679688 4.3852267265319824219 10.078007698059082031 6.581859588623046875 5.6544857025146484375
-3.4028234663852885981e+38 -3.4028234663852885981e+38 -3.4028234663852885981e+38 -3.4028234663852885981e+38 -3.4028234663852885981e+38 -3.4028234663852885981e+38 -3.4028234663852885981e+38 -3.4028234663852885981e+38 -3.4028234663852885981e+38 -3.4028234663852885981e+38 -3.4028234663852885981e+38 -3.4028234663852885981e+38 5.7531189918518066406 40.663249969482421875 30.357509613037109375 17.313615798950195312 7.207427978515625 6.5622797012329101562 4.2237067222595214844 6.6653981208801269531 8.2408237457275390625 7.2450232505798339844 6.7002720832824707031 6.6857161521911621094 5.7895822525024414062 6.8811426162719726562 5.4601888656616210938 5.1802830696105957031 4.7769727706909179688 5.7671375274658203125 6.3200716972351074219 6.0229310989379882812 6.835857391357421875 7.4904613494873046875 5.6640248298645019531 5.2058081626892089844 7.0951566696166992188 5.7232203483581542969 5.3645386695861816406 4.8186087608337402344 4.6649079322814941406
-3.4028234663852885981e+38 -3.4028234663852885981e+38 -3.4028234663852885981e+38 -3.4028234663852885981e+38 -3.4028234663852885981e+38 -3.4028234663852885981e+38 -3.4028234663852885981e+38 -3.4028234663852885981e+38 -3.4028234663852885981e+38 -3.4028234663852885981e+38 -3.4028234663852885981e+38 -3.4028234663852885981e+38 6.6802425384521484375 8.7097835540771484375 8.9085493087768554688 8.9851484298706054688 5.800083160400390625 9.2317018508911132812 5.0657052993774414062 6.0856876373291015625 5.7007017135620117188 5.3443522453308105469 4.5740933418273925781 6.0500230789184570312 5.8812689781188964844 7.1401586532592773438 4.8532118797302246094 4.9335103034973144531 5.1640343666076660156 7.0993590354919433594 8.0172519683837890625 5.2373065948486328125 6.4473166465759277344 6.19963836669921875 6.4499745368957519531 6.2763767242431640625 5.1985640525817871094 5.8613247871398925781 4.0387897491455078125 5.1147027015686035156 6.2300143241882324219
-3.4028234663852885981e+38 -3.4028234663852885981e+38 -3.4028234663852885981e+38 -3.4028234663852885981e+38 -3.4028234663852885981e+38 -3.4028234663852885981e+38 -3.4028234663852885981e+38 -3.4028234663852885981e+38 -3.4028234663852885981e+38 -3.4028234663852885981e+38 -3.4028234663852885981e+38 -3.4028234663852885981e+38 5.9036045074462890625 8.3049688339233398438 8.54636383056640625 6.9123282432556152344 8.1649303436279296875 7.3449764251708984375 6.00283050537109375 5.7959656715393066406 5.5035915374755859375 5.3656263351440429688 5.9677119255065917969 5.7559418678283691406 4.8187174797058105469 6.3615283966064453125 6.0619363784790039062 5.2830691337585449219 4.627948760986328125 5.7302765846252441406 7.9288730621337890625 5.587375640869140625 6.1555819511413574219 5.7654185295104980469 5.5464410781860351562 5.7726206779479980469 5.3731403350830078125 6.1591801643371582031 4.8426985740661621094 6.2328977584838867188 6.4740424156188964844
-3.4028234663852885981e+38 -3.4028234663852885981e+38 -3.4028234663852885981e+38 -3.4028234663852885981e+38 -3.4028234663852885981e+38 -3.4028234663852885981e+38 -3.4028234663852885981e+38 -3.4028234663852885981e+38 -3.4028234663852885981e+38 -3.4028234663852885981e+38 -3.4028234663852885981e+38 0.18261925876140594482 8.0842132568359375 6.3822827339172363281 7.689014434814453125 7.6716589927673339844 6.4626569747924804688 6.21205902099609375 5.8151721954345703125 6.385059356689453125 5.7882523536682128906 6.1831941604614257812 5.3127846717834472656 6.9285960197448730469 5.4718766212463378906 6.1430268287658691406 5.9040799140930175781 5.1805872917175292969 4.7861623764038085938 4.8816456794738769531 6.8192186355590820312 5.7332296371459960938 5.5629930496215820312 7.0984425544738769531 4.3154811859130859375 6.0914621353149414062 6.4899396896362304688 6.6034183502197265625 7.4380326271057128906 7.2222137451171875 5.3832597732543945312
-3.4028234663852885981e+38 -3.4028234663852885981e+38 -3.4028234663852885981e+38 -3.4028234663852885981e+38 -3.4028234663852885981e+38 -3.4028234663852885981e+38 -3.4028234663852885981e+38 -3.4028234663852885981e+38 -3.4028234663852885981e+38 -3.4028234663852885981e+38 -3.4028234663852885981e+38 1.0383795499801635742 6.7121424674987792969 7.9158954620361328125 6.7878155708312988281 7.6741414070129394531 6.4124574661254882812 5.0160536766052246094 6.6879153251647949219 5.5601277351379394531 6.9406399726867675781 6.1638245582580566406 6.1920652389526367188 5.3120250701904296875 5.4837045669555664062 6.8234696388244628906 5.3063983917236328125 5.7373366355895996094 3.9656174182891845703 5.8898215293884277344 5.4973034858703613281 5.1415820121765136719 3.86510467529296875 4.4496631622314453125 5.0230503082275390625 4.8726549148559570312 2.7550029754638671875 5.0799703598022460938 5.3155207633972167969 5.7438826560974121094 8.2775020599365234375
