ForecastVariables/BuildingFootprint_Total_100m/BuildingFootprint_Random3_Cleaned.asc
ncols        529
nrows        344
xllcorner    2700.000000000000
yllcorner    15900.000000000000
cellsize     100.000000000000
NODATA_value  0
[rows 144 to 167 of 344, columns 265 to 317 of 529]
2058.27734375 3399.70166015625 3809.675048828125 3685.351806640625 1850.140625 1860.6434326171875 2689.779052734375 815.61737060546875 2894.94921875 5180.27734375 1215.67041015625 4818.77685546875 3373.66552734375 2494.152099609375 4463.10595703125 3440.46630859375 4596.76513671875 741.6588134765625 4376.1416015625 0 0 0 1841.117919921875 1032.008544921875 2380.517822265625 1012.45330810546875 1672.015625 1474.504638671875 250.6961212158203125 1560.567626953125 3269.04736328125 5354.7001953125 1649.3214111328125 0 0 5908.654296875 4941.8134765625 532.7271728515625 2965.95703125 2169.353271484375 3671.83837890625 2663.3154296875 3875.020263671875 1889.7618408203125 200.520355224609375 1785.8006591796875 834.12640380859375 1287.4388427734375 7000.64892578125 3786.64111328125 2505.65771484375 3232.98779296875 2888.55126953125
1173.177490234375 2886.619140625 3920.4853515625 3596.92578125 1524.23193359375 1843.227783203125 1442.9815673828125 3539.978271484375 708.46197509765625 716.90521240234375 1817.2547607421875 3228.86181640625 2069.382080078125 2528.869873046875 2134.526123046875 1901.423095703125 1617.339599609375 4229.05615234375 34.011627197265625 0 0 0 0 2581.0458984375 2034.086669921875 1927.187255859375 4411.51416015625 1681.178955078125 2010.482177734375 1480.8995361328125 2949.0634765625 1059.870849609375 0 1114.01708984375 0 508.588409423828125 1453.505859375 2080.857177734375 3505.442626953125 1930.65234375 2606.2763671875 2316.927734375 3106.22119140625 2606.647216796875 3665.855712890625 4582.73291015625 1975.7366943359375 10000 6606.4892578125 1191.778076171875 3217.917724609375 4253.9375 3415.890380859375
3724.704345703125 3269.21826171875 1203.443359375 2943.2001953125 2605.023681640625 3413.15478515625 3802.8662109375 5855.1318359375 3532.141845703125 650.32440185546875 1607.8980712890625 5403.392578125 1116.427978515625 1700.6014404296875 2237.845947265625 3259.380859375 3347.036865234375 5619.220703125 5019.9365234375 3309.1923828125 0 0 0 0 2517.466064453125 3717.34375 0 1615.6280517578125 1791.2806396484375 6033.9443359375 3886.228271484375 3435.979248046875 0 250.7509613037109375 613.602783203125 128.3484344482421875 2729.897216796875 3228.8125 2288.981689453125 1927.66943359375 2779.147705078125 2416.539794921875 2563.5859375 1475.7452392578125 4069.06396484375 2971.866943359375 3443.29541015625 807.048095703125 3157.97900390625 2606.011962890625 3645.91015625 4191.78759765625 2122.730712890625
3141.956787109375 3050.328125 1591.50341796875 2384.01025390625 2320.212158203125 2245.10302734375 1135.986572265625 2003.5159912109375 2219.696044921875 2760.189208984375 3732.1171875 369.2301025390625 488.38873291015625 1078.3861083984375 2025.2313232421875 1991.828125 3143.365966796875 5901.212890625 3079.4208984375 2920.182861328125 739.73504638671875 83.92612457275390625 0 0 932.26171875 3762.362060546875 1166.7752685546875 550.15020751953125 3233.124267578125 3219.7978515625 1931.3427734375 3432.72802734375 2546.686767578125 1360.62255859375 3561.449951171875 442.267730712890625 199.712982177734375 6.4200301170349121094 1352.809326171875 2120.293212890625 3004.95068359375 3082.81298828125 2451.92138671875 3669.12158203125 3543.119140625 2603.47509765625 4192.3701171875 3363.12744140625 2775.78173828125 3560.565673828125 5062.01220703125 2693.65625 3051.476806640625
3007.094482421875 1965.01806640625 2318.02197265625 2547.018798828125 4717.6875 7330.69775390625 2180.201171875 3890.779296875 2413.468994140625 1981.9696044921875 3071.693115234375 1131.11181640625 2817.479248046875 2866.952392578125 1410.7408447265625 4299.70654296875 3257.762939453125 4298.90234375 5826.55859375 4069.18359375 2231.12939453125 1881.8817138671875 0 0 581.15716552734375 1960.78759765625 2945.897705078125 2322.435546875 4416.80810546875 1267.82177734375 3280.74462890625 2144.876953125 1932.45068359375 594.97021484375 2520.209716796875 1459.161865234375 1755.53564453125 971.84515380859375 1362.1021728515625 2152.330078125 1997.263671875 2316.325439453125 2283.02197265625 4690.62158203125 4426.9541015625 3174.416259765625 3513.15478515625 4485.58349609375 600.30682373046875 6707.29052734375 3884.396484375 3067.439697265625 1689.586181640625
1456.150390625 2621.565185546875 1575.1827392578125 4353.56787109375 3930.939208984375 5103.42626953125 2066.95068359375 2318.922607421875 2999.968505859375 2614.6005859375 1565.51025390625 3560.46240234375 2018.978759765625 2675.11083984375 4419.318359375 1770.423095703125 2679.1328125 2636.081787109375 6812.11181640625 4960.25439453125 1860.05126953125 613.7403564453125 2130.964111328125 655.2744140625 2893.292236328125 578.76092529296875 4805.3955078125 2114.846435546875 2132.740234375 2862.93798828125 1370.4737548828125 586.40728759765625 3691.22705078125 563.572021484375 2940.96728515625 710.54449462890625 26.772344589233398438 0.15935505926609039307 965.13433837890625 1377.739501953125 1782.722900390625 2093.664306640625 5358.39404296875 3791.091064453125 2055.99462890625 4021.240966796875 4379.34423828125 4425.36767578125 1738.010498046875 3926.4365234375 4041.7177734375 5053.84326171875 1583.828125
1590.265625 5772.05517578125 2498.770263671875 2824.927978515625 3979.93115234375 3677.75439453125 3414.982666015625 2912.71630859375 2033.6744384765625 1335.6121826171875 635.15948486328125 4378.41748046875 2807.387451171875 1651.58447265625 5215.82666015625 1672.34814453125 3683.179443359375 1721.6629638671875 4897.86865234375 2968.7880859375 1563.1844482421875 3970.8154296875 129.9381256103515625 2859.519775390625 2633.56884765625 1886.700927734375 2517.8642578125 1539.041748046875 3848.759765625 2744.001220703125 2222.671875 1403.68603515625 1912.46728515625 3099.04150390625 1046.6956787109375 2460.69775390625 2326.5595703125 2012.938720703125 2004.86083984375 1650.8447265625 1664.4854736328125 3500.189208984375 3431.873046875 4051.398681640625 5452.28466796875 2988.227783203125 2162.72119140625 1909.8717041015625 2915.437255859375 793.48931884765625 5770.7265625 2803.15185546875 2908.06298828125
1281.0638427734375 4659.369140625 4208.4375 578.3306884765625 2044.34326171875 2044.86181640625 1713.3770751953125 6634.064453125 2749.648681640625 2624.68896484375 214.49005126953125 1487.3817138671875 1181.01318359375 1159.7425537109375 1571.4149169921875 1190.5543212890625 1268.610107421875 691.8094482421875 4314.0078125 3216.18115234375 270.48663330078125 3095.1103515625 708.875732421875 1934.5601806640625 3346.241943359375 2629.5595703125 2590.421875 2506.886962890625 1367.83544921875 1792.498291015625 1237.0692138671875 1596.3006591796875 2832.514404296875 5312.27978515625 1566.7003173828125 3037.966552734375 4046.48779296875 3198.83154296875 2647.240966796875 2941.677001953125 1998.85986328125 2267.616455078125 3194.661865234375 2616.117919921875 3539.164794921875 6049.40576171875 4333.310546875 2790.422119140625 1932.6126708984375 721.61236572265625 4718.03173828125 599.91546630859375 1664.846435546875
1372.1243896484375 4479.09228515625 2029.840087890625 4279.1962890625 4814.0634765625 5256.1318359375 3586.987060546875 603.874755859375 621.6207275390625 3870.944580078125 4279.44970703125 1304.4302978515625 2280.03564453125 946.93145751953125 2323.0263671875 1403.2095947265625 0 1570.743896484375 2538.02783203125 2204.11279296875 488.7266845703125 4268.3642578125 1301.5015869140625 1087.3865966796875 3149.68017578125 2792.783447265625 388.522430419921875 2616.848388671875 1028.328369140625 607.201904296875 3436.8779296875 3347.51904296875 1793.494140625 2814.06005859375 3645.662353515625 3530.864501953125 5303.841796875 5563.27294921875 2016.1597900390625 4556.36376953125 4084.9306640625 4423.7802734375 2535.200927734375 4675.81787109375 3710.494873046875 5016.5068359375 3255.14111328125 2107.4462890625 918.872802734375 3414.46728515625 1000.58624267578125 3089.380126953125 3290.7763671875
1303.4249267578125 3594.612060546875 1181.937744140625 9193.3759765625 7164.59423828125 4309.3857421875 3616.62646484375 1019.128173828125 2516.9326171875 6030.61328125 4662.39697265625 0 570.5596923828125 1700.9288330078125 3791.248291015625 2111.1357421875 1316.4986572265625 2110.849365234375 884.60516357421875 1598.686767578125 147.0523681640625 2113.598876953125 2196.277587890625 801.223876953125 1841.554931640625 3586.48974609375 4031.962646484375 2214.197021484375 998.00848388671875 3904.794921875 3848.09130859375 3689.146240234375 4121.935546875 3323.44921875 3813.6025390625 4296.38720703125 4876.0244140625 6845.25244140625 1896.559326171875 4771.2333984375 5205.62939453125 3655.62158203125 3546.431396484375 4579.96728515625 4404.6357421875 4468.939453125 1575.98779296875 1481.38134765625 2752.26953125 10000 2862.260009765625 7074.24658203125 2898.9482421875
1224.2972412109375 1118.2562255859375 42.3180389404296875 1697.810791015625 2225.3603515625 3337.054443359375 1946.9376220703125 2244.30712890625 895.4903564453125 1928.2392578125 1033.4444580078125 0 1892.7724609375 3973.345947265625 3263.40087890625 4002.946533203125 4253.357421875 3026.60205078125 201.081512451171875 0 0 285.09527587890625 1097.09033203125 6091.7138671875 3207.469970703125 4138.4990234375 7606.49072265625 4902.06591796875 3105.0361328125 4221.490234375 3566.060546875 1946.43115234375 4718.66796875 4088.03564453125 4046.477783203125 3121.834716796875 5302.62939453125 4789.03369140625 2020.9493408203125 2884.49951171875 3375.6572265625 3505.419921875 3907.701416015625 3167.7646484375 4033.1923828125 2498.345458984375 939.1837158203125 1779.4693603515625 3181.947998046875 6641.37744140625 981.5372314453125 5260.76318359375 3398.752685546875
2339.698974609375 2993.371826171875 378.5364990234375 51.623504638671875 0 512.80364990234375 1888.2369384765625 2819.424072265625 4020.0869140625 1334.6318359375 0 4512.630859375 1785.1905517578125 3469.43505859375 4400.69287109375 3942.897705078125 3777.933349609375 1243.57080078125 0 0 0 0 0 1136.439697265625 3471.865234375 2242.754638671875 2754.13330078125 473.761199951171875 4252.94873046875 4405.55712890625 3319.34765625 1528.3935546875 4394.82275390625 3459.003173828125 4188.89111328125 2859.148681640625 2443.169921875 3199.72412109375 5318.80908203125 193.6518096923828125 2082.45361328125 3576.601806640625 4964.05322265625 4256.111328125 4336.05322265625 2674.427978515625 1496.052734375 3292.83837890625 3116.160400390625 1438.2464599609375 587.61346435546875 2172.7734375 3794.6533203125
239.599822998046875 35.7646026611328125 0 0 0 0 344.17108154296875 250.7279815673828125 502.24249267578125 0 61.083011627197265625 4117.09228515625 483.18023681640625 1461.1007080078125 1267.0919189453125 735.39923095703125 1684.624755859375 1416.7469482421875 933.2132568359375 1063.6978759765625 733.5186767578125 0 0 2108.8330078125 2656.66943359375 2296.74951171875 2814.66015625 1033.0928955078125 3911.903076171875 4553.6865234375 5251.41015625 4964.5556640625 3188.32861328125 2958.420166015625 2349.0205078125 4101.87646484375 5133.5654296875 3231.2802734375 4750.75244140625 64.53122711181640625 3298.044189453125 590.357177734375 3839.452880859375 3815.90625 4712.30712890625 3018.5810546875 3786.895263671875 1968.6007080078125 2729.049560546875 4710.048828125 1842.7845458984375 3700.0576171875 3690.906982421875
2310.79150390625 1198.660400390625 412.98284912109375 762.1246337890625 1767.493408203125 2383.2666015625 425.779815673828125 1467.3558349609375 700.35162353515625 1023.63238525390625 1036.4754638671875 1302.5289306640625 1081.00439453125 859.121826171875 1559.3861083984375 840.70379638671875 3166.86181640625 1598.7506103515625 2963.73486328125 1854.16259765625 0 52.73409271240234375 1308.9609375 2234.0068359375 334.10040283203125 204.027374267578125 222.1814422607421875 1221.1285400390625 3617.394775390625 3117.98876953125 2135.952392578125 2759.13427734375 3132.176513671875 2726.517822265625 4130.89453125 2877.15576171875 3361.994140625 3402.99169921875 2418.197021484375 2077.645263671875 2086.71923828125 987.8609619140625 788.9725341796875 3279.544189453125 3363.16357421875 1749.5341796875 1944.38134765625 956.6754150390625 2325.9404296875 3753.2060546875 4071.86279296875 2499.970458984375 3337.820556640625
1539.7606201171875 2468.194091796875 2337.731689453125 1749.0909423828125 1802.2669677734375 1498.4500732421875 1657.2427978515625 1601.15087890625 1074.296630859375 1446.498046875 1096.548095703125 1716.2279052734375 2066.83056640625 2991.564208984375 4006.090087890625 1565.8935546875 3040.607421875 3835.510009765625 1584.589111328125 1987.7730712890625 2224.164306640625 2461.443359375 1067.8775634765625 3956.255126953125 3369.57080078125 3703.444580078125 585.3018798828125 0 0 1986.8038330078125 629.6741943359375 3156.78564453125 4126.99462890625 3006.5009765625 4861.44580078125 3323.724609375 5500.6455078125 3674.428466796875 3651.67626953125 2263.556396484375 483.684967041015625 7622.60693359375 2538.25830078125 845.2041015625 1662.147216796875 5990.13916015625 2409.94384765625 4071.048095703125 836.85089111328125 1788.11572265625 1720.2562255859375 1910.8804931640625 3156.571533203125
2193.25537109375 3475.88232421875 5368.14111328125 2205.872802734375 3884.319091796875 1898.7088623046875 3181.75537109375 2553.42041015625 3412.350830078125 2104.715576171875 780.50335693359375 2953.802490234375 1023.56561279296875 3027.704345703125 3583.9873046875 7201.4501953125 1312.6588134765625 1998.900146484375 3039.777587890625 770.1507568359375 1994.81884765625 3909.88525390625 3365.613525390625 1181.412109375 2455.35400390625 4391.74951171875 648.3673095703125 2209.3994140625 571.8453369140625 919.325439453125 3447.838134765625 664.26629638671875 2822.279052734375 4132.4541015625 2409.12109375 4449.6767578125 4025.008056640625 4098.3330078125 2643.2900390625 4304.3779296875 1641.213134765625 690.10040283203125 996.25311279296875 6729.6669921875 1896.570068359375 3098.624267578125 2163.659423828125 2966.67626953125 1124.67724609375 971.98828125 2017.74462890625 2016.0206298828125 1909.8775634765625
4200.55224609375 3092.4384765625 4202.29296875 5010.33642578125 2907.6767578125 1688.3038330078125 3718.167236328125 2246.154296875 2864.941650390625 3464.73388671875 3375.42431640625 1744.2867431640625 1337.9385986328125 557.3599853515625 3185.064697265625 3616.00830078125 2413.05615234375 1263.430419921875 542.1693115234375 21.536914825439453125 2920.64697265625 4103.666015625 4313.59228515625 2824.9404296875 345.814422607421875 448.19366455078125 0 3520.57275390625 1499.8218994140625 0 1948.4183349609375 2289.500732421875 4624.06494140625 2188.20703125 3916.141357421875 1067.8814697265625 2467.807373046875 1309.5687255859375 1783.318115234375 4543.02197265625 2869.27685546875 3011.81396484375 3010.540283203125 7761.275390625 4253.10498046875 1701.069091796875 2848.76318359375 2294.224609375 3233.24853515625 1387.936767578125 1072.415283203125 1591.0155029296875 3071.440673828125
3691.432861328125 2032.9163818359375 1736.139892578125 1181.579345703125 836.50927734375 464.421875 2647.56298828125 3776.26318359375 3407.56103515625 2543.901123046875 3844.429443359375 2402.011474609375 1606.8145751953125 189.666046142578125 2461.54541015625 1533.105224609375 1751.70361328125 233.4340667724609375 2233.977294921875 885.63623046875 2963.0703125 4145.76416015625 3712.433349609375 2838.7900390625 490.183441162109375 0 0 1840.4208984375 5876.6484375 492.19561767578125 867.34002685546875 5910.7998046875 1048.1116943359375 3505.471435546875 7508.00732421875 4630.01025390625 6905.28173828125 1151.0706787109375 3557.503173828125 2918.361083984375 3474.922119140625 2286.644287109375 3379.052001953125 1799.5615234375 1984.378662109375 1664.6634521484375 2467.54833984375 3574.114013671875 2359.196044921875 1901.14404296875 4000.89794921875 2468.966796875 3471.977294921875
3795.404296875 2686.771484375 4122.75439453125 7011.04443359375 5467.5 1853.0374755859375 1818.6846923828125 3894.4306640625 3338.446533203125 3138.995849609375 4050.522216796875 2576.5751953125 3296.087890625 2122.515625 689.17547607421875 2013.0093994140625 12.718981742858886719 397.659332275390625 3250.80224609375 1969.85595703125 2974.19189453125 3398.40673828125 2603.623046875 3075.77294921875 3290.49267578125 248.3392486572265625 1179.1893310546875 3790.22607421875 1665.8797607421875 3253.128173828125 2260.767578125 96.60263824462890625 3953.837890625 2941.31689453125 5000.9619140625 4852.9130859375 1137.07373046875 1472.341552734375 4162.1123046875 3789.660400390625 3174.686767578125 3289.169189453125 609.018310546875 491.62982177734375 650.13128662109375 864.0340576171875 3472.803955078125 2586.75634765625 3199.115234375 1292.137451171875 2935.348876953125 3762.03857421875 1651.9871826171875
4092.724609375 1322.6746826171875 4198.1904296875 1049.721923828125 1259.2322998046875 4025.923095703125 1775.108154296875 879.96527099609375 1858.3094482421875 3471.757080078125 4485.578125 2403.829833984375 3798.545166015625 3510.1689453125 1541.6759033203125 5135.07080078125 3549.96630859375 2879.63720703125 1305.15087890625 2140.54931640625 2303.88134765625 3050.257080078125 1996.357666015625 3286.851806640625 2793.68115234375 1454.619873046875 1092.5379638671875 2948.3759765625 1218.447998046875 2225.126708984375 1975.3765869140625 3868.71435546875 1758.5484619140625 477.436065673828125 5779.21630859375 5238.0380859375 6269.6796875 5765.33154296875 4314.3134765625 4246.03466796875 4122.6435546875 1402.1839599609375 2367.37353515625 10000 1539.8643798828125 2892.9287109375 3252.68212890625 1326.5491943359375 1693.5526123046875 1633.395751953125 1469.1837158203125 639.89111328125 20.99927520751953125
5294.0009765625 2078.894775390625 5529.50927734375 1947.40185546875 1889.0189208984375 1541.4276123046875 1340.35302734375 4295.0888671875 1117.7840576171875 3516.256103515625 1726.6964111328125 655.40765380859375 1626.5196533203125 2665.10205078125 857.42254638671875 2606.862548828125 2620.9189453125 2115.012451171875 2841.474609375 2218.487548828125 2940.06103515625 3683.796630859375 3122.449462890625 4454.3330078125 1588.005615234375 1682.6170654296875 1460.3450927734375 3987.33544921875 3073.931396484375 1766.033935546875 2730.50634765625 9957.544921875 632.1270751953125 8952.7275390625 499.876434326171875 1604.9730224609375 2766.50732421875 4046.02783203125 1325.46435546875 2405.761962890625 985.0462646484375 4298.580078125 1405.25390625 2230.0966796875 1923.6417236328125 97.79357147216796875 1106.748046875 1205.2830810546875 3835.0595703125 2565.9951171875 780.530517578125 3376.061767578125 1968.149169921875
2339.30078125 4820.0947265625 7896.67724609375 2902.48681640625 4600.68798828125 4791.91162109375 3197.221923828125 1262.230712890625 1003.43756103515625 2417.683837890625 2964.177490234375 4677.265625 1900.0775146484375 1202.25439453125 6291.71923828125 2541.904296875 3123.451904296875 3487.939697265625 1438.406982421875 1122.3270263671875 1699.5611572265625 163.91644287109375 3200.09814453125 4219.13671875 2188.92431640625 1803.099609375 1046.05224609375 2633.884033203125 4505.5751953125 3261.2919921875 914.544189453125 3252.074951171875 3996.781982421875 1463.9361572265625 5200.1044921875 3867.5556640625 1249.3411865234375 6484.7744140625 3826.822509765625 797.998291015625 425.835235595703125 5257.3896484375 1226.2423095703125 388.08349609375 1081.352294921875 2698.932861328125 2303.625244140625 4336.990234375 2899.07421875 2341.42333984375 2073.68798828125 548.325927734375 7277.708984375
4141.43603515625 4869.84521484375 7398.64697265625 5547.72216796875 1269.822021484375 2030.0137939453125 987.90283203125 745.40045166015625 3069.77880859375 391.420928955078125 2130.905029296875 833.49859619140625 241.56500244140625 73.552459716796875 8474.8310546875 3178.47509765625 1963.9215087890625 4043.592529296875 2981.6650390625 3410.996337890625 1541.1864013671875 1426.392333984375 630.06634521484375 550.07232666015625 4182.09765625 1516.6038818359375 1537.699462890625 2238.7607421875 2371.635498046875 3227.04150390625 1097.53369140625 2159.81787109375 2254.203857421875 930.3533935546875 3403.44580078125 126.533935546875 859.0472412109375 1276.8892822265625 4440.6259765625 2299.004638671875 295.588287353515625 292.248626708984375 1257.096923828125 2343.857666015625 2299.919677734375 2881.562744140625 2821.328125 4388.7587890625 3482.234375 1080.6680908203125 4881.69384765625 4015.6171875 5401.91796875
5011.21435546875 705.6568603515625 1605.5758056640625 2597.784912109375 1262.458984375 2399.4140625 531.0162353515625 2875.715576171875 1148.6151123046875 2158.8935546875 1.0868618488311767578 829.541259765625 1817.77978515625 1457.106689453125 4402.94287109375 1891.4775390625 7372.4921875 3164.97607421875 2932.3173828125 2765.20166015625 3663.08251953125 3792.033935546875 1807.1983642578125 3504.78125 1982.5714111328125 803.0701904296875 1067.83349609375 3123.85302734375 2470.786376953125 1592.4534912109375 5050.5224609375 1360.43798828125 973.73052978515625 1073.0589599609375 0 0 0 0 0 0 1732.4302978515625 2415.8125 1395.4202880859375 1332.3009033203125 1964.1209716796875 1747.7921142578125 1920.83544921875 5123.32666015625 4381.34765625 114.5147857666015625 872.9080810546875 3764.913818359375 1753.2769775390625
