ForecastVariables/BuildingFootprint_Total_100m/BuildingFootprint_Random5_cleaned.asc
ncols        529
nrows        344
xllcorner    2700.000000000000
yllcorner    15900.000000000000
cellsize     100.000000000000
NODATA_value  0
[rows 168 to 191 of 344, columns 265 to 317 of 529]
1618.53173828125 372.924713134765625 1655.491455078125 1515.888916015625 2288.5087890625 2112.334716796875 2082.048828125 490.98583984375 0 0 0 445.077301025390625 2323.794921875 3378.27783203125 6133.07421875 2093.8076171875 380.712158203125 4081.564697265625 1468.0433349609375 2055.603759765625 5663.16357421875 3590.080078125 3543.5595703125 6287.08056640625 3331.128662109375 2783.552490234375 1600.10888671875 1532.7349853515625 556.69525146484375 821.25885009765625 957.4456787109375 1630.968505859375 2967.665771484375 634.4111328125 0 2424.947509765625 2620.880615234375 674.55926513671875 0 0 658.08349609375 1747.4825439453125 665.30584716796875 1306.904296875 867.22674560546875 1348.7440185546875 434.369354248046875 1414.7275390625 2162.46142578125 3622.58642578125 3553.80615234375 2687.720947265625 743.33740234375
1488.604248046875 4311.59228515625 1973.7640380859375 3744.717041015625 1632.503662109375 1298.580810546875 895.951904296875 3378.21435546875 4367.9833984375 3581.044677734375 3098.8076171875 513.12274169921875 514.18475341796875 800.15374755859375 2004.6046142578125 1764.229248046875 3383.227294921875 2908.48291015625 3288.64794921875 1472.5689697265625 3927.378662109375 1326.72509765625 6991.52734375 6148.20068359375 2579.25634765625 2436.226318359375 2532.84521484375 2595.746826171875 2836.061767578125 2609.013671875 1435.0267333984375 3436.42236328125 5246.07861328125 2750.649658203125 0 3535.082763671875 3991.849853515625 2623.33251953125 1624.71337890625 1224.7373046875 3441.347900390625 4134.37841796875 2472.16748046875 3034.68603515625 4301.78759765625 3140.84326171875 1889.3978271484375 3217.6494140625 1965.5345458984375 4831.04931640625 144.0714263916015625 1102.803955078125 2028.9539794921875
909.264404296875 884.9486083984375 2922.873046875 2188.932373046875 5074.2509765625 1654.2838134765625 840.177001953125 1473.751708984375 1074.052734375 2467.6923828125 5253.7470703125 2765.780029296875 0 0 748.785400390625 233.787506103515625 616.37078857421875 1014.093505859375 1590.402587890625 3583.3603515625 1125.3450927734375 4244.203125 700.20147705078125 1657.50146484375 2960.804443359375 2917.90576171875 1905.0799560546875 3470.2890625 1254.9169921875 5300.09521484375 545.902099609375 2043.5167236328125 2470.39111328125 2363.011962890625 486.8599853515625 3599.112060546875 2946.9892578125 1279.1689453125 3160.759521484375 4453.79150390625 2658.291748046875 3478.46240234375 727.35076904296875 2199.1337890625 1283.1522216796875 1620.66552734375 1856.79833984375 1512.8529052734375 1574.665771484375 1638.290771484375 2286.63330078125 2858.71630859375 2299.536865234375
483.910552978515625 2442.577392578125 2563.989013671875 1166.674072265625 1353.91650390625 2490.542236328125 4423.0400390625 1902.422119140625 3706.2529296875 855.9677734375 4224.6796875 2543.037841796875 1775.12109375 3496.80615234375 3847.5556640625 4658.16845703125 1685.205078125 5988.77392578125 3300.327880859375 1852.1634521484375 5629.2275390625 1721.328857421875 0 2891.494384765625 2965.592041015625 2262.702392578125 3102.2021484375 99.69525909423828125 879.0733642578125 1062.0850830078125 1144.3670654296875 5003.8818359375 725.01031494140625 1913.8033447265625 710.01617431640625 3582.37109375 3052.5751953125 2524.140380859375 2116.931884765625 816.20404052734375 1357.124755859375 1628.0286865234375 2372.789794921875 10000 4066.170654296875 2686.76904296875 2778.076171875 1758.3123779296875 2963.528076171875 2985.288330078125 3724.374755859375 3450.219970703125 5327.11279296875
2289.402099609375 485.648681640625 654.093017578125 1641.889404296875 2058.88671875 4486.87060546875 3029.924072265625 2213.79833984375 2110.843505859375 1291.3115234375 2984.909912109375 3152.76123046875 3547.5166015625 3232.858154296875 4857.41259765625 5178.93798828125 4053.30224609375 3962.126220703125 2998.103271484375 5532.8876953125 4130.6708984375 5011.533203125 5291.173828125 5500.884765625 3272.14697265625 3350.04052734375 3103.28759765625 3742.5654296875 1374.3082275390625 3088.94970703125 5282.07275390625 3352.66650390625 812.2313232421875 788.8734130859375 115.79717254638671875 1548.17431640625 957.72967529296875 1461.45654296875 2593.160888671875 4979.828125 3193.609619140625 1965.371337890625 3885.61962890625 8158.39404296875 2899.748779296875 4572.87939453125 3550.9033203125 2940.389892578125 3706.016845703125 3207.8779296875 3521.21630859375 4618.4140625 4874.37060546875
2374.080810546875 52.654140472412109375 2713.39453125 4976.4755859375 1922.471435546875 5142.69140625 2408.855224609375 1910.91357421875 1046.2843017578125 87.827178955078125 5855.96240234375 4195.11962890625 3342.471923828125 3301.65283203125 3582.351318359375 3312.7255859375 3399.26953125 3920.97021484375 1301.376220703125 4220.75732421875 4285.544921875 1857.100830078125 1857.569091796875 3953.099609375 2485.813232421875 551.2569580078125 4650.11181640625 2185.34814453125 1216.37841796875 3208.565673828125 999.3485107421875 1650.244140625 1637.5157470703125 3734.876220703125 330.90740966796875 1947.9410400390625 2812.5078125 4086.509521484375 3993.19677734375 4403.34619140625 3490.84521484375 3085.83837890625 2868.145263671875 4191.12548828125 4467.61669921875 6026.8388671875 3181.99853515625 4475.58056640625 5525.841796875 4108.12548828125 4681.53857421875 5139.865234375 5132.47802734375
40.98131561279296875 167.5789642333984375 1311.4495849609375 3606.45703125 4173.8212890625 2940.105224609375 2056.1923828125 1649.5780029296875 3784.54833984375 1430.1270751953125 3322.5810546875 720.15191650390625 1960.6361083984375 2312.91552734375 2682.415283203125 3044.878662109375 1199.54736328125 3258.19921875 3322.7099609375 305.210357666015625 567.65533447265625 1787.5933837890625 4057.5400390625 1692.907470703125 3821.29541015625 959.61865234375 228.026885986328125 52.70336151123046875 1087.4541015625 2958.8623046875 1482.4144287109375 2947.263671875 2163.023193359375 1301.8621826171875 442.876495361328125 1562.6253662109375 3022.66357421875 2421.9111328125 3952.49853515625 3311.64208984375 10000 7268.68359375 3154.826171875 3342.636474609375 5527.3369140625 4391.80029296875 5312.203125 4665.4169921875 4567.1396484375 2921.407470703125 1942.10205078125 2835.31494140625 1167.23193359375
3627.00927734375 1846.4488525390625 1689.203369140625 1655.002685546875 1196.5635986328125 1934.81591796875 3312.41259765625 3984.97314453125 5181.1376953125 5794.52734375 4271.4951171875 1236.095703125 4269.50341796875 1345.9434814453125 3543.50537109375 4531.3369140625 2920.17333984375 3966.661865234375 6548.90283203125 9003.2578125 2522.33837890625 1975.69482421875 936.15771484375 1337.427490234375 1856.391845703125 3884.33544921875 1157.3602294921875 6833.5693359375 1085.0003662109375 2277.97119140625 361.053619384765625 4128.77587890625 1539.9476318359375 986.0084228515625 543.861572265625 4166.61181640625 3973.313720703125 3556.464599609375 3592.72314453125 3779.63427734375 1473.6875 4977.75830078125 3730.47314453125 4771.482421875 5810.4404296875 5432.23974609375 5244.7265625 4495.73046875 4002.4091796875 2859.92236328125 4528.93798828125 2437.88037109375 2275.109619140625
331.24969482421875 7964.58203125 4749.0263671875 3234.865966796875 610.5380859375 1819.80517578125 1971.73193359375 1340.326416015625 774.494140625 1716.2498779296875 376.947265625 4181.4765625 1366.0386962890625 719.94781494140625 2777.356689453125 4139.15625 3666.983154296875 5684.73291015625 6445.388671875 4467.85693359375 3344.3916015625 6407.29150390625 149.755035400390625 2098.375 2653.26025390625 4635.82861328125 214.1111602783203125 513.19024658203125 1306.15625 847.10565185546875 978.370849609375 6238.4765625 4114.26513671875 969.5506591796875 1306.0565185546875 1811.2520751953125 4153.3369140625 3679.446044921875 3214.5478515625 3724.698974609375 5101.63671875 3650.949462890625 3580.86328125 3558.958984375 5715.67626953125 4038.239501953125 3168.425048828125 1141.0035400390625 2568.221923828125 3460.540771484375 1026.044677734375 1912.540771484375 3115.99658203125
4037.57568359375 356.780853271484375 6505.05615234375 6965.93408203125 2647.50537109375 526.8814697265625 5033.29541015625 4631.80712890625 1411.93408203125 886.80810546875 2464.3671875 239.68646240234375 6559.03662109375 3313.1845703125 2065.874267578125 3214.16015625 3409.1923828125 3069.75830078125 3600.220947265625 5599.6201171875 2324.530517578125 5731.7265625 7135.236328125 1097.5394287109375 3302.1298828125 2707.5361328125 222.999481201171875 2240.876708984375 4951.17822265625 2697.5771484375 415.5625 1446.359619140625 587.70025634765625 959.62921142578125 4517.025390625 2237.2021484375 3096.295166015625 868.23193359375 4049.90234375 3222.881103515625 2831.184326171875 2240.01611328125 2470.40283203125 2539.84521484375 1818.434814453125 2375.303955078125 444.144012451171875 5301.044921875 472.95880126953125 289.693359375 3216.74169921875 2070.792236328125 1380.8885498046875
871.22265625 697.86065673828125 3369.895263671875 4855.3828125 2046.621337890625 2356.3505859375 1326.2457275390625 1795.1103515625 6157.08935546875 5008.3603515625 3094.07666015625 5123.14990234375 6340.64111328125 4906.544921875 4773.162109375 4253.9697265625 2564.303466796875 3697.5380859375 1214.9549560546875 2304.633056640625 4338.38916015625 2671.30419921875 6653.52880859375 4236.765625 1079.824951171875 1614.4744873046875 732.7371826171875 1129.8043212890625 1512.2186279296875 607.54779052734375 1542.4560546875 3654.68701171875 1063.805908203125 1171.53369140625 4636.02587890625 154.59295654296875 3617.834228515625 2693.95458984375 1632.9442138671875 1184.1168212890625 1712.164794921875 3731.941650390625 4313.08544921875 2062.4150390625 3996.813232421875 3363.074462890625 1219.4609375 390.837554931640625 2139.624267578125 4130.80126953125 885.50787353515625 2744.7060546875 1673.2701416015625
0 510.250579833984375 0 3387.623046875 3865.08251953125 2560.887451171875 557.09991455078125 4377.32861328125 2544.239501953125 6245.9912109375 3647.889404296875 6240.37109375 6502.87744140625 6373.26904296875 5459.814453125 4990.97119140625 4722.29931640625 1667.457763671875 3758.935302734375 5556.37451171875 3091.920654296875 1701.4073486328125 7016.427734375 4439.69873046875 6398.0771484375 644.6807861328125 1228.9049072265625 771.42950439453125 4914.1591796875 0 1914.6279296875 2648.190673828125 1109.79541015625 2311.983642578125 3444.592529296875 3107.755859375 2448.728759765625 216.06927490234375 1298.5704345703125 2265.560302734375 2840.0888671875 3677.79248046875 2911.3251953125 2873.67626953125 1099.105712890625 3417.82568359375 2098.295166015625 429.805023193359375 87.81563568115234375 847.24664306640625 2215.4619140625 606.469970703125 3937.74658203125
0 0 0 1564.102294921875 1924.024169921875 8827.7431640625 240.883453369140625 4295.9853515625 4859.2275390625 4134.82373046875 6214.4638671875 3396.4384765625 4369.966796875 6156.38330078125 4939.4306640625 6514.11865234375 2998.190673828125 2375.98974609375 5249.9404296875 3970.1103515625 4676.85546875 733.70440673828125 3451.085205078125 2421.8251953125 237.29742431640625 3600.067138671875 5424.77490234375 710.8267822265625 0 39.440067291259765625 54.393772125244140625 1676.2791748046875 2775.761474609375 323.14898681640625 2179.86181640625 1345.305908203125 3292.895263671875 0 935.592041015625 2692.3994140625 2315.0810546875 5122.65380859375 1252.185546875 2936.78515625 1326.4910888671875 3200.586181640625 2941.592041015625 2405.2451171875 1360.8519287109375 2533.51220703125 1790.5643310546875 1890.9027099609375 2279.809814453125
0 0 129.3002471923828125 4936.4912109375 5078.767578125 2131.6181640625 1904.3228759765625 5302.07763671875 4822.19677734375 6493.18701171875 5720.92041015625 4131.8525390625 4130.36376953125 6008.45166015625 554.2451171875 3251.134765625 3060.531005859375 547.5247802734375 3500.783203125 2518.572021484375 2641.840087890625 569.69134521484375 786.9320068359375 543.490234375 599.285400390625 570.708251953125 3641.6044921875 0 0 33.51674652099609375 0 5375.013671875 1300.8720703125 2667.7783203125 1903.5333251953125 609.31903076171875 0 0 0 0 465.203277587890625 2326.133544921875 554.6422119140625 2568.358642578125 2930.437744140625 1654.438232421875 786.718017578125 1784.4149169921875 1320.3521728515625 2548.62890625 3527.582275390625 1953.0706787109375 2963.342041015625
0 424.03656005859375 901.45367431640625 417.564544677734375 1130.6966552734375 68.9606170654296875 2385.68798828125 6923.7236328125 5196.63330078125 6019.03173828125 3428.010498046875 3611.56884765625 3492.8056640625 886.547607421875 3974.37353515625 2307.866943359375 3716.2890625 1929.5892333984375 308.72442626953125 169.35919189453125 2986.62939453125 1567.8077392578125 4014.850830078125 3404.797607421875 3146.53662109375 1022.3404541015625 1097.8831787109375 0 607.280029296875 0 0 1257.3150634765625 2678.0859375 6298.48876953125 4350.0556640625 88.03519439697265625 0 0 343.6390380859375 891.5177001953125 0 0 0 951.29522705078125 1485.6318359375 2451.041748046875 1899.7349853515625 2012.1683349609375 4910.92626953125 2329.137939453125 1802.5595703125 2125.421875 4338.6533203125
0 135.5941009521484375 980.21435546875 540.77783203125 740.9088134765625 2955.33544921875 1030.6099853515625 953.51043701171875 5696.6630859375 6671.2197265625 6363.96240234375 6876.5537109375 611.57135009765625 1676.3865966796875 441.72039794921875 1038.2734375 4411.4169921875 2299.9130859375 1399.1844482421875 3014.4638671875 2528.890869140625 2439.651123046875 1147.370849609375 308.6927490234375 0 0 0 0 122.07820892333984375 1102.7728271484375 763.16912841796875 5421.5400390625 9700.140625 9999.9951171875 9999.9951171875 6923.88525390625 0 0 0 1033.18603515625 0 852.48089599609375 1912.4544677734375 349.733551025390625 589.75714111328125 802.78955078125 2267.6669921875 2916.74755859375 2763.24072265625 1297.8472900390625 2813.25 2527.519775390625 3281.0302734375
0 724.80706787109375 1343.0074462890625 318.47625732421875 899.86572265625 3491.643310546875 3814.38720703125 3781.63037109375 1078.2286376953125 3044.455078125 5145.74072265625 358.90374755859375 7157.55810546875 230.360443115234375 3658.574462890625 240.2423248291015625 767.9649658203125 921.9715576171875 2604.946044921875 3303.118408203125 1587.156982421875 2552.598388671875 2366.235107421875 2948.42236328125 2.0921676158905029297 9.2066602706909179688 0 0 381.054107666015625 1241.02734375 2003.568115234375 6279.166015625 9999.9951171875 9999.9951171875 9999.9951171875 8146.83837890625 104.20275115966796875 0 0 0 0 0 4687.134765625 275.2796630859375 865.56854248046875 4635.02880859375 2762.6103515625 2742.619384765625 2597.203369140625 3362.983154296875 3267.32470703125 3430.07373046875 3858.663330078125
0 15.029157638549804688 4107.716796875 3122.662353515625 1889.2073974609375 4788.7021484375 3779.490234375 4028.775390625 3136.453125 2825.9384765625 1660.164306640625 7019.560546875 3033.4697265625 4324.80029296875 1018.00830078125 4912.76904296875 2665.61767578125 5323.99853515625 4739.46435546875 6794.302734375 2199.8193359375 2468.59423828125 1887.5943603515625 2772.195556640625 237.543731689453125 120.86724090576171875 0 0 0 0 0 4882.53515625 9999.9951171875 9999.9951171875 9270.6455078125 3894.628662109375 0 0 0 0 317.5325927734375 0 199.3931121826171875 590.54779052734375 2298.768798828125 2312.6826171875 2784.41845703125 3592.025146484375 3224.551025390625 3226.510498046875 3177.444091796875 2848.622802734375 3888.368896484375
0 1528.095947265625 2943.33154296875 3721.567138671875 2749.15283203125 3622.021240234375 4689.5556640625 2531.2490234375 6366.23828125 5602.12451171875 4335.73681640625 5295.78662109375 310.826812744140625 3600.337158203125 2525.393310546875 5037.90771484375 5123.8076171875 3111.509765625 3125.594970703125 4924.8251953125 5038.06591796875 2248.465576171875 3474.9130859375 5454.80615234375 166.6470489501953125 0 0 0 0 0 0 304.23040771484375 8513.9716796875 5843.17529296875 3029.425048828125 3580.6689453125 3786.02001953125 0 0 930.00518798828125 1227.0919189453125 0 740.5257568359375 2493.61669921875 3602.980712890625 423.611419677734375 1755.1072998046875 2827.26806640625 2106.58837890625 3128.223388671875 4002.52685546875 3360.50341796875 2205.324462890625
193.6707763671875 2993.743408203125 2383.216064453125 4399.33837890625 3212.99267578125 3903.119873046875 3877.6533203125 4577.05322265625 4013.09521484375 4070.189208984375 5958.03564453125 4595.24462890625 1108.9598388671875 5267.474609375 4262.1552734375 4227.43603515625 6586.25830078125 5583.6015625 3318.355224609375 4181.87060546875 2702.531005859375 3263.174072265625 3389.57763671875 73.4014129638671875 879.9981689453125 324.8515625 0 0 0 0 0 1284.33203125 5357.5107421875 5871.3203125 767.35772705078125 4656.5498046875 519.6297607421875 0 458.2801513671875 2565.4306640625 0 1952.6806640625 5413.9091796875 1891.4932861328125 3621.156005859375 0 1296.0748291015625 736.1549072265625 1269.0115966796875 2748.325439453125 3807.799560546875 2255.166259765625 2786.177490234375
3331.054931640625 6264.7412109375 5045.09375 3091.572509765625 4491.24072265625 4747.96923828125 2447.387939453125 4865.11962890625 5049.85693359375 4685.609375 4702.025390625 6068.93115234375 1191.6195068359375 3216.4248046875 423.77032470703125 2963.582275390625 4709.5205078125 5595.8544921875 2803.21240234375 6495.04150390625 5782.03857421875 0 0 0 76.7805023193359375 0 0 0 0 0 0 324.70001220703125 3023.103759765625 9294.46484375 2036.3297119140625 0 747.48468017578125 196.278961181640625 253.0649261474609375 66.9450225830078125 2789.19677734375 1430.581787109375 2363.3408203125 2753.613525390625 2175.509765625 1586.905517578125 695.03363037109375 1407.0972900390625 863.04583740234375 2225.455322265625 2191.391357421875 2104.75390625 3144.39599609375
2357.440673828125 8806.611328125 1404.4652099609375 5922.5595703125 4934.79052734375 5787.9716796875 4836.6259765625 5374.84814453125 3481.16943359375 3961.780517578125 3556.8466796875 6853.31005859375 4450.236328125 2514.58056640625 149.3347015380859375 2147.497314453125 2310.197509765625 2268.01904296875 6686.83251953125 2999.82421875 0 573.5257568359375 339.493896484375 0 0 0 0 0 0 0 0 0 0 1548.8922119140625 481.01812744140625 0 1527.5963134765625 8.6412897109985351562 0 399.9747314453125 2811.867919921875 4735.181640625 2241.309814453125 4458.92041015625 2421.15234375 755.40643310546875 887.89166259765625 988.7559814453125 1182.9866943359375 2214.90087890625 3109.353271484375 1823.0626220703125 1737.9678955078125
1711.775146484375 3687.214111328125 647.61260986328125 575.74737548828125 2238.83056640625 5407.8203125 5889.89208984375 466.9217529296875 1742.95654296875 5446.95947265625 4714.55810546875 4384.70849609375 6536.01171875 3192.93359375 1744.7974853515625 3371.220947265625 1623.396240234375 963.68524169921875 1021.734130859375 0 0 0 0 0 0 5764.3837890625 0 0 0 0 217.7239837646484375 2894.305419921875 4180.66015625 3496.415771484375 0 0 0 2214.421875 5038.6630859375 2506.40576171875 805.768310546875 514.1427001953125 7543.45166015625 4229.56689453125 1988.7288818359375 1540.9974365234375 3181.006103515625 1827.0850830078125 1275.21826171875 1770.47705078125 3670.382568359375 3601.741455078125 2904.504638671875
3844.345458984375 4347.87646484375 723.274169921875 6375.51513671875 1948.8726806640625 5579.99169921875 4899.13525390625 3001.2431640625 5978.2421875 4245.736328125 2011.4881591796875 5691.29736328125 3452.432861328125 4105.07958984375 2397.192138671875 0 878.47637939453125 0 0 0 0 0 0 0 745.8834228515625 389.4287109375 2020.093994140625 2444.6494140625 1424.38037109375 2822.38525390625 2567.700439453125 439.92083740234375 2885.95263671875 1300.0904541015625 1612.453857421875 849.67724609375 0 1284.958740234375 389.0177001953125 3509.267578125 2850.15625 439.27471923828125 146.1213226318359375 829.82965087890625 1722.24658203125 832.94586181640625 682.18212890625 836.0615234375 946.05804443359375 2936.6669921875 3838.470947265625 2919.869384765625 2478.822509765625
