ForecastVariables/BuildingFootprint_Total_100m/BuildingFootprint_Random4_Cleaned.asc
ncols        529
nrows        344
xllcorner    2700.000000000000
yllcorner    15900.000000000000
cellsize     100.000000000000
NODATA_value  0
[rows 96 to 119 of 344, columns 106 to 158 of 529]
0 0 0 0 0 0 0 0 0 0 0 0 0 0 0 0 0 0 0 0 0 0 1434.643798828125 48.501590728759765625 0 293.561187744140625 0 1656.2886962890625 2073.873046875 1154.683349609375 0 0 0 2213.4775390625 662.1627197265625 0 87.76285552978515625 2.1854841709136962891 323.019287109375 3632.482421875 111.96478271484375 0 2098.30908203125 4466.69970703125 3366.143310546875 1109.58984375 1681.755126953125 51.268512725830078125 2766.4951171875 3628.71337890625 1462.2412109375 2383.85009765625 3189.5498046875
0 0 0 0 0 0 0 0 0 0 0 0 0 0 0 0 0 0 0 0 0 0 429.199676513671875 13.932809829711914062 0 329.171539306640625 435.4669189453125 1716.4381103515625 700.86932373046875 297.639434814453125 0 0 2254.19970703125 0 0 0 0 0 1250.21533203125 1138.2626953125 0 716.7794189453125 1801.7750244140625 2926.44091796875 1330.94384765625 2568.83251953125 1940.0438232421875 2235.313720703125 1689.5208740234375 2082.95751953125 2791.9423828125 2672.885009765625 2382.776123046875
0 0 0 0 0 0 0 0 0 0 0 0 0 0 0 0 0 0 0 0 0 0 0 1040.6458740234375 1235.3887939453125 3965.64599609375 2841.621337890625 4214.65966796875 1094.65966796875 0 0 0 0 0 0 0 0 0 1024.876708984375 1079.8751220703125 753.17816162109375 5422.33984375 2392.412841796875 1985.0118408203125 3126.622802734375 3226.936279296875 1546.72509765625 1447.0574951171875 1533.918212890625 1512.1195068359375 3817.08447265625 4287.681640625 983.28607177734375
0 0 0 0 0 0 0 0 0 0 0 0 0 0 0 0 0 0 0 0 0 0 0 1122.7674560546875 378.830047607421875 1045.4842529296875 4193.38330078125 4165.1171875 5.0104236602783203125 0 0 0 0 0 0 0 0 0 2192.205322265625 4080.9619140625 2870.42626953125 2140.7373046875 2391.728271484375 2012.4664306640625 3062.630859375 2252.113037109375 1986.5157470703125 26.879568099975585938 3331.15625 2625.5244140625 2920.3876953125 3020.214599609375 3007.73974609375
0 0 0 0 0 0 0 0 0 0 0 0 0 0 0 0 0 0 0 0 0 0 0 528.48492431640625 0 0 1495.319580078125 2288.799560546875 0 0 0 190.67645263671875 0 0 0 0 0 1697.029296875 3104.636962890625 2819.859130859375 2036.0140380859375 773.6639404296875 3420.506591796875 2241.53271484375 2406.797607421875 2255.117919921875 2922.958984375 2592.006103515625 1599.5438232421875 3208.450439453125 2753.148681640625 1642.7373046875 2635.210205078125
0 0 0 0 0 0 0 0 0 0 0 0 0 0 0 0 0 0 0 0 0 0 0 0 0 380.239654541015625 376.217498779296875 425.351043701171875 99.14167022705078125 1966.9781494140625 1770.6046142578125 198.6154327392578125 446.61468505859375 0 0 0 45.9103240966796875 2858.80810546875 5351.52587890625 983.832275390625 2330.534912109375 1723.84228515625 2813.2197265625 3558.968994140625 3037.390380859375 3043.55126953125 3251.183837890625 1007.6761474609375 1219.3140869140625 2756.905029296875 1336.13818359375 1177.3404541015625 3443.818603515625
0 0 0 0 0 0 0 0 0 0 0 0 0 0 0 0 0 259.27880859375 2742.224609375 2684.940673828125 723.36151123046875 0 0 0 0 0 0 0 0 0 0 0 0 0 0 0 557.15716552734375 1838.161865234375 2854.509521484375 1687.87109375 4616.4638671875 2730.39111328125 2187.4140625 3474.471923828125 3129.9931640625 2562.860107421875 1693.10693359375 681.72430419921875 3713.3447265625 2387.79443359375 2235.98193359375 2330.927978515625 704.23486328125
0 0 0 0 0 0 0 0 0 0 0 0 0 0 0 0 0 65.3965301513671875 3139.82080078125 3955.163818359375 940.20172119140625 0 0 0 0 0 0 141.9793548583984375 41.414043426513671875 0 0 0 0 0 0 0 1.4677677154541015625 1638.4422607421875 5556.35986328125 1389.941162109375 1898.8018798828125 2772.228515625 2883.61328125 2368.13720703125 2592.5146484375 3877.6572265625 4384.18994140625 4013.87158203125 3685.80615234375 3629.7177734375 4821.7060546875 2674.525634765625 2023.870849609375
0 0 0 0 141.6967926025390625 0 0 0 0 0 0 0 0 0 0 0 0 0 1215.825927734375 7276.9833984375 811.0675048828125 0 0 0 0 0 0 0 0 0 0 0 0 1433.14697265625 3274.746337890625 4012.56103515625 1391.4534912109375 95.4149017333984375 1432.4083251953125 1993.7330322265625 2317.25537109375 4619.88916015625 2279.552490234375 1875.361083984375 1285.8787841796875 3244.10400390625 2976.1279296875 1298.740966796875 3080.79638671875 1741.2615966796875 2374.338134765625 2617.47607421875 2061.34228515625
0 0 0 0 0 0 0 0 0 0 0 0 0 0 0 0 0 0 3070.62158203125 4934.08203125 1832.283203125 0 0 0 538.82061767578125 974.08526611328125 0 0 0 0 0 0 5179.67333984375 1218.791259765625 1723.091552734375 1661.870849609375 477.82904052734375 768.0643310546875 203.840240478515625 3499.739501953125 3183.670166015625 1718.056884765625 2302.1708984375 2521.39111328125 4215.9375 790.974853515625 3129.72998046875 699.14117431640625 2728.21240234375 2386.78955078125 726.4244384765625 4853.54345703125 978.46075439453125
0 0 0 0 0 0 0 0 0 0 0 0 0 0 0 0 758.49810791015625 348.299896240234375 1070.7239990234375 1195.614990234375 851.590087890625 757.6202392578125 2160.392578125 7043.53125 2503.164794921875 3279.14794921875 809.39788818359375 799.7674560546875 0 0 0 2052.4912109375 1640.5390625 2420.560546875 4235.8291015625 929.16693115234375 2658.352294921875 0 0 72.1874847412109375 1948.3062744140625 4432.89453125 2791.28759765625 2531.1259765625 1266.2286376953125 1242.0316162109375 3208.18115234375 1702.145751953125 4743.861328125 2681.849365234375 2403.38232421875 1280.458984375 1038.4888916015625
0 0 0 0 0 0 0 0 0 0 0 0 0 0 0 0 0 0 0 0 0 0 0 0 0 0 0 0 0 0 0 2263.166748046875 2712.86181640625 2502.6337890625 2175.75634765625 2625.75244140625 1361.0928955078125 1489.6246337890625 0 0 0 811.95404052734375 3330.732177734375 2218.163818359375 2341.857666015625 1615.9591064453125 3420.736572265625 1657.1572265625 2430.577392578125 2789.981201171875 7404.11572265625 2177.698486328125 1758.246337890625
0 0 0 0 0 0 0 0 0 0 107.57706451416015625 0 0 0 0 0 0 0 0 0 0 0 0 0 0 0 0 0 0 0 940.0546875 711.323486328125 592.458984375 2156.615966796875 4227.6728515625 1762.6123046875 2323.4814453125 353.5347900390625 2653.715576171875 0 1345.745361328125 2483.907958984375 1175.4344482421875 2204.059326171875 392.969024658203125 1689.6644287109375 5667.00830078125 4800.5869140625 575.89013671875 692.44110107421875 1995.3988037109375 3819.676513671875 3178.870361328125
1992.33154296875 0 0 0 0 0 0 0 0 0 56.25968170166015625 0 0 0 0 0 0 0 0 0 0 0 0 0 0 0 0 0 0 0 0 920.69549560546875 2039.777587890625 3476.613525390625 779.8802490234375 2234.616943359375 2065.66455078125 2319.13916015625 1277.47509765625 0 752.608154296875 2642.472900390625 1945.2918701171875 4351.51318359375 1080.6712646484375 1489.1717529296875 507.583160400390625 1035.649658203125 873.06414794921875 3662.98583984375 1420.18408203125 1808.4361572265625 3053.46875
38.251842498779296875 0 0 0 0 0 0 0 0 0 0 0 0 0 0 0 0 0 0 0 0 0 0 0 0 0 0 0 0 0 0 1527.38623046875 2172.060791015625 1505.075927734375 890.2921142578125 770.8905029296875 1492.5712890625 2695.046142578125 1679.0931396484375 0 402.05084228515625 850.51123046875 2161.890625 2901.88525390625 4637.0595703125 1795.2529296875 2349.614013671875 602.10028076171875 3912.35498046875 2121.13232421875 2383.635009765625 3761.85791015625 3186.50146484375
0 0 0 0 0 0 0 0 0 0 0 0 0 0 0 0 0 0 0 0 0 0 0 0 0 1450.08837890625 4556.3310546875 0 0 0 972.77581787109375 749.36163330078125 2069.09423828125 436.4720458984375 3959.052978515625 640.0057373046875 6094.111328125 3474.63427734375 0 0 2344.00439453125 1350.7110595703125 2876.298095703125 218.6298828125 1977.4371337890625 2332.36767578125 2110.375732421875 3928.356689453125 3986.59423828125 1267.4964599609375 2744.96728515625 1253.08349609375 2765.90673828125
0 0 0 0 0 0 0 0 0 0 0 0 0 0 0 0 0 0 0 0 0 0 0 5455.9365234375 911.6243896484375 200.3172607421875 7243.8720703125 121.095733642578125 0 1632.11767578125 10000 3375.815673828125 1182.712890625 1489.0009765625 1213.7236328125 651.879638671875 273.305908203125 1896.19287109375 0 0 0 0 3145.443359375 2156.865234375 2605.562744140625 1869.398193359375 6589.822265625 4455.78515625 2176.815673828125 1242.141357421875 825.1436767578125 3067.7255859375 7378.70556640625
0 0 0 0 0 0 0 0 0 0 0 0 0 0 0 0 0 0 0 279.175537109375 890.19140625 5507.15771484375 2953.172607421875 2269.154541015625 1404.83154296875 487.5496826171875 10000 2564.81298828125 0 628.54681396484375 1979.4390869140625 2930.34423828125 907.361083984375 3154.43310546875 1408.165283203125 2170.3193359375 677.7664794921875 0 0 0 0 0 0 1683.091552734375 2957.690673828125 2617.23046875 2764.74560546875 1958.91015625 1363.06787109375 1870.5303955078125 3230.61328125 2158.8681640625 936.37506103515625
0 0 315.479949951171875 0 0 0 0 0 0 0 0 0 0 0 0 0 4699.11669921875 1206.133056640625 521.18170166015625 190.366943359375 5693.4365234375 2941.1162109375 3148.022705078125 3249.81689453125 5080.27978515625 1104.3482666015625 4105.4208984375 2930.24658203125 0 1512.430419921875 1358.189208984375 2363.71630859375 3509.247802734375 2159.09326171875 4425.92822265625 2484.357421875 1316.0701904296875 772.69171142578125 0 0 0 0 0 420.11822509765625 119.59174346923828125 1888.4349365234375 725.54437255859375 597.86444091796875 928.2332763671875 6120.9921875 1086.5052490234375 2018.5706787109375 1894.48095703125
0 0 0 0 0 0 0 0 0 0 0 0 238.844329833984375 4511.2861328125 2184.0673828125 2316.256591796875 763.68768310546875 132.85174560546875 10000 1374.88720703125 9589.8486328125 3749.419921875 10000 3377.30419921875 481.61749267578125 1509.747314453125 594.10882568359375 335.733917236328125 1277.1539306640625 1509.541748046875 3970.58349609375 1824.2705078125 7421.1953125 1165.60400390625 6812.501953125 805.186767578125 1066.687744140625 3050.789794921875 489.50128173828125 2424.354736328125 0 0 2972.763671875 20.71041107177734375 3351.0966796875 328.209991455078125 3015.694091796875 1284.017822265625 2234.49169921875 7388.77001953125 949.536865234375 469.116241455078125 3027.493896484375
0 0 0 0 0 0 0 0 0 0 5963.828125 2143.78955078125 1638.5748291015625 1751.82275390625 3101.95263671875 4159.56884765625 300.2435302734375 2405.34375 3866.191650390625 315.53155517578125 1954.4384765625 106.313507080078125 612.5794677734375 3489.532470703125 2945.744384765625 595.25927734375 128.147308349609375 865.53802490234375 1694.382080078125 973.86822509765625 710.290283203125 1497.39306640625 5760.79296875 1039.2298583984375 277.47412109375 667.4371337890625 4199.79931640625 2288.373046875 336.25933837890625 1432.665771484375 2793.201416015625 0 1375.144287109375 10.866426467895507812 1835.39990234375 5133.91796875 2126.02197265625 220.4609527587890625 2061.4951171875 7863.1044921875 2418.128662109375 535.43865966796875 251.9587554931640625
2606.536865234375 155.7568359375 0 0 0 0 0 0 0 1290.15087890625 3768.130859375 91.8431854248046875 1248.470703125 5338.869140625 2116.334716796875 281.07110595703125 1797.69970703125 3949.631103515625 2800.5087890625 4202.58203125 1644.484375 378.513153076171875 819.459228515625 10000 1928.5677490234375 8986.1220703125 2902.614990234375 695.2724609375 2433.47314453125 2063.2099609375 2274.953857421875 2403.505615234375 3044.666259765625 4268.65185546875 5014.3115234375 2810.52587890625 2245.212890625 1383.353271484375 833.89898681640625 4273.55224609375 42.880435943603515625 6582.185546875 0 2310.2255859375 1611.921142578125 1116.8277587890625 7481.37890625 568.70599365234375 2987.637939453125 4182.63232421875 1200.014892578125 4613.51171875 2650.33740234375
338.406982421875 2276.206298828125 1247.04150390625 0 0 0 0 0 7869.2626953125 1304.5355224609375 528.3936767578125 4068.57763671875 632.95318603515625 2813.192626953125 1418.46435546875 658.48419189453125 2440.98876953125 5509.806640625 3530.624755859375 1739.0611572265625 6867.48046875 1790.4033203125 4614.025390625 826.391357421875 1717.614501953125 7659.953125 1632.7454833984375 10000 963.55462646484375 830.52117919921875 486.620758056640625 6170.708984375 693.90771484375 268.985565185546875 3525.830078125 1410.004638671875 3571.49365234375 1786.542236328125 694.85626220703125 2882.605224609375 3204.0390625 4723.2958984375 2083.996337890625 4118.21337890625 497.76092529296875 3531.785888671875 4621.37451171875 689.04449462890625 4046.51904296875 2219.18701171875 2370.46630859375 2999.600341796875 1917.810302734375
7135.9052734375 4083.85107421875 2020.58447265625 0 0 0 0 0 2211.35400390625 394.129364013671875 2361.99609375 8135.890625 458.389556884765625 1400.169189453125 3927.225830078125 6367.263671875 2952.3994140625 6392.568359375 880.2752685546875 1994.192138671875 10000 3713.609619140625 6008.5947265625 1644.4947509765625 1964.8096923828125 4527.5615234375 418.5338134765625 3565.41015625 1686.7412109375 1422.0758056640625 1780.1090087890625 1317.1446533203125 768.24273681640625 381.12701416015625 1743.55029296875 560.72412109375 1817.186767578125 3980.61474609375 1954.6287841796875 2958.37451171875 2062.867431640625 1390.120849609375 8545.34765625 6530.55224609375 0 0 0 420.631744384765625 2480.413330078125 2404.9501953125 2761.19189453125 2466.3076171875 2374.140380859375
