ForecastVariables/BuildingFootprint_Total_100m/BuildingFootprint_Random2_Cleaned.asc
ncols        529
nrows        344
xllcorner    2700.000000000000
yllcorner    15900.000000000000
cellsize     100.000000000000
NODATA_value  0
[rows 168 to 191 of 344, columns 106 to 158 of 529]
1657.93017578125 9.2947521209716796875 741.837890625 1236.079345703125 249.042755126953125 5719.78759765625 3168.80029296875 1925.733642578125 0 614.81427001953125 3576.787841796875 1147.3009033203125 8151.16650390625 3429.05615234375 3178.7041015625 1345.3623046875 5778.02490234375 469.25592041015625 1846.6968994140625 3950.6279296875 5317.31689453125 2247.933349609375 7650.80859375 2738.068359375 6445.22607421875 3952.6787109375 8768.388671875 797.42767333984375 0 2662.74072265625 748.289794921875 534.9205322265625 0 0 2088.452392578125 3684.0888671875 5953.79443359375 810.1292724609375 3022.05615234375 0 0 0 0 0 0 0 0 29.791490554809570312 1015.39288330078125 2164.861328125 1078.3524169921875 2113.185302734375 1152.5809326171875
0 3407.70263671875 166.7836761474609375 126.03583526611328125 570.11773681640625 4741.9453125 323.108062744140625 175.7332305908203125 0 1038.65087890625 5457.798828125 147.605377197265625 1286.24951171875 9.7368707656860351562 1361.6591796875 2493.9072265625 7317.60546875 6724.54443359375 3836.25732421875 6790.64990234375 4681.72265625 2668.73583984375 7500.583984375 4274.74072265625 3156.870361328125 868.66619873046875 5649.10986328125 4390.33154296875 1757.000732421875 7595.166015625 4112.572265625 167.044036865234375 0 1700.6712646484375 3933.265380859375 545.27239990234375 1949.92236328125 1681.60986328125 2351.359130859375 0 0 0 0 0 0 0 0 0 0 0 0 6.6958131790161132812 670.2703857421875
3558.357421875 10000 2224.213134765625 0 1299.69677734375 7801.54638671875 1683.6478271484375 484.63037109375 0 111.839202880859375 9524.6318359375 2288.357421875 0 0 1647.022705078125 530.61529541015625 6950.99267578125 4471.77978515625 3275.24365234375 6574.373046875 4452.0576171875 4718.6650390625 2613.664306640625 3260.417724609375 2322.27734375 0 1691.89306640625 3111.799072265625 1931.490478515625 8440.1455078125 2174.679443359375 0 268.389007568359375 6233.23291015625 6132.89404296875 1372.0740966796875 628.59912109375 2464.21240234375 2250.09130859375 0 0 0 0 0 0 0 0 0 0 0 0 0 664.9942626953125
1767.028564453125 4281.451171875 687.10455322265625 0 0 0 0 0 0 620.9754638671875 8548.3486328125 738.5679931640625 1222.779541015625 0 759.4052734375 1569.4046630859375 9999.9580078125 9999.9580078125 4544.35595703125 3016.912109375 902.59722900390625 2966.238525390625 3074.98388671875 5928.689453125 7184.89892578125 4200.01953125 3626.126708984375 5084.85546875 475.947601318359375 1107.04736328125 0 0 1599.2615966796875 2989.943115234375 2861.11669921875 5787.4228515625 7569.4560546875 5236.234375 0 0 0 0 0 0 0 0 0 0 0 0 0 0 0
986.869873046875 2121.572509765625 3373.900390625 7725.484375 3842.70166015625 3101.454345703125 4892.728515625 3716.603515625 4851.01220703125 346.99737548828125 1925.7633056640625 238.8604736328125 764.0576171875 0 137.3648223876953125 534.26031494140625 8483.8828125 7941.87255859375 6440.24951171875 6254.228515625 163.486663818359375 7204.30419921875 3592.83154296875 1341.7998046875 666.9964599609375 2400.421630859375 1095.8660888671875 3668.5166015625 10000 61.12322998046875 0 402.24920654296875 9107.7255859375 7895.5068359375 5071.57763671875 5995.21337890625 5567.2412109375 2234.857177734375 0 0 0 0 0 0 0 0 0 0 0 0 0 0 2.5442621707916259766
1325.3924560546875 6499.38427734375 2402.76416015625 2318.087158203125 2334.12744140625 1874.1873779296875 1853.8646240234375 2033.1954345703125 2431.888916015625 58.175548553466796875 0 0 168.3422393798828125 617.55419921875 9611.9912109375 686.3521728515625 3508.49462890625 1193.176025390625 3214.93701171875 1083.23046875 114.69921112060546875 2023.5771484375 1505.3802490234375 3024.8212890625 2635.42041015625 8691.7060546875 3583.695556640625 2745.63037109375 7608.345703125 0 0.50299692153930664062 4252.43896484375 6827.58056640625 2579.6015625 5652.830078125 6113.6611328125 7500.0712890625 1236.762939453125 0 0 0 0 0 0 0 0 0 0 0 0 0 0 2150.601806640625
232.3931884765625 17.803171157836914062 5601.5380859375 3655.06396484375 4012.780517578125 4046.567626953125 5084.197265625 4770.43310546875 4726.26953125 619.17816162109375 0 0 2504.162353515625 6571.689453125 1298.4569091796875 4209.705078125 1244.787109375 1069.2841796875 6847.1396484375 6102.8271484375 4246.8271484375 7822.62255859375 6127.58154296875 3893.740234375 1293.0181884765625 2209.591552734375 2347.465087890625 768.92510986328125 1319.94482421875 0 2585.857421875 4235.87939453125 3225.59619140625 2668.7890625 5582.93701171875 2459.281982421875 1815.2052001953125 0 0 0 0 0 0 0 0 0 0 0 0 0 0 0 4419.630859375
4924.3203125 639.80902099609375 270.884796142578125 4765.78564453125 3064.406005859375 5244.7021484375 6562.58203125 3984.078857421875 3582.471923828125 3265.43505859375 717.295166015625 694.3853759765625 472.51171875 1126.6510009765625 1592.08642578125 1956.4862060546875 6363.30126953125 139.3418121337890625 6769.9111328125 2842.9228515625 6461.89404296875 499.728424072265625 7914.3466796875 7665.40576171875 3912.427978515625 3653.764892578125 5576.10400390625 1534.2784423828125 0 400.379058837890625 2896.007080078125 3026.240478515625 3223.694580078125 3264.09814453125 4376.04931640625 5303.04296875 2617.711181640625 0 0 0 0 0 0 0 0 0 0 0 0 0 2855.53955078125 4333.29736328125 3044.390625
5019.375 1682.66748046875 89.660186767578125 2492.683349609375 3932.425537109375 0 1164.900634765625 6862.32470703125 1287.563720703125 2506.816162109375 67.11418914794921875 4030.6201171875 5205.75732421875 5061.59912109375 3908.925537109375 7158.42041015625 0 805.81512451171875 4373.2021484375 1219.4764404296875 3069.972412109375 674.36090087890625 2736.137939453125 6402.24853515625 3338.545166015625 5156.62890625 4494.84521484375 122.32744598388671875 0 1410.3817138671875 5708.76318359375 8564.525390625 5506.2001953125 3697.894287109375 2508.3828125 1191.698486328125 9.3534679412841796875 0 0 0 0 0 0 0 0 0 0 0 0 0 880.2454833984375 1578.21533203125 1869.7861328125
1076.8814697265625 0 0 3297.355712890625 4766.240234375 0 728.154052734375 6842.53662109375 2053.975830078125 1632.1015625 126.62530517578125 1847.0025634765625 772.837646484375 208.75433349609375 3045.838134765625 5828.90771484375 0 0 951.5191650390625 201.5790557861328125 1223.2642822265625 4778.27587890625 1205.16064453125 2233.709716796875 2217.24169921875 6440.15771484375 2058.101806640625 0 0 4076.0634765625 8865.4267578125 2607.2373046875 3710.89453125 6999.11962890625 7901.9833984375 4687.83056640625 1169.049560546875 5149.27978515625 3666.346435546875 913.76373291015625 0 0 0 0 0 0 0 0 0 0 0 0 1093.2374267578125
4985.7724609375 0 0 2535.2314453125 3679.05322265625 1500.544189453125 48.46411895751953125 0 0 434.9886474609375 7147.314453125 1934.7320556640625 581.4058837890625 0 0 0 0 2799.76171875 2888.437744140625 1785.2030029296875 2430.8896484375 4208.06689453125 742.91986083984375 5403.27490234375 2719.81298828125 3633.840576171875 603.708984375 0 0 6278.64208984375 7847.21826171875 1252.816650390625 4294.51953125 1762.20361328125 3205.57470703125 5014.19384765625 2492.434326171875 6799.99267578125 7574.46435546875 6137.3505859375 2747.523681640625 0 0 0 0 0 0 0 0 0 0 0 0
6084.14599609375 111.30121612548828125 0 1642.7200927734375 4329.85009765625 6604.0546875 8702.6513671875 7666.62890625 856.80322265625 791.3643798828125 2841.2001953125 1.6024484634399414062 19.080087661743164062 3304.741943359375 3511.134521484375 3863.379638671875 650.27703857421875 1424.815673828125 4774.1689453125 3105.926025390625 3062.105712890625 8080.39501953125 2837.16357421875 7908.8876953125 4140.1083984375 4382.0126953125 0 0 0 854.0242919921875 5090.56591796875 3381.386474609375 4093.9189453125 8520.2265625 2006.4832763671875 5456.6494140625 2862.43310546875 6178.0361328125 1752.8682861328125 3773.392578125 6578.5478515625 3852.90087890625 0 0 0 0 0 0 0 0 0 0 0
5297.8701171875 762.7730712890625 1996.546630859375 1652.6796875 5284.79248046875 3843.2626953125 5585.17919921875 5336.4443359375 5147.3115234375 0.40271595120429992676 0 0 0 0 0 0 0 211.176300048828125 3012.07763671875 4784.3037109375 984.39910888671875 2714.95751953125 746.791259765625 4583.1884765625 1449.5489501953125 4491.4091796875 0 0 0 0 362.864837646484375 5282.841796875 5052.44140625 6230.76806640625 0 101.85748291015625 4843.68212890625 6407.150390625 6051.1669921875 5160.91455078125 2012.677490234375 5772.96533203125 2432.070556640625 0 0 0 0 0 0 0 0 0 0
8885.4140625 3904.520263671875 5804.08837890625 1376.9022216796875 2054.2509765625 0 0 0 0 0 0 0 0 0 0 0 0 0 0.74052649736404418945 883.30609130859375 2777.417236328125 526.15667724609375 7265.48388671875 5972.1669921875 7841.66162109375 10.066285133361816406 0 0 0 0 1436.6424560546875 5870.70556640625 6368.74560546875 3716.294677734375 0 0 4804.5625 3878.159912109375 4622.7607421875 5226.58203125 1381.767578125 4745.4765625 4521.078125 42.074737548828125 0 0 0 0 0 0 0 0 0
6828.64892578125 7035.111328125 5969.587890625 1545.401611328125 265.985931396484375 0 0 0 0 0 0 0 0 0 0 0 0 0 0 0 315.736236572265625 4593.39990234375 6545.0634765625 9540.427734375 1201.1702880859375 0 0 0 0 0 0 4716.2353515625 7672.56591796875 2836.08837890625 878.24298095703125 22.540197372436523438 0 238.921295166015625 690.33349609375 2166.281494140625 3051.0927734375 1537.1632080078125 3456.1748046875 2996.10009765625 125.89896392822265625 0 0 0 0 0 0 0 0
1793.1138916015625 1644.20703125 1435.18896484375 1132.0189208984375 1871.4881591796875 0 0 0 0 0 0 0 0 0 0 0 0 0 0 0 0 3463.904541015625 3616.27880859375 6961.5439453125 1452.8125 0 0 419.112152099609375 0 0 4260.69921875 363.42962646484375 1837.902099609375 6165.7724609375 7915.5517578125 1759.6346435546875 0 170.4910736083984375 1762.3914794921875 5868.31201171875 6104.8017578125 1891.493408203125 5278.60693359375 2784.250244140625 0.28158721327781677246 23.806577682495117188 0 0 0 0 0 0 0
3540.980224609375 1858.43505859375 2547.622802734375 2345.388916015625 5040.28955078125 7358.71533203125 0 0 0 0 0 0 0 0 0 0 0 0 0 0 0 1855.4688720703125 4435.4638671875 3170.6015625 8612.7587890625 394.904571533203125 0 5602.7509765625 492.43206787109375 0 4212.43359375 3055.4853515625 66.20694732666015625 770.72314453125 2201.221923828125 2314.038818359375 746.0880126953125 117.670501708984375 2421.691650390625 8622.068359375 6882.71142578125 2366.013916015625 1858.751953125 2976.64404296875 3176.929443359375 201.4178619384765625 96.939300537109375 0 0 0 0 0 0
0 440.038848876953125 5679.0048828125 5069.93359375 2094.302978515625 2441.827392578125 0 0 0 0 0 0 0 0 0 0 0 0 0 0 0 0 497.568939208984375 5176.39501953125 4428.58203125 913.574462890625 0 2149.01318359375 3047.04052734375 0 393.189422607421875 5597.20654296875 3866.55908203125 2326.55810546875 1556.788330078125 1674.4281005859375 568.234619140625 859.760986328125 1756.0062255859375 5164.31787109375 3519.56494140625 1788.4979248046875 3621.756591796875 3843.5849609375 1499.1495361328125 2173.029296875 1662.0242919921875 1623.448974609375 2.2256922721862792969 0 0 399.986236572265625 3127.818359375
0 24.9340057373046875 2810.11767578125 2224.513916015625 0 0 0 0 0 0 0 0 0 0 0 0 0 2372.91845703125 1563.1448974609375 0 0 0 0 0 2855.776123046875 5796.720703125 5670.35791015625 744.04742431640625 6066.80126953125 0 0 19.6549224853515625 5325.89990234375 0 36.48370361328125 2297.138427734375 935.22259521484375 11.947925567626953125 7106.513671875 5060.80078125 1390.933837890625 6115.78662109375 4201.0087890625 5087.7724609375 1903.25634765625 4638.84521484375 4370.62890625 5340.83984375 1873.941162109375 2782.02392578125 6268.84814453125 5654.8486328125 3800.657470703125
0 0 0 0 0 0 0 0 0 0 0 0 0 0 0 0 0 5715.986328125 1465.200927734375 1316.88232421875 0 0 0 0 0 20.846357345581054688 2680.556396484375 6257.30908203125 4970.53125 0 0 119.635498046875 1509.283935546875 0 145.2223358154296875 995.32635498046875 3347.1650390625 178.67535400390625 4219.44287109375 3325.84619140625 1319.5283203125 5118.0439453125 2689.90234375 2888.044189453125 1936.61181640625 2784.41259765625 2423.401123046875 2969.744140625 1761.78857421875 1898.585693359375 4817.1298828125 2066.64013671875 4149.39013671875
0 0 0 0 0 0 0 0 0 0 0 0 0 0 0 0 0 3321.466552734375 3189.692138671875 3109.38232421875 3846.6943359375 252.697906494140625 0 0 0 0 0 15.373045921325683594 857.78472900390625 0 0 0 0 0 0 0 364.312255859375 0 2898.076171875 3314.243408203125 1136.6549072265625 6781.3154296875 2715.994140625 2183.599853515625 3828.628662109375 1492.5732421875 94.121734619140625 0.01227368135005235672 1061.0704345703125 2067.422607421875 3905.288818359375 4568.52197265625 6480.2587890625
0 0 0 0 0 0 0 0 0 0 0 0 0 0 0 0 0 0 1550.57861328125 1962.193603515625 2588.5234375 349.072509765625 0 0 0 0 0 0 0 0 0 0 0 0 0 0 0 0 0 56.624301910400390625 1207.6239013671875 5615.0009765625 5434.6982421875 1434.5875244140625 2861.167724609375 0 0 28.72698974609375 659.6376953125 1373.171630859375 3010.20068359375 5353.27587890625 9141.978515625
0 0 0 0 0 0 0 0 0 0 0 0 0 0 0 0 0 0 0 0 0 0 0 0 0 0 0 0 0 0 0 0 0 0 0 0 0 0 0 0 0 0 0 1037.396728515625 138.9022064208984375 0 0 893.1923828125 2057.125 1057.792236328125 1942.4327392578125 1596.1080322265625 1527.9464111328125
0 0 0 0 0 0 0 0 0 0 0 0 0 0 0 0 0 0 0 0 0 0 0 0 0 0 0 0 0 0 0 0 0 0 0 0 0 0 0 0 0 0 0 0 0 0 0 115.07134246826171875 1162.1063232421875 936.29925537109375 1023.58258056640625 3303.475341796875 2492.613525390625
