ForecastVariables/BuildingFootprint_Total_100m/BuildingFootprint_Random3_Cleaned.asc
ncols        529
nrows        344
xllcorner    2700.000000000000
yllcorner    15900.000000000000
cellsize     100.000000000000
NODATA_value  0
[rows 144 to 167 of 344, columns 0 to 52 of 529]
0 0 0 0 0 0 0 0 0 0 0 0 0 0 0 0 0 0 0 0 0 0 0 0 0 0 0 0 0 0 0 0 108.3211517333984375 0 2978.27490234375 2834.96240234375 0 0 154.378021240234375 184.675262451171875 0 0.0015345651190727949142 0.36703377962112426758 4890.0947265625 2910.72705078125 1971.407958984375 3784.77685546875 1123.693115234375 2262.47900390625 0 0 0 0
0 0 0 0 0 0 0 0 0 0 0 0 0 0 0 0 0 0 0 0 0 0 0 0 0 0 0 0 0 0 0 0 0 538.865478515625 3565.3447265625 852.89111328125 20.589834213256835938 0 0 0 0 4702.6416015625 5454.4140625 34.55204010009765625 2989.7353515625 7567.744140625 10000 15.306222915649414062 103.2261962890625 0 0 0 0
0 0 0 0 0 0 0 0 0 0 0 0 0 0 0 0 0 0 0 0 0 0 0 0 0 0 0 0 0 0 0 0 0 0 3552.5244140625 636.18701171875 4764.349609375 0 708.116943359375 1436.0389404296875 3631.264892578125 8223.052734375 9788.6640625 6114.173828125 90.859832763671875 5188.6533203125 5004.32666015625 3904.669921875 1837.34619140625 6361.9033203125 0 0 0
0 0 0 0 0 0 0 0 0 0 0 0 0 0 0 0 0 0 0 0 0 0 0 0 0 0 0 0 0 717.8404541015625 3709.7109375 0 0 1481.27197265625 4753.76416015625 2116.93212890625 2790.19677734375 2323.1767578125 2915.27001953125 182.01678466796875 1064.9561767578125 6686.36181640625 8504.2412109375 5479.27734375 1606.9730224609375 2510.4833984375 2332.08154296875 1013.275634765625 6438.865234375 2718.6044921875 3094.45068359375 0 0
0 0 0 0 0 0 0 0 0 0 0 0 0 0 0 0 0 0 0 0 0 0 0 0 0 0 0 0 5387.4423828125 1110.620361328125 3319.923095703125 0 0 3853.7705078125 687.61785888671875 4886.92431640625 5613.84765625 121.09002685546875 5761.17724609375 667.271240234375 9311.859375 5076.2421875 3696.439453125 410.966644287109375 2802.5712890625 7726.12451171875 1162.33447265625 1421.7247314453125 149.2971343994140625 3291.90380859375 3008.636474609375 0 0
0 0 0 0 0 0 0 0 0 0 0 0 0 0 0 0 0 0 0 0 0 0 0 0 0 0 0 0 2354.13330078125 848.4019775390625 1990.35205078125 913.2449951171875 268.247833251953125 4242.28857421875 6033.83544921875 5290.919921875 1805.40234375 4685.23193359375 10000 891.83526611328125 8238.2275390625 3948.971923828125 2869.51318359375 6137.837890625 1876.4898681640625 6954.39892578125 5945.3857421875 1589.3460693359375 1345.6458740234375 3063.52978515625 1489.9708251953125 311.02764892578125 6804.38671875
0 0 0 0 0 0 0 0 0 0 0 0 0 0 0 0 0 0 0 0 0 0 0 0 0 0 0 252.747650146484375 3383.2978515625 5192.40185546875 895.7406005859375 4407.8134765625 1309.60205078125 4516.50048828125 3064.315673828125 5322.78369140625 4953.52490234375 5921.6279296875 1831.355224609375 5006.51123046875 683.93438720703125 2806.334716796875 4162.509765625 6356.6591796875 2420.239501953125 2559.48486328125 1581.9036865234375 8876.4228515625 4981.099609375 2118.31005859375 2590.9970703125 293.238189697265625 2061.599365234375
0 0 0 0 0 0 0 0 0 0 0 0 0 0 0 0 0 0 0 0 0 0 0 0 0 0 544.25048828125 1363.22607421875 2354.3974609375 1643.105712890625 2014.1602783203125 243.1884002685546875 823.7286376953125 3747.5478515625 4162.1923828125 2751.071044921875 5136.29296875 1863.4888916015625 2627.145263671875 5759.88037109375 1665.812744140625 3260.684814453125 6433.89697265625 3431.553955078125 5522.515625 5713.47021484375 2137.53125 2609.652099609375 1429.5372314453125 3125.5927734375 836.32720947265625 179.5866546630859375 7426.0791015625
0 0 0 0 0 0 0 0 0 0 0 0 0 0 0 0 0 0 0 0 0 0 0 0 0 0 1661.8568115234375 2282.136962890625 985.7777099609375 5264.39111328125 2855.769775390625 5409.70654296875 7515.76611328125 2811.935302734375 3897.39111328125 5765.421875 2158.0224609375 4725.32958984375 1923.275390625 1075.3980712890625 5024.65771484375 4066.185546875 1596.98095703125 4422.162109375 5232.27685546875 6889.23681640625 5673.18359375 1285.879150390625 3106.74267578125 5950.2998046875 5679.4833984375 1115.454833984375 852.50189208984375
0 0 0 0 0 0 0 0 0 0 0 0 0 0 0 0 0 0 0 0 0 0 0 0 0 1746.819580078125 7865.09814453125 25.72821044921875 111.7994537353515625 5475.115234375 3401.435791015625 2335.610107421875 4920.58251953125 6077.560546875 1843.4713134765625 2651.809814453125 4672.365234375 5445.27197265625 1020.21807861328125 5712.47607421875 4059.190673828125 2353.69384765625 3956.1181640625 2952.115966796875 5638.43017578125 5660.63720703125 5448.025390625 3688.537841796875 1683.597900390625 1641.9700927734375 1716.848388671875 929.034423828125 10000
0 0 0 0 0 0 0 0 0 0 0 0 0 0 0 0 0 0 0 0 0 0 0 0 0 5679.25244140625 642.776611328125 4160.0439453125 1431.097412109375 1303.4610595703125 854.46893310546875 6628.94873046875 4087.944580078125 4872.1328125 3546.807861328125 645.3629150390625 5441.77001953125 1752.3153076171875 6843.0615234375 3876.635498046875 2159.599853515625 5184.810546875 3489.02978515625 7861.20556640625 3196.647216796875 5708.8662109375 4224.341796875 3477.420654296875 3183.43994140625 3790.91162109375 3186.264892578125 6499.41943359375 8156.06201171875
0 0 0 0 0 0 0 0 0 0 0 0 0 0 0 0 0 0 0 0 0 0 0 0 1787.625732421875 1475.577880859375 757.297607421875 889.9759521484375 7.2358407974243164062 1305.1591796875 1102.8001708984375 272.3203125 1739.9095458984375 2703.359375 2269.756591796875 3620.6728515625 615.7249755859375 6128.37841796875 6232.599609375 2184.469970703125 2850.025634765625 5761.76220703125 4683.12890625 2150.722412109375 4189.41455078125 2945.02392578125 2246.71044921875 1757.233154296875 4986.82177734375 1862.693359375 4162.1044921875 4063.821044921875 7451.0986328125
0 0 0 0 0 0 0 0 0 0 0 0 0 0 0 0 0 0 0 0 0 0 0 419.54791259765625 476.0238037109375 71.064727783203125 8281.6884765625 2710.625 3289.196044921875 7412.2587890625 37.118633270263671875 3160.465087890625 2913.73291015625 3366.603759765625 6351.650390625 413.9139404296875 0 1785.38232421875 1822.982177734375 3826.546875 3567.87744140625 3338.447265625 4389.205078125 3076.460205078125 5061.62451171875 3227.132080078125 1788.16259765625 4288.02392578125 2526.10888671875 3743.908203125 3809.575927734375 2085.069091796875 3535.393798828125
0 0 0 0 0 0 0 0 0 0 0 0 0 0 0 0 0 0 0 0 0 0 0 6323.3759765625 698.55096435546875 4913.8935546875 10000 5935.47412109375 2073.385498046875 2305.239501953125 6000.07763671875 592.9600830078125 2760.446533203125 2489.280517578125 1370.9088134765625 3277.770263671875 3324.365234375 1654.8680419921875 2555.89208984375 2437.689208984375 4428.24072265625 3499.464599609375 1572.1065673828125 5037.9287109375 3231.11376953125 4504.529296875 5213.46435546875 2059.547119140625 5631.51904296875 5047.599609375 4478.25 3940.2568359375 4415.78662109375
0 0 0 0 0 0 0 0 0 0 0 0 0 0 0 0 0 0 0 0 0 0 759.76202392578125 4853.03466796875 3042.138427734375 1249.878662109375 7282.40625 4318.53466796875 3401.962890625 4231.19970703125 1841.29541015625 67.36572265625 2103.65380859375 1646.669677734375 3207.3740234375 6766.0771484375 3966.517333984375 4000.866943359375 5709.0498046875 2234.34423828125 2332.319091796875 3774.889404296875 4966.037109375 1726.0423583984375 5782.46337890625 4425.6904296875 2824.129150390625 4617.421875 4920.27490234375 5939.99169921875 3723.12255859375 5629.830078125 5187.02490234375
0 0 0 0 0 0 0 0 0 0 0 0 0 0 0 0 0 0 0 0 0 5031.7021484375 4402.46826171875 3947.909912109375 1410.4749755859375 4390.82568359375 424.9710693359375 4824.78955078125 255.4976654052734375 2441.537841796875 7167.52880859375 4911.5986328125 2729.98828125 6509.81396484375 2997.7060546875 3913.0029296875 4351.0693359375 2010.6195068359375 4637.44287109375 5294.25341796875 2517.62646484375 3063.552490234375 4089.983642578125 3738.287353515625 4517.48681640625 3361.52978515625 3552.166748046875 4005.783203125 4570.58544921875 2161.389404296875 1900.4510498046875 5205.63427734375 2189.546630859375
0 0 0 0 0 0 0 0 0 0 0 0 0 0 0 0 0 0 0 0 0 8243.86328125 1438.9560546875 1697.4990234375 5099.3447265625 5192.2998046875 2486.05615234375 1095.387939453125 2059.55908203125 1057.294677734375 3793.203125 7983.5556640625 5381.11767578125 5708.4296875 2785.6328125 1594.215087890625 2443.412109375 2319.128662109375 2124.727783203125 3940.20703125 9611.9306640625 2497.995849609375 574.98980712890625 5017.3330078125 3635.466796875 3341.99560546875 5729.23291015625 3394.510009765625 3808.75048828125 4886.50146484375 6215.37158203125 2227.600830078125 5064.32470703125
0 0 0 0 0 0 0 0 0 0 0 0 0 0 0 0 0 0 0 0 4993.17333984375 2180.323974609375 375.782928466796875 2788.0693359375 3080.407470703125 1204.0540771484375 2253.65673828125 1314.3658447265625 681.8209228515625 715.07666015625 201.43389892578125 2087.954345703125 9772.9443359375 3006.26025390625 2874.421630859375 2540.754150390625 1164.2049560546875 2566.762939453125 4607.04248046875 3625.429931640625 4043.2744140625 6232.51025390625 282.76800537109375 1601.672119140625 4752.56103515625 4526.98486328125 833.095458984375 3789.713134765625 4959.6845703125 4708.17041015625 2612.329345703125 3451.015380859375 5257.19482421875
0 0 0 0 0 0 0 0 0 0 0 0 0 0 0 0 0 0 0 7092.47802734375 553.656005859375 1047.301513671875 2636.64501953125 380.58526611328125 1056.212646484375 1436.83837890625 603.24169921875 3655.79296875 6841.384765625 1789.273193359375 50.65213775634765625 1899.648681640625 2053.703125 2852.62353515625 5752.55029296875 4983.93701171875 1973.9039306640625 375.7459716796875 7396.9501953125 2575.37548828125 3414.974853515625 1102.568115234375 3356.05615234375 5363.92333984375 1647.842041015625 4746.1787109375 4763.5537109375 3790.9306640625 5821.7099609375 1648.605712890625 3265.58984375 5959.0869140625 2735.432861328125
0 0 0 0 0 0 0 0 0 0 0 0 0 0 0 0 0 0 0 157.5613250732421875 4962.73486328125 5294.0498046875 337.51605224609375 6002.076171875 3589.9912109375 2840.474853515625 729.13995361328125 3687.902587890625 3640.580322265625 2519.218505859375 6720.07763671875 180.4931488037109375 4369.07080078125 2203.360595703125 4657.37646484375 3293.07861328125 2766.889892578125 1389.761474609375 628.822265625 3460.732177734375 3764.46728515625 4741.1513671875 4460.67333984375 6123.80126953125 4975.1103515625 1335.0447998046875 6117.35888671875 6030.5361328125 569.11029052734375 3400.132080078125 4237.650390625 1354.9608154296875 4420.4443359375
0 0 0 0 0 0 0 0 0 0 0 0 0 0 0 0 0 0 4039.2197265625 741.07476806640625 7646.34375 4046.0166015625 1033.65087890625 10000 5823.21728515625 1115.1748046875 6021.64794921875 2319.8388671875 5047.6708984375 72.77498626708984375 3885.521484375 3873.568603515625 1482.3199462890625 4859.70556640625 3332.15234375 2642.427490234375 7991.92822265625 4583.771484375 20.682298660278320312 2794.262451171875 5073.51611328125 1211.3773193359375 2157.6083984375 4488.86181640625 5369.8681640625 3748.548095703125 1454.049072265625 3051.983154296875 4340.8916015625 7868.68359375 2535.52978515625 4166.42919921875 4146.6943359375
0 0 0 0 0 0 0 0 0 0 0 0 0 0 0 0 0 0 1577.389404296875 2335.9921875 1113.603759765625 1070.016357421875 1205.19287109375 3514.001220703125 2970.861328125 1330.9052734375 4375.20556640625 1974.8680419921875 1092.5572509765625 2021.23681640625 219.3114471435546875 5451.98974609375 1535.2322998046875 2435.155517578125 4118.08642578125 2080.057373046875 3825.984375 3241.988525390625 3739.26513671875 3001.439208984375 5313.60595703125 1482.13037109375 2798.919921875 1761.8873291015625 3664.0322265625 4087.2705078125 3511.51025390625 2653.8388671875 7382.78955078125 1093.2679443359375 3853.202880859375 2559.78564453125 7011.8515625
0 0 0 0 0 0 0 0 0 0 0 0 0 0 0 0 0 6123.5595703125 351.084564208984375 2438.33642578125 2064.922119140625 1464.873779296875 1303.597900390625 3882.708984375 1529.9110107421875 2989.716552734375 341.8433837890625 239.930816650390625 6737.40625 713.19879150390625 3676.27978515625 4134.9169921875 3096.22265625 1583.072509765625 2524.759521484375 2562.96630859375 5582.43115234375 2836.69482421875 7118.6669921875 3788.99755859375 1512.4097900390625 2196.40966796875 712.28668212890625 6092.97412109375 4263.73681640625 3405.471435546875 5121.412109375 3077.697509765625 1616.7735595703125 4634.3212890625 5555.49658203125 4431.89111328125 2895.583251953125
0 0 0 0 0 0 0 0 0 0 0 0 0 0 0 0 0 1262.5025634765625 3230.61181640625 486.696502685546875 1438.8583984375 1263.2423095703125 2084.430908203125 10000 7329.2314453125 1219.9658203125 2258.531005859375 71.1587066650390625 6458.9765625 4424.6611328125 1648.887939453125 1311.4954833984375 1214.8057861328125 6239.052734375 6919.212890625 3055.799560546875 2832.2138671875 6172.3740234375 4815.32080078125 2778.701171875 4210.1474609375 0 2433.885009765625 5785.92724609375 4525.81494140625 4356.73193359375 1979.849609375 4705.80029296875 3199.289306640625 1368.313720703125 5849.44921875 2649.543701171875 5661.2939453125
