ForecastVariables/BuildingFootprint_Total_100m/BuildingFootprint_Random1_Cleaned.asc
ncols        529
nrows        344
xllcorner    2700.000000000000
yllcorner    15900.000000000000
cellsize     100.000000000000
NODATA_value  0
[rows 168 to 191 of 344, columns 159 to 211 of 529]
1523.186279296875 13.828227996826171875 630.72467041015625 0 1443.023193359375 2621.391845703125 632.61444091796875 1903.5511474609375 573.726806640625 4603.12548828125 4554.51025390625 4280.8984375 5139.1142578125 3350.412841796875 2173.771484375 292.934814453125 2314.484130859375 2425.46826171875 3314.67333984375 1364.891845703125 2375.436767578125 3090.189208984375 1980.2879638671875 2169.301513671875 148.3524322509765625 0 0 2182.87890625 1276.4349365234375 2015.2138671875 789.04095458984375 469.1676025390625 1515.0806884765625 1842.947021484375 1883.512451171875 3178.03125 4791.49267578125 8468.626953125 1948.224853515625 2559.4306640625 2644.3193359375 3713.464111328125 3319.89404296875 3414.700439453125 3680.286865234375 2225.27294921875 3091.647705078125 3736.793212890625 3252.81982421875 2213.59765625 3190.152587890625 2219.575927734375 1990.4815673828125
601.14532470703125 1338.447509765625 839.55743408203125 651.7835693359375 1929.2188720703125 1751.702880859375 1703.598388671875 2555.85693359375 953.25494384765625 974.21826171875 3667.894287109375 3070.81494140625 3652.056640625 5721.78125 1623.6650390625 499.002960205078125 2416.949951171875 2533.932861328125 3283.64208984375 1610.804443359375 2288.445556640625 2319.323486328125 2768.555908203125 957.563232421875 1479.6785888671875 0 2250.4912109375 2769.468017578125 2710.173828125 4023.870361328125 2750.18701171875 1115.3773193359375 1194.0439453125 1479.2579345703125 1191.370849609375 3868.52734375 3287.213134765625 4381.3916015625 3842.915771484375 1528.7369384765625 697.17047119140625 3449.52783203125 1817.557373046875 1862.5963134765625 2309.481689453125 2749.4921875 3424.06689453125 1983.6396484375 1785.8521728515625 3355.160888671875 2019.691650390625 2818.143798828125 2335.453125
0 5816.4365234375 3427.302734375 8503.7314453125 5634.52099609375 1549.4573974609375 2974.4091796875 2661.163818359375 2183.888671875 1992.9456787109375 3675.0888671875 628.9580078125 764.64471435546875 3288.73974609375 320.19683837890625 1327.79541015625 2001.3060302734375 1684.7882080078125 3482.828857421875 2028.2947998046875 1601.9564208984375 1312.7652587890625 1253.33056640625 1762.1021728515625 2840.89208984375 3203.602294921875 349.343017578125 3525.44580078125 324.901519775390625 958.9893798828125 1066.8721923828125 1175.9696044921875 2162.62646484375 1662.585693359375 1790.3289794921875 3506.587890625 3335.28662109375 829.88214111328125 2358.152587890625 3357.542724609375 3009.518310546875 3726.868408203125 4597.28173828125 2292.54296875 2157.282470703125 1872.054931640625 3664.138427734375 2141.227294921875 3320.843505859375 2176.414306640625 3499.114501953125 1711.143798828125 1778.7005615234375
531.39556884765625 6336.10107421875 3163.7880859375 1140.848876953125 2259.73681640625 3090.9462890625 997.730712890625 1825.0845947265625 3108.499267578125 3786.90185546875 442.452911376953125 448.352813720703125 4188.59814453125 855.47662353515625 2334.42919921875 1690.362548828125 1739.1236572265625 1860.1732177734375 67.664093017578125 1928.84326171875 3565.09521484375 2404.886474609375 712.468505859375 781.0816650390625 1264.3646240234375 2102.771240234375 4388.162109375 3978.404541015625 6098.77880859375 3785.22705078125 1762.7071533203125 116.81246185302734375 2296.977783203125 2667.853515625 3312.892578125 3676.800537109375 3899.330322265625 285.837677001953125 3547.0205078125 3635.1494140625 3685.053466796875 1199.72802734375 4111.5439453125 3841.848388671875 1394.4534912109375 4287.2724609375 1384.618896484375 3322.263427734375 2867.179443359375 2973.701171875 2652.467529296875 1929.9456787109375 1348.4378662109375
3788.173095703125 2650.376708984375 2601.07666015625 6413.3212890625 3800.8896484375 4809.84814453125 1476.7901611328125 1269.95751953125 1693.3814697265625 4234.70068359375 1670.593994140625 1249.6611328125 2349.432373046875 14.74968719482421875 3888.731689453125 2582.2880859375 1011.52337646484375 5529.03125 2506.976806640625 1348.0286865234375 3536.28564453125 2292.374267578125 474.733551025390625 981.27288818359375 2299.9150390625 563.27618408203125 815.1251220703125 1528.28466796875 3722.297119140625 1613.2208251953125 3523.81494140625 1238.1795654296875 1310.98193359375 1664.4344482421875 5077.291015625 2806.076171875 2870.091552734375 4410.78466796875 3140.50048828125 3824.098876953125 1395.863525390625 1901.096435546875 1022.1094970703125 3693.688720703125 2826.85009765625 1262.3427734375 2241.044677734375 3617.536376953125 4208.75634765625 3355.39013671875 2478.24560546875 2462.92236328125 1825.41015625
4163.2001953125 3204.330078125 4592.00439453125 2731.3740234375 3216.11328125 991.4371337890625 345.482757568359375 3200.566650390625 5404.01611328125 5404.984375 2266.353515625 1489.9312744140625 291.08660888671875 229.52783203125 2710.81201171875 2357.29345703125 3572.34765625 4407.2607421875 2263.875 2514.514404296875 2028.081298828125 1702.189208984375 897.568359375 2473.405517578125 3825.71875 1789.591064453125 3374.48583984375 806.83538818359375 1962.7484130859375 1524.341064453125 1655.86865234375 2027.7308349609375 1812.2154541015625 3719.118408203125 4007.7509765625 3466.01025390625 4473.94580078125 4595.1376953125 3051.890869140625 2620.859130859375 3800.604248046875 906.62542724609375 579.92669677734375 3111.224609375 547.8067626953125 1014.7254638671875 1645.74072265625 1643.8370361328125 2832.735107421875 3972.033447265625 3755.442626953125 3215.84423828125 3671.62255859375
2187.2998046875 6160.3134765625 2249.0771484375 3346.74560546875 2355.0654296875 3134.56103515625 710.08197021484375 2180.904296875 3387.025146484375 2878.3857421875 4820.630859375 3319.294677734375 571.76654052734375 0 1735.71044921875 3355.427490234375 3063.831298828125 4798.62841796875 2603.022705078125 184.5142364501953125 3172.19287109375 1433.330810546875 1110.3216552734375 1355.632568359375 1950.7012939453125 862.637451171875 554.6385498046875 734.8671875 401.114959716796875 3667.240234375 491.2301025390625 1656.968505859375 402.51007080078125 1302.058349609375 3580.725341796875 4100.18701171875 4201.49169921875 4538.3623046875 3786.185302734375 2008.6148681640625 1471.62890625 2516.78759765625 385.72882080078125 1176.1593017578125 824.8997802734375 3629.146484375 1792.2015380859375 1512.7489013671875 820.87261962890625 448.53857421875 3896.000244140625 1952.800537109375 4161.84521484375
3398.918701171875 6048.52978515625 3240.379150390625 3019.30517578125 3154.833251953125 5185.25341796875 1121.1390380859375 1212.78076171875 4231.173828125 3646.257568359375 2983.7705078125 3619.24658203125 1247.78564453125 2335.08984375 0 1536.4388427734375 1298.51513671875 2690.714599609375 3786.795166015625 1290.3636474609375 130.6378173828125 359.91815185546875 2593.87548828125 3008.36669921875 1951.50732421875 1056.8504638671875 1058.9727783203125 633.7618408203125 1283.678955078125 6249.62841796875 916.3814697265625 4186.6474609375 2830.54638671875 1720.9498291015625 1943.9202880859375 1409.880859375 1636.810791015625 3264.087646484375 4134.23193359375 4323.44580078125 2551.590087890625 2099.724609375 5909.98974609375 3138.468017578125 2394.025390625 837.73675537109375 1063.365478515625 547.17120361328125 744.1788330078125 3795.37744140625 2384.568359375 1057.831787109375 3845.280029296875
2976.43115234375 2733.488525390625 4465.1796875 5212.6513671875 4366.38623046875 1811.984619140625 4229.93310546875 1085.3154296875 3648.7001953125 1414.9090576171875 4224.17041015625 4861.962890625 2667.835693359375 1607.8466796875 1651.365966796875 0 1744.4952392578125 2378.378173828125 3062.40380859375 5549.255859375 2898.7958984375 1831.75390625 725.81591796875 1554.80419921875 2734.141845703125 679.31536865234375 69.63591766357421875 1368.2545166015625 2332.909423828125 5342.3447265625 3156.02294921875 4399.01904296875 1795.37451171875 806.77581787109375 463.636138916015625 1547.35693359375 3119.60888671875 721.48834228515625 2866.189208984375 4159.26708984375 2804.328857421875 1381.9141845703125 1923.5260009765625 1768.9744873046875 3524.02587890625 6338.8876953125 637.93328857421875 2772.970947265625 8320.447265625 1434.9412841796875 2040.3443603515625 4973.01123046875 1525.5054931640625
6803.61181640625 5592.3291015625 7185.83935546875 6390.75927734375 2757.0107421875 2266.65185546875 5096.92041015625 3296.524169921875 690.68646240234375 15.652136802673339844 2602.550537109375 771.00885009765625 1176.5069580078125 2571.821533203125 1773.6546630859375 843.85565185546875 0 1743.2421875 4738.8505859375 2601.11962890625 492.932098388671875 3629.25341796875 1172.822265625 1482.92822265625 2567.14697265625 6677.0400390625 624.445556640625 2638.41455078125 1957.834716796875 465.6707763671875 4599.640625 4960.21240234375 4616.48583984375 3984.982421875 780.00848388671875 6808.4443359375 6155.99560546875 1218.6917724609375 1989.984130859375 939.407958984375 431.994720458984375 1612.096923828125 3334.614013671875 4695.67724609375 3124.3466796875 3208.281005859375 4895.11767578125 2195.433349609375 154.116607666015625 2255.03564453125 1217.529541015625 2087.498779296875 2863.703857421875
0 0 228.9365081787109375 2398.762451171875 3843.807861328125 6248.10791015625 2366.160400390625 1945.3426513671875 1160.1141357421875 526.2960205078125 4072.58154296875 24.471822738647460938 1257.8353271484375 2027.11865234375 2529.6708984375 1488.615234375 4064.786376953125 1427.4984130859375 3798.133544921875 3071.26513671875 1507.353515625 1913.49853515625 8169.341796875 7348.10498046875 700.75146484375 2542.53271484375 423.098724365234375 3151.4951171875 3828.7509765625 860.08038330078125 645.68389892578125 3053.417236328125 1303.844482421875 4275.28271484375 3843.7529296875 1708.489501953125 2119.45556640625 3395.16455078125 1223.096435546875 1640.174560546875 3411.291259765625 40.5656280517578125 2083.029052734375 3958.671630859375 3350.24072265625 4593.1748046875 2396.61962890625 2386.519775390625 2681.366455078125 812.474365234375 1020.593505859375 1508.2706298828125 2077.8564453125
0 0 0 0 1884.5211181640625 6774.18701171875 1744.5142822265625 4681.3671875 5029.4970703125 2202.88623046875 1006.05926513671875 1599.0205078125 1685.9644775390625 1688.1241455078125 3946.0361328125 2673.27880859375 3274.745849609375 2274.1083984375 902.9407958984375 1042.5169677734375 10000 2073.62353515625 4083.27490234375 1854.3194580078125 1524.430419921875 0 435.747161865234375 178.67974853515625 348.429931640625 351.355743408203125 1461.8062744140625 4243.29150390625 3734.59033203125 4142.31396484375 3462.406494140625 3811.215576171875 4221.19677734375 785.709228515625 945.7906494140625 4307.63525390625 5969.2021484375 4085.2119140625 1927.5341796875 540.1832275390625 2223.580810546875 1867.93994140625 1697.13134765625 340.624847412109375 3195.9091796875 886.875732421875 2086.77978515625 252.3240966796875 2829.49609375
0 251.668060302734375 14.899615287780761719 0 0 2317.365478515625 4247.91650390625 1628.01953125 5895.39990234375 2769.157470703125 1247.625 2805.708740234375 2746.421630859375 2317.087646484375 1961.4334716796875 4990.794921875 2449.59521484375 2787.9111328125 509.441864013671875 1647.43994140625 2926.048583984375 845.7481689453125 2394.6240234375 6600.0732421875 829.2734375 2005.6077880859375 4236.4208984375 3189.053955078125 665.05328369140625 569.42913818359375 566.38079833984375 2868.61962890625 3629.2666015625 1402.14111328125 5765.2666015625 4203.63525390625 6457.07763671875 1391.4842529296875 2117.52392578125 584.28143310546875 1231.2952880859375 7277.43115234375 481.187744140625 783.41748046875 528.4718017578125 1580.5152587890625 3578.5498046875 0 2730.12158203125 2239.8056640625 1603.9595947265625 663.60162353515625 2414.5458984375
0 763.81689453125 10.15962982177734375 0 0 0 4743.76513671875 3113.04296875 1040.19873046875 7265.6884765625 4558.36767578125 876.9056396484375 1832.057861328125 2437.971435546875 2367.7314453125 2070.05029296875 1486.6754150390625 646.854736328125 2656.105712890625 3132.82080078125 1779.470458984375 2026.5419921875 3376.509765625 895.00360107421875 1342.3587646484375 3274.1396484375 3904.037353515625 2717.871337890625 435.552734375 719.3934326171875 976.82464599609375 63.714229583740234375 0.13277749717235565186 0 1319.7255859375 6370.36865234375 1929.548583984375 3958.947509765625 3251.4873046875 4610.36962890625 6697.66162109375 384.478118896484375 492.3701171875 5891.443359375 2911.763916015625 4284.0615234375 2573.822021484375 1573.1583251953125 2212.64501953125 2402.880859375 1504.210693359375 2700.798583984375 769.3304443359375
0 0 14.647462844848632812 246.7197113037109375 0 0 991.71160888671875 92.16766357421875 888.17120361328125 3340.04150390625 1446.3773193359375 3406.01904296875 1178.2010498046875 2583.289306640625 2590.62744140625 2148.59765625 622.819091796875 2021.5313720703125 3841.802734375 3049.471435546875 2724.430908203125 49.944141387939453125 1989.7305908203125 923.57379150390625 0 3611.735595703125 6197.50927734375 3944.9423828125 2.2521302700042724609 1100.546875 1119.8638916015625 5.5055737495422363281 0 3098.73681640625 1301.884521484375 1170.6834716796875 5017.228515625 2417.717041015625 1449.9913330078125 2531.130859375 6972.6416015625 187.484375 7531.3623046875 1172.8018798828125 4217.5224609375 709.28369140625 5078.99560546875 5273.421875 396.16107177734375 1713.4547119140625 3312.409912109375 3165.24365234375 814.007080078125
0 0 873.06158447265625 814.65869140625 0 0 0 1227.4698486328125 1761.5799560546875 989.890625 5705.9052734375 5994.51904296875 679.8729248046875 2121.88720703125 2897.5126953125 1928.27490234375 3090.763671875 1742.8671875 3087.615234375 2965.29638671875 1941.38720703125 1405.2864990234375 1019.06500244140625 0 0 3597.717529296875 3274.766845703125 3136.467041015625 1179.521728515625 818.1866455078125 1092.9464111328125 74.4403533935546875 0 1071.7152099609375 48.832225799560546875 0 3337.5244140625 1297.6683349609375 1767.058349609375 1672.177978515625 1851.2469482421875 1033.5301513671875 367.007171630859375 2020.487060546875 2424.765380859375 3825.092529296875 4886.84228515625 1094.6468505859375 1528.7384033203125 1933.9417724609375 2188.71240234375 441.17437744140625 440.19171142578125
44.470012664794921875 4782.33837890625 6997.3173828125 1750.835205078125 1974.9515380859375 0 0 0 1611.9359130859375 8085.892578125 2534.03125 3363.8583984375 6488.23583984375 496.417083740234375 2467.572021484375 1960.7200927734375 3842.60791015625 2343.994140625 1898.7349853515625 3741.9091796875 2111.69775390625 1207.618408203125 2265.5673828125 1150.6141357421875 0 800.19207763671875 6591.42919921875 3274.170166015625 3648.8720703125 893.4366455078125 1398.5458984375 0 0 0 261.8638916015625 4633.6875 1794.75830078125 1401.0428466796875 1687.15771484375 1732.0416259765625 1263.7275390625 1731.99365234375 1746.796630859375 1801.3731689453125 4030.763916015625 2247.864501953125 208.7305450439453125 5209.63134765625 1565.1795654296875 1026.752197265625 18.744159698486328125 1878.174072265625 6211.4677734375
4598.43701171875 8684.802734375 5355.86181640625 1125.82275390625 3161.463623046875 716.80999755859375 0 0 4858.23583984375 6721.28173828125 6483.025390625 524.7421875 7285.669921875 2573.722900390625 1788.7310791015625 984.6478271484375 3755.277099609375 4228.0859375 4835.86767578125 4547.625 2193.782470703125 2823.737060546875 1557.8514404296875 1675.932373046875 0 424.494293212890625 0.00010799102165037766099 2342.3515625 2303.752197265625 2583.483642578125 1086.71875 2813.85986328125 2492.427978515625 221.2403411865234375 3529.2587890625 4253.49853515625 0 1827.6395263671875 2031.603759765625 1749.2696533203125 5110.1806640625 0.11098278313875198364 3461.227783203125 1820.19384765625 10000 54.79663848876953125 651.48974609375 10000 3882.13427734375 691.78369140625 85.61395263671875 2302.37646484375 1776.8878173828125
2537.93798828125 2532.2705078125 1602.14208984375 4776.0712890625 4389.44091796875 415.6768798828125 0 0 0 1709.2159423828125 6468.314453125 893.49664306640625 4307.01708984375 3445.90673828125 545.08624267578125 3034.68115234375 2782.171142578125 2162.52783203125 2049.348876953125 229.664764404296875 1695.71630859375 2038.1416015625 1983.882568359375 4233.73583984375 68.07907867431640625 2952.70458984375 4686.75927734375 1203.6046142578125 164.0003662109375 2063.02392578125 3500.12158203125 1594.814208984375 3902.26171875 468.211822509765625 3150.65283203125 3410.047607421875 3765.477783203125 519.332275390625 2390.063720703125 3786.032470703125 1130.965087890625 628.92132568359375 534.80377197265625 2871.24853515625 1701.85400390625 3659.109375 1382.2418212890625 757.720458984375 4708.8994140625 5552.08544921875 3901.28759765625 1820.502685546875 1881.8955078125
8204.5 3104.142822265625 5474.62548828125 5640.9482421875 2424.218994140625 2945.623291015625 0 0 0 132.492645263671875 6506.19091796875 4894.97314453125 3300.8291015625 3996.25634765625 2064.06298828125 1120.3516845703125 2057.720947265625 2665.738525390625 2807.841796875 0 61.91747283935546875 2179.921630859375 2452.1015625 580.312255859375 0 4491.2236328125 6412.0537109375 4766.4150390625 2276.519775390625 1201.4239501953125 0 0 222.88873291015625 1218.4305419921875 3450.25341796875 2174.013427734375 2234.76953125 7169.50439453125 1170.448974609375 4635.65869140625 3085.321533203125 3279.6494140625 7183.1005859375 712.69580078125 806.6068115234375 1656.9195556640625 1678.3359375 3199.46484375 5236.89501953125 5838.404296875 2178.08544921875 4274.5517578125 536.96771240234375
5740.05810546875 3211.196044921875 8374.228515625 5856.4345703125 2334.832763671875 1672.63427734375 0 0 0 1778.0806884765625 4643.6328125 5423.642578125 3464.890869140625 296.83038330078125 0 1366.069091796875 2305.59521484375 4161.3701171875 844.55609130859375 0 0 1585.713134765625 3165.666015625 1.3264921903610229492 3106.04833984375 717.40850830078125 924.111572265625 1231.568359375 0 3645.087890625 5103.06640625 0 0 558.4454345703125 3905.07861328125 4016.26416015625 1503.6927490234375 883.42041015625 1381.0716552734375 151.78118896484375 5151.79541015625 1693.565185546875 1968.725830078125 1652.9478759765625 428.024169921875 2287.09765625 1591.94384765625 6636.8046875 1369.0234375 496.36016845703125 2043.6402587890625 374.443603515625 2878.71728515625
7266.62646484375 1725.3604736328125 3818.468994140625 5223.60986328125 1895.533447265625 0 1290.0460205078125 0 0 201.5877227783203125 1051.10986328125 1498.163330078125 0 0 0 2474.45751953125 1720.4404296875 3245.61376953125 3254.574951171875 1182.025146484375 0 1886.83251953125 2302.638916015625 669.42596435546875 5581.2880859375 5070.912109375 2190.525390625 3196.177001953125 256.10150146484375 4703.47314453125 295.735260009765625 0 0 0 793.98309326171875 6110.16552734375 2003.910888671875 2011.7261962890625 2816.755615234375 2448.990234375 1266.452880859375 3795.149658203125 5321.685546875 4446.48046875 4368.07666015625 1985.3564453125 1133.259521484375 2012.1842041015625 5561.1123046875 2962.802490234375 1866.94580078125 525.3809814453125 3095.36328125
4056.422119140625 581.0968017578125 567.5311279296875 2155.31787109375 2588.247802734375 1738.0079345703125 5383.8134765625 689.8773193359375 0 0 0 0 0 0 0 0 1097.0469970703125 3632.34423828125 2161.262939453125 2182.528564453125 0 0 1400.732421875 1270.141845703125 6783.68994140625 5279.318359375 4871.6171875 2475.79296875 1713.0889892578125 1804.091796875 2755.82568359375 2.0519347190856933594 0 0 0 526.66937255859375 2456.28955078125 5944.39892578125 2967.439453125 1539.4305419921875 2240.7998046875 850.3037109375 4328.32568359375 4040.279296875 4703.544921875 4359.96484375 152.0413970947265625 2715.2255859375 800.46270751953125 8517.95703125 905.064453125 1697.385009765625 1613.4490966796875
4228.900390625 4664.0458984375 6023.41357421875 2668.208984375 1429.456787109375 1202.2542724609375 971.2227783203125 0 0 0 0 0 0 0 0 123.4418487548828125 375.340728759765625 2286.091796875 1279.28857421875 3712.281005859375 383.25775146484375 0 0 1084.1005859375 4748.12890625 2803.363037109375 4153.47509765625 1222.441162109375 2078.44970703125 1364.2921142578125 2420.269287109375 989.88653564453125 0 0 36.761531829833984375 1642.3099365234375 6457.9267578125 1958.7135009765625 1278.1337890625 4184.81640625 2267.41796875 1520.7947998046875 846.82525634765625 5266.43603515625 3842.7197265625 6205.396484375 1427.6182861328125 1760.2281494140625 2411.77734375 2325.924560546875 1294.2969970703125 155.982025146484375 1893.5728759765625
