ForecastVariables/BuildingFootprint_Total_100m/BuildingFootprint_Random2_Cleaned.asc
ncols        529
nrows        344
xllcorner    2700.000000000000
yllcorner    15900.000000000000
cellsize     100.000000000000
NODATA_value  0
[rows 96 to 119 of 344, columns 318 to 370 of 529]
5429.8076171875 4010.14404296875 2326.60888671875 1428.1053466796875 2755.7578125 3932.069580078125 2392.411865234375 3451.720947265625 1542.4066162109375 2088.39453125 3863.323486328125 1986.8319091796875 3389.906005859375 414.368988037109375 0 1500.6187744140625 2386.53125 743.078857421875 3722.8017578125 814.5216064453125 3356.5146484375 788.7034912109375 801.4765625 1814.7227783203125 5447.712890625 234.396392822265625 0 0 0 0 1014.38348388671875 1121.8995361328125 1208.5504150390625 2227.507568359375 4300.06884765625 982.64453125 4701.76611328125 2585.945068359375 3042.38525390625 252.248931884765625 265.768768310546875 447.546142578125 4938.1669921875 4315.248046875 2959.162841796875 6352.2294921875 1924.129638671875 390.7188720703125 1408.13525390625 3555.359130859375 6654.8037109375 3983.692626953125 4083.84521484375
5721.900390625 4101.9638671875 3886.56591796875 2034.615478515625 5450.99169921875 1705.5611572265625 2649.661865234375 41.736110687255859375 3019.489501953125 3581.852294921875 2909.401611328125 1776.8638916015625 4117.84423828125 0 0 1152.473876953125 1696.36962890625 272.86138916015625 4391.51025390625 2503.5751953125 1250.343994140625 565.8809814453125 616.340087890625 728.102783203125 2503.790283203125 4267.8056640625 0 0 0 3917.065673828125 1782.122802734375 2041.2244873046875 2754.01171875 3786.62353515625 3326.25830078125 832.84906005859375 3118.917236328125 1545.37451171875 542.825439453125 2480.05322265625 118.44063568115234375 2243.8935546875 2891.484619140625 4744.27392578125 5713.00537109375 4326.72802734375 1508.191650390625 4548.568359375 6433.47412109375 796.99951171875 1145.23095703125 209.9305572509765625 2150.46533203125
129.125244140625 554.54644775390625 3066.349853515625 1894.0968017578125 2667.160400390625 3705.228271484375 1417.5125732421875 2960.26611328125 2354.691650390625 3454.8974609375 1953.1837158203125 1548.375244140625 1875.013671875 0 0 1622.3460693359375 1192.9783935546875 847.4638671875 231.6449127197265625 1948.9002685546875 95.3940887451171875 4627.5556640625 4355.013671875 5641.72802734375 3340.8212890625 4378.7626953125 0 0 0 859.6561279296875 4885.548828125 312.102264404296875 260.75738525390625 7890.2998046875 3052.03271484375 56.99669647216796875 1520.43603515625 437.12261962890625 3950.21240234375 899.897705078125 1310.93310546875 718.75701904296875 7943.41748046875 847.12091064453125 667.72430419921875 498.011474609375 4530.36328125 7967.435546875 2927.180908203125 1659.083251953125 1682.7906494140625 3285.939208984375 2039.7215576171875
2677.426513671875 378.203369140625 2009.2200927734375 111.70740509033203125 2291.8251953125 2623.37548828125 1506.5360107421875 3051.31884765625 2968.5146484375 1151.439208984375 2105.278076171875 1725.826416015625 1791.740966796875 0 0 3978.59130859375 2055.52197265625 2892.92626953125 498.049285888671875 924.23712158203125 1326.1044921875 5717.68798828125 265.87774658203125 973.71124267578125 1111.676513671875 1534.448974609375 0 0 0 0 6140.9697265625 3013.722900390625 118.01483154296875 3645.1328125 1976.1015625 1777.8392333984375 1195.954345703125 1618.470947265625 893.56591796875 724.9620361328125 1194.666015625 2865.82763671875 9439.021484375 164.751220703125 796.7435302734375 327.91326904296875 1291.2646484375 3075.875244140625 536.50567626953125 3453.017333984375 1218.0865478515625 1923.672607421875 1451.13818359375
1406.5084228515625 848.9666748046875 1158.1854248046875 722.842529296875 3429.833251953125 2319.199951171875 2558.372802734375 2423.832763671875 1634.3656005859375 2458.448486328125 1635.8243408203125 1640.392333984375 455.5098876953125 0 0 1506.009033203125 3047.67041015625 1394.9541015625 3682.568359375 5576.875 5491.9892578125 4752.89453125 138.3448944091796875 4855.63427734375 9404.9609375 661.98944091796875 0 0 0 0 0 1791.818603515625 1207.029052734375 4003.6884765625 105.44235992431640625 1017.1011962890625 2222.996826171875 1934.3876953125 8219.1962890625 2662.44580078125 5386.04443359375 8964.578125 1314.1005859375 4424.6708984375 1356.40771484375 7506.5625 1702.2611083984375 11.680802345275878906 3376.87158203125 2616.0146484375 1893.2220458984375 2345.5029296875 1077.1475830078125
1880.7825927734375 1647.1514892578125 2644.30322265625 1950.88818359375 1264.5179443359375 778.26275634765625 125.541259765625 3.4205765724182128906 0 6.5802931785583496094 1439.6075439453125 1923.277099609375 2475.738525390625 1568.6968994140625 35.373378753662109375 5009.4833984375 10000 904.147705078125 10000 4596.18408203125 54.13513946533203125 4868.2490234375 1.2015529870986938477 2408.0498046875 2941.706298828125 0 0 0 0 0 0 371.494903564453125 3332.576904296875 442.2286376953125 1339.95703125 227.78485107421875 2362.50732421875 4149.89208984375 7352.81298828125 1308.7086181640625 2921.36279296875 3214.1376953125 1853.20751953125 4661.82666015625 404.323699951171875 9801.31640625 2392.002685546875 1437.457275390625 2637.811767578125 4461.6953125 2250.930419921875 1214.4635009765625 2825.337890625
1779.517333984375 2006.51953125 3402.52587890625 3745.400634765625 3414.252685546875 1185.7703857421875 0 0 0 14.64650726318359375 2689.579345703125 2649.37646484375 2420.325927734375 2214.407470703125 345.382080078125 610.67791748046875 2103.061767578125 1639.0491943359375 4490.669921875 1697.978759765625 4553.294921875 5947.3251953125 7094.0009765625 703.62969970703125 2151.279052734375 1.3701767921447753906 204.340911865234375 0 0 0 0 1185.5821533203125 3819.996337890625 9.8246030807495117188 2058.80908203125 3601.326171875 520.8570556640625 620.99114990234375 190.1855621337890625 4277.32080078125 262.289093017578125 3055.69091796875 757.377685546875 1572.367431640625 1994.5098876953125 680.62646484375 1339.1402587890625 2399.438232421875 2187.0126953125 804.935302734375 1488.5069580078125 3229.75146484375 2811.389892578125
1522.624267578125 2495.585205078125 3540.782958984375 3388.64697265625 2488.10498046875 1227.19775390625 0 0 0 23.483356475830078125 562.87548828125 703.06005859375 944.364013671875 5981.59814453125 501.548919677734375 10000 1462.0740966796875 2424.32470703125 2788.58203125 2263.80908203125 1267.17724609375 2013.0780029296875 319.8076171875 0 0 0 0 0 0 0 594.5780029296875 6722.837890625 4985.3251953125 3019.656005859375 1118.21240234375 6457.86083984375 2753.1181640625 5524.50927734375 1270.8470458984375 562.42376708984375 5517.76611328125 6670.13232421875 221.492767333984375 469.828826904296875 1227.09912109375 3629.5068359375 2248.28955078125 3153.30078125 1876.7137451171875 2636.99853515625 1033.279052734375 2124.89453125 958.61688232421875
805.25262451171875 1116.6370849609375 1216.8050537109375 1412.73779296875 1516.6177978515625 1.80548858642578125 0 0 0 3675.54296875 2942.647705078125 1008.6287841796875 1346.3345947265625 1998.701416015625 0 1455.436767578125 3475.98681640625 2440.923095703125 2811.90869140625 4637.8671875 10000 390.2974853515625 0 0 0 0 0 0 0 0 2183.910888671875 4450.052734375 764.4884033203125 628.94891357421875 6615.20751953125 2048.083740234375 7608.265625 48.131069183349609375 1234.956298828125 1134.02197265625 853.8216552734375 3278.67578125 470.614013671875 2958.6328125 4224.65185546875 5702.2724609375 2952.184326171875 2058.366455078125 1914.1627197265625 978.3714599609375 5226.01220703125 2159.739501953125 18.06682586669921875
1118.827880859375 2403.2041015625 2138.60546875 3694.27294921875 1637.0687255859375 970.57037353515625 0 0 0 4700.1845703125 1862.8447265625 3140.521484375 2923.87548828125 2324.572998046875 0.087778411805629730225 433.95758056640625 606.6356201171875 1904.9534912109375 894.117919921875 1487.3792724609375 0 0 0 0 0 0 0 0 0 40.9334869384765625 1477.5120849609375 574.4219970703125 6288.88916015625 5835.3291015625 6840.14111328125 7533.2060546875 341.23760986328125 6222.888671875 5853.490234375 680.88958740234375 2202.164794921875 7073.7607421875 7772.01318359375 2286.791015625 0 32.57672882080078125 847.86376953125 3511.930419921875 3785.377685546875 2455.1875 1546.8035888671875 3515.949951171875 938.66064453125
271.915130615234375 2073.21533203125 2176.373779296875 512.031494140625 2660.20361328125 3673.714599609375 480.062591552734375 54.9467315673828125 705.1544189453125 1787.91845703125 337.659515380859375 4093.85400390625 694.65289306640625 1983.9791259765625 1518.810302734375 1514.681640625 292.58367919921875 3665.94384765625 2982.388916015625 5862.1259765625 720.78131103515625 1357.044921875 0 0 0 0 0 0 0 0 327.167083740234375 188.1083526611328125 6089.0146484375 771.93817138671875 986.98095703125 3227.95166015625 650.6175537109375 8452.8408203125 1425.14501953125 1696.417724609375 2043.2081298828125 1574.291015625 945.3641357421875 5021.82568359375 1449.7686767578125 1876.9578857421875 0 0.36453369259834289551 1272.1317138671875 1670.976318359375 2038.7506103515625 1088.82373046875 1154.0548095703125
1789.5751953125 2270.613525390625 2388.080322265625 2636.65771484375 2364.533203125 1941.3580322265625 4769.9384765625 2765.23291015625 261.84930419921875 1928.2227783203125 1998.508544921875 789.6251220703125 2056.09765625 251.8737030029296875 2605.398193359375 598.493896484375 1240.3316650390625 4737.7236328125 1764.6982421875 82.06982421875 671.830322265625 1763.377685546875 0 52.051433563232421875 0 0 0 0 0 0 0 3888.493408203125 2598.752685546875 1445.062255859375 7969.853515625 1049.6597900390625 2093.335205078125 554.53167724609375 1687.0587158203125 827.92486572265625 865.9237060546875 6700.46337890625 156.907684326171875 3208.90087890625 4821.86328125 9732.7236328125 4536.65625 3015.0361328125 1302.087890625 358.271697998046875 1143.3427734375 3318.59765625 1830.8125
783.524658203125 3582.365478515625 1790.570556640625 2593.657958984375 2773.60546875 1603.0050048828125 3128.7197265625 1078.6923828125 1783.1495361328125 1410.9114990234375 2470.453369140625 2314.221923828125 234.3182373046875 1830.4644775390625 689.2017822265625 3810.6630859375 2807.60498046875 0.40891289710998535156 5264.5537109375 7716.21826171875 10000 6320.2998046875 157.9052276611328125 0 0 0 0 0 0 0 0 1196.0628662109375 573.23529052734375 4320.859375 507.99017333984375 500.81793212890625 10000 1890.04150390625 1083.832763671875 6215.0419921875 3159.38720703125 8694.671875 4900.234375 0 1204.429931640625 587.59783935546875 3435.244873046875 728.5216064453125 1006.199462890625 383.2264404296875 0 347.683319091796875 1983.72412109375
3656.949462890625 1007.0555419921875 5122.13037109375 2514.2431640625 3829.286865234375 3504.683837890625 2650.588623046875 2815.56884765625 2792.363037109375 0 2216.871826171875 132.703521728515625 1920.5494384765625 6314.919921875 7125.361328125 181.33074951171875 7854.3798828125 1017.536865234375 4636.517578125 6294.16455078125 5794.1591796875 7810.3779296875 0 0 0 0 0 0 0 0 0 0 1874.45556640625 2208.591552734375 3092.2119140625 214.594635009765625 133.345123291015625 1517.7650146484375 7816.5009765625 6581.67138671875 1888.462890625 30.076961517333984375 278.1531982421875 2924.04150390625 771.858154296875 5539.6953125 4634.92431640625 341.2730712890625 2214.089599609375 6042.1376953125 0 1916.68017578125 366.7779541015625
2490.107177734375 2460.692138671875 1112.447265625 1522.5687255859375 1768.9456787109375 1773.199951171875 5617.96484375 3040.283203125 0 0 0 1023.5262451171875 387.43658447265625 29.11820220947265625 1041.6051025390625 1560.07177734375 4647.34619140625 96.61479949951171875 401.90374755859375 5628.07763671875 5471.77001953125 2801.36962890625 0 0 0 0 0 0 0 0 0 0 0 1573.5113525390625 399.16552734375 924.19610595703125 10000 3162.46875 3482.2177734375 151.724151611328125 6504.12744140625 7560.12060546875 2656.494140625 290.453521728515625 943.3082275390625 5869.658203125 4517.9599609375 882.003662109375 5616.923828125 1857.019287109375 141.2043914794921875 2407.375732421875 1186.70654296875
30.877359390258789062 490.36376953125 1367.9993896484375 4428.09423828125 1523.066162109375 2574.746337890625 2732.073974609375 2952.136962890625 81.1786651611328125 0 0 2222.85546875 6922.048828125 305.565521240234375 1733.310546875 2890.029052734375 1774.754150390625 10000 3613.22119140625 3677.214111328125 402.353271484375 4.1535506248474121094 0 0 0 0 0 0 0 0 0 0 0 0 1580.9205322265625 269.9693603515625 5463.443359375 4535.85107421875 1547.3349609375 2003.876953125 2267.944580078125 7101.43994140625 969.3450927734375 4579.41455078125 1011.99945068359375 1800.494384765625 3954.579833984375 2272.834228515625 2326.648193359375 1186.636474609375 989.1923828125 2455.634521484375 291.87841796875
3228.32958984375 2275.744873046875 1967.9002685546875 685.39910888671875 2803.1826171875 1930.371826171875 2503.645751953125 3500.152587890625 2517.088623046875 0 0 2048.96728515625 8109.35107421875 247.896728515625 470.46148681640625 6468.39794921875 10000 3846.00146484375 5127.27099609375 8655.4462890625 1419.692138671875 0 0 0 0 0 0 0 0 0 0 0 0 0 0 997.02935791015625 8586.09765625 4822.58740234375 539.57305908203125 1009.3289794921875 5011.88427734375 4492.064453125 1648.7073974609375 4765.7529296875 1027.8135986328125 1584.6839599609375 1340.4967041015625 7313.099609375 784.83636474609375 780.28900146484375 2971.52490234375 180.104217529296875 2325.381591796875
937.3568115234375 4905.44873046875 1905.935791015625 1955.8270263671875 1883.9423828125 2226.518310546875 2104.246826171875 3054.76708984375 2146.85986328125 0 431.67510986328125 1656.658447265625 1878.7872314453125 2240.75146484375 857.5784912109375 10000 48.092578887939453125 568.65301513671875 7489.67333984375 1060.56005859375 5470.30029296875 0 0 0 0 0 0 0 0 0 0 0 0 0 0 0 3030.009765625 4010.583984375 1600.1856689453125 1889.7552490234375 433.02520751953125 2290.277587890625 593.94903564453125 6477.921875 4282.43896484375 2178.596435546875 3212.072998046875 2851.4130859375 601.547119140625 2050.073486328125 3416.023193359375 342.48675537109375 2031.7384033203125
1249.4803466796875 1696.99169921875 1636.26806640625 2678.86474609375 2483.238037109375 864.2943115234375 1761.5552978515625 2420.222900390625 532.58990478515625 0 2942.331298828125 671.312255859375 2575.247802734375 695.614990234375 847.40814208984375 2937.0341796875 3085.7275390625 3812.770263671875 4961.8623046875 793.1630859375 1622.8896484375 0 0 0 0 0 0 0 0 0 0 0 0 0 0 0 0 0 10000 2097.24951171875 3326.244873046875 6302.703125 5311.20166015625 2477.49658203125 2289.38232421875 1491.299560546875 956.86041259765625 1740.99853515625 4703.8408203125 1582.361328125 2991.652099609375 696.8575439453125 2457.37744140625
649.36492919921875 1237.614990234375 4269.783203125 2358.402587890625 2814.923095703125 2134.278076171875 2641.65283203125 2615.928955078125 1969.9730224609375 606.264892578125 1681.6802978515625 5553.3681640625 4977.21728515625 1871.6943359375 2145.518798828125 3164.140869140625 1399.3927001953125 7303.0625 6419.140625 2815.816650390625 0 0 0 0 0 0 0 0 0 0 0 0 0 0 0 0 0 4923.2626953125 2262.847900390625 1285.9189453125 1567.1512451171875 2753.904296875 2305.91162109375 1958.03271484375 3423.26513671875 2298.928466796875 1736.6356201171875 2256.7783203125 1541.5028076171875 7198.00341796875 3458.16259765625 3599.17919921875 3222.6005859375
2619.458251953125 2973.92529296875 3083.025634765625 1664.5758056640625 1708.358642578125 1776.3624267578125 4787.6484375 394.224090576171875 3137.302001953125 1084.4378662109375 845.37957763671875 2191.390625 1243.4794921875 1471.0865478515625 996.26153564453125 1527.345947265625 9528.65234375 5075.8681640625 4295.5830078125 530.9437255859375 0 0 0 0 0 0 0 0 0 0 0 0 0 0 0 0 0 4042.255615234375 793.63916015625 87.173675537109375 414.58563232421875 2519.697998046875 1022.2796630859375 4205.97265625 3347.53076171875 4579.99072265625 512.30828857421875 1087.3660888671875 2453.311767578125 3982.091796875 1774.577880859375 1499.758544921875 2197.8662109375
2055.344482421875 4088.96826171875 1749.89990234375 2000.5015869140625 904.31536865234375 2358.18896484375 2695.00048828125 871.99957275390625 5952.6630859375 3968.120361328125 8394.869140625 1456.21484375 699.10491943359375 1362.9456787109375 2065.8896484375 6377.857421875 3833.7958984375 9981.15234375 2602.32568359375 0 0 0 0 0 0 0 0 0 0 0 0 0 0 0 0 0 0 0 2644.674560546875 575.69622802734375 2582.84814453125 6479.52685546875 592.939453125 1045.3123779296875 4500.44921875 1698.346435546875 3410.44091796875 5355.16162109375 2213.37646484375 3626.25927734375 3555.57373046875 736.16162109375 801.0015869140625
1161.8399658203125 1949.51025390625 3739.387451171875 0 0 4662.0087890625 607.7510986328125 4447.08935546875 7750.1474609375 1833.716552734375 3473.509521484375 3354.00048828125 4020.4052734375 1833.974853515625 3954.81103515625 518.5081787109375 5820.68505859375 3330.699462890625 0 0 0 0 0 0 0 0 0 0 0 0 0 0 0 0 0 0 0 0 4815.9755859375 6830.259765625 2868.630126953125 199.394866943359375 130.3511810302734375 745.1290283203125 4918.662109375 2512.582763671875 1513.73095703125 9.7904062271118164062 5222.06591796875 6588.4765625 4991.69384765625 5801.0634765625 845.98394775390625
1600.5347900390625 1301.92578125 1552.4410400390625 5923.43505859375 380.163818359375 1068.68212890625 1425.3016357421875 2757.26416015625 5151.1904296875 2703.132080078125 1548.0946044921875 1620.5816650390625 2228.57861328125 1245.5867919921875 1742.417236328125 0 0 0 0 0 0 0 0 0 0 0 0 0 0 0 0 0 0 0 0 0 0 0 2041.4996337890625 2223.391845703125 1899.277099609375 569.90411376953125 4331.43603515625 4487.78515625 1278.994873046875 6280.94873046875 4727.9599609375 3428.748779296875 1943.9625244140625 2118.724853515625 3133.6669921875 660.33599853515625 1322.3057861328125
