ForecastVariables/BuildingFootprint_Total_100m/BuildingFootprint_Random3_Cleaned.asc
ncols        529
nrows        344
xllcorner    2700.000000000000
yllcorner    15900.000000000000
cellsize     100.000000000000
NODATA_value  0
[rows 144 to 167 of 344, columns 53 to 105 of 529]
0 0 0 0 0 0 0 0 0 0 0 0 0 0 0 0 0 0 0 0 0 0 0 0 0 0 0 0 60.115467071533203125 3196.27880859375 2054.78271484375 2671.320556640625 367.943603515625 0 271.663055419921875 1857.234375 2821.102294921875 2673.103515625 2017.339599609375 3530.254638671875 2066.119873046875 3127.37646484375 3935.8974609375 3421.64404296875 2702.22802734375 1864.407958984375 1156.8916015625 2765.616455078125 1853.7657470703125 2163.997802734375 1924.925537109375 1574.410400390625 615.2147216796875
0 0 0 0 0 0 0 0 0 0 0 0 0 0 0 0 0 0 0 0 0 0 0 0 0 0 0 0 0 0 0 0 0 0 0 0 3499.404296875 1679.340087890625 1932.2718505859375 2757.759521484375 2473.059814453125 3537.714111328125 7418.29296875 917.98577880859375 3532.979248046875 1972.9832763671875 1672.9378662109375 4326.69775390625 4341.21240234375 1248.794189453125 4136.1650390625 4079.5908203125 2687.294189453125
0 0 0 0 0 0 0 0 0 0 0 0 0 0 0 0 0 0 0 0 0 0 0 0 0 0 0 0 0 0 0 0 0 0 0 0 2117.2197265625 5337.45751953125 2247.45263671875 1115.10546875 4242.84130859375 4270.47998046875 4303.8017578125 2145.4111328125 3856.08837890625 1806.072998046875 247.09490966796875 2907.693359375 3989.469482421875 2309.869873046875 2796.414306640625 3254.215087890625 2521.611572265625
0 0 0 0 0 0 0 0 0 0 0 0 0 0 0 0 0 0 0 0 0 0 0 0 0 0 0 0 10.765183448791503906 74.29378509521484375 0 0 0 0 0 0 118.3371734619140625 2033.4791259765625 6827.486328125 797.12457275390625 2752.72607421875 4416.65234375 4209.86865234375 1272.3402099609375 268.723236083984375 3402.6572265625 0 1281.8714599609375 3707.683349609375 2605.355712890625 851.25408935546875 2062.87744140625 1733.3251953125
0 0 0 0 0 0 0 0 0 0 0 0 0 0 0 0 0 0 0 0 0 0 0 0 0 0 0 0 0 0 0 0 0 0 0 0 0 0 0 0 190.055755615234375 3803.18603515625 4208.31787109375 1196.775634765625 1180.3218994140625 4279.91748046875 3875.250244140625 1266.76318359375 5028.12060546875 3445.922607421875 1643.1810302734375 3464.42529296875 4052.808837890625
760.28143310546875 639.754638671875 404.47265625 0 0 0 0 0 0 0 0 0 0 0 0 0 0 0 0 0 0 0 0 0 0 0 0 0 0 0 0 0 0 0 0 0 0 0 0 0 0 779.365966796875 2913.667236328125 5764.904296875 2153.72998046875 2008.1143798828125 2924.328857421875 1204.174072265625 2643.98974609375 4034.885986328125 1544.2470703125 3457.8740234375 3230.0419921875
6899.42333984375 270.78546142578125 705.241943359375 371.56646728515625 0 0 0 0 0 0 0 0 0 0 0 0 0 0 0 0 0 0 0 0 0 0 0 0 0 0 0 0 0 0 0 0 0 0 0 0 0 0 1640.3858642578125 4364.47021484375 3324.95068359375 823.904052734375 2446.272705078125 916.64654541015625 1496.806396484375 2947.54541015625 899.47906494140625 1700.7314453125 3116.536376953125
4001.87353515625 5800.861328125 7303.75 2215.63623046875 0 0 0 0 0 0 0 0 0 0 0 0 0 0 0 0 0 0 0 0 0 0 58.7156829833984375 0 0 0 0 0 0 0 0 0 0 0 0 0 0 885.6832275390625 5119.67919921875 2629.405029296875 2741.14111328125 582.59722900390625 0 0 5046.33544921875 4451.703125 4962.04150390625 5442.14697265625 4088.21728515625
2442.872802734375 1214.141845703125 100.36113739013671875 244.6376800537109375 315.361419677734375 1356.4093017578125 0 0 0 0 0 0 0 0 0 0 0 0 0 0 0 0 0 0 0 0 2118.033447265625 1929.3388671875 2470.24072265625 0 0 0 0 0 0 0 0 0 0 0 68.00489044189453125 5075.005859375 3357.468505859375 4156.06103515625 2573.48779296875 4491.35205078125 3076.6044921875 1442.8421630859375 7048.97998046875 4720.25 3071.818359375 1719.2418212890625 5025.8671875
1106.1495361328125 1673.656494140625 9419.4560546875 6079.17236328125 2212.597412109375 870.05706787109375 4824.9892578125 1943.503662109375 1765.6715087890625 0 0 0 0 0 0 0 0 0 0 0 0 0 0 0 0 436.543670654296875 168.513916015625 2062.128173828125 6407.7138671875 52.547359466552734375 0 0 0 0 0 0 0 0 0 0 3704.281005859375 1151.201416015625 2745.76416015625 3610.4970703125 1738.13525390625 2583.80859375 2010.093017578125 1537.6102294921875 2929.446044921875 89.37191009521484375 3748.558837890625 909.81158447265625 10000
3538.337158203125 1048.1673583984375 1914.58251953125 2975.61279296875 1210.7322998046875 2463.806640625 2263.251708984375 61.0982818603515625 2184.7998046875 3492.126953125 537.07794189453125 0 0 0 0 0 0 0 0 0 0 0 0 0 0 775.0018310546875 1033.7603759765625 0 0 0 0 0 0 0 0 0 0 0 0 2844.274169921875 4056.235107421875 4441.68359375 5894.345703125 7016.3828125 4513.68408203125 6630.8701171875 7818.93896484375 3345.40185546875 2877.53466796875 2221.721435546875 2501.3740234375 252.131439208984375 3175.49560546875
8209.4365234375 9479.7509765625 2646.49267578125 1315.52490234375 847.9259033203125 463.088958740234375 131.560394287109375 1776.180908203125 4333.2939453125 485.31414794921875 285.00634765625 467.768798828125 2392.1162109375 1452.543701171875 0 0 0 0 0 0 0 0 0 44.252407073974609375 69.1248016357421875 0 0 0 0 0 0 0 0 0 0 0 0 0 464.63427734375 5207.990234375 3780.76318359375 3593.7958984375 4510.94287109375 3877.40380859375 1944.7294921875 3626.683837890625 3778.209228515625 1638.933837890625 2364.0703125 244.8106231689453125 1400.412841796875 694.27349853515625 3868.919677734375
5299.7353515625 5414.15673828125 1411.595703125 1383.5556640625 4150.34130859375 1521.152099609375 1175.770263671875 398.74530029296875 4227.7431640625 2868.396240234375 989.61920166015625 581.828857421875 784.33465576171875 7331.01171875 2970.37451171875 0 0 0 0 752.52490234375 2836.5126953125 2421.665283203125 3769.760498046875 3230.452880859375 5973.89013671875 2405.7021484375 3785.83203125 5869.85546875 1020.7958984375 3175.158203125 2686.408203125 661.07940673828125 2356.558837890625 536.25335693359375 2508.178466796875 1501.6624755859375 4461.373046875 1080.8033447265625 4456.48876953125 4183.6123046875 4244.96728515625 5135.681640625 3913.253662109375 5039.8203125 3800.24365234375 5396.78076171875 7090.0625 2988.36572265625 2429.64794921875 0 10000 4027.1982421875 368.073974609375
2434.232421875 2611.085205078125 6101.03466796875 2644.55224609375 2279.948974609375 693.01605224609375 209.6402130126953125 1090.263671875 73.05175018310546875 807.811767578125 3797.6201171875 3476.245361328125 1101.9505615234375 436.075103759765625 3655.581298828125 1498.57861328125 0 1292.804931640625 2733.04638671875 4116.95458984375 4430.90771484375 3123.199462890625 3168.088623046875 2768.831787109375 5012.8427734375 2212.113525390625 4772.0234375 8343.0693359375 2220.898681640625 9309.298828125 3171.715576171875 3509.544921875 1470.7525634765625 5036.07373046875 7208.31591796875 6685.35888671875 923.04620361328125 1279.98974609375 17.8321380615234375 4441.25 4838.8896484375 3848.00390625 3914.32275390625 3302.872802734375 1826.0408935546875 5150.28564453125 5887.2353515625 2613.0810546875 1903.981689453125 2501.53369140625 4752.1298828125 5539.86669921875 2350.245849609375
2489.48193359375 3356.58349609375 5388.16748046875 1786.6805419921875 759.86993408203125 2328.70166015625 804.2042236328125 507.56890869140625 3054.993896484375 1915.3150634765625 178.26141357421875 311.037261962890625 10.634976387023925781 2522.064453125 213.372955322265625 1044.603515625 1626.8675537109375 5298.55126953125 3090.371826171875 3980.939453125 4483.35107421875 3680.726318359375 4008.787109375 3280.952392578125 3800.57080078125 2744.89599609375 2030.83154296875 3684.771240234375 818.3870849609375 487.131134033203125 285.448699951171875 1324.9462890625 1434.4056396484375 1571.3927001953125 2884.966064453125 2118.470947265625 2659.73583984375 502.22705078125 2288.639892578125 2110.410400390625 2290.177490234375 2737.18994140625 2212.43603515625 2189.6611328125 1422.4185791015625 2179.184814453125 2607.00390625 183.7482147216796875 848.93194580078125 1697.69482421875 2063.26318359375 2567.45703125 2078.87353515625
5361.2060546875 5231.34619140625 926.71697998046875 3610.697509765625 8317.515625 3720.93505859375 4243.765625 3572.758544921875 2368.127197265625 366.07623291015625 481.54583740234375 4075.4560546875 724.8944091796875 958.68115234375 1753.5802001953125 3924.99951171875 310.4385986328125 2664.120849609375 2695.438232421875 4896.740234375 3431.3818359375 4616.1474609375 4288.49169921875 3788.4169921875 6018.26416015625 3529.778564453125 3629.498779296875 8389.1376953125 2414.408935546875 4907.4482421875 8835.3876953125 6485.96044921875 2740.513427734375 5444.8349609375 5127.708984375 5115.40771484375 3898.745361328125 6329.1728515625 3622.047607421875 7115.4677734375 5134.51416015625 3558.180419921875 4947.26806640625 5946.3994140625 3629.56201171875 6243.93408203125 4054.76513671875 1053.9493408203125 5375.65576171875 4940.84326171875 4924.3046875 5494.54833984375 4919.45751953125
4776.91015625 2799.22705078125 4984.263671875 2799.392333984375 5932.84375 6379.5244140625 6527.0205078125 7650.845703125 84.9455718994140625 696.91796875 1465.688720703125 2980.65673828125 552.96160888671875 56.66513824462890625 5453.13330078125 4671.87060546875 5032.5888671875 4668.96826171875 3510.0703125 3465.43994140625 2030.642822265625 1865.5850830078125 3587.03759765625 2600.390380859375 3475.9365234375 2472.3525390625 5838.873046875 8725.26953125 1979.0460205078125 3911.852783203125 4181.98193359375 3288.298828125 3017.748046875 4396.42724609375 4799.85791015625 6068.18701171875 4412.75732421875 6488.10888671875 3342.7275390625 6595.4755859375 4177.49609375 5127.3525390625 4575.154296875 6196.806640625 3944.46923828125 4622.8154296875 3471.221923828125 1214.17431640625 6305.271484375 5655.4921875 3191.125732421875 4257.2607421875 4622.470703125
2465.017822265625 5782.74365234375 6120.09130859375 5552.4140625 578.6787109375 7387.85205078125 7864.5185546875 7341.52392578125 301.71112060546875 1441.5587158203125 572.50469970703125 2769.421142578125 146.6931304931640625 4038.742431640625 5559.56787109375 4161.34130859375 1664.552734375 3735.275390625 4485.4638671875 4315.2119140625 5215.279296875 5832.0654296875 5537.90966796875 6449.53125 5845.87890625 3331.7666015625 5083.7763671875 8474.2685546875 1955.0487060546875 2963.70263671875 1653.9364013671875 0 845.91876220703125 4481.48876953125 5150.810546875 4872.95166015625 4131.6025390625 5292.99462890625 3094.212890625 5605.50439453125 2608.98046875 4088.408203125 1386.7593994140625 5542.8681640625 2752.9169921875 3623.722412109375 4289.2529296875 1302.9744873046875 6916.27490234375 6743.5400390625 4943.65380859375 5075.96875 4683.83056640625
4231.26611328125 5882.85107421875 5938.265625 2830.880615234375 1968.8311767578125 1848.62646484375 5890.60498046875 3279.27685546875 129.544342041015625 478.5240478515625 7235.544921875 5632.1494140625 4370.6318359375 8246.14453125 1838.728515625 3875.992919921875 2860.3212890625 2990.8134765625 2235.370849609375 2978.517578125 3886.29296875 2944.6171875 2375.8310546875 1994.897705078125 2551.7607421875 1627.0875244140625 4197.62646484375 3620.92333984375 199.1013946533203125 0 1944.773681640625 1107.2979736328125 2835.459716796875 4023.802490234375 5185.38671875 4888.482421875 4262.94384765625 4109.1787109375 3270.82373046875 4647.76904296875 5014.33935546875 4081.131591796875 2794.18359375 5971.83447265625 9606.798828125 841.79803466796875 3610.8994140625 4897.2822265625 7703.646484375 7845.59375 4365.25537109375 6631.07568359375 4042.877685546875
3719.458251953125 2655.434814453125 2789.103271484375 3859.6865234375 5385.5986328125 2639.281982421875 1063.81689453125 869.8895263671875 8228.54296875 2682.113037109375 0 370.3709716796875 9099.6572265625 7376.427734375 2630.578857421875 2809.91845703125 3067.0263671875 4987.12939453125 3160.274169921875 5177.37744140625 7170.3603515625 7198.59912109375 5801.86376953125 3520.67236328125 5224.154296875 4760.46337890625 6200.63720703125 5791.19384765625 105.2812957763671875 0 0 0 0 0 5098.060546875 4597.830078125 4108.7548828125 3338.32421875 3191.62060546875 3666.271728515625 4906.88427734375 3993.890380859375 2990.16943359375 3436.79833984375 910.71466064453125 3394.909423828125 7877.1611328125 2246.035888671875 3568.4306640625 6617.1923828125 4578.8525390625 5487.181640625 5606.162109375
5009.67236328125 3641.9169921875 2303.984375 4482.45703125 4350.8193359375 5282.2841796875 3448.858154296875 320.40972900390625 4502.61181640625 4552.29638671875 0 14.11065673828125 3479.075439453125 3955.960693359375 2848.22705078125 3433.489501953125 3698.5947265625 3676.157958984375 1448.1798095703125 993.86346435546875 1041.3736572265625 418.8734130859375 405.042327880859375 167.9261016845703125 1.4910917282104492188 1286.779296875 1373.746826171875 1170.0037841796875 0 2034.4912109375 1390.788330078125 1473.786865234375 0 0 385.413848876953125 1032.0250244140625 1270.8204345703125 110.1700439453125 2263.17431640625 2385.88623046875 4205.27734375 2306.882080078125 1303.752197265625 1409.821533203125 1140.9317626953125 1405.1173095703125 2986.831787109375 318.946563720703125 0 0 0 35.261592864990234375 15.859755516052246094
2894.687744140625 4296.41357421875 2683.196044921875 2188.0478515625 3625.006103515625 4684.3828125 3419.8876953125 3949.621337890625 6156.51611328125 228.027313232421875 795.254150390625 3770.221435546875 2581.966796875 2599.617919921875 25.100187301635742188 1983.4649658203125 3015.899658203125 5223.76611328125 2066.1171875 2949.281005859375 4958.42724609375 3768.070068359375 1798.4488525390625 6762.06396484375 1246.984130859375 4601.54296875 8751.4775390625 6398.91552734375 0 4323.06201171875 4994.96728515625 5738.16943359375 0 0 1274.86474609375 4503.2138671875 3124.656005859375 3010.83544921875 3405.98046875 7560.00732421875 6918.05615234375 3517.33837890625 3625.409423828125 8826.0615234375 8071.90869140625 2652.65234375 8190.9892578125 3519.646728515625 0 0 0 3995.42822265625 3839.202392578125
4696.732421875 5425.88623046875 5877.7021484375 5908.3984375 3557.191162109375 3765.488525390625 3881.563232421875 5838.27880859375 1410.8499755859375 39.41497039794921875 8978.0078125 9999.912109375 9999.9130859375 9355.4638671875 783.6881103515625 9874.580078125 3165.25927734375 5967.65283203125 2075.509521484375 5009.35888671875 4282.92529296875 5251.658203125 3046.77978515625 1988.880615234375 4411.169921875 1451.9747314453125 5502.44580078125 2863.8916015625 0 0 1176.9853515625 6234.18115234375 4228.951171875 3512.286376953125 4579.94189453125 7403.4873046875 2801.79638671875 3900.9755859375 3718.274169921875 3419.41064453125 4397.3740234375 3788.691162109375 3662.433349609375 2680.03271484375 5801.599609375 4634.4248046875 4840.39013671875 2042.864501953125 1842.102783203125 297.355865478515625 3130.272216796875 3798.8154296875 5496.24658203125
2443.49462890625 2957.242431640625 4874.263671875 3787.562255859375 3911.0419921875 2939.347900390625 4786.57958984375 5617.18359375 2907.144775390625 1564.73876953125 4600.7080078125 4861.0654296875 4084.59521484375 4685.24755859375 1629.3470458984375 2070.08251953125 2104.16845703125 2434.09716796875 2423.02783203125 3086.0654296875 2816.386962890625 3078.5458984375 2129.50390625 3820.91845703125 5104.15625 3833.152587890625 4794.2666015625 3787.426513671875 64.0603790283203125 845.92047119140625 536.5301513671875 3427.1103515625 1720.6444091796875 2360.842529296875 3439.232177734375 2128.1748046875 1421.8836669921875 540.3443603515625 7123.10546875 6384.9775390625 7162.87060546875 5564.7373046875 5783.44384765625 3641.468017578125 6097.599609375 5613.7802734375 2038.527099609375 198.78497314453125 445.510528564453125 115.4725799560546875 2697.086181640625 5282.58349609375 328.557159423828125
