ForecastVariables/BuildingFootprint_Total_100m/BuildingFootprint_Random4_Cleaned.asc
ncols        529
nrows        344
xllcorner    2700.000000000000
yllcorner    15900.000000000000
cellsize     100.000000000000
NODATA_value  0
[rows 144 to 167 of 344, columns 106 to 158 of 529]
202.4418182373046875 30.498373031616210938 567.21295166015625 5010.990234375 1138.8726806640625 4052.722412109375 2716.53564453125 2333.91259765625 714.10821533203125 0 1851.5345458984375 3488.74609375 4753.30078125 4004.252685546875 7462.06298828125 3358.805419921875 417.326141357421875 2429.944580078125 1281.3758544921875 2845.7919921875 2241.24072265625 3959.656005859375 1650.351318359375 1573.9884033203125 7.6814484596252441406 612.6646728515625 476.61541748046875 0 0 0 0 0 92.23104095458984375 447.20947265625 275.998809814453125 481.60308837890625 1408.0816650390625 0 1076.402587890625 2056.522216796875 2509.78173828125 2026.198486328125 5217.1845703125 1915.3272705078125 1923.9664306640625 2736.44091796875 2712.86328125 1501.5072021484375 3637.67333984375 1533.045166015625 921.579833984375 2658.825439453125 626.1295166015625
4170.70556640625 3167.99072265625 3466.904296875 3835.085205078125 9389.0234375 8619.6416015625 5902.6181640625 0 240.561553955078125 0 3098.949462890625 6766.6376953125 8188.82177734375 4699.46728515625 8017.62353515625 4379.16552734375 122.89095306396484375 1693.017822265625 3332.50146484375 2402.19580078125 3276.047119140625 3234.97900390625 2073.222900390625 1491.7835693359375 1704.1917724609375 109.85162353515625 65.59568023681640625 0 1012.57781982421875 836.93597412109375 117.76696014404296875 0 239.9230194091796875 2427.189453125 738.6064453125 2932.2080078125 2063.3583984375 1739.5120849609375 2138.813232421875 1003.80889892578125 2832.442626953125 3087.1181640625 2019.4849853515625 2147.518310546875 2028.8497314453125 2455.641357421875 3567.60986328125 1621.039306640625 900.340087890625 3295.875 2326.433837890625 1606.35986328125 791.9515380859375
2656.02685546875 2943.947021484375 2941.630859375 1846.16748046875 4219.95703125 3305.724853515625 2872.200927734375 0 178.6365509033203125 0 5914.203125 1450.94580078125 0 3399.7392578125 6743.66259765625 3165.625 4894.7646484375 2207.275146484375 3800.1064453125 2477.03369140625 2091.6474609375 2227.841796875 1673.0150146484375 3122.857421875 3443.833984375 1211.017822265625 867.0994873046875 27.27513885498046875 299.04095458984375 260.317840576171875 501.044891357421875 293.4913330078125 60.59526824951171875 178.434478759765625 1352.7998046875 113.9121246337890625 1788.1568603515625 1677.5977783203125 1613.625244140625 2336.310546875 561.12750244140625 1425.0035400390625 2714.845458984375 2076.107421875 972.54443359375 797.36407470703125 2126.88720703125 1657.423828125 2052.469482421875 1929.69970703125 1871.5968017578125 410.147857666015625 0
1468.087158203125 1464.6796875 698.136962890625 2158.863037109375 238.2906494140625 3505.9033203125 0 0 3903.264892578125 555.7637939453125 1849.4608154296875 0 2342.747802734375 1734.885498046875 3592.619873046875 4635.78759765625 7836.1064453125 3488.8974609375 1903.923828125 725.415283203125 3194.014892578125 1970.8065185546875 2539.612060546875 3529.05224609375 2068.34765625 1669.877197265625 1230.8853759765625 213.640716552734375 785.596923828125 142.76544189453125 535.02947998046875 0 87.23802947998046875 0 0 2393.1533203125 2114.417724609375 1910.3636474609375 1407.8013916015625 1249.508056640625 1325.0675048828125 1121.6156005859375 587.440185546875 1404.3857421875 462.361328125 2392.96923828125 2032.57177734375 3479.442626953125 2183.38427734375 1107.5146484375 3317.165771484375 997.07806396484375 0
2618.99951171875 3608.272705078125 3087.47314453125 2607.586181640625 913.3446044921875 568.51123046875 0 326.811431884765625 7448.763671875 2257.378173828125 6423.4091796875 3790.612060546875 5232.92138671875 4981.80322265625 4593.0322265625 4089.931884765625 2452.928955078125 1765.1939697265625 2581.0263671875 985.531494140625 2351.334716796875 3617.884765625 1736.6319580078125 2700.3037109375 3587.7626953125 2147.2080078125 561.28680419921875 496.4813232421875 699.90643310546875 121.2528533935546875 0 0 0 0 0 560.64788818359375 1541.9132080078125 1143.9124755859375 3851.03369140625 2568.148193359375 1662.105224609375 2234.751953125 1258.035888671875 0 146.2772979736328125 1856.943359375 2273.767578125 1926.36962890625 213.5088348388671875 918.07061767578125 0 0 0
2001.8033447265625 4608.29052734375 1727.9329833984375 2719.385986328125 3319.9541015625 185.1771087646484375 0 522.1119384765625 4226.1767578125 3378.296875 3149.520751953125 3731.065673828125 4484.69140625 2345.715576171875 4007.3701171875 3510.176513671875 6045.2333984375 4844.0703125 5479.279296875 652.8431396484375 3912.25927734375 2496.8740234375 2008.5780029296875 2285.538818359375 1907.8414306640625 3491.021240234375 1321.26513671875 1381.8460693359375 241.1776123046875 184.404083251953125 37.02745819091796875 0 110.3439178466796875 426.086212158203125 26.245725631713867188 0 833.2064208984375 204.634490966796875 2683.444091796875 2258.41162109375 1318.6181640625 2457.170654296875 0 0 1997.1925048828125 7501.81103515625 724.65118408203125 2609.6533203125 5810.55615234375 335.641632080078125 5735.0751953125 2338.327880859375 5288.462890625
1244.4012451171875 1330.088623046875 1268.8280029296875 2942.8916015625 689.4189453125 5617.98291015625 1349.2957763671875 2670.811279296875 2232.81201171875 7880.14404296875 3586.880859375 5159.640625 2270.199462890625 5966.22607421875 6144.43701171875 4408.2041015625 5054.27197265625 4502.0439453125 4394.740234375 1207.9566650390625 2193.096923828125 8207.681640625 4577.14599609375 1959.7823486328125 2601.279052734375 2586.851806640625 845.838623046875 446.28619384765625 38.409664154052734375 0 42.6509246826171875 57.678985595703125 36.99393463134765625 800.18829345703125 3.4115414619445800781 39.51091766357421875 887.2476806640625 4175.64892578125 1405.817626953125 1886.597900390625 1204.0281982421875 351.400634765625 3089.2255859375 1248.32470703125 1035.40966796875 3272.63427734375 1624.611572265625 3401.693359375 2205.513916015625 3720.527587890625 9999.9765625 4624.30126953125 6220.33544921875
5434.59326171875 5386.8671875 4815.580078125 5404.498046875 4176.7626953125 2783.71044921875 1405.6822509765625 3596.764892578125 37.59029388427734375 4585.85400390625 4222.29736328125 2371.885009765625 1472.6162109375 4121.681640625 4551.60009765625 3668.798828125 4860.09912109375 6845.41064453125 2498.778076171875 3736.8857421875 1177.069580078125 4216.2841796875 2669.15625 2411.914306640625 1151.555908203125 2110.3896484375 1625.5830078125 129.2480621337890625 0 1281.9737548828125 0 57.69031524658203125 0 0 0 0 5254.595703125 4741.24365234375 3003.66650390625 856.97662353515625 1587.202880859375 2188.416259765625 5587.42236328125 6144.68798828125 1456.8934326171875 1443.534912109375 8774.16796875 2888.120849609375 2840.1240234375 1013.4814453125 6674.4306640625 5736.73974609375 2194.803466796875
4722.4677734375 4216.67919921875 3249.479248046875 3885.3681640625 1678.6689453125 2118.1162109375 1190.426513671875 5290.56591796875 815.40899658203125 3017.54150390625 2247.879150390625 3052.70263671875 3646.57470703125 4086.83251953125 4596.63671875 5806.45166015625 3670.885986328125 6930.80810546875 1814.802001953125 1059.727294921875 1211.6304931640625 1993.592529296875 2318.017333984375 5012.5888671875 2096.271240234375 2127.23681640625 1060.201904296875 293.220458984375 0 0 0 2931.328369140625 1162.4073486328125 6299.09423828125 3325.282958984375 0 0 3317.5625 6115.0166015625 856.48614501953125 157.867767333984375 1166.295166015625 3465.175537109375 5495.20703125 791.996337890625 1691.469970703125 8206.7333984375 4773.8642578125 1828.1085205078125 7749.69384765625 2354.496826171875 1452.509765625 3148.250244140625
1275.6019287109375 7392.75537109375 3804.076904296875 6455.06884765625 3598.851806640625 3674.453369140625 4092.57470703125 2878.54150390625 3326.603271484375 2757.078125 4622.05419921875 4516.33154296875 3872.483642578125 5854.5625 3228.326904296875 5172.45703125 3708.5498046875 5893.322265625 4380.044921875 2835.59033203125 4590.03466796875 1322.499267578125 3419.647216796875 2141.83056640625 1927.80224609375 3505.052734375 529.576171875 0 0 0 0 1817.5213623046875 568.48504638671875 4461.357421875 500.6710205078125 1842.8790283203125 3009.178466796875 4794.07861328125 1906.0693359375 1524.237548828125 2275.5341796875 670.8514404296875 9872.9091796875 21.441614151000976562 5945.873046875 2836.857421875 3020.448974609375 4574.51025390625 8030.3662109375 1040.044677734375 4463.28564453125 2334.22998046875 7695.486328125
4101.14306640625 4249.109375 4500.609375 4524.3740234375 4180.240234375 3417.81298828125 4338.65283203125 2205.430419921875 5608.98779296875 1640.2415771484375 387.88458251953125 5250.27392578125 2450.62646484375 6223.51806640625 4070.79736328125 4306.37158203125 4708.96435546875 5873.3857421875 6663.0380859375 6038.0625 4230.43359375 1753.9476318359375 803.545166015625 1422.6044921875 1345.4010009765625 3977.10595703125 513.446044921875 0 0 0 1116.8582763671875 3950.48583984375 698.490478515625 1652.745849609375 880.36199951171875 2373.72412109375 4539.05859375 1062.798828125 55.006580352783203125 1212.91845703125 1261.501708984375 1343.345458984375 3148.138671875 5751.1171875 1422.0347900390625 8036.1513671875 1338.1634521484375 4308.0693359375 9397.6142578125 7529.31787109375 0 531.714599609375 1590.5672607421875
4307.5224609375 6402.671875 3633.695556640625 2710.955810546875 3148.870361328125 1193.348388671875 5902.59619140625 1332.69140625 4758.20556640625 1858.625244140625 3089.922119140625 2923.24755859375 2631.170166015625 4648.0224609375 6085.2451171875 3948.06005859375 4064.856689453125 2131.3369140625 2134.39208984375 3526.696533203125 2664.2353515625 2311.655517578125 3511.229736328125 3856.40087890625 1214.473876953125 6179.01318359375 2169.985107421875 1907.162109375 0 0 4172.31884765625 887.635009765625 890.01007080078125 201.7396392822265625 3494.60546875 1000.089599609375 6726.693359375 3131.097412109375 2428.437744140625 2714.8701171875 592.4842529296875 3043.23583984375 1794.40478515625 854.6251220703125 1230.05517578125 5660.8095703125 7743.5732421875 1198.82470703125 1354.4306640625 1034.6441650390625 943.7503662109375 2893.278564453125 2852.9970703125
2931.423828125 4888.1396484375 3884.14453125 5577.0849609375 1818.3013916015625 3421.1630859375 7063.203125 569.6473388671875 4630.9453125 3877.555908203125 568.31439208984375 3150.211181640625 2192.827392578125 3132.0546875 2490.43017578125 2512.85302734375 4067.705810546875 6634.77490234375 3711.06005859375 1469.657958984375 2387.8671875 3878.69970703125 1531.430908203125 2813.30517578125 3650.880615234375 3485.100341796875 563.422119140625 0 0 0 10000 1483.3226318359375 4527.2822265625 7220.98388671875 3602.84912109375 2346.028076171875 1471.1461181640625 6661.17626953125 1441.4320068359375 1567.517333984375 1670.3408203125 2305.90283203125 3411.32080078125 5348.91650390625 6156.36669921875 2523.418701171875 472.355316162109375 2548.249267578125 4112.38818359375 226.344085693359375 3165.255126953125 2446.697265625 1247.0726318359375
3656.437255859375 4183.16015625 4094.12548828125 5885.8505859375 3197.07177734375 9650.421875 7330.7431640625 401.798736572265625 2917.140380859375 3059.44189453125 9.865631103515625 3013.333740234375 4269.146484375 4802.958984375 4895.6357421875 5574.494140625 1746.3734130859375 5967.33349609375 2953.638916015625 2567.5009765625 2008.0167236328125 39.14258575439453125 1921.773193359375 1769.0546875 1486.077880859375 2414.96240234375 637.81292724609375 0 56.14533233642578125 0 0 0 0 0 1439.37646484375 1450.9425048828125 2744.9580078125 2436.9990234375 3089.918212890625 5515.04638671875 10000 1194.57861328125 1033.69970703125 1931.842041015625 2976.234375 832.2911376953125 1461.82763671875 1364.4031982421875 262.619537353515625 5588.662109375 1743.7760009765625 0 4457.9072265625
2189.306640625 2645.05078125 739.08935546875 1096.9405517578125 1819.7723388671875 3981.19384765625 2362.506591796875 839.52166748046875 847.19512939453125 6159.98388671875 2618.817138671875 3237.572021484375 4181.9384765625 2967.06787109375 3097.270263671875 269.17559814453125 249.735626220703125 1983.71923828125 3769.0380859375 4015.919921875 2714.1640625 1779.1756591796875 2464.5634765625 3692.1484375 3383.0224609375 2443.447265625 707.013671875 0 2004.1746826171875 878.912841796875 3327.76806640625 1460.6337890625 2325.2578125 337.881927490234375 0 1504.9140625 438.576812744140625 1710.138916015625 308.12298583984375 1327.194091796875 6072.01611328125 4719.96142578125 291.53125 3263.522705078125 5258.5322265625 3213.1220703125 825.1376953125 1934.0557861328125 10000 4144.46435546875 2795.83154296875 1587.8856201171875 4212.11181640625
6176.705078125 6526.22900390625 755.95220947265625 2321.483642578125 4090.62255859375 2801.24169921875 5035.23291015625 5755.43701171875 864.17645263671875 5543.81787109375 1640.3072509765625 5114.92626953125 6237.1943359375 4088.6171875 4846.6064453125 8545.177734375 4375.03125 2616.07568359375 3517.934326171875 7985.724609375 3719.8759765625 2112.1748046875 1947.0914306640625 2988.565673828125 3871.94677734375 2620.02294921875 1977.324951171875 3830.640869140625 3250.032470703125 3279.8291015625 2666.531005859375 1699.0802001953125 968.7359619140625 5655.50390625 314.994781494140625 5700.8056640625 2311.47607421875 1279.0462646484375 1972.7996826171875 1145.777099609375 2391.2578125 1437.585205078125 2370.50732421875 237.133544921875 4184.97900390625 2505.762939453125 1767.2755126953125 6610.10205078125 348.30133056640625 1123.330322265625 3820.818603515625 2326.198486328125 2261.665771484375
4406.94677734375 5803.59033203125 3848.279052734375 3179.007568359375 5274.6474609375 1986.1917724609375 5625.6005859375 5079.33056640625 4015.66943359375 3815.716552734375 0 1962.8348388671875 2518.681884765625 0 5356.3603515625 843.232177734375 0 0 1074.681884765625 2708.984375 1777.180908203125 4171.28759765625 434.905181884765625 8674.25 282.983062744140625 991.2076416015625 2096.782958984375 3242.610107421875 2928.268798828125 2409.893310546875 1276.0362548828125 1210.208251953125 280.9310302734375 0 0 0 2467.936767578125 467.655670166015625 970.0318603515625 2547.294921875 772.26165771484375 5663.4033203125 4747.43701171875 2094.894775390625 2817.37158203125 3625.569091796875 4805.40966796875 2488.446533203125 1435.1904296875 802.5548095703125 2081.51220703125 758.4954833984375 4570.8154296875
4729.93017578125 6783.71875 4854.2724609375 1935.3536376953125 6593.09619140625 3005.98779296875 7850.35009765625 9864.5380859375 7343.84521484375 1996.354736328125 4211.34814453125 5165.50634765625 5611.841796875 0 2120.14501953125 3501.355712890625 3750.078369140625 0 967.47100830078125 22.41774749755859375 3659.5009765625 3784.418212890625 6016.9365234375 1246.335205078125 7071.82177734375 7064.51171875 2715.14453125 1656.57421875 9609.083984375 42.85659027099609375 0 0 0 0 0 0 917.82708740234375 1243.721435546875 2288.294921875 5599.0244140625 1289.678955078125 198.2224578857421875 3336.625 4051.1259765625 6896.35302734375 1803.6632080078125 939.3677978515625 5375.7431640625 7932.3310546875 2919.0380859375 2579.7353515625 1452.2119140625 4474.455078125
6301.70849609375 2955.69140625 5003.6005859375 1395.58447265625 9285.072265625 723.5504150390625 5523.5283203125 3916.494384765625 1474.3597412109375 246.0120086669921875 145.9293060302734375 2833.79052734375 9988.9599609375 916.52874755859375 4751.15283203125 6772.8994140625 4114.068359375 2467.485107421875 5905.15869140625 5920.91259765625 124.1863250732421875 2052.0849609375 593.82635498046875 2193.78564453125 1493.0926513671875 3202.17724609375 540.676025390625 10000 28.866695404052734375 1240.422119140625 502.071319580078125 0 1642.6490478515625 37.4235992431640625 0 2158.01318359375 1366.495361328125 3385.610107421875 3710.144775390625 2595.399169921875 172.9007415771484375 892.30255126953125 424.11578369140625 738.75 5354.89599609375 3024.162109375 6829.5166015625 457.662109375 2927.739013671875 1094.7626953125 951.34552001953125 164.3153228759765625 3761.880126953125
5879.9462890625 3011.31103515625 7273.56298828125 2293.9912109375 9592.0986328125 3558.709228515625 5698.82470703125 7682.1142578125 5355.71435546875 0 0 572.36907958984375 3680.94287109375 2213.72509765625 4731.45166015625 7636.72412109375 649.00390625 1751.5906982421875 8257.9697265625 6809.9287109375 916.2176513671875 1898.4984130859375 480.63067626953125 2065.40087890625 1348.5223388671875 1860.089599609375 3361.1103515625 3798.6796875 0 220.4329833984375 3036.083740234375 0 1100.6929931640625 0 0 2214.859619140625 6149.0361328125 2809.00634765625 678.190673828125 3334.14013671875 2074.170654296875 2760.551025390625 5684.38232421875 1909.0325927734375 111.57590484619140625 1225.8743896484375 2316.725341796875 1248.827880859375 1476.7294921875 0 642.49114990234375 1901.0712890625 5196.30126953125
99.3414154052734375 1549.0982666015625 1070.1629638671875 1474.542236328125 5102.310546875 1601.07470703125 4517.408203125 9079.3369140625 6630.18701171875 0 849.60107421875 6764.689453125 1265.755859375 2878.8916015625 649.4627685546875 162.543426513671875 1664.44775390625 3792.360595703125 5387.32080078125 7267.48583984375 3415.6845703125 8547.455078125 2459.081787109375 788.90374755859375 193.49603271484375 6603.93603515625 712.068603515625 3986.10400390625 6412.5048828125 38.246051788330078125 1936.1004638671875 3750.827392578125 4311.318359375 0 0 6097.94189453125 1256.8111572265625 1918.2506103515625 1938.8653564453125 2308.78515625 3210.398681640625 3996.41552734375 1127.998779296875 521.0792236328125 3714.334716796875 2895.22607421875 2116.843017578125 928.3138427734375 1888.7913818359375 1216.2578125 5031.951171875 4423.4345703125 3135.619873046875
3475.01416015625 2783.315673828125 2498.663818359375 157.599578857421875 298.943328857421875 620.31707763671875 200.9799346923828125 0 211.67730712890625 2506.4482421875 0 1946.3521728515625 4159.04296875 2782.31689453125 5857.07666015625 6261.52099609375 8995.0166015625 8097.00048828125 3149.170166015625 3189.36474609375 2579.112548828125 1480.4466552734375 1462.659423828125 2090.99560546875 2597.058349609375 1645.5418701171875 4022.859130859375 1710.7779541015625 6071.3857421875 3117.66357421875 9538.1552734375 2105.446533203125 3933.85009765625 574.5654296875 0 2874.65087890625 2881.7421875 90.86159515380859375 1031.956787109375 885.927001953125 2241.328369140625 2890.727783203125 3211.270263671875 1192.2685546875 1607.8890380859375 1999.1298828125 4582.12890625 1471.338134765625 1387.17626953125 1863.6151123046875 3188.068359375 2071.1640625 3404.642578125
4545.94140625 3724.47509765625 1722.1619873046875 2163.081298828125 17.030490875244140625 2689.0263671875 922.7235107421875 0 158.93719482421875 5295.2177734375 3265.880615234375 4576.3740234375 5555.19775390625 4047.056396484375 2933.156005859375 6871.53271484375 2843.036865234375 1706.2001953125 980.58526611328125 1523.9072265625 2416.25341796875 2808.02197265625 102.9189453125 10000 5378.62841796875 156.99530029296875 1953.429931640625 2335.9140625 578.65655517578125 1972.677001953125 19.901281356811523438 402.7933349609375 3245.1513671875 0 0 2975.04052734375 3293.5869140625 457.614898681640625 958.6480712890625 658.32427978515625 2394.168701171875 2017.3555908203125 2956.455078125 1543.935302734375 1426.522216796875 2645.70751953125 2945.05078125 4542.31298828125 3799.6865234375 292.136505126953125 1804.2130126953125 2321.10107421875 1675.223876953125
568.48260498046875 7240.1806640625 3052.34326171875 1033.77783203125 756.00323486328125 2113.5595703125 48.65216064453125 288.941619873046875 0 2605.7958984375 1837.2652587890625 1888.441162109375 1468.1883544921875 2901.387939453125 6227.19677734375 819.79443359375 36.24692535400390625 1746.747314453125 1840.5487060546875 1061.00244140625 2230.308349609375 502.69561767578125 8276.453125 6339.423828125 4468.2041015625 2992.053955078125 1972.8310546875 3195.919921875 1489.127197265625 119.0619964599609375 3825.944580078125 1913.3922119140625 1167.85302734375 0 414.792327880859375 3894.1396484375 3262.489013671875 3448.4443359375 1352.1107177734375 457.133575439453125 0 0 186.5756378173828125 1164.765380859375 967.92230224609375 1051.4742431640625 2859.38330078125 692.25164794921875 2464.701171875 3134.80419921875 1117.9365234375 1881.5020751953125 466.436004638671875
