ForecastVariables/BuildingFootprint_Total_100m/BuildingFootprint_Random5_cleaned.asc
ncols        529
nrows        344
xllcorner    2700.000000000000
yllcorner    15900.000000000000
cellsize     100.000000000000
NODATA_value  0
[rows 96 to 119 of 344, columns 106 to 158 of 529]
0 0 0 0 0 0 0 0 0 0 0 0 0 0 0 0 0 0 0 0 0 0 1434.643798828125 48.501590728759765625 0 293.561187744140625 0 1656.2886962890625 2073.873046875 1154.683349609375 0 0 0 2213.4775390625 662.1627197265625 0 87.76285552978515625 2.1854841709136962891 323.019287109375 3632.482421875 111.96478271484375 0 2098.30908203125 4466.69970703125 3366.143310546875 1109.58984375 1681.755126953125 51.268512725830078125 2766.4951171875 3628.71337890625 1462.2412109375 2383.85009765625 3189.5498046875
0 0 0 0 0 0 0 0 0 0 0 0 0 0 0 0 0 0 0 0 0 0 429.199676513671875 13.932809829711914062 0 329.171539306640625 435.4669189453125 1716.4381103515625 700.86932373046875 297.639434814453125 0 0 2254.19970703125 0 0 0 0 0 1250.21533203125 1138.2626953125 0 716.7794189453125 1801.7750244140625 2926.44091796875 1330.94384765625 2568.83251953125 1940.0438232421875 2235.313720703125 1689.5208740234375 2082.95751953125 2791.9423828125 2672.885009765625 2382.776123046875
0 0 0 0 0 0 0 0 0 0 0 0 0 0 0 0 0 0 0 0 0 0 0 1040.6458740234375 1235.3887939453125 3965.64599609375 2841.621337890625 4214.65966796875 1094.65966796875 0 0 0 0 0 0 0 0 0 1024.876708984375 1079.8751220703125 753.17816162109375 5422.33984375 2392.412841796875 1985.0118408203125 3126.622802734375 3226.936279296875 1546.72509765625 1447.0574951171875 1533.918212890625 1512.1195068359375 3817.08447265625 4287.681640625 983.28607177734375
0 0 0 0 0 0 0 0 0 0 0 0 0 0 0 0 0 0 0 0 0 0 0 1122.7674560546875 378.830047607421875 1045.4842529296875 4193.38330078125 4165.1171875 5.0104236602783203125 0 0 0 0 0 0 0 0 0 2192.205322265625 4080.9619140625 2870.42626953125 2140.7373046875 2391.728271484375 2012.4664306640625 3062.630859375 2252.113037109375 1986.5157470703125 26.879568099975585938 3331.15625 2625.5244140625 2920.3876953125 3020.214599609375 3007.73974609375
0 0 0 0 0 0 0 0 0 0 0 0 0 0 0 0 0 0 0 0 0 0 0 528.48492431640625 0 0 1495.319580078125 2288.799560546875 0 0 0 190.67645263671875 0 0 0 0 0 1697.029296875 3104.636962890625 2819.859130859375 2036.0140380859375 773.6639404296875 3420.506591796875 2241.53271484375 2406.797607421875 2255.117919921875 2922.958984375 2592.006103515625 1599.5438232421875 3208.450439453125 2753.148681640625 1642.7373046875 2635.210205078125
0 0 0 0 0 0 0 0 0 0 0 0 0 0 0 0 0 0 0 0 0 0 0 0 0 380.239654541015625 376.217498779296875 425.351043701171875 99.14167022705078125 1966.9781494140625 1770.6046142578125 198.6154327392578125 446.61468505859375 0 0 0 45.9103240966796875 2858.80810546875 5351.52587890625 983.832275390625 2330.534912109375 1723.84228515625 2813.2197265625 3558.968994140625 3037.390380859375 3043.55126953125 3251.183837890625 1007.6761474609375 1219.3140869140625 2756.905029296875 1336.13818359375 1177.3404541015625 3443.818603515625
0 0 0 0 0 0 0 0 0 0 0 0 0 0 0 0 0 259.27880859375 2742.224609375 2684.940673828125 723.36151123046875 0 0 0 0 0 0 0 0 0 0 0 0 0 0 0 557.15716552734375 1838.161865234375 2854.509521484375 1687.87109375 4616.4638671875 2730.39111328125 2187.4140625 3474.471923828125 3129.9931640625 2562.860107421875 1693.10693359375 681.72430419921875 3713.3447265625 2387.79443359375 2235.98193359375 2330.927978515625 704.23486328125
0 0 0 0 0 0 0 0 0 0 0 0 0 0 0 0 0 65.3965301513671875 3139.82080078125 3955.163818359375 940.20172119140625 0 0 0 0 0 0 141.9793548583984375 41.414043426513671875 0 0 0 0 0 0 0 1.4677677154541015625 1638.4422607421875 5556.35986328125 1389.941162109375 1898.8018798828125 2772.228515625 2883.61328125 2368.13720703125 2592.5146484375 3877.6572265625 4384.18994140625 4013.87158203125 3685.80615234375 3629.7177734375 4821.7060546875 2674.525634765625 2023.870849609375
0 0 0 0 141.6967926025390625 0 0 0 0 0 0 0 0 0 0 0 0 0 1215.825927734375 7276.9833984375 811.0675048828125 0 0 0 0 0 0 0 0 0 0 0 0 1502.0045166015625 1601.396240234375 2160.0517578125 1391.4534912109375 95.4149017333984375 1432.4083251953125 1993.7330322265625 2317.25537109375 4619.88916015625 2279.552490234375 1875.361083984375 1285.8787841796875 3244.10400390625 2976.1279296875 1298.740966796875 3080.79638671875 1741.2615966796875 2374.338134765625 2617.47607421875 2061.34228515625
0 0 0 0 0 0 0 0 0 0 0 0 0 0 0 0 0 0 3070.62158203125 4934.08203125 1832.283203125 0 0 0 538.82061767578125 974.08526611328125 0 0 0 0 0 0 3845.175537109375 1075.2332763671875 3045.81298828125 2088.39453125 755.58447265625 768.0643310546875 203.840240478515625 3499.739501953125 3183.670166015625 1718.056884765625 2302.1708984375 2521.39111328125 4215.9375 790.974853515625 3129.72998046875 699.14117431640625 2728.21240234375 2386.78955078125 726.4244384765625 2784.67333984375 3021.732177734375
0 0 0 0 0 0 0 0 0 0 0 0 0 0 0 0 758.49810791015625 348.299896240234375 1070.7239990234375 1195.614990234375 404.80987548828125 6179.794921875 1676.515380859375 3880.34033203125 2262.3125 5616.45263671875 4700.4853515625 9037.9287109375 0 0 0 3009.332275390625 4254.18359375 1633.5703125 1671.974853515625 372.7393798828125 482.816619873046875 0 0 72.1874847412109375 1948.3062744140625 4432.89453125 2791.28759765625 686.15301513671875 935.4610595703125 1242.0316162109375 3208.18115234375 1702.145751953125 4743.861328125 2681.849365234375 2588.385009765625 2088.7421875 958.90771484375
0 0 0 0 0 0 0 0 0 0 0 0 0 0 0 0 0 0 0 0 0 0 0 0 0 0 0 0 0 0 0 1776.076904296875 1038.4910888671875 3187.531005859375 1936.17919921875 2674.0537109375 1650.287353515625 1301.614990234375 0 0 0 811.95404052734375 1296.8492431640625 2169.743408203125 2619.76806640625 1615.9591064453125 3420.736572265625 1657.1572265625 2430.577392578125 2789.981201171875 5026.6533203125 2143.733154296875 1020.6517333984375
0 0 0 0 0 0 0 0 0 0 107.57706451416015625 0 0 0 0 0 0 0 0 0 0 0 0 0 0 0 0 0 0 0 1541.0948486328125 2787.883544921875 1531.6318359375 5115.94921875 2037.3133544921875 501.033966064453125 2537.67333984375 741.476806640625 1947.8856201171875 0 587.1575927734375 728.08135986328125 1745.6846923828125 2578.495849609375 579.011962890625 1689.6644287109375 5667.00830078125 4800.5869140625 575.89013671875 2962.93310546875 6759.69677734375 4279.3837890625 2826.48876953125
1992.33154296875 0 0 0 0 0 0 0 0 0 56.25968170166015625 0 0 0 0 0 0 0 0 0 0 0 0 0 0 0 0 0 0 0 0 6009.0361328125 2090.134765625 1853.987060546875 1968.3282470703125 1038.8187255859375 1192.8125 933.9615478515625 1124.3489990234375 0 1706.3453369140625 355.778533935546875 728.1463623046875 965.7066650390625 960.13360595703125 415.862701416015625 1177.4151611328125 3834.427490234375 873.06414794921875 1255.5638427734375 566.1895751953125 3756.566650390625 2695.97119140625
38.251842498779296875 0 0 0 0 0 0 0 0 0 0 0 0 0 0 0 0 0 0 0 0 0 0 0 0 0 0 0 0 0 0 3285.83056640625 1298.006103515625 1405.9443359375 1783.549072265625 2267.34619140625 1871.69189453125 2950.63134765625 3922.672119140625 0 958.398193359375 713.92034912109375 1410.502685546875 1641.99365234375 484.189178466796875 2683.12841796875 3672.98291015625 1259.19091796875 1735.955078125 7141.19091796875 4216.86279296875 5190.65625 2917.7978515625
0 0 0 0 0 0 0 0 0 0 0 0 0 0 0 0 0 0 0 0 0 0 0 0 0 1172.2579345703125 992.36944580078125 0 0 0 2632.572998046875 5172.1728515625 2921.665283203125 1611.1796875 4075.1787109375 1400.1640625 1581.9439697265625 918.991455078125 0 0 6979.390625 3102.31787109375 1329.046142578125 756.71929931640625 4583.6220703125 2271.871337890625 4658.8740234375 3553.16943359375 5678.9208984375 3389.346923828125 5979.951171875 1012.93634033203125 5106.2001953125
0 0 0 0 0 0 0 0 0 0 0 0 0 0 0 0 0 0 0 0 0 0 0 94.523956298828125 604.17999267578125 1978.4349365234375 518.44110107421875 666.16485595703125 0 1876.2738037109375 2427.3916015625 1823.63427734375 2905.1103515625 1410.31982421875 3663.482666015625 1467.5714111328125 622.705078125 1292.0494384765625 0 0 0 0 2592.07958984375 2656.0947265625 3887.1591796875 8040.89453125 908.665283203125 3256.84765625 5265.9208984375 1769.3609619140625 2192.731689453125 1450.8131103515625 2503.2119140625
0 0 0 0 0 0 0 0 0 0 0 0 0 0 0 0 0 0 0 1572.35498046875 3413.0556640625 3588.25390625 1494.86279296875 949.32403564453125 4445.3818359375 427.403289794921875 6913.26220703125 6250.2607421875 0 526.2935791015625 1936.828857421875 1663.83544921875 1053.0601806640625 601.608154296875 1078.2237548828125 1022.16741943359375 1399.234619140625 0 0 0 0 0 0 4395.48046875 445.7396240234375 1608.1298828125 1341.4697265625 1468.089111328125 2559.11376953125 542.5067138671875 1484.5604248046875 557.72235107421875 2282.19873046875
0 0 315.479949951171875 0 0 0 0 0 0 0 0 0 0 0 0 0 81.35329437255859375 4469.58447265625 1125.676513671875 2233.552490234375 4129.31103515625 1237.2218017578125 5795.76220703125 1454.216064453125 2776.54638671875 1661.8336181640625 888.68646240234375 1745.6500244140625 0 2798.41796875 3449.2578125 282.606231689453125 1548.913330078125 2089.4912109375 741.47125244140625 2613.514404296875 3945.015625 933.734619140625 0 0 0 0 0 4083.17529296875 1759.4605712890625 972.77398681640625 819.4141845703125 1096.6368408203125 1619.741455078125 2303.9697265625 1935.62060546875 1747.1746826171875 4172.60986328125
0 0 0 0 0 0 0 0 0 0 0 0 726.5584716796875 869.123779296875 3947.541748046875 1479.384033203125 303.970306396484375 340.26123046875 2657.2470703125 462.91510009765625 966.48681640625 2891.122802734375 2454.888671875 4615.1435546875 2229.536376953125 1620.79736328125 1314.386962890625 1929.9635009765625 231.660125732421875 1417.595947265625 459.867431640625 586.908203125 2181.857666015625 1327.1083984375 1548.955810546875 1715.850341796875 1326.8026123046875 1632.268798828125 1118.8035888671875 3023.06591796875 0 0 1086.812255859375 488.9090576171875 629.89697265625 1959.591064453125 1050.6513671875 3819.75146484375 1114.7857666015625 1417.275634765625 6118.14013671875 1450.3818359375 1572.2398681640625
0 0 0 0 0 0 0 0 0 0 10000 3269.109619140625 1185.951416015625 5827.47216796875 337.7850341796875 2039.4498291015625 8219.7080078125 7202.466796875 2328.114990234375 599.61517333984375 10000 1997.30908203125 10000 933.01971435546875 1145.34326171875 2185.083984375 390.055511474609375 1675.40966796875 1591.444580078125 1607.2559814453125 782.0809326171875 3219.079345703125 6215.34130859375 856.74267578125 1378.4365234375 1210.8759765625 2188.097900390625 2669.545654296875 1276.53369140625 1695.2008056640625 2164.42822265625 0 1214.7969970703125 4631.1953125 872.75164794921875 1222.1722412109375 2176.100341796875 851.64764404296875 1510.6568603515625 999.583740234375 3835.782470703125 906.6534423828125 2894.015869140625
452.57110595703125 313.44000244140625 0 0 0 0 0 0 0 3709.7265625 3740.256591796875 971.96661376953125 2965.05126953125 882.5372314453125 849.1824951171875 2698.92333984375 4104.40283203125 775.5335693359375 2051.089599609375 5582.25830078125 2515.142578125 2898.72021484375 3207.91796875 4642.3857421875 2997.180419921875 1231.719970703125 1575.3505859375 2317.86181640625 4201.44677734375 4163.32177734375 3891.337158203125 6265.0302734375 1413.402587890625 1698.470703125 1322.1300048828125 1910.1796875 1384.845947265625 1298.126708984375 3386.49853515625 834.6929931640625 2118.98486328125 1659.81396484375 0 4101.20458984375 1607.945556640625 3683.95751953125 1958.262939453125 435.7210693359375 2987.637939453125 4182.63232421875 947.3411865234375 1103.279052734375 4590.5478515625
613.785888671875 3108.93115234375 1903.8807373046875 0 0 0 0 0 2741.16650390625 1171.1781005859375 2377.64990234375 8579.412109375 3798.8330078125 2392.154541015625 2519.110107421875 3753.1640625 10000 7463.9482421875 8737.9990234375 2794.36181640625 2686.36279296875 1438.767578125 9950.5166015625 5929.71630859375 2014.670166015625 4340.39794921875 1494.4764404296875 8597.7978515625 5155.126953125 1051.4942626953125 4497.6904296875 3422.514404296875 3469.430908203125 583.7850341796875 790.8472900390625 2260.88330078125 1165.33251953125 609.20172119140625 3361.990478515625 2721.369873046875 1710.6983642578125 2483.838623046875 182.4255523681640625 1582.4010009765625 1924.7425537109375 946.9608154296875 2731.277099609375 689.04449462890625 4046.51904296875 2219.18701171875 2370.46630859375 2999.600341796875 1917.810302734375
875.56146240234375 322.452545166015625 3282.195068359375 0 0 0 0 0 1960.341064453125 1805.169921875 3648.636474609375 4447.07470703125 4417.44384765625 1187.5244140625 653.8607177734375 588.696533203125 9510.53125 303.81396484375 2214.125732421875 848.46136474609375 1251.827880859375 4313.21240234375 1957.7796630859375 917.1051025390625 1991.671630859375 640.5706787109375 1103.578125 2829.60595703125 2368.1494140625 1060.94921875 562.31829833984375 8175.61474609375 857.61480712890625 1251.5140380859375 2439.67822265625 3542.912353515625 754.8062744140625 2704.3935546875 1078.04931640625 1626.17041015625 2483.6650390625 1187.2401123046875 1067.806640625 2854.742431640625 0 0 0 420.631744384765625 2480.413330078125 2404.9501953125 2761.19189453125 2466.3076171875 2374.140380859375
