ForecastVariables/BuildingFootprint_Total_100m/BuildingFootprint_Random1_Cleaned.asc
ncols        529
nrows        344
xllcorner    2700.000000000000
yllcorner    15900.000000000000
cellsize     100.000000000000
NODATA_value  0
[rows 168 to 191 of 344, columns 0 to 52 of 529]
0 0 0 0 0 0 0 0 0 0 0 0 0 0 0 0 4314.64208984375 4807.73095703125 5860.0341796875 7089.509765625 1413.3062744140625 873.7862548828125 1449.9130859375 257.4061279296875 619.6353759765625 7312.609375 6174.08837890625 1839.20068359375 3406.689208984375 2140.62060546875 4430.083984375 8411.1455078125 2583.52685546875 7995.08642578125 4608.078125 3403.073486328125 2727.334228515625 5859.6474609375 4302.14501953125 6235.41748046875 359.143463134765625 1258.5198974609375 1283.798583984375 1448.95947265625 4315.99755859375 5229.40283203125 3909.51025390625 2867.90283203125 3123.765380859375 3927.375732421875 784.368408203125 2809.511962890625 5373.7099609375
0 0 0 0 0 0 0 0 0 0 0 0 0 0 0 0 1122.7086181640625 2000.2333984375 3565.339111328125 2784.658447265625 337.441650390625 0 158.1805877685546875 533.610107421875 3572.09716796875 6169.439453125 3479.585693359375 6663.4033203125 2746.9384765625 4699.77587890625 504.303619384765625 908.750732421875 4907.02490234375 2704.611083984375 2909.222900390625 7560.55224609375 7452.54345703125 758.4697265625 5216.30517578125 4113.111328125 3810.725830078125 71.7591094970703125 1382.50830078125 1108.98681640625 3913.472900390625 3445.1845703125 3094.333251953125 2418.879150390625 1006.7967529296875 3230.183349609375 5796.9169921875 375.57415771484375 7500.0361328125
0 0 0 0 0 0 0 0 0 0 0 0 0 0 0 0 157.9893646240234375 55.174251556396484375 754.2666015625 193.419464111328125 4969.63525390625 0 4230.12158203125 636.07843017578125 2488.8330078125 5694.72705078125 1140.1796875 1366.7437744140625 3288.936767578125 7616.1240234375 3574.095458984375 3009.496826171875 5519.693359375 5280.0908203125 981.56732177734375 2612.64111328125 1921.437255859375 203.369415283203125 796.245361328125 5953.35107421875 4478.40869140625 4710.26318359375 3489.492431640625 377.17083740234375 3894.155029296875 963.62347412109375 2420.55419921875 1952.70947265625 2750.52001953125 3713.49560546875 1558.7960205078125 2998.693603515625 1628.9180908203125
0 0 0 0 0 0 0 0 0 0 0 0 0 0 0 0 3686.927734375 744.75146484375 832.7005615234375 3533.8466796875 0 2903.5263671875 1728.691162109375 753.59368896484375 3697.15234375 1636.629638671875 2361.26318359375 941.580078125 5107.6123046875 2443.18212890625 4118.05712890625 2231.4765625 1739.205810546875 2017.67626953125 2314.829345703125 7616.51611328125 2408.30322265625 390.77203369140625 2038.2340087890625 954.589599609375 5986.31396484375 931.95013427734375 387.113922119140625 4617.89892578125 3374.256103515625 2692.302734375 9150.58203125 8119.4365234375 2815.84033203125 877.606689453125 6832.0400390625 1371.82958984375 4109.67333984375
0 0 0 0 0 0 0 0 0 0 0 0 0 0 0 0 3388.77587890625 4407.29638671875 3761.27685546875 9779.216796875 0 3623.154541015625 3357.12939453125 1893.023681640625 2515.832275390625 223.7856292724609375 5791.0673828125 385.680572509765625 2358.419921875 1972.7269287109375 3108.349365234375 558.4617919921875 4414.78857421875 8076.96533203125 841.9276123046875 616.666259765625 6652.8828125 900.5404052734375 4493.45263671875 4930.34912109375 1211.470703125 2317.34765625 2486.77685546875 1753.0755615234375 3074.225341796875 299.690643310546875 561.85693359375 690.9296875 5316.37890625 902.27899169921875 597.13214111328125 208.5417022705078125 5023.31396484375
0 0 0 0 0 0 0 0 0 0 0 0 0 0 0 0 1438.23779296875 1266.7557373046875 3441.7919921875 0 0 424.879638671875 3445.4384765625 10000 3641.250244140625 406.757598876953125 1852.6820068359375 1023.7388916015625 2496.023681640625 1714.649658203125 2871.45947265625 1424.4410400390625 1296.3270263671875 1452.9493408203125 6012.013671875 63.5770263671875 2458.166748046875 3568.425537109375 1231.7467041015625 1024.1895751953125 1968.3619384765625 1816.21240234375 1182.250732421875 2635.534423828125 1507.6875 2584.690185546875 407.26690673828125 895.5618896484375 38.962383270263671875 1602.22216796875 5023.263671875 1189.619873046875 5897.89794921875
0 0 0 0 0 0 0 0 0 0 0 0 0 0 0 0 0 0 0 0 1317.889892578125 1898.98291015625 2173.1064453125 3140.43505859375 2985.997802734375 4327.6884765625 4849.8798828125 788.12835693359375 671.73492431640625 551.210205078125 423.71435546875 568.2828369140625 992.2108154296875 7287.8994140625 2792.712646484375 1777.1845703125 675.6163330078125 2999.897705078125 35.547149658203125 2764.58544921875 7456.42529296875 2633.6875 1308.030517578125 6234.208984375 4008.001953125 295.69110107421875 735.6871337890625 6391.005859375 658.6107177734375 6552.978515625 1169.8818359375 3148.76318359375 3401.74560546875
0 0 0 0 0 0 0 0 0 0 0 0 0 0 0 0 0 0 0 0 168.547760009765625 3550.903076171875 4852.578125 7184.642578125 1783.9676513671875 1907.8330078125 2137.872314453125 4664.89892578125 2715.69775390625 1022.54852294921875 785.98577880859375 3056.47607421875 340.19085693359375 1889.994873046875 545.8836669921875 570.393798828125 2736.06982421875 1701.34423828125 2960.3408203125 2180.21630859375 6662.0947265625 0 10000 4797.8515625 4847.96875 1064.59912109375 3149.10107421875 2072.71533203125 854.153564453125 1900.710693359375 4321.16650390625 5616.52880859375 3983.158203125
0 0 0 0 0 0 0 0 0 0 0 0 0 0 0 0 0 0 0 197.5233154296875 4098.9638671875 1433.8494873046875 1929.0955810546875 6789.87353515625 2124.626953125 2459.172119140625 1712.1448974609375 3875.773193359375 2071.170166015625 4144.27587890625 5645.95751953125 926.31524658203125 3330.41259765625 1866.9093017578125 1573.8255615234375 2446.64453125 770.22454833984375 1183.6302490234375 2770.015869140625 569.236572265625 4828.34228515625 5879.96826171875 2354.76904296875 4811.6240234375 9558.052734375 4626.81494140625 6635.93798828125 8279.62109375 2186.583740234375 3353.279296875 5538.09521484375 2197.4375 574.21240234375
0 0 0 0 0 0 0 0 0 0 0 0 0 0 0 0 0 0 0 616.13427734375 492.76953125 141.7274322509765625 1590.2720947265625 2140.545654296875 2485.006103515625 4277.2333984375 4939.0400390625 3322.634521484375 3266.685791015625 2813.277099609375 2410.609375 2662.45849609375 552.8453369140625 2920.496826171875 1587.2991943359375 4690.26904296875 5568.33984375 425.937347412109375 1236.6981201171875 2487.44775390625 5731.87060546875 4042.353759765625 1999.5537109375 2381.372802734375 1542.1380615234375 246.8987884521484375 260.1905517578125 10000 640.47943115234375 4424.38232421875 6566.63623046875 1099.1717529296875 1581.429443359375
0 0 0 0 0 0 0 0 0 0 0 0 0 0 0 0 0 0 0 3170.5185546875 1497.357666015625 856.2093505859375 3205.778564453125 1668.0845947265625 4732.9072265625 2607.327880859375 2016.1658935546875 3220.06298828125 3532.93701171875 2556.838623046875 3347.699951171875 4442.41455078125 2057.945068359375 203.4493865966796875 47.366962432861328125 2707.966064453125 2136.66015625 5281.53515625 9243.337890625 575.133544921875 1159.98681640625 2047.9124755859375 5278.86181640625 5358.1826171875 2571.8154296875 4807.712890625 5510.72509765625 980.29486083984375 2274.06787109375 5623.435546875 1252.003173828125 4997.4208984375 2584.11279296875
0 0 0 0 0 0 0 0 0 0 0 0 0 0 0 0 0 0 3777.396484375 570.432373046875 551.8734130859375 3116.2421875 4893.13525390625 2883.4365234375 2429.1982421875 1809.191650390625 2422.730224609375 4197.94921875 5118.478515625 1951.2647705078125 419.227874755859375 6758.2470703125 1063.975830078125 4241.7783203125 3480.754150390625 6335.7724609375 2331.122802734375 10000 204.6479034423828125 9732.2646484375 4367.54443359375 3820.20751953125 240.94439697265625 318.39227294921875 105.34996795654296875 1391.11376953125 376.474884033203125 1221.13720703125 4903.1533203125 1706.44287109375 4850.51318359375 1944.24658203125 315.10906982421875
0 0 0 0 0 0 0 0 0 0 0 0 0 0 0 0 0 0 519.92694091796875 9195.0751953125 16.468297958374023438 4291.8017578125 3989.33251953125 7887.70849609375 8759.9013671875 2948.652099609375 2023.7239990234375 2895.031005859375 2360.71630859375 1617.4888916015625 963.0596923828125 40.80762481689453125 5012.966796875 7398.18994140625 2057.614501953125 155.3431854248046875 3889.723876953125 1229.010009765625 770.24786376953125 3869.681396484375 4037.47900390625 740.475341796875 3839.5576171875 538.604248046875 465.015838623046875 1116.9276123046875 4758.93994140625 3483.593994140625 52.80623626708984375 3158.692626953125 4078.008056640625 3107.78857421875 0
0 0 0 0 0 0 0 0 0 0 0 0 0 0 0 0 0 0 2532.25244140625 1896.720458984375 448.6441650390625 1046.3609619140625 2165.767333984375 9968.0830078125 4689.33740234375 3947.0439453125 3079.76611328125 5950.9375 2045.572509765625 1259.430419921875 4286.3681640625 10000 4486.2001953125 4229.0048828125 4015.61865234375 886.22772216796875 72.2212982177734375 1152.8651123046875 5925.63232421875 923.78662109375 81.3759765625 271.1016845703125 952.06060791015625 1455.12646484375 6222.2998046875 1448.0810546875 9999.21875 4084.872314453125 776.75848388671875 2355.887939453125 948.36761474609375 0 0
0 0 0 0 0 0 0 0 0 0 0 0 0 0 0 0 0 0 4994.58740234375 1195.77734375 2020.10302734375 2577.851318359375 6096.63818359375 9077.9521484375 2336.61572265625 4815.07763671875 3323.561767578125 5055.80908203125 2003.94677734375 748.579833984375 3755.24072265625 2135.866943359375 6920.974609375 6813.71630859375 1948.9825439453125 2591.03857421875 1856.453857421875 4719.06884765625 341.21746826171875 6679.33642578125 995.8203125 463.180511474609375 668.58758544921875 1653.93115234375 2548.61279296875 3467.572265625 469.6009521484375 5814.3837890625 0 0 19.20265960693359375 0 0
0 0 0 0 0 0 0 0 0 0 0 0 0 0 0 0 0 884.0052490234375 3922.454833984375 823.9161376953125 1885.6090087890625 864.787353515625 8739.3427734375 7154.11572265625 3745.150146484375 4108.8623046875 4139.39013671875 2568.821533203125 3050.65576171875 2934.1181640625 2573.410400390625 4705.8369140625 1583.343017578125 1447.3948974609375 2787.268310546875 5111.77783203125 161.92816162109375 2947.482421875 156.938201904296875 1702.775390625 1128.9766845703125 1248.151611328125 6857.7109375 2963.28076171875 2043.1512451171875 1835.732421875 1142.27880859375 4843.080078125 2814.012451171875 0 0 0 0
0 0 0 0 0 0 0 0 0 0 0 0 0 0 0 0 0 2842.759033203125 600.7318115234375 4536.7109375 5379.787109375 396.4521484375 7155.37109375 3327.324462890625 5317.97314453125 3540.512939453125 6394.76171875 538.1275634765625 0 10000 3535.60595703125 61.5400848388671875 1401.4630126953125 693.28192138671875 3335.441650390625 110.3203277587890625 795.45135498046875 4710.568359375 2308.774169921875 3826.885986328125 5209.5146484375 4017.824951171875 6224.8349609375 2644.5185546875 693.709228515625 561.1259765625 1490.5523681640625 2106.432861328125 0 0 0 1293.8551025390625 1215.3643798828125
0 0 0 0 0 0 0 0 0 0 0 0 0 0 0 0 0 0 3178.108154296875 4690.99267578125 3676.149658203125 2329.784423828125 4747.5986328125 2926.3310546875 4884.63671875 3050.689697265625 5670.24169921875 1903.1085205078125 4093.030029296875 2628.09765625 1689.5262451171875 1404.0118408203125 5497.1728515625 3088.4775390625 48.41291046142578125 2062.8935546875 2217.90380859375 848.89892578125 235.99383544921875 749.49169921875 7282.751953125 1020.62286376953125 380.645477294921875 408.86480712890625 434.0802001953125 127.25096893310546875 4185.49853515625 0 0 0 0.08277797698974609375 2557.034912109375 2719.951904296875
0 0 0 0 0 0 0 0 0 0 0 0 0 0 0 0 775.16204833984375 2642.716064453125 1924.9114990234375 270.927093505859375 1117.784912109375 9509.87109375 3981.30029296875 3732.929443359375 2360.7783203125 3798.8583984375 2337.923828125 1659.2034912109375 4280.3154296875 6180.205078125 3184.78662109375 1061.114013671875 706.9677734375 343.89630126953125 1602.1673583984375 4220.6220703125 1097.287841796875 2286.869140625 3729.69482421875 6312.7861328125 1624.251220703125 10000 1348.1287841796875 3732.929443359375 8545.4677734375 2051.43701171875 0 0 395.890045166015625 0 89.42441558837890625 3502.299072265625 1.8544781208038330078
0 0 0 0 0 0 0 0 0 0 0 0 0 0 0 0 4309.8759765625 6864.5654296875 787.8751220703125 0 3341.945068359375 8400.5986328125 4089.564453125 5569.87451171875 5265.90087890625 2336.040283203125 5476.2373046875 224.73297119140625 1998.27001953125 1929.6766357421875 2213.89453125 1820.30322265625 394.22998046875 720.82366943359375 364.204376220703125 372.489166259765625 2622.298828125 1987.401123046875 39.63909912109375 272.28155517578125 3465.5068359375 6723.4345703125 614.70068359375 954.6448974609375 1664.103515625 0 0 0 0 2400.528076171875 2455.77685546875 268.938323974609375 0
0 0 0 0 0 0 0 0 0 0 0 0 0 0 0 3762.467041015625 2042.75439453125 6088.13623046875 1608.425048828125 506.142852783203125 4265.8662109375 3653.943603515625 3081.092529296875 6066.40283203125 5714.27587890625 2453.016845703125 556.3143310546875 1610.9154052734375 6455.63720703125 4232.07421875 954.4942626953125 1639.001220703125 1514.35791015625 3097.655029296875 593.3897705078125 2603.642822265625 2055.725830078125 2621.07177734375 4118.4267578125 175.8288726806640625 1358.1243896484375 1493.7159423828125 3316.142333984375 1409.4451904296875 0 0 0 0 0 0 0 0 0
0 0 0 0 0 0 0 0 0 0 0 0 0 0 0 3018.034912109375 3720.4580078125 669.91729736328125 489.600677490234375 1020.0213623046875 4268.14599609375 2530.318603515625 3158.052978515625 5253.70263671875 4495.20654296875 2421.96240234375 4931.04833984375 4713.22900390625 385.2518310546875 3044.482666015625 826.1507568359375 3390.27294921875 100.819488525390625 4056.445556640625 9041.1328125 4311.61279296875 3322.67333984375 8351.5498046875 5979.35498046875 958.27581787109375 1187.043701171875 1687.26171875 1067.7320556640625 0 0 0 0 0 0 0 0 0 0
0 0 0 0 0 0 0 0 0 0 0 0 0 0 1643.965087890625 1806.7645263671875 1395.312255859375 0 1638.70654296875 4276.80517578125 4689.86279296875 1496.6248779296875 3886.478271484375 4235.0654296875 3677.625 2604.552001953125 2793.00537109375 1485.669677734375 2330.56005859375 4283.669921875 197.941619873046875 8637.58984375 2084.741455078125 1358.2396240234375 630.4178466796875 9060.8330078125 171.8935394287109375 6292.90283203125 1926.269775390625 5425.21728515625 3663.217529296875 3981.64404296875 0 0 0 0 0 0 0 0 0 0 0
0 0 0 0 0 0 0 0 0 0 0 0 0 0 2812.57080078125 448.0291748046875 4383.01171875 1603.1021728515625 7556.912109375 984.3095703125 1650.8814697265625 2352.87939453125 2640.465576171875 856.38665771484375 0 4203.5 6932.91064453125 7096.1748046875 5152.5576171875 208.887908935546875 1726.041015625 2643.8916015625 3131.579833984375 4018.0849609375 3019.97021484375 1956.9034423828125 243.768798828125 0 0 1138.4844970703125 416.263885498046875 527.11273193359375 0 0 0 0 0 0 0 0 0 0 0
