ForecastVariables/BuildingFootprint_Total_100m/BuildingFootprint_Random2_Cleaned.asc
ncols        529
nrows        344
xllcorner    2700.000000000000
yllcorner    15900.000000000000
cellsize     100.000000000000
NODATA_value  0
[rows 120 to 143 of 344, columns 371 to 423 of 529]
1142.564208984375 5585.7109375 752.5364990234375 2035.129150390625 471.77374267578125 0 0 0 0 0 0 46.9065704345703125 2051.846923828125 2379.6357421875 2308.680908203125 1269.73193359375 2222.07177734375 2647.36572265625 1703.2860107421875 2104.21044921875 3489.38818359375 1570.2603759765625 36.60535430908203125 4964.240234375 709.26910400390625 2072.718017578125 1606.2095947265625 3066.037353515625 2480.992431640625 1462.600830078125 2195.436767578125 3559.11279296875 3276.81689453125 3281.88623046875 3091.46435546875 1626.96923828125 2039.6820068359375 799.9281005859375 1456.426513671875 0 0 0 0 0 0 0 0 0 0 0 0 0 0
3022.296875 2210.366455078125 1959.070068359375 0 0 0 0 0 0 0 1164.1251220703125 2381.81884765625 1556.8521728515625 797.15728759765625 4233.67041015625 5084.80224609375 2479.268798828125 187.099700927734375 4386.9599609375 3324.11279296875 2526.010986328125 3846.898681640625 2426.751220703125 1741.0301513671875 2323.476806640625 1290.3966064453125 951.7991943359375 3493.1123046875 3427.453857421875 3020.7744140625 2175.0888671875 3722.101318359375 3602.4052734375 2507.27294921875 3573.6064453125 1212.950439453125 1791.8211669921875 25.093877792358398438 0 0 0 0 0 0 0 0 0 0 0 0 0 0 0
247.019805908203125 632.38714599609375 3654.5830078125 0 0 0 0 0 10.476273536682128906 712.32550048828125 3639.244873046875 1464.6829833984375 1144.5386962890625 3718.0517578125 1779.6187744140625 2293.858642578125 2291.47412109375 2648.067626953125 3331.197021484375 3221.359375 2240.8984375 2666.81494140625 3751.190673828125 1084.940185546875 0 2073.203125 3005.33154296875 894.29254150390625 2255.94091796875 2549.20361328125 4066.042236328125 3624.7958984375 3364.972412109375 1369.2208251953125 2024.2537841796875 1269.564697265625 3394.93798828125 2681.132080078125 2293.052490234375 507.33660888671875 106.513702392578125 50.013904571533203125 0 242.6844329833984375 0 0 0 0 0 0 0 0 0
4859.8115234375 2631.578369140625 2571.899658203125 0 57.494457244873046875 24.800844192504882812 1801.82568359375 3555.48095703125 2019.36572265625 2717.720947265625 3141.391357421875 2316.397705078125 2880.73779296875 3923.08447265625 1149.318603515625 3419.064453125 155.870330810546875 2876.4072265625 3460.712646484375 3225.267578125 1886.186767578125 2718.2509765625 2358.86083984375 1046.049560546875 81.6081085205078125 708.9468994140625 2906.52392578125 3673.085205078125 1413.064208984375 2084.69580078125 2517.909912109375 1922.9322509765625 1423.5565185546875 1365.9398193359375 1897.8048095703125 4262.60400390625 3708.01904296875 1774.7857666015625 3144.275634765625 3953.705810546875 3972.3935546875 4988.6083984375 1979.073974609375 1891.9688720703125 0 0 0 0 0 0 0 0 0
2130.838134765625 1623.766845703125 1891.44189453125 0 372.338714599609375 614.2310791015625 2564.433349609375 1670.42236328125 2175.406005859375 1871.2069091796875 2716.2041015625 807.9561767578125 352.72833251953125 2418.64013671875 1478.9794921875 1092.9906005859375 624.1597900390625 1643.30029296875 1142.946533203125 1435.775634765625 1738.733154296875 4910.86328125 1056.2947998046875 3342.480712890625 2392.78759765625 12.643206596374511719 2776.926025390625 3698.80908203125 1579.943115234375 2185.766357421875 2282.606689453125 2292.7802734375 3120.16845703125 1614.4031982421875 5503.814453125 7030.17236328125 3789.27587890625 4938.59814453125 4553.18115234375 2093.001953125 3248.44091796875 3991.02001953125 5163.6552734375 2871.021484375 21.138553619384765625 0 0 0 0 0 0 811.58538818359375 3685.118896484375
2374.28076171875 2502.18798828125 3497.728271484375 4127.1455078125 0 2130.845947265625 2547.410888671875 3065.7578125 3722.252685546875 2789.157958984375 1070.85888671875 362.953216552734375 1802.13134765625 2269.5107421875 2237.721435546875 3227.687744140625 2597.173828125 2629.67529296875 4033.97802734375 2952.451416015625 0 769.30364990234375 3840.388671875 3271.846923828125 2611.023681640625 463.07904052734375 1770.24462890625 3159.6982421875 410.65765380859375 1202.6431884765625 523.07916259765625 1165.648681640625 2960.868408203125 1593.9180908203125 2250.988525390625 4307.3203125 2951.168212890625 9186.099609375 9852.5283203125 3831.987548828125 770.80859375 1521.2015380859375 2732.326416015625 1318.4716796875 0 0 0 0 0 0 0 554.49755859375 9467.3447265625
2048.368408203125 2993.640380859375 2828.624267578125 2319.96728515625 171.5820159912109375 1799.45068359375 2470.53125 1424.802734375 2147.4228515625 2452.878173828125 2323.25439453125 1077.75390625 1389.6982421875 1240.6356201171875 1363.8187255859375 1257.6876220703125 2870.6953125 943.952880859375 3003.3857421875 2853.2919921875 811.166259765625 2986.81787109375 2276.42041015625 4060.864501953125 2739.23828125 0 579.727294921875 109.740081787109375 568.59710693359375 1484.6558837890625 2345.432861328125 3896.28076171875 2635.99462890625 88.9413909912109375 0 0 44.813114166259765625 1440.2716064453125 4722.259765625 1756.107421875 436.924591064453125 3580.4052734375 4780.99853515625 0 0 0 0 0 0 0 0 3344.640625 9999.927734375
741.19927978515625 962.4248046875 1687.394287109375 546.72186279296875 3868.8154296875 6691.9814453125 4606.421875 2410.1513671875 3561.68115234375 2861.494384765625 2688.239990234375 2499.333984375 2566.87548828125 2718.6787109375 2930.2451171875 2712.900390625 3099.9794921875 1319.90283203125 1812.76318359375 1179.528564453125 2914.595703125 3291.161376953125 2191.4267578125 3111.570556640625 2346.30859375 3210.36376953125 386.182098388671875 0 0 1026.339111328125 3884.3837890625 2228.324951171875 2422.99658203125 90.00054931640625 0 0 545.7454833984375 10.161551475524902344 0 5932.10986328125 3558.32080078125 5957.31201171875 581.31988525390625 0 0 0 0 0 0 0 0 7383.37890625 9999.927734375
1536.5015869140625 550.55926513671875 1630.0908203125 1257.7783203125 2784.1015625 531.1961669921875 3183.03271484375 858.69140625 3034.50146484375 1567.3018798828125 2804.107177734375 2213.2001953125 2334.85400390625 459.0343017578125 2647.9501953125 3879.739013671875 2940.67529296875 1812.009765625 1167.365234375 3705.69873046875 2857.297119140625 4169.04833984375 3298.998779296875 2869.594482421875 2952.626220703125 2929.086669921875 1432.1484375 0 763.895751953125 26.554103851318359375 1671.39794921875 290.729400634765625 193.055908203125 4603.806640625 700.158203125 0 4202.98779296875 570.15582275390625 821.64190673828125 742.0177001953125 227.921478271484375 2103.8408203125 0 0 0 0 0 0 0 0 4847.69775390625 9654.6484375 8690.7236328125
1206.3404541015625 3824.454345703125 2870.67138671875 198.0545654296875 4573.20703125 5129.97119140625 889.61212158203125 3992.7724609375 3025.073974609375 153.6854705810546875 4466.62158203125 2162.197998046875 3449.37158203125 2590.94921875 2718.037353515625 2420.470703125 3009.4443359375 1342.3458251953125 321.022308349609375 4407.57763671875 2439.470947265625 3329.822021484375 3432.68701171875 3345.727783203125 2840.584228515625 2001.4757080078125 1798.5408935546875 480.550750732421875 5181.30712890625 3787.713623046875 2750.2109375 0 1596.11181640625 1379.5172119140625 9718.060546875 861.90167236328125 2482.386474609375 1558.1864013671875 1572.6517333984375 4265.31005859375 8119.0712890625 5144.5830078125 775.43377685546875 0 0 0 0 0 0 0 1752.3826904296875 8109.623046875 1838.3414306640625
8795.9033203125 9955.4892578125 2891.7529296875 7674.421875 4865.99169921875 3124.350830078125 4785.0458984375 1314.3751220703125 2784.528076171875 1543.42041015625 2179.75634765625 2174.410888671875 3002.30859375 2021.2364501953125 2521.816162109375 4126.51611328125 4635.03857421875 1768.85009765625 3861.274169921875 4085.2890625 2782.694091796875 3899.2373046875 4451.23388671875 4099.244140625 2897.2958984375 4047.76953125 3662.2861328125 0 3003.92919921875 1428.079833984375 6426.7294921875 3081.739013671875 9387.9150390625 1674.6181640625 683.81646728515625 5086.65185546875 5872.07568359375 9684.904296875 5689.662109375 202.57275390625 3217.8251953125 0 0 0 0 0 0 0 0 0 2671.137939453125 6431.07568359375 88.05452728271484375
6861.16748046875 7924.55322265625 2816.38134765625 3906.4775390625 3586.4541015625 6515.4345703125 3218.092041015625 10.591197967529296875 2235.43896484375 2113.58251953125 2917.197509765625 2227.795654296875 2492.02978515625 954.29681396484375 2086.75439453125 3656.356689453125 2577.020263671875 1485.9901123046875 2825.62353515625 3896.7578125 2414.767822265625 2302.728759765625 3049.017822265625 3551.269287109375 2731.18603515625 1571.8055419921875 3114.547607421875 0 6493.70947265625 0.66451752185821533203 5233.0810546875 2588.035400390625 6246.5087890625 6685.6982421875 4408.08447265625 7433.25537109375 5292.498046875 3440.109619140625 2966.99853515625 4373.58251953125 83.31795501708984375 0 0 0 0 0 0 0 0 252.1746673583984375 2436.9931640625 983.73046875 0
2168.86181640625 1532.5133056640625 0 2203.947509765625 2049.504150390625 2149.7861328125 2711.862060546875 2181.8671875 1700.4664306640625 2496.100830078125 2747.105224609375 661.932861328125 3656.99072265625 2504.663818359375 2963.699462890625 1765.79443359375 1812.9681396484375 2637.875732421875 2023.129150390625 3834.8984375 2556.41015625 2211.38623046875 2788.810546875 511.84918212890625 3031.056884765625 2531.008544921875 865.30682373046875 661.6376953125 1979.356689453125 4784.17236328125 3204.101318359375 4893.08056640625 4292.5458984375 2941.413330078125 7463.67724609375 728.9871826171875 7842.27099609375 6612.84765625 6695.9423828125 3518.288330078125 0 0 0 0 0 0 0 0 0 2578.804443359375 181.928741455078125 0 0
2602.167236328125 1037.2706298828125 2330.126708984375 872.52227783203125 3651.018798828125 4040.919677734375 1294.9039306640625 959.57073974609375 65.781768798828125 1989.498046875 4079.638671875 2885.986328125 1332.308837890625 3162.13232421875 1395.7039794921875 1087.3929443359375 2658.058349609375 3147.6044921875 1392.082763671875 1085.257568359375 866.6519775390625 125.42272186279296875 0 255.34326171875 31.958759307861328125 0 0 0 758.11224365234375 6483.82568359375 2484.44677734375 4330.4306640625 3270.248046875 3925.128662109375 4460.16064453125 1504.3814697265625 9796.017578125 1322.300537109375 3329.662109375 245.1359710693359375 0 0 0 0 0 0 0 0 232.3067169189453125 4741.4111328125 0 0 0
2551.565673828125 2190.85009765625 2079.206298828125 1001.989501953125 1538.837646484375 5791.396484375 1644.544677734375 3511.850830078125 2266.18896484375 2743.247314453125 2680.723388671875 2254.7802734375 1561.6793212890625 901.72265625 3462.269775390625 2247.306396484375 3705.490478515625 2195.285888671875 770.55523681640625 0 2050.976806640625 3473.9833984375 1784.2476806640625 2655.882080078125 3193.087890625 2692.41455078125 1.1017769575119018555 0 0 5107.96435546875 2925.57568359375 6650.56298828125 7736.98583984375 691.04608154296875 3288.68994140625 1645.4552001953125 6734.2939453125 0 0 0 0 0 0 0 0 0 0 1276.6907958984375 7142.29541015625 2711.515380859375 0 8.0431919097900390625 2090.590087890625
2553.10205078125 1701.453125 2198.148193359375 1643.3302001953125 2752.206787109375 2533.01123046875 1761.0662841796875 1428.75927734375 1061.9705810546875 1774.966064453125 475.07818603515625 4702.9921875 3461.6552734375 3949.5615234375 3486.916015625 2487.040283203125 2711.431396484375 890.14794921875 660.38763427734375 488.788330078125 2368.96923828125 962.78070068359375 3339.7685546875 1450.491455078125 2388.335693359375 3410.349609375 514.01953125 29.71810150146484375 0.39579004049301147461 0 3810.77880859375 5543.4169921875 5257.80517578125 1272.1300048828125 5741.61865234375 3521.625 3217.148193359375 6048.19140625 1089.5638427734375 0 0 0 0 0 0 0 0 0 0 0 0 4437.10888671875 5302.5498046875
4949.0166015625 2215.410400390625 2205.031982421875 2488.071533203125 2777.119140625 1253.8714599609375 1379.11279296875 1681.0269775390625 1905.3018798828125 1712.346923828125 2470.488525390625 665.19036865234375 3452.573974609375 2416.9072265625 2710.279541015625 199.03662109375 79.66741943359375 871.130859375 2935.901611328125 2896.6669921875 1407.3992919921875 2888.97216796875 2433.289794921875 2729.03515625 3980.61669921875 3296.32666015625 1464.13720703125 3462.572265625 1848.4473876953125 276.605987548828125 160.7012939453125 1457.4034423828125 98.92310333251953125 8296.2197265625 1828.52490234375 5500.65283203125 3000.72705078125 6576.0888671875 136.195465087890625 0 0 0 0 0 0 0 0 0 0 0 0 756.130859375 2401.665283203125
1932.8526611328125 2321.292724609375 852.0692138671875 3148.843994140625 6089.6669921875 2374.795654296875 1903.6258544921875 2781.77392578125 2598.658935546875 1549.465087890625 2621.70751953125 1330.3712158203125 1548.871337890625 2645.287841796875 1996.397216796875 455.590057373046875 2915.64208984375 1731.928466796875 2388.75 3511.518798828125 3149.807373046875 2728.282958984375 1574.9068603515625 2692.13916015625 4821.00244140625 4846.8857421875 1923.4017333984375 4725.34375 3620.396484375 3631.193359375 310.1695556640625 925.04339599609375 5459.77099609375 5877.3955078125 3021.61767578125 2298.84130859375 2552.018310546875 1975.1319580078125 0 0 0 0 0 0 0 0 0 0 0 0 0 155.1160888671875 25.619615554809570312
3710.319091796875 3133.62646484375 2584.8896484375 459.443939208984375 134.8378753662109375 1573.3045654296875 2515.809814453125 1462.679443359375 1619.875244140625 2338.355712890625 1152.9647216796875 1937.5284423828125 3220.073974609375 1308.4088134765625 774.79388427734375 2804.0009765625 3788.808349609375 2529.7822265625 3141.390869140625 1886.0057373046875 2332.76416015625 2596.279052734375 2276.548583984375 1389.1878662109375 4421.8974609375 3496.4599609375 2211.01513671875 2935.96142578125 2971.356201171875 6399.68896484375 4240.84619140625 0 3217.479248046875 7690.85595703125 1054.457275390625 7603.64599609375 1887.8948974609375 1591.513671875 0 0 0 0 105.05382537841796875 0 0 0 0 0 0 0 0 0 0
1258.680419921875 4214.5322265625 3793.648681640625 1936.3642578125 0 290.68243408203125 2399.095458984375 2514.28515625 3170.888427734375 2658.87744140625 5013.177734375 4086.948486328125 1182.9049072265625 845.13250732421875 1229.51708984375 3034.17724609375 2613.044921875 4474.14697265625 2515.90673828125 1974.202392578125 1735.366455078125 3028.015869140625 3362.388916015625 3530.828857421875 3297.885009765625 3075.261474609375 2818.66943359375 3574.3349609375 3667.616943359375 405.191009521484375 4203.38671875 1570.836181640625 92.86801910400390625 1615.8809814453125 1890.45166015625 7515.50048828125 1514.412353515625 0 0 0 0 0 0 0 0 0 0 0 0 0 0 0 0
3209.377685546875 333.74151611328125 4483.40869140625 6381.58154296875 1317.2498779296875 340.4864501953125 530.3070068359375 2656.56787109375 1437.6488037109375 1279.6754150390625 790.4693603515625 6017.576171875 1753.1507568359375 2602.9453125 823.95416259765625 592.10198974609375 4681.6708984375 2726.576416015625 1647.8897705078125 2463.722412109375 321.285064697265625 1557.522216796875 2562.880859375 2623.74365234375 5245.85791015625 1818.17822265625 2628.147216796875 2429.828369140625 4340.32080078125 458.87664794921875 246.1485137939453125 4383.96533203125 1813.35107421875 2522.8603515625 9476.9287109375 1477.6151123046875 0.57293868064880371094 0 0 0 0 0 0 0 0 707.9827880859375 0 0 0 432.531341552734375 0 0 0
2614.1875 5307.423828125 1259.08251953125 9232.607421875 6575.91943359375 5068.5615234375 1400.5986328125 0 0 0 173.0625762939453125 2457.141357421875 4277.0947265625 2458.546630859375 1670.7008056640625 2249.582763671875 3616.090576171875 2059.64404296875 2996.54443359375 2538.506103515625 1587.80615234375 3019.40625 5689.4453125 4618.94189453125 5095.103515625 2609.11474609375 3601.82568359375 908.69232177734375 1050.7274169921875 1978.8846435546875 3414.390625 542.53179931640625 1313.0772705078125 602.1856689453125 1150.4456787109375 0 350.2967529296875 0 0 0 0 0 0 0 0 1903.4473876953125 2266.803955078125 0 0 0 0 0 0
611.921630859375 763.2108154296875 343.3214111328125 5674.138671875 5306.021484375 3144.953369140625 3314.34423828125 0 0 0 1639.291015625 3447.093994140625 3562.513671875 2026.4835205078125 3753.556884765625 3497.532958984375 2119.802978515625 2705.397705078125 2905.011474609375 2145.9130859375 2164.071044921875 2484.684326171875 6213.0830078125 4631.5341796875 3146.907470703125 1750.5142822265625 753.44482421875 3035.309814453125 1049.560791015625 1624.5174560546875 3560.50341796875 459.5325927734375 10000 3933.830078125 0 31.937923431396484375 1811.0645751953125 0 0 0 0 0 0 0 0 0 0 0 211.3350067138671875 2445.045654296875 1835.1343994140625 1784.0972900390625 0
872.5299072265625 550.6707763671875 3691.247802734375 5982.2314453125 5870.17578125 4510.73095703125 1626.04833984375 467.65081787109375 0 3681.571044921875 5213.44140625 4118.1494140625 2359.76025390625 2518.0068359375 1396.306640625 2520.7724609375 4030.033447265625 2251.72216796875 3159.919677734375 1836.740966796875 2472.882080078125 1553.77294921875 3652.994140625 2754.096923828125 1218.1087646484375 3380.54736328125 4533.0517578125 659.0360107421875 3621.735595703125 10000 3182.8994140625 2300.76806640625 1393.6597900390625 3832.037353515625 4995.0751953125 0 0 0 0 1.2958151102066040039 1344.115478515625 0 0 0 0 0 0 0 981.80194091796875 6080.94775390625 8639.912109375 4712.29931640625 435.0452880859375
