ForecastVariables/BuildingFootprint_Total_100m/BuildingFootprint_Random3_Cleaned.asc
ncols        529
nrows        344
xllcorner    2700.000000000000
yllcorner    15900.000000000000
cellsize     100.000000000000
NODATA_value  0
[rows 120 to 143 of 344, columns 159 to 211 of 529]
3637.030029296875 2958.15478515625 3155.48193359375 1323.30908203125 400.249359130859375 0 0 0 0 0 0 0 0 7892.62109375 4644.4755859375 6097.517578125 175.1363372802734375 1485.1322021484375 2016.779052734375 741.85418701171875 1239.798583984375 4725.71435546875 921.92291259765625 1539.0030517578125 88.0251312255859375 0 0 0 0 0 0 0 0 0 0 0 0 0 0 0 0 0 0 0 0 0 0 0 0 0 0 0 0
3675.588623046875 2790.052490234375 3442.908935546875 0 0 0 0 0 0 3979.152587890625 3232.95263671875 860.78485107421875 4802.638671875 2333.74853515625 2337.20361328125 1079.412109375 2396.5361328125 1655.9273681640625 4680.71240234375 800.6146240234375 2116.006103515625 4782.56103515625 2104.3134765625 34.554340362548828125 0 0 0 0 0 0 0 158.62225341796875 0 0 0 0 0 0 0 0 0 0 0 0 0 0 0 0 0 0 0 0 0
3033.744140625 3074.614013671875 3752.850830078125 590.85186767578125 0 0 0 0 0 187.7717437744140625 1725.93359375 2839.128662109375 202.7375640869140625 9097.0302734375 1477.4652099609375 4206.97412109375 567.07696533203125 3245.327880859375 3040.94091796875 343.415618896484375 2052.81396484375 3346.99072265625 920.52587890625 0 0 0 0 0 0 0 0 1756.18115234375 0 0 0 0 0 0 0 0 0 0 0 0 0 0 0 0 0 0 0 0 0
2408.820068359375 2439.568603515625 2159.032958984375 3567.408935546875 261.40191650390625 0 0 0 0 2995.635009765625 3302.658447265625 5233.5166015625 5163.4072265625 4621.95947265625 6279.40576171875 3576.1396484375 1212.3863525390625 4021.85791015625 3800.828125 481.76702880859375 1939.3670654296875 4118.4755859375 1851.9888916015625 0 0 0 0 0 0 0 30.423723220825195312 0 0 0 0 0 0 35.7432708740234375 0 0 0 0 0 0 0 0 0 0 0 0 0 0 0
3533.20947265625 4872.1767578125 3982.970703125 2416.106201171875 9.2784090042114257812 0 0 0 0 1626.0810546875 2789.98291015625 2288.30908203125 5059.42578125 5598.50244140625 3134.589111328125 1637.5635986328125 2104.702880859375 2985.364990234375 2827.6474609375 2297.992919921875 79.96506500244140625 4210.91064453125 2990.81396484375 0 0 0 0 0 0 0 27.460145950317382812 0 0 0 0 0 0 48.557842254638671875 0 0 0 0 0 0 0 0 0 0 0 0 0 0 0
1838.9476318359375 2419.639404296875 1711.3798828125 1027.29296875 1281.25341796875 152.257537841796875 0 0 0 2030.819580078125 3788.934814453125 3758.203857421875 3698.689208984375 3032.929443359375 1806.1163330078125 2368.1796875 2283.989501953125 4705.78369140625 2121.664306640625 2249.151123046875 0 2619.774169921875 3144.4482421875 0 0 0 0 0 0 0 0 0 0 0 0 0 0 0 0 0 0 0 0 0 0 0 0 0 0 0 0 0 0
1371.9432373046875 104.04271697998046875 2909.10107421875 1816.632080078125 1497.69189453125 0 0 0 0 0 1803.5313720703125 2134.7763671875 2120.1416015625 2523.959228515625 2181.888671875 6239.4375 3987.943115234375 2014.6463623046875 2336.876708984375 2218.097900390625 1280.96533203125 0 0 0 0 0 0 0 0 0 0 0 0 0 0 0 0 0 0 0 0 0 0 0 0 0 0 0 0 0 0 0 0
849.53228759765625 2837.270263671875 2891.748291015625 1956.35888671875 1276.461669921875 0 0 0 0 0 80.80394744873046875 3162.190673828125 2358.934814453125 1982.9327392578125 1537.73388671875 1281.921142578125 3942.099365234375 416.01300048828125 1574.1612548828125 57.573375701904296875 2468.5830078125 375.85137939453125 0 0 0 0 0 52.659305572509765625 0 0 0 0 0 0 0 0 0 0 0 0 0 0 0 0 0 0 0 0 0 0 0 0 0
1956.6502685546875 2232.43701171875 2740.611328125 1935.6363525390625 2018.79833984375 46.93056488037109375 15.891854286193847656 0 0 0 529.41925048828125 4680.8134765625 4881.64013671875 697.00775146484375 1684.2786865234375 2216.17578125 489.336212158203125 4043.595947265625 556.3045654296875 888.09033203125 1352.432373046875 1195.220947265625 0 0 0 0 0 0 0 0 47.696926116943359375 0 0 0 0 0 0 0 0 0 0 0 0 0 0 0 0 0 0 0 0 0 0
597.783447265625 207.235443115234375 2491.42041015625 2263.956787109375 3105.055908203125 1713.2054443359375 2505.01171875 0 0 1994.0828857421875 1354.9053955078125 4018.413330078125 3047.231201171875 3361.07177734375 4608.51123046875 330.39324951171875 3721.73828125 1985.610107421875 2685.689697265625 2777.336181640625 3515.97705078125 2551.59619140625 117.14310455322265625 0 0 0 0 0 0 0 374.665924072265625 90.53118896484375 0 0 0 0 0 0 0 0 0 0 0 0 0 0 0 0 0 0 0 0 0
349.9573974609375 638.94659423828125 89.83123779296875 1024.4425048828125 4485.34765625 1837.0997314453125 1546.4068603515625 161.7319793701171875 1361.011474609375 3811.995361328125 2843.09326171875 3265.439453125 653.833740234375 2386.600341796875 2989.045166015625 1780.3114013671875 4805.49462890625 1676.9561767578125 378.36859130859375 5286.58154296875 3343.182373046875 1559.60107421875 1218.2392578125 0 0 0 0 0 0 0 0 53.72600555419921875 0 0 0 0 0 0 0 0 0 0 0 0 0 0 0.1821575164794921875 0 0 0 0 0 0
2655.96044921875 1468.1221923828125 0 0 836.62298583984375 3536.3759765625 2962.74462890625 1664.29736328125 2106.596435546875 3072.9208984375 2979.017578125 2827.78076171875 61.638256072998046875 0 0 0 0 0 1606.3690185546875 1166.7564697265625 1242.5731201171875 0 1558.5992431640625 0 0 0 0 0 0 0 0 746.6612548828125 0 0 0 0 0 0 0 0 0 0 0 0 642.2828369140625 1607.3388671875 4253.572265625 1057.052001953125 0 0 0 0 0
3812.58642578125 1813.5634765625 0 0 0 1754.758544921875 2048.45458984375 2360.13720703125 4034.615478515625 2372.923828125 1659.3775634765625 1913.9522705078125 918.4322509765625 0 0 0 0 0 791.8614501953125 570.19635009765625 0 0 0 0 0 0 0 0 0 0 0 42.908939361572265625 0 0 0 0 0 0 0 0 0 0 0 2771.391845703125 1701.6370849609375 636.64447021484375 3024.078369140625 601.68829345703125 0 0 0 0 0
3938.13818359375 1960.4520263671875 1037.99072265625 6.4006414413452148438 0 1156.2335205078125 3121.146728515625 2776.80029296875 3037.99755859375 2290.9755859375 2194.599853515625 2937.572021484375 1628.988525390625 0 0 0 0 0 0 0 0 0 0 0 278.16314697265625 0 0 0 0 0 0 0 36.4000244140625 0 0 0 0 0 0 0 0 0 0 2523.782470703125 582.17022705078125 1547.190185546875 1144.896240234375 292.4327392578125 0 0 0 0 0
3846.072998046875 1775.665283203125 3620.40576171875 3621.280029296875 5632.357421875 39.084075927734375 3006.896728515625 2586.585205078125 2615.358642578125 3051.811279296875 1818.5614013671875 2240.808837890625 1685.734130859375 0 0 0 0 0 0 0 0 0 0 0 1205.5240478515625 295.03607177734375 0 100.87282562255859375 980.0482177734375 64.6256256103515625 0 0 0 0 0 0 0 0 0 0 0 0 4586.02392578125 1560.2686767578125 495.119873046875 1566.11572265625 1415.7720947265625 0 0 0 0 0 0
2080.93212890625 5855.63720703125 2053.376953125 3090.256103515625 1120.281494140625 2684.46337890625 1990.228271484375 538.8087158203125 1708.73388671875 1674.6810302734375 3144.0703125 4223.71923828125 1844.1368408203125 1890.548095703125 0 0 0 0 0 0 0 0 55.88578033447265625 0 422.4268798828125 4811.6357421875 1428.637939453125 1570.5869140625 2492.26171875 1244.84326171875 582.5418701171875 267.5264892578125 0 0 0 0 0 0 0 0 0 0 487.760955810546875 1234.9840087890625 816.3167724609375 235.98272705078125 4073.21923828125 667.2598876953125 2724.316650390625 0 4259.951171875 3645.1142578125 2019.78369140625
2462.783203125 2598.30322265625 1989.4263916015625 1180.36181640625 3340.261474609375 3314.0107421875 2952.578369140625 358.80072021484375 272.488861083984375 3254.0029296875 3511.354248046875 5740.3388671875 334.489898681640625 3421.68310546875 0 0 152.01409912109375 1610.2178955078125 100.39867401123046875 0 4208.2314453125 449.168060302734375 0 1365.26611328125 2418.596923828125 2907.09912109375 2459.989990234375 252.57940673828125 4300.052734375 1633.6552734375 737.3450927734375 0 0 0 0 92.74204254150390625 0 0 0 0 0 0 582.1099853515625 4152.6953125 1741.1322021484375 1419.017578125 3261.7919921875 205.51104736328125 5789.3916015625 38.92047119140625 43.466094970703125 527.91131591796875 822.19305419921875
2149.426513671875 2012.8035888671875 71.90491485595703125 1833.2967529296875 2202.145751953125 2915.428955078125 3020.783447265625 1791.26318359375 283.074737548828125 3210.468994140625 3713.961181640625 976.544677734375 744.16363525390625 0 0 0 3991.558837890625 1402.2606201171875 4307.30029296875 1950.664306640625 2188.51416015625 567.78009033203125 97.3690948486328125 1456.138671875 4338.80908203125 1208.090576171875 2353.876708984375 6791.9755859375 1688.7230224609375 241.070953369140625 569.9915771484375 6281.2041015625 819.53759765625 4718.3037109375 101.1111602783203125 5794.82373046875 823.93023681640625 0 0 0 0 0 63.311855316162109375 968.341064453125 522.431884765625 9665.2041015625 5643.65283203125 2253.542724609375 608.96807861328125 2602.54931640625 526.21795654296875 778.520263671875 2278.976318359375
3006.90966796875 2290.070068359375 2127.213623046875 1884.3134765625 4036.880615234375 2616.92333984375 1690.4547119140625 3260.09423828125 3554.42578125 444.5279541015625 1170.678466796875 2178.265625 3415.24267578125 1165.7408447265625 0 0 2038.9793701171875 2873.79296875 3479.92919921875 1871.2294921875 582.747802734375 2811.235595703125 1706.477294921875 3968.7763671875 3236.814208984375 3905.53125 1414.4967041015625 1770.7093505859375 462.143798828125 355.4140625 2973.36767578125 1968.924072265625 4183.12939453125 2720.316162109375 4275.15087890625 1975.5164794921875 0 0 0 0 0 0 0 144.102813720703125 1849.7735595703125 5564.8115234375 1592.0478515625 2443.8232421875 1286.8125 2996.958984375 1859.59814453125 1769.72705078125 416.63641357421875
1258.6728515625 2976.15478515625 3402.010986328125 1899.9195556640625 1258.8828125 1822.269775390625 2084.39453125 2717.68212890625 1735.3289794921875 97.460693359375 1943.936279296875 3119.4150390625 3204.56494140625 1728.6397705078125 0 0 0 1344.4940185546875 3506.849365234375 2982.09912109375 3592.1796875 3584.259033203125 2275.417236328125 819.572509765625 5345.4345703125 4461.84033203125 4183.28076171875 3126.723388671875 1575.71240234375 2532.407470703125 1968.234619140625 3223.6748046875 373.452728271484375 7920.525390625 561.172119140625 2433.086669921875 0 0 0 0 0 0 0 556.57415771484375 566.6429443359375 777.16839599609375 1469.475830078125 1519.1470947265625 2870.46435546875 2252.83154296875 3792.202392578125 2963.74462890625 599.73004150390625
131.7830047607421875 3423.25830078125 4062.360595703125 2649.295166015625 4229.99951171875 2782.58544921875 1169.147705078125 3065.310791015625 678.04669189453125 2295.1982421875 2107.346435546875 2336.333251953125 3435.810546875 1458.5926513671875 0 0 0 0 1520.2120361328125 3733.821044921875 3513.41357421875 4651.0302734375 2009.543701171875 3260.724365234375 4382.85498046875 4344.162109375 3565.50244140625 2249.07177734375 4037.504150390625 394.970947265625 1319.758056640625 1417.077880859375 2467.285888671875 1188.9083251953125 860.56103515625 0 0 0 0 0 841.4573974609375 1215.74462890625 1999.037841796875 4131.5556640625 1003.1170654296875 200.7549896240234375 569.08782958984375 2971.221923828125 9087.2705078125 1219.364501953125 7026.833984375 853.760986328125 2151.947509765625
784.24554443359375 2720.4326171875 1564.1236572265625 5839.9609375 5465.16357421875 2851.55712890625 2456.737060546875 3459.17333984375 2727.385986328125 3004.123779296875 2347.27587890625 1069.14892578125 2928.19921875 967.71771240234375 0 0 0 0 0 1354.83740234375 3969.67333984375 3133.861083984375 3711.513427734375 1701.2325439453125 4911.5703125 4113.345703125 5322.67919921875 4876.1611328125 4735.25927734375 3521.412841796875 4633.5419921875 949.07958984375 1904.904541015625 1626.0150146484375 3609.263671875 0 0 0 3097.482666015625 634.061279296875 3103.249755859375 901.832763671875 2671.428955078125 2951.320068359375 4740.36083984375 258.220977783203125 645.80511474609375 4658.23095703125 726.0001220703125 2942.542724609375 6342.583984375 1929.947998046875 564.87255859375
1890.779541015625 1471.90185546875 3983.8623046875 3831.306640625 5185.70361328125 2811.87890625 7668.58935546875 2382.50048828125 2730.098876953125 3746.572265625 0 697.8829345703125 2566.5595703125 1986.7274169921875 0 0 0 0 1318.1083984375 2296.31982421875 1962.827880859375 2464.52587890625 2737.486328125 2483.31982421875 2919.81201171875 3642.3310546875 5350.1015625 4894.3466796875 7156.7587890625 3810.752197265625 5700.14697265625 473.8214111328125 5966.27490234375 2515.968505859375 3311.856689453125 0 2158.879638671875 2367.364501953125 2488.6826171875 4796.0693359375 2789.861083984375 3236.364501953125 2765.013427734375 1975.8382568359375 3235.779296875 4467.494140625 1600.8358154296875 2130.88818359375 1244.541748046875 3251.20849609375 1782.11083984375 2063.19189453125 1577.1343994140625
4081.55859375 2570.493408203125 4323.17236328125 4876.4755859375 4122.5009765625 332.752777099609375 2106.256591796875 4785.58056640625 3328.724609375 2794.71484375 2071.489990234375 16.930086135864257812 3948.143310546875 2110.804931640625 0 0 0 8.08849334716796875 3803.099609375 3454.6123046875 3285.743896484375 2724.12255859375 3937.712158203125 3986.71337890625 4129.59326171875 2997.31005859375 3907.872314453125 3739.856201171875 1282.3900146484375 4456.16748046875 2532.98681640625 1084.84619140625 2327.695068359375 0 931.27984619140625 132.11846923828125 4166.15576171875 2086.76171875 808.18017578125 3737.27734375 3708.517578125 4375.52392578125 1835.3387451171875 3082.214111328125 5850.1640625 3140.640869140625 2403.81494140625 550.16864013671875 1356.6668701171875 1285.681640625 8164.33642578125 932.3643798828125 4155.2734375
