ForecastVariables/BuildingFootprint_Total_100m/BuildingFootprint_Random4_Cleaned.asc
ncols        529
nrows        344
xllcorner    2700.000000000000
yllcorner    15900.000000000000
cellsize     100.000000000000
NODATA_value  0
[rows 168 to 191 of 344, columns 318 to 370 of 529]
337.512939453125 4625.634765625 7480.958984375 6579.13818359375 3131.80859375 2010.0384521484375 2059.77978515625 1826.98828125 2526.260009765625 1437.75732421875 1238.58935546875 61.150897979736328125 0 0 0 4952.974609375 2902.1005859375 3972.659423828125 3940.545166015625 2886.390625 2604.219482421875 2902.687744140625 3715.78173828125 2191.572021484375 4053.6904296875 3826.03173828125 3737.82373046875 3131.429931640625 2833.492431640625 2822.689697265625 1609.40771484375 3750.58154296875 2844.8974609375 4023.354736328125 5267.8671875 3840.49462890625 3801.952880859375 3401.741943359375 6247.9560546875 4868.21240234375 3766.301025390625 1184.3167724609375 628.93804931640625 490.716064453125 3076.830810546875 218.9215545654296875 0.0038479405920952558517 0 3969.094482421875 5151.7080078125 3387.262939453125 3058.683837890625 4118.3427734375
3466.479248046875 7033.96044921875 6270.94970703125 4710.4599609375 1651.5130615234375 5510.7041015625 5776.0908203125 2832.5390625 960.2359619140625 1785.747314453125 3707.466064453125 1647.4527587890625 0 0 2004.868896484375 4129.1005859375 1450.767578125 3565.92919921875 1801.090576171875 4869.50537109375 4167.62890625 5407.4365234375 2969.50537109375 3765.156494140625 3282.2685546875 3845.978271484375 3140.3720703125 4134.0166015625 3987.233642578125 2317.7177734375 2786.89404296875 3796.53369140625 4117.38818359375 2317.5595703125 1620.426025390625 2184.9091796875 3651.48193359375 3540.255126953125 4423.17333984375 4784.9443359375 4851.97119140625 4525.34521484375 4640.6025390625 6326.24755859375 6691.83154296875 2895.7255859375 2490.959228515625 1641.9691162109375 4277.908203125 4942.060546875 5570.68212890625 3076.98828125 3551.650634765625
1386.703369140625 5042.03564453125 2212.172607421875 1657.820556640625 1182.841552734375 1973.2314453125 2795.42626953125 8185.8193359375 1801.4830322265625 1137.044921875 1900.531005859375 3275.873779296875 2079.9208984375 4505.24755859375 2915.531005859375 2006.5858154296875 1094.967041015625 2953.10498046875 2411.416748046875 2874.4833984375 3775.4951171875 4440.71923828125 3930.74072265625 4231.6943359375 4153.94287109375 2408.62939453125 3908.77294921875 2027.9813232421875 3402.322509765625 3469.536376953125 2540.324462890625 4425.90380859375 4395.62890625 5004.404296875 4499.16015625 447.128631591796875 3899.037109375 3323.64697265625 3496.13818359375 3976.949462890625 4621.84912109375 3479.993896484375 3527.3232421875 2790.978759765625 5131.25439453125 5296.3671875 1451.59619140625 1319.4412841796875 1755.8172607421875 2757.498291015625 3625.830322265625 3273.148193359375 3281.32958984375
1128.9609375 7239.572265625 4491.97900390625 2202.009765625 1797.0716552734375 3497.01953125 3037.471923828125 5117.751953125 4376.189453125 4375.203125 3620.691162109375 5076.48388671875 4051.775146484375 3840.488037109375 3454.308837890625 1802.52099609375 3851.970458984375 3720.696533203125 3386.72265625 2876.35546875 3385.296142578125 3595.732421875 4370.29833984375 4294.60009765625 1274.967041015625 1715.859619140625 3891.523193359375 4004.66455078125 3741.353759765625 3223.948486328125 4947.60546875 227.0796966552734375 1735.3367919921875 1829.8741455078125 663.5408935546875 740.3367919921875 1161.8323974609375 3835.20458984375 4577.8056640625 4014.175537109375 4736.97265625 4089.649169921875 4304.2001953125 1912.6116943359375 1816.5162353515625 3683.599853515625 1763.683837890625 3251.341796875 3457.143310546875 3494.68212890625 4771.01513671875 4504.0654296875 4313.17724609375
1683.640869140625 3487.7998046875 2714.737548828125 4234.3046875 5140.88232421875 1322.862548828125 636.6258544921875 4393.91162109375 3262.35791015625 3497.645751953125 5007.13720703125 4105.47314453125 3452.84619140625 2716.05615234375 4055.123291015625 2425.01953125 3262.3955078125 3777.218017578125 4095.61669921875 2725.4072265625 3605.651123046875 4564.33837890625 3746.20166015625 5404.33544921875 3653.20361328125 173.580413818359375 2988.34521484375 4418.35107421875 4755.6376953125 4722.75048828125 3931.936279296875 191.1919403076171875 1372.5302734375 2084.82177734375 4291.896484375 4491.4853515625 3570.564208984375 4636.20654296875 5606.18994140625 3594.838134765625 3932.3193359375 3944.607177734375 4429.58349609375 4394.4638671875 3383.38818359375 2178.86865234375 1131.9366455078125 4748.96337890625 4417.49365234375 4354.5810546875 4336.2314453125 2492.2939453125 2179.181884765625
1040.35595703125 2573.179443359375 2377.092529296875 7071.4677734375 1657.114013671875 1337.1175537109375 3077.22998046875 3832.238037109375 3637.3037109375 4462.05908203125 4567.294921875 3236.91162109375 4572.7734375 3772.650146484375 3479.56201171875 3291.766845703125 1650.1456298828125 3128.919189453125 4709.66455078125 3927.761474609375 2487.14794921875 2951.004638671875 2964.11767578125 3316.22509765625 1904.822265625 4781.50048828125 3079.82568359375 4450.46337890625 2887.672607421875 4863.5166015625 4318.28076171875 5169.04296875 1905.36767578125 2897.673583984375 4045.200927734375 5907.46728515625 3372.751708984375 4065.306396484375 4364.46435546875 3839.9638671875 4145.490234375 3289.505126953125 4416.15576171875 2854.84814453125 2283.875 2674.895751953125 798.86981201171875 1540.24072265625 3113.10595703125 2972.637451171875 2294.66455078125 4090.117919921875 1431.0692138671875
3023.4638671875 1404.6864013671875 2059.123291015625 2978.633544921875 2513.791015625 590.11810302734375 2644.749267578125 4728.56591796875 5070.328125 672.35528564453125 1016.85980224609375 3940.6708984375 3968.505859375 3616.487060546875 3334.951171875 3233.15234375 1505.0675048828125 2946.53466796875 4231.02197265625 4296.20654296875 3887.09130859375 3857.804443359375 3670.435546875 4254.60009765625 3030.318359375 4215.81640625 2952.612548828125 4415.5283203125 2240.661376953125 4850.86083984375 5400.08447265625 4568.2734375 3826.828857421875 2310.54296875 4348.53466796875 4918.50341796875 3659.861328125 5153.49951171875 4830.04931640625 1395.3271484375 4176.53271484375 3564.21484375 1961.6243896484375 3923.998291015625 4085.13818359375 2193.596923828125 1246.770263671875 3333.16162109375 4407.78759765625 3263.9912109375 3906.75830078125 3342.041259765625 2156.1611328125
1325.466552734375 665.7293701171875 2251.825439453125 2236.805908203125 2257.360107421875 1528.224365234375 2465.700439453125 4097.5947265625 4564.08544921875 893.73052978515625 2501.48193359375 3756.496337890625 3097.484375 3198.00732421875 3744.647705078125 2541.844482421875 4007.361083984375 1755.5518798828125 3638.072021484375 3559.03955078125 918.76666259765625 3209.539306640625 3757.4111328125 3692.61669921875 3685.204833984375 3219.93896484375 3367.547607421875 3417.52099609375 4781.1337890625 3523.62158203125 5314.873046875 2957.3095703125 4833.74365234375 5860.5966796875 5805.20703125 2910.624755859375 2845.873046875 3525.715576171875 990.779296875 4752.828125 1906.5166015625 4620.88818359375 3737.05419921875 4363.275390625 5002.052734375 2481.249755859375 1844.5946044921875 1742.5416259765625 3274.68017578125 1530.49072265625 2185.699951171875 2040.715087890625 1596.0670166015625
2924.9609375 3879.8076171875 2740.11669921875 2218.943603515625 2324.749267578125 1990.4371337890625 2462.306396484375 2476.900146484375 4701.46435546875 3347.6767578125 2411.077392578125 2638.898193359375 3365.853515625 3479.23486328125 2962.811767578125 3596.142333984375 3423.621826171875 2616.73681640625 3592.541259765625 3709.809814453125 4003.161865234375 2152.389404296875 4567.91357421875 5346.51611328125 3151.112060546875 2280.509521484375 3682.98486328125 3375.833251953125 4192.13134765625 4244.37060546875 4579.70458984375 3291.6904296875 3447.1806640625 3755.021728515625 4361.83251953125 2925.97216796875 2399.33544921875 2117.8359375 2531.96142578125 1563.6480712890625 2329.21826171875 3208.06689453125 1805.124267578125 2958.820556640625 4304.46923828125 2903.49267578125 731.14276123046875 0.029025571420788764954 2408.399658203125 2962.510498046875 2273.947509765625 612.931640625 2102.82177734375
544.47467041015625 4447.0390625 2538.840087890625 2713.486572265625 2049.629638671875 2284.193603515625 2441.737548828125 3347.815185546875 3101.165771484375 3667.268798828125 4627.2470703125 5919.85009765625 2714.96533203125 4138.4541015625 3767.5576171875 3999.206787109375 3619.6748046875 2854.789794921875 3924.26171875 3671.771484375 3046.095947265625 3437.00341796875 3745.381591796875 2912.497314453125 882.70281982421875 2255.59619140625 4020.317138671875 4625.599609375 4322.6669921875 3558.179443359375 3869.419921875 3882.056640625 4576.5048828125 2043.61083984375 3826.8681640625 3271.15771484375 3515.0927734375 2654.2822265625 4374.10400390625 3677.720458984375 3714.708984375 4144.4833984375 2971.37353515625 3347.759033203125 1219.8770751953125 0 421.081787109375 407.57568359375 0 1281.1552734375 961.81085205078125 1384.9517822265625 154.5621185302734375
0.0047746645286679267883 1944.09716796875 1954.6429443359375 984.5242919921875 1025.639404296875 590.30816650390625 1183.186279296875 2408.58203125 1631.3310546875 2123.63525390625 2445.795166015625 4705.767578125 5295.71435546875 4176.3466796875 4074.9873046875 3470.808349609375 5026.84716796875 4260.916015625 2187.779541015625 4089.248779296875 4397.029296875 3891.71484375 2944.293701171875 4312.4345703125 3069.7177734375 3077.012939453125 2353.9091796875 1286.39697265625 1043.086181640625 2769.08984375 3912.695068359375 4985.10107421875 5297.859375 3202.62939453125 3402.3681640625 3836.290283203125 4487.92626953125 2205.873779296875 1503.142578125 4168.58935546875 2435.745361328125 429.2222900390625 326.9521484375 927.19915771484375 1513.9251708984375 601.178955078125 1495.3348388671875 325.964691162109375 0 0 0 0 0
3058.08544921875 2631.63671875 4170.6259765625 2786.40087890625 2014.742431640625 756.67181396484375 4330.01904296875 3236.236572265625 3550.96435546875 3476.025634765625 4563.7041015625 5018.65087890625 3265.57275390625 2549.1630859375 2226.815673828125 3872.5146484375 3891.675048828125 6057.10302734375 2417.414306640625 3919.75634765625 3059.56982421875 3603.937255859375 3614.026611328125 2964.20947265625 3595.855712890625 2967.7421875 2886.02978515625 2234.187255859375 3208.3408203125 2112.2978515625 2775.8525390625 4644.369140625 5116.82421875 2068.392578125 3054.724853515625 2528.5478515625 1598.208251953125 411.2276611328125 166.4712066650390625 3517.171875 3736.289794921875 820.48992919921875 287.845703125 1389.8155517578125 828.78515625 812.8717041015625 10.242479324340820312 0 0 0 0 0 0
4098.94921875 3102.445068359375 4288.43701171875 3493.062744140625 4345.0615234375 1223.314697265625 3581.99267578125 6228.0576171875 3088.53662109375 3337.283203125 4371.78173828125 4059.312744140625 4732.15966796875 4487.388671875 3121.9375 4643.572265625 4475.52099609375 1466.47607421875 2907.111572265625 4652.85400390625 4600.7841796875 4798.5400390625 2870.1767578125 3214.61865234375 3218.879638671875 4201.48486328125 3940.240966796875 3729.454345703125 3670.825927734375 966.56982421875 1105.2821044921875 1748.691162109375 1467.43603515625 955.44671630859375 1325.7369384765625 2329.53857421875 2150.137939453125 3672.765625 105.99069976806640625 2836.051025390625 2948.044189453125 0 734.2333984375 82.5154571533203125 0 0 0 0 0.15308608114719390869 0 0 0 0
3976.64453125 3456.77099609375 3768.81494140625 3699.587158203125 2684.59716796875 1001.9969482421875 3408.711181640625 1687.083984375 2564.29541015625 2565.925537109375 2467.15673828125 5013.89794921875 3574.00927734375 4839.103515625 4646.6201171875 4452.91455078125 5017.83251953125 1725.0694580078125 3689.341064453125 1843.19970703125 874.58929443359375 3838.9921875 2461.136962890625 742.40289306640625 3349.72509765625 3461.798583984375 1477.6480712890625 688.57757568359375 2853.8271484375 655.12359619140625 3187.804443359375 5812.25341796875 1137.9874267578125 64.185699462890625 1440.016845703125 2362.8984375 874.009033203125 2168.732666015625 1474.4241943359375 422.714996337890625 0 0 0 0 43.591869354248046875 0 0 669.4815673828125 1314.5771484375 195.0615234375 0.089010477066040039062 0 0
2036.109130859375 1577.783935546875 2892.664306640625 2658.63037109375 214.204315185546875 348.60791015625 1441.4183349609375 2465.9150390625 3001.150634765625 3646.2119140625 2720.783935546875 3374.9619140625 2925.06787109375 3035.92626953125 4175.8857421875 5140.1865234375 4568.9013671875 4713.40576171875 4787.46044921875 2810.62939453125 45.194091796875 2240.070556640625 1532.8199462890625 602.1318359375 1318.2320556640625 2964.6298828125 3816.353271484375 2004.4173583984375 4736.08203125 4628.30419921875 3608.40625 1445.71533203125 281.913299560546875 1263.91552734375 1430.313232421875 2482.35693359375 2158.40283203125 1813.64599609375 162.4234619140625 0 0 0 0 0.92127650976181030273 0 0 0 781.61773681640625 93.2475433349609375 18.508592605590820312 0 0 0
1823.7254638671875 2072.162353515625 3682.860595703125 4078.077392578125 3489.92041015625 2102.6845703125 743.348876953125 590.5107421875 1331.8271484375 4302.5380859375 3426.27392578125 5863.3828125 4409.09716796875 3398.331787109375 6006.48291015625 2987.19873046875 4407.1826171875 3639.46435546875 2194.181640625 1619.890380859375 1448.9814453125 3265.177734375 3646.348876953125 4041.42822265625 1868.3336181640625 1549.1466064453125 3072.9755859375 1245.4903564453125 2284.20654296875 3409.79052734375 1034.1690673828125 2751.123046875 0 787.6339111328125 192.369476318359375 0 0 0 0 0 0 223.696563720703125 2978.5546875 1339.07177734375 172.00787353515625 0 0 0 0 0 0 0 0
4675.03564453125 2979.308349609375 3437.369384765625 3143.633056640625 3810.157470703125 2774.8671875 170.41937255859375 1222.9962158203125 945.2786865234375 2703.80712890625 4735.99755859375 3861.5283203125 4009.8662109375 6292.787109375 3075.51806640625 1900.0693359375 2485.501953125 646.26251220703125 697.0943603515625 1991.5264892578125 1311.229248046875 2970.156982421875 1997.89501953125 3135.177978515625 3102.257568359375 3918.849853515625 3018.259521484375 1179.382568359375 2420.601806640625 857.46160888671875 51.071643829345703125 288.04351806640625 0 0 0 965.79229736328125 979.19769287109375 0 0 0 0 0 0 0 0 0 0 0 0 0 0 0 0
3271.784912109375 1995.4827880859375 2882.2646484375 3750.6787109375 3685.325439453125 3301.377685546875 1027.9552001953125 128.724609375 1881.456298828125 2475.933837890625 2874.491943359375 1719.1070556640625 5036.7490234375 2619.674560546875 6170.5908203125 1110.9683837890625 2228.915283203125 2138.75830078125 2243.58984375 2335.46630859375 2020.8553466796875 778.611083984375 2164.361083984375 4425.1669921875 1560.1641845703125 2446.196533203125 818.15777587890625 1096.68212890625 121.8624267578125 0 0 0 0 401.24920654296875 0 0 0 0 0 0 0 0 0 0 0 0 0 0 0 0 0 0 0
3031.126708984375 2616.884765625 4308.88671875 3408.243896484375 3695.5283203125 2735 4866.4365234375 363.467864990234375 1081.7950439453125 1276.6531982421875 2901.4033203125 2678.9326171875 574.5018310546875 839.6441650390625 749.6978759765625 3085.8251953125 5612.876953125 3437.322021484375 3700.617431640625 3288.810791015625 2190.830810546875 0 946.01129150390625 1039.3843994140625 89.9780426025390625 0 18.470655441284179688 558.6827392578125 0 613.59716796875 0 0 0 0 0 0 0 0 0 0 0 0 0 0 0 0 0 0 0 0 0 0 0
3597.912353515625 3029.688720703125 2802.90380859375 2963.303955078125 2583.581298828125 2364.212890625 1144.8060302734375 2502.5166015625 1122.6260986328125 2187.79541015625 1750.5640869140625 1597.2861328125 968.29730224609375 232.1389617919921875 7512.54931640625 5473.94580078125 5389.6640625 3066.903564453125 1336.398193359375 542.04486083984375 14.154108047485351562 0 0 1596.780029296875 0 432.6123046875 95.89368438720703125 0 0 0 0 0 0 0 0 0 0 0 0 0 0 0 0 0 0 0 0 0 0 0 0 0 0
2790.215576171875 1658.4189453125 2281.104248046875 3585.1357421875 4921.5546875 4058.5361328125 257.6204833984375 858.63922119140625 0 2173.62158203125 1252.935546875 779.93701171875 0 1631.9493408203125 3406.7490234375 5869.0439453125 1264.8929443359375 229.4050140380859375 0 0 0 0 0 452.36517333984375 0 0 0 0 0 0 0 0 0 0 0 0 0 0 0 0 0 0 0 0 0 0 0 0 0 0 0 0 0
3057.037109375 3344.644775390625 2423.133056640625 5097.119140625 3585.04931640625 3813.82177734375 4805.38134765625 1379.0262451171875 1132.259033203125 2549.904052734375 2486.11669921875 2070.76611328125 1742.86669921875 327.483734130859375 0 0 1391.1942138671875 2381.421630859375 0 0 0 0 0 0 0 0 0 0 0 0 0 0 0 0 0 0 0 0 0 0 0 0 0 0 0 0 0 0 0 0 0 0 0
3483.333740234375 3020.02001953125 1546.6766357421875 3791.671630859375 3327.6796875 3623.4296875 4197.9609375 1900.7784423828125 1111.9554443359375 1356.84814453125 54.73809051513671875 0 94.202178955078125 0 0 867.79248046875 2587.6025390625 0 0 0 0 0 0 0 0 0 0 0 0 0 0 0 0 0 0 0 0 0 0 0 0 0 0 0 0 0 0 0 0 0 0 0 0
3666.842529296875 1359.034423828125 1429.4847412109375 1716.975830078125 1634.0347900390625 2150.159912109375 1113.1549072265625 255.4825286865234375 0 0 241.397186279296875 0 505.655731201171875 0 0 295.509521484375 0 0 0 0 0 0 0 0 0 0 0 0 0 0 0 0 0 0 0 0 0 0 0 0 0 0 0 0 0 0 0 0 0 0 0 0 0
