ForecastVariables/BuildingFootprint_Total_100m/BuildingFootprint_Random5_cleaned.asc
ncols        529
nrows        344
xllcorner    2700.000000000000
yllcorner    15900.000000000000
cellsize     100.000000000000
NODATA_value  0
[rows 168 to 191 of 344, columns 53 to 105 of 529]
4909.326171875 3132.60400390625 1366.9329833984375 4265.26513671875 6409.85693359375 1595.07861328125 981.9345703125 1806.767333984375 3667.25244140625 4626.3544921875 1143.537353515625 3871.823974609375 6094.2880859375 5892.4521484375 4754.57421875 4499.849609375 2423.657958984375 6096.1630859375 4175.28466796875 6786.181640625 6682.93896484375 6236.392578125 5731.8603515625 6042.236328125 7036.3896484375 1725.143798828125 1413.83447265625 3357.0234375 504.65380859375 6290.26123046875 5617.3994140625 1149.7591552734375 7013.03955078125 1451.576904296875 4869.72607421875 4158.33837890625 7266.32568359375 5979.89208984375 3074.67333984375 9432.201171875 8138.12353515625 7192.595703125 2607.5703125 3002.222900390625 5518.505859375 4460.99609375 6663.57421875 1007.7469482421875 2585.766845703125 2639.443603515625 0 0 1084.8905029296875
7645.68115234375 5327.71435546875 5619.3623046875 5323.30029296875 1577.323486328125 0 764.31072998046875 2148.986083984375 1733.3453369140625 2872.697021484375 2576.939208984375 5263.60595703125 5975.46044921875 3534.2998046875 3245.052734375 5407.2568359375 4376.4423828125 5167.55224609375 3145.843505859375 4061.209228515625 6574.43994140625 4432.34228515625 5717.1162109375 3952.621826171875 4112.7099609375 2054.091064453125 3324.00390625 5874.3720703125 894.3978271484375 7524.287109375 3128.2216796875 1141.7532958984375 4560.3291015625 2153.265625 3268.711181640625 2560.812255859375 4895.44873046875 4736.27001953125 2497.05224609375 2082.020751953125 4888.58056640625 4758.54736328125 4890.74951171875 3640.9072265625 5444.81689453125 3221.261962890625 2226.194091796875 558.0433349609375 2118.493896484375 3107.869140625 0 97.6690826416015625 0
2295.16552734375 922.863037109375 4650.1572265625 5923.734375 0 1456.134033203125 723.928955078125 1578.7945556640625 692.60028076171875 6896.4794921875 4943.4638671875 3842.898193359375 3305.72509765625 3175.606201171875 1446.0943603515625 2880.09912109375 3414.24462890625 2644.203125 2484.58251953125 3744.906982421875 4149.65625 4929.55078125 3916.214599609375 7260.02734375 5889.8740234375 3700.227783203125 2459.15673828125 4392.20654296875 569.16204833984375 4593.27490234375 945.09197998046875 2866.71630859375 548.43670654296875 0 0 0 99.24384307861328125 3982.24609375 2384.40771484375 2204.917236328125 1623.6846923828125 5608.35107421875 2038.653564453125 1.9235984086990356445 7377.150390625 4019.857177734375 636.39398193359375 5769.40380859375 323.37811279296875 4877.07080078125 664.0264892578125 1757.972900390625 1638.37060546875
1220.55859375 0 656.41357421875 551.38116455078125 1543.31103515625 4332.0712890625 81.5360107421875 2004.38232421875 3514.61376953125 1783.09814453125 2379.917236328125 2057.93896484375 3804.2958984375 4567.52587890625 4760.17138671875 5097.95751953125 7012.82763671875 3567.169921875 4392.6982421875 5567.62646484375 5646.90771484375 2987.07421875 4260.8642578125 6584.47119140625 4491.0654296875 4261.9892578125 5904.33984375 5645.65283203125 1997.43115234375 4049.095703125 1532.4844970703125 3384.1123046875 729.658203125 0 0 399.74029541015625 29.879041671752929688 551.430419921875 426.619384765625 3488.03662109375 6390.869140625 2284.79541015625 6942.669921875 7484.97998046875 270.614166259765625 0 1587.8470458984375 4318.39599609375 7492.05419921875 1260.3701171875 0 0 1059.2569580078125
3516.383056640625 1431.779052734375 1001.845703125 2055.143310546875 2970.529541015625 4845.7373046875 1325.1270751953125 2300.41015625 3899.469970703125 3710.982177734375 1650.1025390625 4028.203369140625 6417.6923828125 3974.249755859375 4375.7646484375 3589.1943359375 3563.190185546875 2546.080810546875 2619.025390625 3199.21533203125 2832.76513671875 2184.234130859375 2858.893310546875 3346.119873046875 1436.9129638671875 205.1134490966796875 1647.9468994140625 193.9531097412109375 5037.244140625 3602.729736328125 2221.896484375 3997.87841796875 0 263.097412109375 2041.1190185546875 1911.4976806640625 1393.09912109375 1412.7598876953125 436.130035400390625 2725.5703125 1942.4044189453125 423.41241455078125 1016.1868896484375 569.684326171875 1213.160888671875 1431.447509765625 351.591094970703125 596.1143798828125 3904.923583984375 498.7379150390625 0 0 608.179443359375
3788.823974609375 2984.829833984375 507.831085205078125 4190.77587890625 9878.1123046875 2743.3515625 7421.49365234375 4504.60302734375 2674.781005859375 3506.70849609375 4361.99658203125 2736.415771484375 5101.50341796875 1280.4539794921875 2792.478515625 4187.7763671875 4197.88720703125 5069.81103515625 4167.9189453125 2405.80419921875 5344.6435546875 3993.764404296875 2749.058349609375 1818.8673095703125 3362.155029296875 1497.2568359375 231.150115966796875 1032.88916015625 4611.18603515625 2411.45751953125 1466.6878662109375 0 1765.8494873046875 733.4140625 0 876.40228271484375 0 0 0 0 0 0 2719.0302734375 7532.7939453125 2805.8994140625 8233.0927734375 5341.93701171875 522.50244140625 4917.52294921875 2095.33251953125 0 0 2052.472412109375
5732.0556640625 1890.621826171875 4491.46337890625 1215.9957275390625 2864.427490234375 5637.7578125 2331.08203125 3765.3818359375 3525.631103515625 3393.7080078125 3940.345703125 6598.99755859375 2240.7802734375 3087.64404296875 685.32037353515625 8627.8037109375 7420.91162109375 9922.6826171875 4605.37841796875 4562.4404296875 8790.923828125 5612.8544921875 2819.88330078125 3048.261962890625 4555.15234375 6267.8203125 518.8765869140625 5875.79052734375 2165.955078125 2167.515869140625 792.08245849609375 406.6654052734375 2224.3623046875 882.374755859375 109.95316314697265625 462.325408935546875 0 478.625732421875 0 0 0 0 5604.6455078125 9151.5302734375 2584.77734375 6147.0458984375 5839.849609375 5468.6474609375 3986.06103515625 0 0 0 181.1062469482421875
1729.40478515625 2825.538818359375 7534.97021484375 4168.6875 436.838592529296875 507.24664306640625 4522.0830078125 4000.232177734375 2409.4560546875 2198.625 3684.598388671875 4239.78125 7037.40576171875 2115.595458984375 722.48193359375 2326.56591796875 1554.616943359375 4230.87451171875 5395.15966796875 3691.85546875 6599.392578125 1954.382568359375 1735.9873046875 767.779296875 826.125732421875 3453.90478515625 928.72039794921875 1560.5787353515625 5770.9765625 4267.458984375 1355.3878173828125 0 0 232.4201507568359375 0 29.52071380615234375 1412.113525390625 3312.080078125 18.8033294677734375 0 0 0 8.6128482818603515625 2149.041259765625 6530.5283203125 5563.693359375 4288.49658203125 2748.211181640625 9325.2353515625 458.348114013671875 0 4232.8935546875 2857.301025390625
3847.799072265625 2992.228271484375 4936.0498046875 3248.81201171875 3449.84619140625 2280.033935546875 3911.87109375 4832.9228515625 468.692169189453125 3442.4072265625 2831.0126953125 4676.45947265625 3325.144287109375 3762.725830078125 2283.182373046875 4576.95849609375 3606.827392578125 4295.25048828125 4031.971923828125 3616.579345703125 7191.46923828125 6313.4599609375 2842.446044921875 4648.07958984375 7671.28515625 6820.78173828125 7620.201171875 1068.21484375 7402.62939453125 3011.506591796875 1016.44012451171875 0 0 0 1224.513916015625 3556.26513671875 2824.90576171875 4599.33251953125 803.87786865234375 0 0 0 0 1380.25341796875 1303.014892578125 143.4171905517578125 4159.55029296875 6868.697265625 7800.625 3415.380615234375 1891.383056640625 3677.943359375 3441.49853515625
6294.064453125 325.705810546875 0 21.079845428466796875 3140.5302734375 3984.6982421875 4324.244140625 764.1456298828125 3040.332275390625 2634.12744140625 3616.630859375 4244.65380859375 2760.5888671875 6694.54833984375 2774.57373046875 5933.89306640625 5702.443359375 5653.4189453125 4949.91650390625 1979.576904296875 6954.15087890625 5215.64208984375 2161.79052734375 6570.33740234375 4496.150390625 5003.98974609375 6646.89306640625 98.90839385986328125 5400.0078125 380.584503173828125 0 0 0 858.5528564453125 101.08154296875 0 0 0 0 0 0 0 0 9436.3115234375 816.57501220703125 256.6612548828125 2953.520263671875 914.0755615234375 2338.16650390625 4807.24755859375 3624.947265625 282.7919921875 9783.7998046875
0.0066409190185368061066 0 0 3.5769336223602294922 0 3930.22265625 3658.209228515625 1015.2088623046875 1245.468505859375 6384.47021484375 2297.090576171875 2637.48779296875 2948.56591796875 4117.4775390625 2514.786865234375 4228.05419921875 2372.059326171875 4296.5654296875 2655.51123046875 3003.177734375 8296.2626953125 6708.416015625 6360.83642578125 3555.552490234375 3768.30810546875 3524.072509765625 3234.384765625 0 969.22308349609375 1493.87158203125 2000.0059814453125 0 0 692.49078369140625 0 0 244.2079620361328125 736.7386474609375 121.19405364990234375 6.0158486366271972656 0 0 0 0 1105.6395263671875 2643.84619140625 2120.5712890625 1493.8543701171875 1512.6683349609375 2801.954833984375 2075.1396484375 6113.6201171875 9719.263671875
0 0 0 2936.39453125 3095.52294921875 2352.435791015625 2454.21044921875 3965.405517578125 5591.1435546875 1144.6689453125 2351.153076171875 1776.369384765625 5461.52294921875 4990.11279296875 4953.501953125 4469.71728515625 877.71624755859375 2297.8359375 875.22271728515625 48.92911529541015625 547.833984375 1273.60498046875 2865.01025390625 4319.5751953125 2080.327880859375 4048.804443359375 19.987554550170898438 0 3526.429931640625 861.49920654296875 0 0 836.73883056640625 2992.921875 80.70745086669921875 0 0 0 270.966766357421875 16.065677642822265625 0 154.6212158203125 564.2857666015625 0 2965.970703125 328.83807373046875 1372.5001220703125 1641.025146484375 1632.31396484375 886.04632568359375 1336.91796875 5441.8916015625 9999.9462890625
0 0 0 255.75189208984375 5662.49462890625 2101.36279296875 4252.06884765625 2699.802490234375 1888.0301513671875 1491.828369140625 196.588134765625 368.7054443359375 674.74212646484375 1714.5406494140625 2158.095947265625 114.54628753662109375 846.58612060546875 1123.867431640625 2149.0771484375 3963.3125 5527.72216796875 4560.9296875 5587.25146484375 4847.40673828125 2126.4755859375 3393.08837890625 4657.82080078125 1090.93212890625 1577.78125 92.67742156982421875 0 0 728.74725341796875 2030.9931640625 1024.736328125 0 1056.6673583984375 420.511016845703125 0 0 0 0 28.661663055419921875 0 89.81390380859375 810.28558349609375 2269.185791015625 1997.54736328125 944.69439697265625 1239.7821044921875 1501.9332275390625 6286.76318359375 9999.9462890625
0 1563.946044921875 1652.4329833984375 1277.360107421875 2511.79150390625 2828.742431640625 3034.268310546875 2739.303955078125 405.226409912109375 2150.980712890625 1262.7733154296875 7650.71240234375 2969.487060546875 2812.666259765625 4381.32568359375 1219.6087646484375 3340.281005859375 2222.5654296875 0 1769.468994140625 706.47119140625 3425.26171875 3342.419189453125 1880.3023681640625 260.04339599609375 6155.92578125 7350.8447265625 3994.675537109375 1478.1922607421875 3996.029052734375 466.23004150390625 0 0 714.9820556640625 1056.9736328125 0 85.26967620849609375 63.357967376708984375 0 0 0 0 0 6812.099609375 1174.5313720703125 158.7417144775390625 0 404.033050537109375 0 1698.347900390625 1045.2818603515625 6947.9228515625 8747.8916015625
0 1514.192626953125 5236.89697265625 1878.2288818359375 3212.449462890625 3776.963134765625 760.61993408203125 2342.56689453125 6421.357421875 2084.91552734375 475.19403076171875 2498.607666015625 609.58551025390625 354.02490234375 760.29840087890625 1846.28125 1561.6279296875 0 0 0 0 1794.6099853515625 4550.4814453125 3921.55078125 3823.021240234375 4654.703125 3238.213623046875 3687.561279296875 844.33050537109375 1185.4677734375 177.971221923828125 0 0 1202.9190673828125 622.72515869140625 0 0 0 0 0 0 0 0 2240.552490234375 1745.5384521484375 0 1086.9901123046875 1792.30517578125 840.7139892578125 0 490.73138427734375 2374.82177734375 3123.173828125
2538.965576171875 2809.8251953125 1725.1024169921875 4107.4326171875 1281.76904296875 265.83587646484375 3044.039794921875 1136.111083984375 5518.65869140625 6247.85986328125 7711.17529296875 6210.4931640625 8346.7568359375 0 119.12650299072265625 3902.301025390625 1399.5640869140625 0 0 0 0 184.4495849609375 1746.013916015625 4696.77099609375 4455.77392578125 4139.52783203125 4840.04736328125 2528.11083984375 1161.86181640625 5842.10107421875 973.5517578125 0 0 2443.63232421875 1214.7637939453125 0 0 0 0 0 0 0 1099.428466796875 2136.47509765625 1348.5670166015625 1820.498046875 6791.36474609375 2849.696533203125 2392.17529296875 0 637.8072509765625 748.98223876953125 4281.724609375
3712.6611328125 3017.510498046875 5544 1577.433349609375 241.805267333984375 6449.48828125 2821.306884765625 2918.56201171875 565.431640625 5500.38037109375 8235.06640625 1705.1593017578125 3258.71044921875 83.694671630859375 486.34521484375 2136.823486328125 1580.377685546875 0 0 0 0 1558.61279296875 5860.5888671875 3891.789794921875 2566.789306640625 1995.142333984375 4052.267822265625 5403.62109375 1488.3167724609375 3318.809814453125 327.780975341796875 0 0 1619.984130859375 4936.5576171875 953.2860107421875 10000 1833.3568115234375 0 0 1743.3714599609375 1012.55517578125 2691.317138671875 2791.34130859375 47.0175323486328125 468.6072998046875 1005.41357421875 793.290283203125 146.1233978271484375 2124.132568359375 0 0 1108.24853515625
2729.29296875 2993.183349609375 4490.64013671875 21.802082061767578125 1624.5584716796875 4209.1240234375 1840.1614990234375 1801.744140625 3354.290771484375 2050.3173828125 5339.43505859375 754.093505859375 1750.2254638671875 1375.923583984375 4318.45703125 2310.640625 697.7568359375 0 0 0 0 0 0 0 0 1012.53857421875 3026.020263671875 2595.3134765625 1515.666259765625 5901.4443359375 334.559783935546875 0 0 0 1930.03125 0 1376.0191650390625 4471.3603515625 2799.495849609375 5287.8056640625 4116.66552734375 309.373077392578125 951.352294921875 5759.57568359375 511.124420166015625 0 27.210235595703125 2728.9248046875 1794.2001953125 1533.6702880859375 620.18963623046875 0 0
4044.82373046875 4849.21630859375 1971.385498046875 2188.16552734375 2686.574462890625 3921.239990234375 4134.2880859375 2631.963623046875 0 1366.8646240234375 1875.4134521484375 1072.745361328125 1604.43505859375 2267.869140625 1.4480650424957275391 6147.96826171875 263.574462890625 0 0 0 0 0 0 0 0 74.53040313720703125 3517.953857421875 4690.7236328125 2598.513916015625 8632.2021484375 22.275991439819335938 0 0 78.87906646728515625 1802.014404296875 0 422.213165283203125 654.70294189453125 4522.412109375 3023.85498046875 289.958038330078125 0 0 0 0 0 0 2443.115478515625 3052.19970703125 3591.51611328125 1925.0772705078125 0 0
2711.57861328125 7664.439453125 4715.4208984375 1802.591064453125 5812.5673828125 8542.83203125 4053.09912109375 29.750913619995117188 0 0 2092.811279296875 2797.026123046875 4828.58984375 3819.6953125 1723.4300537109375 3742.213134765625 514.33087158203125 0 0 0 0 0 0 0 895.4580078125 30.921939849853515625 101.166717529296875 1153.7535400390625 1363.510009765625 6459.33447265625 2127.02880859375 0 0 260.91143798828125 4109.99267578125 0 0 1621.6414794921875 3964.123046875 0.53067344427108764648 0 0 0 0 0 0 0 7155.8486328125 1725.3270263671875 2607.511474609375 1254.8326416015625 0 0
2882.392822265625 5477.27392578125 7619.50244140625 2468.272705078125 102.10594940185546875 2106.58447265625 276.044525146484375 1083.8704833984375 0 0 391.2108154296875 2256.699951171875 4921.1875 3155.51513671875 0 3404.651123046875 864.7685546875 0 0 0 0 0 0 0 4440.80322265625 4794.662109375 0 0 0 1759.1954345703125 2827.798095703125 0 0 81.582794189453125 1569.120849609375 3399.81982421875 1767.6944580078125 761.13311767578125 1876.926513671875 0 0 1896.06298828125 1481.00537109375 0 0 0 0 0 0 0 0 0 0
0 212.806884765625 3882.631103515625 4264.4306640625 0 0 0 0 0 0 0 340.905426025390625 1752.6927490234375 0 1483.1685791015625 1307.369384765625 1422.465087890625 1459.0927734375 0.23746480047702789307 0 0 0 0 0 41.361789703369140625 723.8836669921875 0 0 0 244.8892974853515625 0 0 0 0 0 0 950.03021240234375 2112.34033203125 408.993499755859375 0 0 0 0 0 0 0 0 0 0 0 0 0 0
0 0 0 74.38085174560546875 0 0 0 0 0 0 0 578.46380615234375 3530.374267578125 3362.32373046875 7047.61328125 2372.22900390625 429.7366943359375 5864.189453125 1132.0003662109375 177.8791656494140625 0 0 0 0 0 0 0 0 0 0 1055.7025146484375 0 0 0 0 0 0 0 0 0 0 0 0 0 0 0 0 0 0 0 0 0 0
0 0 0 0 0 0 0 0 0 0 1237.0963134765625 2778.28955078125 1594.5487060546875 4693.9873046875 3383.76806640625 1929.3720703125 39.229251861572265625 3176.461669921875 3739.823486328125 4578.60400390625 0 0 0 0 0 0 0 0 0 0 0 0 0 0 0 0 0 0 0 0 0 0 0 0 0 0 0 0 0 0 0 0 0
