ForecastVariables/BuildingFootprint_Total_100m/BuildingFootprint_Random1_Cleaned.asc
ncols        529
nrows        344
xllcorner    2700.000000000000
yllcorner    15900.000000000000
cellsize     100.000000000000
NODATA_value  0
[rows 144 to 167 of 344, columns 318 to 370 of 529]
582.502197265625 0 1826.389404296875 1826.9229736328125 3694.948974609375 893.7364501953125 631.85614013671875 0 0 0 0 0 0 0 0 394.936248779296875 0 0 0 2235.69775390625 3466.19140625 7827.5927734375 2212.712890625 4288.7080078125 3982.4736328125 655.29547119140625 1589.4664306640625 2246.571533203125 4202.76806640625 5266.6103515625 0 0 0 0 0 0 0 0 0 0 0 0 0 0 0 0 0 0 0 468.359832763671875 847.9366455078125 540.835205078125 6702.8603515625
3669.7080078125 846.45440673828125 1530.81103515625 1752.707275390625 2801.11767578125 4039.738037109375 1637.7894287109375 1825.2982177734375 0 0 0 2201.45556640625 1103.330078125 5980.611328125 97.31067657470703125 0 0 0 0 0 3204.610107421875 4195.37451171875 943.9896240234375 1024.0301513671875 2754.5673828125 3994.9541015625 10000 3710.214111328125 3163.211669921875 262.34344482421875 549.4766845703125 0 0 0 0 0 0 0 0 0 0 0 0 0 0 0 261.21405029296875 0 0 2429.2548828125 1153.6461181640625 1024.791748046875 3405.42138671875
3757.828125 4455.23583984375 5280.775390625 1779.3905029296875 1356.4039306640625 581.54425048828125 3906.8701171875 4466.07763671875 3742.916259765625 738.8033447265625 651.12030029296875 558.468505859375 575.147216796875 1687.9210205078125 4310.58154296875 7310.86669921875 2080.90380859375 3381.0888671875 1816.860595703125 752.4925537109375 1307.9967041015625 1676.870849609375 2257.425537109375 312.070098876953125 1577.066650390625 3435.677978515625 4280.55224609375 1338.6478271484375 1894.78125 2141.640380859375 3576.3515625 2894.1171875 2913.070556640625 1795.8228759765625 1390.8096923828125 561.57171630859375 0 0 9.1356601715087890625 1494.3092041015625 1835.7762451171875 1569.7154541015625 463.324249267578125 0 0 0 0 0 1265.2965087890625 1636.9517822265625 3471.88427734375 4007.91845703125 2701.028564453125
2763.734130859375 2719.790771484375 3014.565185546875 4330.21484375 874.4312744140625 1873.5277099609375 5142.17041015625 5416.5107421875 1858.6044921875 459.4039306640625 6238.15283203125 3818.91796875 2893.13037109375 2368.518798828125 98.12176513671875 2979.68798828125 88.1394195556640625 2229.64892578125 2353.9169921875 2494.896484375 1705.2398681640625 3533.4521484375 5739.55908203125 861.996337890625 1805.452392578125 876.4002685546875 950.8021240234375 1330.7586669921875 4204.8916015625 285.787109375 1155.156494140625 2363.70068359375 2871.24560546875 5187.4814453125 3162.0947265625 1802.916748046875 819.18585205078125 2709.9296875 1322.4351806640625 1870.934814453125 1812.57861328125 1902.0205078125 3161.98388671875 1203.85693359375 1450.8642578125 1278.9847412109375 1068.4180908203125 2100.682373046875 1934.3201904296875 1329.1727294921875 807.5384521484375 529.2332763671875 1821.7816162109375
48.101696014404296875 2223.10888671875 5468.76953125 2123.827880859375 544.80181884765625 0 3961.115478515625 5231.75439453125 2773.111083984375 4630.052734375 3243.79931640625 6017.5830078125 5170.17919921875 2863.51416015625 3561.424560546875 1049.3079833984375 3178.946533203125 2711.44482421875 3498.379638671875 5556.033203125 6044.97802734375 6640.53564453125 5162.44091796875 2812.69140625 2547.52392578125 4025.724609375 1034.5274658203125 3497.69287109375 185.91790771484375 10000 2679.399658203125 2417.17431640625 1407.8521728515625 2379.4697265625 2617.4482421875 3816.970458984375 351.782623291015625 3547.816650390625 2397.93212890625 6141.42578125 2658.133056640625 2046.1514892578125 1020.09075927734375 1268.353271484375 1501.0498046875 2367.410888671875 1667.26953125 1851.3726806640625 1081.510986328125 1801.6435546875 3149.13671875 1914.034912109375 3535.87646484375
3164.379150390625 3785.854736328125 312.9852294921875 3133.25927734375 3492.719970703125 1575.3204345703125 2495.51171875 2547.511962890625 7251.3359375 3059.432861328125 2830.642822265625 3159.68408203125 4081.81005859375 4311.2939453125 1383.616455078125 4354.8681640625 6082.18798828125 4622.8876953125 4006.876220703125 3728.083740234375 4285.97802734375 3835.2158203125 2083.422119140625 3151.5400390625 2981.308837890625 2400.06298828125 1505.5853271484375 1453.8800048828125 490.810821533203125 770.9976806640625 1373.6671142578125 2911.929443359375 3827.896484375 4315.4140625 1934.609375 3669.677490234375 2095.00048828125 1142.4849853515625 919.35552978515625 824.7313232421875 45.754436492919921875 0 0 0 50.690093994140625 894.3533935546875 1236.8138427734375 4725.7880859375 2485.7744140625 4878.0166015625 3919.54296875 4088.878662109375 2939.110107421875
625.7061767578125 892.3548583984375 2473.53173828125 4427.36767578125 3434.016357421875 2186.443603515625 3348.619384765625 3485.18603515625 1360.07666015625 5136.64892578125 5656.57177734375 3444.4580078125 4113.97119140625 3931.011474609375 929.28912353515625 4153.14306640625 3178.26416015625 1826.345947265625 3463.84814453125 1913.3201904296875 2513.53466796875 3251.47509765625 3523.948974609375 3610.734375 2241.628662109375 1613.5528564453125 411.574798583984375 3777.579345703125 2505.70703125 1329.966064453125 2305.3115234375 2217.98876953125 2761.66650390625 2746.027587890625 1596.5128173828125 618.458740234375 175.371307373046875 74.382171630859375 0 258.348052978515625 1241.52197265625 1338.9837646484375 1000.13507080078125 1428.1201171875 667.97991943359375 317.370697021484375 0 130.0157012939453125 0.036954656243324279785 0 68.3343963623046875 430.567169189453125 96.23120880126953125
1365.0906982421875 4242.70556640625 3040.56494140625 2297.7177734375 6504.68408203125 4931.63037109375 2055.86181640625 4036.2255859375 2728.155029296875 2540.596435546875 9696.3134765625 3539.463623046875 3438.253662109375 3864.754150390625 660.38043212890625 813.0050048828125 2201.493408203125 3895.49658203125 2665.88525390625 2422.98046875 2551.6787109375 762.23150634765625 2790.89404296875 2095.430908203125 1784.087646484375 2128.422607421875 2451.099609375 2944.885986328125 2495.523681640625 2041.45556640625 1019.68084716796875 0 0 16.939441680908203125 0 196.23480224609375 1.0526127815246582031 1550.6400146484375 2345.645751953125 2083.59326171875 1968.6749267578125 2165.529541015625 1403.38525390625 2517.57421875 2403.052734375 2760.476806640625 1602.79296875 2433.546142578125 3797.73779296875 1241.1737060546875 2006.713134765625 1603.2081298828125 1558.2857666015625
4528.4814453125 4030.951416015625 7285.23095703125 4577.36279296875 8323.5517578125 4352.7978515625 2251.02734375 5176.06689453125 3534.9267578125 4275.28125 1673.568115234375 8368.33984375 4626.3251953125 1687.9996337890625 4889.2587890625 4225.12939453125 2652.32421875 2665.49072265625 2204.54296875 2970.478271484375 1453.927490234375 2420.82568359375 3476.9580078125 2983.6552734375 2656.439697265625 4390.521484375 2114.280517578125 2014.03662109375 3691.9892578125 1947.703857421875 0 0 0 556.13519287109375 1773.93310546875 1758.6446533203125 3002.686279296875 1485.1871337890625 2892.941162109375 2367.51220703125 1247.96630859375 2435.390380859375 1745.4510498046875 4327.69091796875 1790.4052734375 2921.951904296875 637.59417724609375 3354.979248046875 2888.5048828125 2012.392578125 3225.638916015625 1644.2603759765625 1236.14453125
7422.95361328125 3924.9228515625 7169.3310546875 3904.030517578125 3457.99609375 3629.886962890625 2513.3525390625 4394.73876953125 4784.53662109375 3325.27978515625 4726.29345703125 2209.0361328125 2057.13671875 4624.00537109375 1568.3626708984375 1766.0205078125 4118.49951171875 4263.68505859375 2491.8466796875 1392.302490234375 2426.269287109375 3097.10888671875 2136.185791015625 1848.3265380859375 2882.603271484375 3429.488525390625 2972.403564453125 1613.6790771484375 2735.935791015625 588.49102783203125 0 0 0 1359.451416015625 2207.64453125 2241.567138671875 3438.172119140625 3384.50048828125 2008.0794677734375 1899.526611328125 2257.0625 4284.64990234375 2175.356689453125 4053.10400390625 354.849761962890625 425.222412109375 1202.8026123046875 1324.43701171875 1681.7208251953125 2689.709716796875 2731.92626953125 1541.703857421875 5230.23876953125
1729.4808349609375 1762.9228515625 1917.0089111328125 3119.779296875 8097.95947265625 5320.08642578125 3341.181640625 4586.82373046875 4172.96875 1255.9656982421875 4502.14453125 1767.4439697265625 1516.7637939453125 2367.860595703125 2266.22021484375 2938.66455078125 2207.39404296875 1163.16943359375 2400.3916015625 1314.437744140625 110.949066162109375 2426.3447265625 2885.009765625 1638.1715087890625 1817.7410888671875 2034.859375 2014.7978515625 1202.367431640625 245.5781707763671875 759.9429931640625 25.363241195678710938 0 0 2481.00390625 3545.489990234375 1347.4097900390625 2709.501708984375 3207.23046875 1477.4224853515625 2534.900390625 1328.3814697265625 2389.34228515625 2108.82080078125 1665.13427734375 2633.4736328125 1952.0823974609375 668.533935546875 1330.5115966796875 1956.433349609375 1314.5667724609375 2896.272705078125 473.372833251953125 2447.732421875
3174.813720703125 4716.68017578125 5794.17236328125 1500.124267578125 4491.60693359375 5182.6259765625 3664.955322265625 2555.648681640625 4024.281982421875 2075.213623046875 3506.99365234375 3763.6865234375 1093.612548828125 1432.233154296875 3584.021484375 1621.4573974609375 2419.6669921875 3827.380126953125 2182.536865234375 3342.458740234375 3609.81298828125 4068.933349609375 3085.994140625 1934.480712890625 2275.026123046875 525.3919677734375 150.782196044921875 2325.171630859375 2928.912109375 5169.0888671875 2058.154541015625 2810.51220703125 0 247.5257720947265625 2299.016845703125 1629.8448486328125 1916.207763671875 2786.96240234375 1555.67529296875 2824.215576171875 3302.0185546875 588.906982421875 326.980560302734375 579.41790771484375 2539.1982421875 2140.17333984375 2449.19384765625 1842.7313232421875 3495.817138671875 2537.691162109375 3774.068115234375 2722.697021484375 2558.690673828125
2381.57958984375 4923.87255859375 3820.94970703125 4334.04638671875 4198.64990234375 3902.040771484375 3553.057861328125 1450.5587158203125 1430.200439453125 1976.3076171875 3437.21630859375 605.02728271484375 274.50311279296875 2710.25244140625 26.739917755126953125 321.046356201171875 2782.459228515625 4707.6318359375 3601.608154296875 2791.994384765625 3130.229248046875 2375.286865234375 2003.037353515625 876.31787109375 420.057403564453125 3175.450439453125 3846.257568359375 4087.529541015625 2908.323486328125 3444.674072265625 489.502044677734375 3806.4912109375 2249.727294921875 1594.1602783203125 679.82647705078125 904.85284423828125 968.37237548828125 2624.53076171875 669.627197265625 942.27947998046875 1174.9072265625 2848.536865234375 1205.6053466796875 1447.4090576171875 3086.58740234375 3337.571044921875 1761.6580810546875 1439.8770751953125 2549.337646484375 2450.81201171875 1247.7928466796875 1527.8941650390625 2477.15673828125
3404.696044921875 4087.42919921875 2110.671142578125 2636.868408203125 2809.843505859375 2086.802734375 2154.34130859375 3030.099853515625 2455.245361328125 2691.2060546875 3913.85595703125 3642.96826171875 2720.68017578125 2959.53125 2026.4195556640625 1081.456298828125 3193.41357421875 3468.056884765625 3500.380126953125 3029.8818359375 1807.966552734375 73.4247589111328125 733.3848876953125 2432.2578125 2567.920166015625 3494.37255859375 2648.988525390625 2772.31494140625 4518.9970703125 5644.08837890625 882.8447265625 2313.577392578125 1552.86181640625 1036.13330078125 1733.6297607421875 1954.456787109375 1678.8453369140625 1966.5501708984375 1268.044189453125 1752.310546875 1937.98974609375 1844.813720703125 1747.0972900390625 2169.6748046875 1044.573486328125 2614.011474609375 1346.2034912109375 1090.415283203125 1722.6109619140625 2121.145751953125 1994.8829345703125 1545.1243896484375 1434.416015625
5049.416015625 1420.9757080078125 2550.004150390625 1649.880615234375 2736.841796875 2475.297119140625 3327.185791015625 2410.310546875 2107.615966796875 3512.730224609375 4979.46875 2992.374755859375 395.25311279296875 2633.06103515625 2995.903564453125 3.4658010005950927734 3067.82421875 4050.890869140625 3691.2109375 2248.13232421875 710.9234619140625 1323.0203857421875 2272.998779296875 3165.91650390625 4417.1904296875 63.1566619873046875 3094.96240234375 3845.660400390625 4223.6318359375 3694.86328125 1371.8953857421875 850.26702880859375 1782.2178955078125 3230.938232421875 3858.0283203125 2883.7138671875 1183.947265625 2223.45458984375 1464.2010498046875 1971.2860107421875 1365.6485595703125 2610.437744140625 841.8753662109375 1645.0064697265625 2057.68603515625 1378.57568359375 1399.1151123046875 1929.6715087890625 1701.788818359375 1909.053466796875 746.38177490234375 2527.896240234375 106.3020172119140625
2615.80615234375 2227.21044921875 2503.901123046875 5207.080078125 5255.67236328125 7234.86279296875 4565.09130859375 3709.8349609375 3338.14794921875 2334.987548828125 2048.035888671875 2051.654052734375 1703.884521484375 3449.466552734375 2325.20361328125 5.3983063697814941406 1227.7799072265625 1466.560302734375 1001.546142578125 790.623046875 2244.987548828125 1682.9649658203125 3424.140625 4692.673828125 4337.0595703125 729.61016845703125 3330.5048828125 4279.990234375 1748.548828125 1679.04296875 3155.83984375 2634.6162109375 4586.6875 2104.79541015625 3474.541015625 2433.746337890625 2014.9219970703125 851.05560302734375 2694.912109375 1054.9595947265625 1783.43115234375 699.6705322265625 681.73236083984375 2656.9130859375 6269.97607421875 6500.9677734375 2537.68115234375 2777.96337890625 30.739215850830078125 356.339263916015625 844.565185546875 2925.523681640625 944.23101806640625
2977.876220703125 3593.443115234375 3021.59765625 5587.88427734375 4692.82177734375 3227.57373046875 2328.031982421875 2284.38720703125 3198.56298828125 3260.146240234375 3439.06005859375 3337.580078125 1801.5750732421875 674.52459716796875 0 0 417.652069091796875 2503.5419921875 4482.107421875 3563.96923828125 2507.870361328125 1930.989013671875 3328.97314453125 3685.030029296875 2344.710205078125 4454.9130859375 3647.56689453125 3854.471923828125 3833.391357421875 3740.329833984375 2321.0126953125 3559.11572265625 1068.645751953125 2087.449951171875 2714.968505859375 3634.464599609375 7746.7724609375 1749.7938232421875 2075.94384765625 2092.7880859375 2541.776611328125 1967.678955078125 2767.0615234375 3664.476806640625 3717.73193359375 3189.6767578125 3548.012451171875 3892.8505859375 1625.196533203125 302.5799560546875 2332.7939453125 548.76837158203125 892.04705810546875
610.97283935546875 4331.751953125 3331.5966796875 4116.3515625 5037.31640625 6446.56103515625 2290.96875 2461.33251953125 1321.5089111328125 1240.04541015625 3411.353759765625 2084.658447265625 1110.156005859375 2585.974609375 1676.4647216796875 542.54974365234375 4017.3095703125 3652.984130859375 4328.38720703125 4270.8974609375 2576.820068359375 2528.124755859375 3840.755615234375 5050.51611328125 1928.67431640625 1877.01904296875 2061.295654296875 3053.2021484375 4362.03271484375 272.11236572265625 1776.9622802734375 2791.72216796875 2049.724365234375 2261.28076171875 2510.775390625 744.234619140625 3194.86962890625 897.21295166015625 2433.47021484375 927.27789306640625 3692.7548828125 1925.3670654296875 2878.13525390625 6454.51171875 3887.929931640625 4658.3837890625 3585.596435546875 2590.225830078125 285.13409423828125 378.514373779296875 1036.5948486328125 9039.2197265625 1355.84716796875
3734.5703125 4816.3369140625 3327.708740234375 2377.072998046875 847.71173095703125 0 396.474212646484375 1942.1419677734375 3204.007568359375 1927.71240234375 514.503662109375 2300.122314453125 2409.350341796875 2202.288330078125 2937.767333984375 1110.7886962890625 4416.9228515625 5212.01025390625 3534.509765625 4668.7421875 3838.26611328125 2815.858154296875 2874.08642578125 4171.75 2634.10205078125 2988.373046875 3182.770263671875 3433.226318359375 4073.174072265625 1653.5772705078125 1388.2672119140625 425.71661376953125 5422.5703125 3647.514404296875 1608.1822509765625 3617.37890625 3567.47607421875 1634.3564453125 1035.043212890625 511.73333740234375 5319.13671875 1413.4947509765625 4256.2177734375 3456.260986328125 1063.346435546875 578.704833984375 1189.465087890625 921.65521240234375 1634.2642822265625 4383.30615234375 656.19012451171875 510.4510498046875 1100.327880859375
0 0 948.02130126953125 2401.261474609375 3013.495849609375 2842.875 5822.740234375 4704.84619140625 2455.09228515625 2442.03515625 458.202850341796875 1473.166748046875 832.60797119140625 1936.5443115234375 1863.71728515625 1383.194091796875 4139.87744140625 5148.66796875 4089.671630859375 5203.1904296875 5166 3520.46435546875 3434.094482421875 1163.31005859375 3720.9169921875 2694.563232421875 4912.00048828125 4416.0859375 3952.091552734375 4520.25439453125 1594.2816162109375 2280.4912109375 7027.6669921875 6106.81494140625 4042.626708984375 3066.97216796875 2073.155029296875 932.62310791015625 182.599517822265625 0 2263.103271484375 4948.93310546875 4271.009765625 2314.242919921875 1345.91162109375 1806.9639892578125 2099.05810546875 2795.750732421875 3093.361083984375 2052.296630859375 2002.90234375 3597.08544921875 2334.308837890625
2055.4326171875 0 3754.94580078125 6113.56689453125 4494.4794921875 5421.32421875 748.280517578125 3910.310302734375 3465.714599609375 7105.88232421875 23.5918121337890625 387.244354248046875 1462.553955078125 1518.8843994140625 761.74676513671875 3069.462646484375 5403.7744140625 4465.99169921875 4825.93701171875 4385.92138671875 4767.26708984375 4369.96923828125 2542.601806640625 600.6041259765625 4025.45947265625 3592.172119140625 2696.690185546875 4419.1845703125 5806.35498046875 4465.7421875 2261.9013671875 3969.576904296875 3903.83349609375 2358.694091796875 1977.3221435546875 2974.51171875 5151.0439453125 4441.318359375 2455.012451171875 1310.499267578125 4146.91162109375 7492.5 6298.87939453125 6191.9365234375 4645.4443359375 1260.21875 2515.6796875 1259.2696533203125 1508.7386474609375 2389.90283203125 2629.62353515625 2741.221435546875 2873.393798828125
4400.91845703125 180.6805572509765625 3385.998291015625 6262.7998046875 3703.68505859375 5817.13134765625 1311.994384765625 4017.041748046875 4160.1416015625 2644.0791015625 2617.911865234375 2344.468994140625 3053.40234375 1674.70947265625 1713.1773681640625 3154.5537109375 4588.2724609375 5273.42724609375 3183.427001953125 4999.39599609375 4432.6796875 4567.68798828125 3198.97509765625 1659.60546875 1814.6689453125 2045.0963134765625 473.15447998046875 2593.07861328125 2004.7601318359375 2602.762939453125 1895.769775390625 326.42254638671875 2489.818359375 3681.5810546875 2790.321044921875 3758.7685546875 5315.296875 6475.56591796875 3553.834716796875 2321.738525390625 3183.918212890625 5324.3486328125 5583.6875 5898.6533203125 5359.96435546875 1071.4752197265625 2691.861328125 2311.007568359375 856.33953857421875 1970.418212890625 1887.01025390625 2059.6201171875 1050.568359375
0.84080040454864501953 1576.6240234375 4984.86474609375 4870.4755859375 4599.826171875 6063.88671875 5182.3251953125 4337.744140625 4017.315185546875 1814.019775390625 3249.349609375 2125.36279296875 3695.546142578125 2064.829345703125 2714.49609375 3955.736328125 3461.178466796875 4462.75634765625 3915.51611328125 4154.1181640625 2642.5859375 1008.82275390625 1111.178466796875 3632.3759765625 1397.0419921875 3688.927490234375 2756.8212890625 3714.4287109375 2418.247314453125 2762.529541015625 3984.700927734375 2728.5322265625 3614.18994140625 3753.49365234375 982.35296630859375 3793.1171875 3069.387451171875 7233.90185546875 6233.8447265625 5593.92333984375 1850.482177734375 7978.2958984375 5675.72900390625 5553.564453125 4319.75830078125 1389.6417236328125 1596.9256591796875 5372.55712890625 5849.44580078125 4519.029296875 1346.8973388671875 2033.774658203125 943.21014404296875
4284.68408203125 5022.14404296875 1044.081787109375 1970.4918212890625 9736.46484375 3334.883544921875 4820.2392578125 4662.95458984375 1639.24365234375 1958.1212158203125 3534.46337890625 3381.62939453125 2610.489990234375 171.951751708984375 0 2418.94921875 86.5778350830078125 252.7878570556640625 1769.4801025390625 1960.9771728515625 2761.83056640625 4098.95703125 4533.4970703125 3259.816162109375 1374.586181640625 3592.7373046875 2895.402587890625 4253.890625 4061.026123046875 4307.40576171875 3724.537841796875 3339.227294921875 2932.139404296875 4308.11083984375 5373.8984375 5881.38916015625 282.2281494140625 6228.64306640625 5995.44775390625 4846.21044921875 1138.128173828125 4585.02099609375 9122.1884765625 7197.943359375 6581.73779296875 886.77740478515625 932.08782958984375 750.75360107421875 1013.26092529296875 32.692920684814453125 1508.3878173828125 2832.885009765625 4217.26416015625
