ForecastVariables/BuildingFootprint_Total_100m/BuildingFootprint_Random2_Cleaned.asc
ncols        529
nrows        344
xllcorner    2700.000000000000
yllcorner    15900.000000000000
cellsize     100.000000000000
NODATA_value  0
[rows 120 to 143 of 344, columns 106 to 158 of 529]
568.33868408203125 657.559326171875 2826.19970703125 0 1946.1431884765625 1330.75439453125 3812.64208984375 2783.86962890625 3512.284912109375 4099.078125 4677.83984375 739.8885498046875 651.0694580078125 432.82830810546875 2.6359376907348632812 1655.104248046875 3645.254150390625 1768.647705078125 2549.320068359375 4409.65478515625 7593.8798828125 780.1129150390625 1297.3975830078125 2887.8662109375 1686.130859375 5077.013671875 564.85504150390625 2108.1923828125 280.2803955078125 7311.01953125 4849.859375 964.6319580078125 1065.094970703125 3421.926513671875 3877.03662109375 3435.08056640625 1342.97509765625 2113.689208984375 4279.75244140625 3199.06982421875 1898.524658203125 762.1766357421875 2224.156494140625 0 4005.293212890625 4964.1494140625 2613.10107421875 2747.951904296875 3709.59765625 3539.647705078125 1868.0406494140625 2863.41015625 1649.3642578125
10000 508.619140625 1627.525390625 8073.12548828125 2704.3720703125 1673.4100341796875 6392.435546875 408.72271728515625 485.749176025390625 1445.4180908203125 1262.5888671875 2317.326171875 2381.884033203125 1714.796630859375 334.01953125 1869.93017578125 1481.9039306640625 8523.642578125 2433.799072265625 993.18353271484375 3613.242431640625 4188.0302734375 88.1508331298828125 6638.71044921875 1054.71826171875 1772.34912109375 5316.09423828125 1204.8734130859375 549.29388427734375 931.55511474609375 237.953399658203125 1987.4237060546875 8000.58544921875 710.66497802734375 1468.7265625 417.18572998046875 1643.9912109375 2059.09619140625 4078.638671875 1923.616943359375 1539.4007568359375 2308.43115234375 501.011962890625 0 2124.08056640625 4983.4345703125 2229.304443359375 4774.759765625 668.34564208984375 1069.5567626953125 3234.473876953125 4131.00341796875 1834.69189453125
843.86956787109375 213.663055419921875 3469.333740234375 2293.69677734375 578.61090087890625 4433.39501953125 692.95013427734375 20.253452301025390625 1195.5968017578125 956.13580322265625 3222.869873046875 2288.27734375 329.5650634765625 1383.833984375 573.63726806640625 877.8748779296875 2942.4365234375 2232.10791015625 562.55157470703125 1563.946044921875 4053.955078125 5580.1376953125 3063.08251953125 1888.6741943359375 2685.177001953125 2509.833251953125 185.3878173828125 1412.2861328125 1032.780517578125 2308.283203125 1512.6051025390625 645.44244384765625 6860.40576171875 5296.1015625 4595.1875 1337.305419921875 4431.9189453125 1811.745361328125 3819.42578125 5400.47802734375 6822.87939453125 877.85833740234375 1282.613525390625 4203.1103515625 1038.2445068359375 158.5872650146484375 7631.9482421875 3073.09716796875 0 364.0714111328125 2531.94775390625 2865.30126953125 1838.0833740234375
1000.8946533203125 2361.2314453125 645.06988525390625 2294.191162109375 6513.77685546875 1709.33837890625 261.564666748046875 3672.72119140625 882.77191162109375 1306.371337890625 815.9759521484375 2952.673095703125 5431.00341796875 577.437255859375 1211.60595703125 271.997955322265625 1173.4481201171875 4096.099609375 3372.20751953125 3062.337890625 646.09222412109375 2968.66748046875 263.710052490234375 708.79718017578125 688.86199951171875 10000 4188.07080078125 2338.66845703125 5376.8125 1204.8358154296875 3534.38037109375 7611.4482421875 3883.31884765625 1518.8470458984375 2682.259521484375 6340.630859375 6047.05224609375 2380.14111328125 3103.486328125 3245.21728515625 682.1348876953125 4178.7041015625 1458.369873046875 3328.105224609375 1780.08642578125 0 6087.60205078125 1483.665283203125 378.829620361328125 0 440.924224853515625 2503.056396484375 4129.86376953125
2411.2978515625 1369.7264404296875 4383.333984375 5380.9453125 525.95831298828125 8926.9306640625 1071.57373046875 247.96673583984375 7220.123046875 244.0975341796875 1135.618408203125 4778.2939453125 89.03263092041015625 337.736053466796875 7574.48681640625 780.18377685546875 549.0445556640625 2777.650390625 500.211029052734375 3627.0703125 3806.105712890625 6876.728515625 1857.99755859375 4365.03759765625 4222.890625 3790.2197265625 935.5374755859375 2907.49560546875 3836.7900390625 4047.85888671875 1244.031005859375 1234.8438720703125 2515.932861328125 1844.318359375 3377.911376953125 689.59869384765625 662.4285888671875 3158.512939453125 2627.41455078125 2942.431640625 3901.042236328125 2644.523681640625 1233.2593994140625 3167.482421875 2164.5322265625 1544.8424072265625 629.4852294921875 648.46630859375 601.68212890625 829.40618896484375 0 1846.92724609375 3771.4306640625
1583.2236328125 1084.2235107421875 50.142940521240234375 2322.61083984375 283.36395263671875 3388.184814453125 4350.3779296875 2466.530517578125 4222.4677734375 132.142303466796875 2366.446533203125 8886.904296875 2744.281005859375 1160.99365234375 0 0 481.45098876953125 3365.12744140625 348.312408447265625 2413.82275390625 4251.64990234375 5427.06103515625 761.5791015625 1983.5380859375 4086.9443359375 2930.623046875 2208.90869140625 2012.842529296875 3698.393310546875 1690.14404296875 2164.1328125 2659.93994140625 2238.07470703125 2955.462646484375 3054.98828125 3808.981689453125 7791.2861328125 1654.744140625 165.3060150146484375 2588.452392578125 1397.2486572265625 1444.8455810546875 1773.11962890625 487.181915283203125 3602.90771484375 111.3677978515625 2317.52099609375 787.16864013671875 1618.32568359375 1507.0457763671875 5152.9384765625 1547.467041015625 2746.908447265625
4577.30859375 4493.2685546875 2277.16748046875 714.97607421875 1419.4189453125 1500.9625244140625 3306.86767578125 2028.283203125 1702.80615234375 2847.34033203125 1124.7545166015625 1102.8846435546875 3375.87353515625 1346.195556640625 767.37109375 4319.0166015625 0 0 10000 0 0 0 2730.38720703125 1759.0972900390625 0 2601.396240234375 4209.3681640625 2709.593505859375 1351.958251953125 692.59454345703125 816.15673828125 1525.9893798828125 3096.135498046875 319.19384765625 1538.3262939453125 1073.764892578125 612.20733642578125 2451.450439453125 654.21014404296875 1508.2623291015625 1312.598876953125 2586.01611328125 752.402587890625 1218.856201171875 2493.306640625 3051.732421875 3040.74658203125 4397.1123046875 846.76220703125 829.7364501953125 970.3828125 5236.353515625 2649.965087890625
570.5126953125 4551.1552734375 8598.521484375 4095.199951171875 2078.698486328125 2196.62158203125 4368.87109375 7095.7822265625 36.437225341796875 7623.35205078125 716.286376953125 1352.012939453125 4310.63671875 355.43609619140625 898.5947265625 3699.074462890625 3387.194580078125 0 0 0 0 0 0 0 0 0 0 0 548.8779296875 642.93756103515625 6560.3779296875 2074.004150390625 1633.0235595703125 401.573822021484375 1149.4051513671875 1966.33935546875 2497.30419921875 1004.52850341796875 3160.93603515625 1705.1068115234375 3399.76708984375 643.81640625 3539.6533203125 2442.8349609375 2744.0283203125 1497.4073486328125 5329.943359375 1081.9249267578125 663.34808349609375 2585.16259765625 1350.4461669921875 5091.59814453125 0
1271.3951416015625 5581.6337890625 1488.346923828125 1445.3199462890625 199.5810699462890625 6942.54443359375 9311.177734375 7301.265625 9297.763671875 457.85626220703125 2821.355224609375 813.1319580078125 3019.509033203125 2641.735595703125 4042.3232421875 328.28369140625 2736.57177734375 0 0 695.32598876953125 656.18414306640625 2399.966064453125 1609.106689453125 1205.996337890625 951.8853759765625 3137.66552734375 0 0 0 1405.847900390625 1025.7900390625 2091.67138671875 1141.433837890625 2599.351318359375 2716.85205078125 1028.056396484375 2547.182861328125 3832.2783203125 1372.0223388671875 1489.6943359375 2728.93359375 369.943878173828125 2712.32275390625 3940.085693359375 2243.359619140625 351.26849365234375 2230.47705078125 2785.81884765625 1887.080322265625 5209.5546875 2070.197509765625 774.3682861328125 4573.97021484375
4075.33837890625 2199.89794921875 2214.87451171875 3876.0302734375 4870.2744140625 1113.562744140625 1730.7835693359375 6499.7451171875 2897.728271484375 3419.5361328125 1857.3802490234375 3434.169189453125 1356.622802734375 1442.201171875 826.3702392578125 523.328369140625 3279.54150390625 1251.9256591796875 2326.507568359375 3152.146240234375 873.73956298828125 1069.706787109375 3238.593017578125 2828.843505859375 2590.123046875 1839.680908203125 2182.726318359375 1466.3087158203125 317.565338134765625 0 2982.55859375 602.247802734375 1322.99365234375 268.19488525390625 4906.74169921875 2040.8846435546875 2292.47802734375 4723.9609375 2794.5185546875 1706.9036865234375 177.825042724609375 1187.40869140625 1942.184814453125 4698.32080078125 1622.7523193359375 101.5131683349609375 1269.4886474609375 1372.9521484375 1069.8828125 1232.193603515625 2280.52587890625 1597.9664306640625 1389.3697509765625
1563.6690673828125 2892.901611328125 3886.767822265625 3445.635986328125 56.367649078369140625 2513.6259765625 3244.92529296875 0.61631196737289428711 4535.1181640625 9999.953125 768.996337890625 8815.1328125 1478.4080810546875 437.352630615234375 355.785980224609375 1759.5631103515625 3013.40966796875 1118.4559326171875 3456.80859375 1788.2225341796875 1424.427001953125 751.377197265625 1932.049560546875 2158.399658203125 1261.759033203125 510.94171142578125 2761.180419921875 2922.319091796875 1032.7242431640625 538.5753173828125 0 2650.674072265625 1885.7957763671875 0 3352.09716796875 1352.4705810546875 2533.92041015625 1089.0067138671875 1521.800048828125 596.53717041015625 2432.695556640625 2606.730712890625 3334.2763671875 1263.491943359375 986.8782958984375 3797.546875 3240.710205078125 5476.3544921875 2352.4794921875 3401.365234375 1554.29443359375 1838.2335205078125 1948.921875
954.5626220703125 3852.951171875 3329.51953125 2413.57666015625 906.9029541015625 3670.993896484375 676.00244140625 682.14056396484375 4118.9912109375 6665.82080078125 3088.380615234375 2557.60986328125 3690.4599609375 4400.67431640625 426.595458984375 2905.77001953125 2983.1279296875 2158.37890625 2307.48681640625 3055.44873046875 3368.688720703125 3202.150634765625 4437.67529296875 2833.6005859375 2907.039306640625 3257.3056640625 2241.00341796875 2111.041015625 4114.03515625 1979.1427001953125 1303.23291015625 2060.62939453125 0 0 5925.74462890625 2943.540283203125 1839.843994140625 2366.8310546875 7539.50244140625 1193.221435546875 400.68280029296875 4192.5908203125 1544.2200927734375 998.8231201171875 205.5739593505859375 1143.168701171875 4171.3310546875 3874.736083984375 3374.93603515625 4445.8115234375 1748.437744140625 3011.203857421875 3220.505859375
2688.677978515625 2592.275634765625 2166.157958984375 1883.2823486328125 877.88720703125 3180.744873046875 8270.81640625 2414.824462890625 2923.766357421875 8652.2158203125 2767.673828125 171.372314453125 1187.5125732421875 2814.696044921875 0 1068.733642578125 2911.570068359375 2265.072265625 3537.674560546875 2832.462646484375 1548.6041259765625 2275.209228515625 2450.19873046875 1288.69091796875 2264.51806640625 3292.816650390625 3236.529052734375 2377.526611328125 3574.32958984375 1512.09521484375 2377.673828125 2471.468505859375 2624.720947265625 877.69720458984375 3578.08740234375 1224.3958740234375 1798.3092041015625 343.6971435546875 1175.49365234375 1528.394287109375 99.968658447265625 4489.19091796875 2265.637939453125 837.74713134765625 570.6279296875 33.568340301513671875 1977.879150390625 3963.05078125 2776.537109375 2508.33837890625 2577.08740234375 3193.617431640625 1766.678466796875
1620.6649169921875 318.211334228515625 1218.7498779296875 4828.92822265625 1895.113525390625 1236.0018310546875 1528.6273193359375 174.114105224609375 1884.7464599609375 1698.84033203125 1676.4464111328125 2578.24755859375 1984.5533447265625 2317.885986328125 1196.2479248046875 2252.02587890625 2618.873046875 1489.5098876953125 2763.60009765625 3448.16357421875 2052.54443359375 2612.54638671875 2078.8779296875 2440.53564453125 3097.53369140625 2747.739990234375 2614.494873046875 2155.92041015625 2295.378173828125 1103.1845703125 2708.17041015625 2352.90625 2986.219970703125 3226.359130859375 1205.2945556640625 0 3862.5751953125 3247.23583984375 5421.5283203125 1963.7275390625 1507.029296875 2945.743408203125 1474.2371826171875 0 3998.717529296875 641.84619140625 1116.680908203125 3638.9150390625 2220.3212890625 1543.7828369140625 3383.708740234375 2829.76611328125 3390.752685546875
1382.2996826171875 1084.260498046875 6269.72607421875 1833.3165283203125 659.67156982421875 826.3367919921875 5015.9951171875 1956 3113.423583984375 1214.706298828125 2880.683837890625 3661.1064453125 1563.0247802734375 1178.9771728515625 868.79962158203125 1586.93115234375 1496.3419189453125 2170.3779296875 3148.333984375 6220.92529296875 2072.591552734375 2599.353515625 538.28436279296875 1859.4276123046875 358.813812255859375 1474.4207763671875 4358.0751953125 1795.32470703125 2336.23193359375 1111.4681396484375 2122.69873046875 1686.5089111328125 1866.66259765625 2638.50146484375 3122.34716796875 1119.5435791015625 0 3422.287353515625 2017.3115234375 3620.1826171875 6908.56494140625 0 0 1088.66748046875 2747.3955078125 3809.21044921875 2443.234619140625 4302.8291015625 1046.684326171875 1275.9488525390625 2536.643310546875 1623.60595703125 1754.3690185546875
1650.714599609375 3038.7734375 746.81591796875 3801.36572265625 680.55755615234375 6515.3232421875 947.8592529296875 3397.2158203125 2609.042236328125 2089.526123046875 1071.5830078125 2277.744384765625 1651.6229248046875 3401.0556640625 845.11871337890625 1666.1553955078125 1601.182373046875 3066.677001953125 2434.96044921875 3365.97412109375 2363.30419921875 2058.19775390625 1337.3076171875 1652.433837890625 657.5513916015625 3500.94091796875 2755.369384765625 2149.2255859375 2561.7958984375 1146.54248046875 1579.09521484375 2434.706787109375 2547.453857421875 1605.5877685546875 3469.59521484375 3381.225830078125 331.204620361328125 0 2595.646484375 1698.48779296875 1458.5333251953125 0 0 3207.296875 3893.978271484375 2484.880615234375 3564.74462890625 4596.5185546875 1614.5999755859375 2862.326416015625 1972.431884765625 2924.83544921875 1200.4146728515625
1258.376220703125 2680.269775390625 3339.233642578125 2281.64892578125 1871.10888671875 9877.9306640625 1540.141845703125 4531.57861328125 2493.74951171875 1821.4827880859375 1164.3240966796875 2635.23486328125 994.075927734375 1257.233642578125 1090.8697509765625 525.3846435546875 2505.25 2131.547119140625 2701.25634765625 2757.090576171875 2256.991455078125 1384.0634765625 5451.63623046875 4910.1298828125 1363.6055908203125 3551.52294921875 3368.877685546875 740.9039306640625 4057.157958984375 904.04046630859375 1300.2432861328125 2349.433837890625 2435.316162109375 771.236572265625 1293.662841796875 1690.7545166015625 3035.021484375 801.6629638671875 2208.824951171875 3544.29052734375 694.1317138671875 0 0 1979.6168212890625 3005.57421875 4107.59521484375 3226.27392578125 5224.53369140625 1074.343994140625 761.1236572265625 3145.99365234375 2740.896240234375 276.083160400390625
1463.34619140625 3245.177978515625 416.866424560546875 458.77508544921875 71.29546356201171875 1591.1910400390625 3500.898681640625 2660.94189453125 1442.76806640625 1476.485107421875 1238.943603515625 705.2442626953125 4218.6181640625 1681.8077392578125 3618.411865234375 1678.869140625 812.16046142578125 2083.87060546875 1170.0384521484375 5760.146484375 1095.8594970703125 1689.223388671875 2414.064697265625 3136.394775390625 1355.3250732421875 2052.010498046875 1688.1466064453125 960.3685302734375 2953.169189453125 0 1746.3131103515625 3574.4384765625 993.68310546875 1676.1064453125 3197.8818359375 2741.461669921875 1860.4638671875 2976.884521484375 2.4243383407592773438 4208.65869140625 678.37530517578125 0 52.19097137451171875 2419.944580078125 2263.9560546875 1776.7744140625 1024.76123046875 2185.181640625 2851.814208984375 2069.19140625 2408.732421875 285.183685302734375 1657.9075927734375
2084.793212890625 413.93304443359375 3001.51220703125 4266.859375 2043.187744140625 1008.85369873046875 3010.165771484375 2844.58251953125 1693.5277099609375 1088.109375 459.54046630859375 1708.9400634765625 5680.232421875 2480.86328125 1207.8765869140625 1202.7744140625 601.186279296875 4097.828125 3096.010498046875 498.998046875 1422.12744140625 2108.103515625 1552.2445068359375 2868.2275390625 3687.39453125 2435.998291015625 2903.5498046875 2587.08349609375 7384.02880859375 2079.818603515625 2000.3626708984375 1855.727294921875 3364.732666015625 2980.93798828125 1432.4317626953125 2879.931396484375 1642.7322998046875 2395.554443359375 926.45281982421875 0 0 46.06192779541015625 1751.9344482421875 2126.1162109375 3124.599609375 3640.290283203125 3161.83740234375 2968.51318359375 1930.9249267578125 2581.236572265625 958.7218017578125 493.504241943359375 2345.635009765625
2068.759521484375 3217.724365234375 4251.986328125 3203.249267578125 2933.869384765625 1936.98095703125 2615.406494140625 1531.139404296875 2504.673095703125 698.372802734375 1707.87646484375 1151.5262451171875 2929.12158203125 1413.419677734375 560.54443359375 1008.740478515625 931.1866455078125 3980.419921875 2122.19873046875 3230.80322265625 2657.4326171875 3246.103271484375 941.8370361328125 211.1595458984375 275.386077880859375 454.32513427734375 847.39385986328125 1197.4736328125 3791.315673828125 3716.63134765625 2950.5859375 850.69921875 4529.89794921875 5340.06591796875 861.60943603515625 1810.2286376953125 1891.228515625 2622.747802734375 3186.6689453125 886.23199462890625 3897.95458984375 255.581207275390625 247.52716064453125 853.34356689453125 95.81191253662109375 11.605366706848144531 29.085218429565429688 15.953396797180175781 4379.1474609375 1687.373046875 298.760040283203125 2229.327392578125 1741.21923828125
3427.24267578125 2794.546630859375 1056.6619873046875 4757.1171875 4415.345703125 3774.694580078125 18.263151168823242188 1643.6092529296875 3556.977294921875 2154.418701171875 994.13275146484375 1417.7120361328125 1914.1612548828125 1818.470947265625 1668.6431884765625 1500.6834716796875 481.911224365234375 3164.32275390625 2618.94140625 772.58380126953125 135.2119293212890625 2843.548095703125 1315.24755859375 228.779815673828125 0 0 0 0 0 0 1157.7476806640625 4236.501953125 1473.183349609375 1628.1566162109375 1778.2081298828125 2141.677490234375 948.32183837890625 1619.087158203125 1205.0238037109375 830.82177734375 1278.5616455078125 3530.7529296875 2965.238037109375 3771.7216796875 3209.44482421875 2008.29736328125 1689.0865478515625 0 1320.41845703125 1728.6295166015625 3645.01025390625 2666.512939453125 3615.732666015625
3518.426513671875 2806.44384765625 2190.65380859375 3897.65185546875 2824.4462890625 1504.004150390625 2334.958740234375 1036.00732421875 814.9278564453125 2995.568603515625 1168.25244140625 777.43505859375 2137.93115234375 3846.44482421875 2124.347412109375 1060.5252685546875 5.3452472686767578125 303.35467529296875 2268.90087890625 3139.1806640625 1379.4720458984375 0 0 0 0 0 0 0 0 0 294.76544189453125 834.83709716796875 2348.425048828125 1850.162109375 1542.87939453125 2826.7578125 2557.49365234375 2620.843994140625 846.7947998046875 1729.669677734375 5605.044921875 3081.2646484375 1715.74462890625 1887.1298828125 2652.896240234375 1742.18359375 4915.814453125 2664.42822265625 0 189.42449951171875 1929.008056640625 2823.30712890625 2214.120849609375
3241.35595703125 4145.71435546875 2904.798095703125 3014.77685546875 1727.8192138671875 4505.5380859375 3558.396484375 1001.39111328125 556.90673828125 1677.42919921875 2325.24951171875 3032.647705078125 2868.572509765625 3035.4697265625 1357.0723876953125 1497.17529296875 1317.0582275390625 2268.15771484375 2841.30078125 2223.392822265625 1575.1702880859375 2842.920654296875 456.69146728515625 0 0 0 0 0 0 0 0 124.469940185546875 612.41522216796875 1296.3184814453125 138.978546142578125 781.675537109375 385.07720947265625 1679.1658935546875 896.41375732421875 2715.920654296875 2380.169677734375 479.916595458984375 2884.890625 3226.83984375 2868.455322265625 3325.8720703125 1867.5560302734375 1782.3016357421875 1451.3800048828125 3270.398193359375 1570.964599609375 788.1163330078125 2380.789306640625
5307.12353515625 2795.490234375 1406.919189453125 3276.185302734375 2294.80126953125 2628.777587890625 3675.025146484375 3831.004150390625 365.049285888671875 3433.5185546875 4178.34521484375 370.984344482421875 1876.3946533203125 3031.343994140625 6322.6396484375 7483.7529296875 41.300266265869140625 1718.48779296875 2330.067138671875 1714.41357421875 997.72039794921875 3966.983642578125 1567.6287841796875 31.436677932739257812 18.81845855712890625 0 150.6854705810546875 0 0 0 0 0 917.7659912109375 1689.857666015625 358.571533203125 1565.519287109375 1124.23095703125 386.637603759765625 1807.5904541015625 3223.10107421875 2396.637939453125 2505.9423828125 1780.8765869140625 1172.38623046875 2195.669677734375 2340.559326171875 2283.72021484375 803.85980224609375 1348.2117919921875 2586.07177734375 2395.393310546875 2845.505615234375 431.876007080078125
