ForecastVariables/BuildingFootprint_Total_100m/BuildingFootprint_Random1_Cleaned.asc
ncols        529
nrows        344
xllcorner    2700.000000000000
yllcorner    15900.000000000000
cellsize     100.000000000000
NODATA_value  0
[rows 120 to 143 of 344, columns 159 to 211 of 529]
3637.030029296875 2958.15478515625 3155.48193359375 1323.30908203125 400.249359130859375 0 0 0 0 0 0 0 0 417.1488037109375 1224.00732421875 1662.3499755859375 3008.51806640625 1485.1322021484375 2016.779052734375 741.85418701171875 1239.798583984375 4725.71435546875 921.92291259765625 1539.0030517578125 88.0251312255859375 0 0 0 0 0 0 0 0 0 0 0 0 0 0 0 0 0 0 0 0 0 0 0 0 0 0 0 0
3675.588623046875 2790.052490234375 3442.908935546875 0 0 0 0 0 0 1284.987060546875 1632.571044921875 860.78485107421875 2377.284423828125 1164.9754638671875 3777.2548828125 784.0235595703125 2697.863525390625 1655.9273681640625 4680.71240234375 800.6146240234375 2116.006103515625 4782.56103515625 2104.3134765625 34.554340362548828125 0 0 0 0 0 0 0 158.62225341796875 0 0 0 0 0 0 0 0 0 0 0 0 0 0 0 0 0 0 0 0 0
3033.744140625 3074.614013671875 3752.850830078125 590.85186767578125 0 0 0 0 0 380.542236328125 718.6741943359375 2839.128662109375 633.20355224609375 727.31591796875 900.8636474609375 4206.97412109375 567.07696533203125 3245.327880859375 3040.94091796875 343.415618896484375 2052.81396484375 3346.99072265625 920.52587890625 0 0 0 0 0 0 0 0 1756.18115234375 0 0 0 0 0 0 0 0 0 0 0 0 0 0 0 0 0 0 0 0 0
2408.820068359375 2439.568603515625 2159.032958984375 3567.408935546875 261.40191650390625 0 0 0 0 2995.635009765625 3302.658447265625 5233.5166015625 5163.4072265625 4621.95947265625 6279.40576171875 3576.1396484375 1212.3863525390625 4021.85791015625 3800.828125 481.76702880859375 1939.3670654296875 4118.4755859375 1851.9888916015625 0 0 0 0 0 0 0 30.423723220825195312 0 0 0 0 0 0 35.7432708740234375 0 0 0 0 0 0 0 0 0 0 0 0 0 0 0
3533.20947265625 4872.1767578125 3982.970703125 2416.106201171875 9.2784090042114257812 0 0 0 0 1626.0810546875 2789.98291015625 2288.30908203125 5059.42578125 5598.50244140625 3134.589111328125 1637.5635986328125 2104.702880859375 2985.364990234375 2827.6474609375 2297.992919921875 79.96506500244140625 4210.91064453125 2990.81396484375 0 0 0 0 0 0 0 27.460145950317382812 0 0 0 0 0 0 48.557842254638671875 0 0 0 0 0 0 0 0 0 0 0 0 0 0 0
1838.9476318359375 2419.639404296875 1711.3798828125 1027.29296875 1281.25341796875 152.257537841796875 0 0 0 2030.819580078125 3788.934814453125 3758.203857421875 3698.689208984375 3032.929443359375 1806.1163330078125 2368.1796875 2283.989501953125 4705.78369140625 2121.664306640625 2249.151123046875 0 2619.774169921875 3144.4482421875 0 0 0 0 0 0 0 0 0 0 0 0 0 0 0 0 0 0 0 0 0 0 0 0 0 0 0 0 0 0
1371.9432373046875 104.04271697998046875 2909.10107421875 1816.632080078125 1497.69189453125 0 0 0 0 0 1803.5313720703125 2134.7763671875 2120.1416015625 2523.959228515625 2181.888671875 6239.4375 3987.943115234375 2014.6463623046875 2336.876708984375 2218.097900390625 1280.96533203125 0 0 0 0 0 0 0 0 0 0 0 0 0 0 0 0 0 0 0 0 0 0 0 0 0 0 0 0 0 0 0 0
849.53228759765625 2837.270263671875 2891.748291015625 1956.35888671875 1276.461669921875 0 0 0 0 0 80.80394744873046875 3162.190673828125 2358.934814453125 1982.9327392578125 2705.418701171875 1294.748046875 352.732421875 2015.6708984375 2227.526611328125 1226.9114990234375 2468.5830078125 375.85137939453125 0 0 0 0 0 52.659305572509765625 0 0 0 0 0 0 0 0 0 0 0 0 0 0 0 0 0 0 0 0 0 0 0 0 0
1956.6502685546875 2232.43701171875 2740.611328125 1935.6363525390625 2018.79833984375 46.93056488037109375 15.891854286193847656 0 0 0 529.41925048828125 4680.8134765625 4881.64013671875 312.132171630859375 1974.1417236328125 2102.856689453125 1579.0125732421875 1813.0833740234375 1126.9093017578125 598.922607421875 1293.5235595703125 1195.220947265625 0 0 0 0 0 0 0 0 47.696926116943359375 0 0 0 0 0 0 0 0 0 0 0 0 0 0 0 0 0 0 0 0 0 0
597.783447265625 207.235443115234375 2491.42041015625 2263.956787109375 3105.055908203125 1713.2054443359375 2505.01171875 0 0 1994.0828857421875 1354.9053955078125 4018.413330078125 3047.231201171875 3361.07177734375 3554.374755859375 3666.0341796875 2065.59375 2007.9482421875 5715.25 3076.950927734375 558.8345947265625 2551.59619140625 117.14310455322265625 0 0 0 0 0 0 0 374.665924072265625 90.53118896484375 0 0 0 0 0 0 0 0 0 0 0 0 0 0 0 0 0 0 0 0 0
349.9573974609375 638.94659423828125 89.83123779296875 1024.4425048828125 4485.34765625 1837.0997314453125 1546.4068603515625 161.7319793701171875 1361.011474609375 3811.995361328125 2843.09326171875 3265.439453125 653.833740234375 2386.600341796875 368.811492919921875 1836.986083984375 2222.180419921875 4963.8046875 1930.52880859375 733.34771728515625 2802.30224609375 1559.60107421875 1218.2392578125 0 0 0 0 0 0 0 0 53.72600555419921875 0 0 0 0 0 0 0 0 0 0 0 0 0 0 0.1821575164794921875 0 0 0 0 0 0
2655.96044921875 1468.1221923828125 0 0 836.62298583984375 3536.3759765625 2962.74462890625 1664.29736328125 2106.596435546875 3072.9208984375 2979.017578125 2827.78076171875 61.638256072998046875 0 0 0 0 0 1606.3690185546875 3760.89208984375 397.20166015625 0 1558.5992431640625 0 0 0 0 0 0 0 0 746.6612548828125 0 0 0 0 0 0 0 0 0 0 0 0 1855.05615234375 46.1539764404296875 4253.572265625 1057.052001953125 0 0 0 0 0
3812.58642578125 1813.5634765625 0 0 0 1754.758544921875 2048.45458984375 2360.13720703125 4034.615478515625 2372.923828125 1659.3775634765625 1913.9522705078125 918.4322509765625 0 0 0 0 0 791.8614501953125 570.19635009765625 0 0 0 0 0 0 0 0 0 0 0 42.908939361572265625 0 0 0 0 0 0 0 0 0 0 0 981.393798828125 5507.107421875 1093.42724609375 716.36785888671875 601.68829345703125 0 0 0 0 0
3938.13818359375 1960.4520263671875 1037.99072265625 6.4006414413452148438 0 1156.2335205078125 3121.146728515625 2776.80029296875 3037.99755859375 2290.9755859375 2194.599853515625 2937.572021484375 1628.988525390625 0 0 0 0 0 0 0 0 0 0 0 278.16314697265625 0 0 0 0 0 0 0 36.4000244140625 0 0 0 0 0 0 0 0 0 0 9083.94140625 964.4566650390625 1212.4033203125 1393.213134765625 292.4327392578125 0 0 0 0 0
3846.072998046875 3832.677978515625 964.8885498046875 3621.280029296875 3335.2841796875 39.084075927734375 3006.896728515625 2586.585205078125 2615.358642578125 3051.811279296875 1818.5614013671875 2240.808837890625 1685.734130859375 0 0 0 0 0 0 0 0 0 0 0 1205.5240478515625 295.03607177734375 0 100.87282562255859375 980.0482177734375 64.6256256103515625 0 0 0 0 0 0 0 0 0 0 0 0 1109.295166015625 2886.401611328125 8016.0029296875 1454.7181396484375 727.068115234375 0 0 0 0 0 0
3427.3798828125 1788.4412841796875 2200.539794921875 801.278076171875 3274.2568359375 2684.46337890625 1990.228271484375 2716.99462890625 973.1590576171875 1674.6810302734375 3144.0703125 1737.0787353515625 6462.46875 761.55157470703125 0 0 0 0 0 0 0 0 55.88578033447265625 0 422.4268798828125 4811.6357421875 1428.637939453125 1570.5869140625 2912.27392578125 391.225830078125 582.5418701171875 267.5264892578125 0 0 0 0 0 0 0 0 0 0 1079.7745361328125 5187.3486328125 573.5660400390625 3588.406005859375 1702.906005859375 10000 2263.331787109375 0 19.7109527587890625 4415.4345703125 4214.44287109375
2836.3076171875 2376.22509765625 2078.1357421875 1180.36181640625 3340.261474609375 3314.0107421875 2952.578369140625 4473.3173828125 9648.005859375 3254.0029296875 3511.354248046875 54.85427093505859375 1661.248779296875 4295.82373046875 0 0 152.01409912109375 1610.2178955078125 100.39867401123046875 0 847.08319091796875 2721.989501953125 0 728.59320068359375 2418.596923828125 2907.09912109375 2459.989990234375 252.57940673828125 4329.9794921875 1278.010986328125 888.82049560546875 0 0 0 0 92.74204254150390625 0 0 0 0 0 0 582.1099853515625 1645.07568359375 1741.1322021484375 1419.017578125 3261.7919921875 84.86779022216796875 865.7459716796875 211.4839324951171875 411.825531005859375 583.53900146484375 2025.191650390625
2149.426513671875 2012.8035888671875 71.90491485595703125 1833.2967529296875 2202.145751953125 2915.428955078125 3020.783447265625 1791.26318359375 283.074737548828125 3210.468994140625 3713.961181640625 976.544677734375 744.16363525390625 0 0 0 2332.38916015625 1402.2606201171875 4307.30029296875 1950.664306640625 1776.747802734375 634.36383056640625 1632.250244140625 4156.20361328125 1745.21044921875 1208.090576171875 2353.876708984375 3165.24267578125 3176.5537109375 4052.384765625 3526.544189453125 809.3924560546875 547.16455078125 660.73370361328125 101.1111602783203125 5794.82373046875 823.93023681640625 0 0 0 0 0 63.311855316162109375 968.341064453125 522.431884765625 287.2919921875 695.1669921875 2124.37451171875 1143.726318359375 837.65972900390625 814.47943115234375 1793.071044921875 3571.657470703125
3006.90966796875 2290.070068359375 2127.213623046875 1884.3134765625 4036.880615234375 2616.92333984375 1690.4547119140625 3260.09423828125 3554.42578125 444.5279541015625 1170.678466796875 2178.265625 3415.24267578125 1165.7408447265625 0 0 1557.0338134765625 159.007354736328125 3479.92919921875 1871.2294921875 671.5723876953125 912.77410888671875 6272.93017578125 921.2979736328125 1317.295166015625 3905.53125 1414.4967041015625 1670.4351806640625 575.55596923828125 1895.968017578125 1072.9686279296875 2851.575927734375 1569.4892578125 836.519775390625 2044.876708984375 1034.7733154296875 0 0 0 0 0 0 0 144.102813720703125 3804.49609375 586.35986328125 567.3494873046875 2443.8232421875 2702.22265625 3051.551025390625 2919.565673828125 5792.04150390625 5669.623046875
1258.6728515625 2976.15478515625 3402.010986328125 1899.9195556640625 1258.8828125 1822.269775390625 2084.39453125 2717.68212890625 1735.3289794921875 97.460693359375 1943.936279296875 3119.4150390625 3204.56494140625 1728.6397705078125 0 0 0 1344.4940185546875 3506.849365234375 2982.09912109375 3592.1796875 2578.1630859375 2003.503662109375 1535.649658203125 5345.4345703125 4461.84033203125 4183.28076171875 3126.723388671875 1061.904541015625 596.028076171875 5010.3798828125 2873.8447265625 2895.6875 2850.99169921875 1341.7919921875 694.82794189453125 0 0 0 0 0 0 0 556.57415771484375 4949.35302734375 777.16839599609375 1469.475830078125 1519.1470947265625 1982.65625 3205.15771484375 1592.983642578125 3472.2744140625 2142.91259765625
16.528062820434570312 3423.25830078125 4062.360595703125 2649.295166015625 4229.99951171875 2782.58544921875 1169.147705078125 3065.310791015625 678.04669189453125 2295.1982421875 2107.346435546875 2336.333251953125 3435.810546875 1458.5926513671875 0 0 0 0 1520.2120361328125 3733.821044921875 3513.41357421875 4651.0302734375 2009.543701171875 3260.724365234375 4382.85498046875 4344.162109375 3565.50244140625 2249.07177734375 4037.504150390625 394.970947265625 1680.654296875 1414.230712890625 837.78533935546875 3466.67431640625 1485.019287109375 0 0 0 0 0 2795.306396484375 1471.876953125 1032.556640625 4131.5556640625 668.90576171875 4841.46630859375 569.08782958984375 890.2786865234375 1223.4365234375 484.216156005859375 477.234771728515625 2911.71728515625 5901.7734375
656.75689697265625 2193.33154296875 1564.1236572265625 5839.9609375 5465.16357421875 2851.55712890625 2456.737060546875 3459.17333984375 2727.385986328125 3004.123779296875 2347.27587890625 1069.14892578125 2928.19921875 967.71771240234375 0 0 0 0 0 1354.83740234375 3969.67333984375 3133.861083984375 3711.513427734375 1701.2325439453125 4911.5703125 4113.345703125 5322.67919921875 4876.1611328125 4735.25927734375 3521.412841796875 4633.5419921875 910.5567626953125 1796.15478515625 2192.270751953125 318.941986083984375 0 0 0 187.8227996826171875 327.71478271484375 1078.5401611328125 1863.4271240234375 2671.428955078125 2951.320068359375 1125.4686279296875 2889.742431640625 6502.15380859375 1169.277099609375 2502.271484375 4375.8408203125 5093.716796875 1037.2445068359375 321.511199951171875
7902.75390625 850.30645751953125 3983.8623046875 3831.306640625 5185.70361328125 2811.87890625 7668.58935546875 2382.50048828125 3458.210205078125 191.276214599609375 0 697.8829345703125 2566.5595703125 1986.7274169921875 0 0 0 0 1318.1083984375 2296.31982421875 1962.827880859375 2464.52587890625 2737.486328125 2483.31982421875 2919.81201171875 3642.3310546875 5350.1015625 4894.3466796875 2707.971435546875 3810.752197265625 5700.14697265625 1564.1455078125 1953.107421875 2181.5634765625 3923.7412109375 0 942.24334716796875 391.691314697265625 2254.88623046875 673.724609375 1907.821044921875 3236.364501953125 2765.013427734375 1975.8382568359375 3559.965576171875 1265.9072265625 2053.119873046875 267.848846435546875 1081.8353271484375 1335.1824951171875 3296.127685546875 3780.25732421875 676.06292724609375
1733.9891357421875 2570.493408203125 4323.17236328125 4876.4755859375 4122.5009765625 332.752777099609375 2106.256591796875 4785.58056640625 1401.215087890625 5326.38623046875 144.7341156005859375 16.930086135864257812 3948.143310546875 2110.804931640625 0 0 0 8.08849334716796875 3803.099609375 3454.6123046875 3285.743896484375 2724.12255859375 3937.712158203125 3986.71337890625 4129.59326171875 2997.31005859375 3907.872314453125 3739.856201171875 2543.196044921875 4805.53759765625 2391.95361328125 2743.64306640625 1590.2459716796875 0 931.27984619140625 132.11846923828125 4166.15576171875 1509.6947021484375 700.947265625 3737.27734375 3708.517578125 3461.99267578125 1835.3387451171875 3082.214111328125 1958.804443359375 6115.97412109375 1928.364990234375 1041.223876953125 1401.6522216796875 4757.2685546875 1388.220458984375 1449.51318359375 2890.2451171875
