PredictorVariables/BuildingHeight_Mean_500m/BuildingHeightMean_focal.asc
ncols        529
nrows        344
xllcorner    2700.000000000000
yllcorner    15900.000000000000
cellsize     100.000000000000
NODATA_value  nan
[rows 184 to 206 of 344, columns 0 to 51 of 529]
nan nan nan nan nan nan nan nan nan nan nan nan nan nan nan nan 9.5 36 52.5 54.5 82.5 125.16666412353515625 151.5666656494140625 153.8166656494140625 134.383331298828125 121.66666412353515625 121.71428680419921875 118.83333587646484375 93.46666717529296875 75.33333587646484375 65.5 63.166667938232421875 37.666667938232421875 20.5 7 nan nan nan nan nan nan nan nan nan nan nan nan nan nan 34 96.33333587646484375 103.26666259765625
nan nan nan nan nan nan nan nan nan nan nan nan nan nan nan 9.5 53 75.66666412353515625 80.5 84 131.5 156.3000030517578125 171.4666595458984375 177.75238037109375 157.2166595458984375 149.2166748046875 146.0666656494140625 159.0333404541015625 149.3000030517578125 137.633331298828125 123.33333587646484375 89 66.16666412353515625 43.333332061767578125 14 nan nan nan nan nan nan nan nan nan nan nan nan nan 13 65.83333587646484375 113.66666412353515625 138.1666717529296875
nan nan nan nan nan nan nan nan nan nan nan nan nan nan 9.5 37 86.16666412353515625 118.41666412353515625 120.33333587646484375 122.66666412353515625 129.0714263916015625 176.5 197.157135009765625 174.4190521240234375 166.37738037109375 170.73333740234375 163.866668701171875 172.3000030517578125 184.4666748046875 173.9666748046875 147.8000030517578125 128.8333282470703125 108.5 85.66666412353515625 38.66666412353515625 7 nan nan nan nan nan nan nan nan nan nan nan nan 37.5 81.5 114.83333587646484375 141.6666717529296875
nan nan nan nan nan nan nan nan nan nan nan nan nan nan 13.5 52.666667938232421875 89.91666412353515625 133.0833282470703125 153.25 137.5714263916015625 126.5714263916015625 156.4285736083984375 181.5238037109375 180.5821380615234375 181.494049072265625 175.89404296875 161.0833282470703125 177.633331298828125 177.9666748046875 181.133331298828125 157.6666717529296875 159.8333282470703125 140.8333282470703125 113.5 92.66666412353515625 38.66666412353515625 7 17.5 22 22 nan nan nan nan nan nan nan 19.5 38.5 74.5 99.5 115.83333587646484375
nan nan nan nan nan nan nan nan nan nan nan nan nan nan 17 42.75 88.58333587646484375 126.25 139.8214263916015625 133.98809814453125 137.4761962890625 155.0476226806640625 165.1869049072265625 180.532135009765625 183.10357666015625 162.2083282470703125 163.375 165.50640869140625 177.73333740234375 153.8333282470703125 125.5 127.16666412353515625 147.8333282470703125 136.3333282470703125 105.75 53 57.5 69.5 87.5 44 22 nan nan nan nan nan nan nan 19.5 38.5 74.5 55
nan nan nan nan nan nan nan nan nan nan nan nan nan nan nan 30 103.25 119.58333587646484375 103.91666412353515625 127.90476226806640625 157.3095245361328125 161.5142822265625 168.4428558349609375 181.6869049072265625 178.246429443359375 204.9131011962890625 187.0540313720703125 177.0230712890625 159.5819091796875 163.9333343505859375 119.33333587646484375 95.16666412353515625 107.66666412353515625 144.75 98.08333587646484375 95.25 119.5 147.5 117.5 95.75 44 22 nan nan nan nan nan nan nan 19.5 19 18
nan nan nan nan nan nan nan nan nan nan nan nan nan nan nan 78 136.5 142 115.33333587646484375 121.23809814453125 158.8095245361328125 176.5714263916015625 177.1809539794921875 167.4428558349609375 168.3297576904296875 193.7921295166015625 202.3087921142578125 203.1295166015625 204.9152374267578125 155.4152374267578125 88.09999847412109375 43 85.08333587646484375 130.0833282470703125 142.0833282470703125 112.08333587646484375 124.25 133.5 166.25 117.0500030517578125 64.25 nan nan nan nan nan nan nan nan nan nan nan
nan nan nan nan nan nan nan nan nan nan nan nan 24 24 78 190.5 208.75 192.75 169.75 138.3333282470703125 164.23809814453125 187.904754638671875 171.3214263916015625 156.371429443359375 185.4523773193359375 202.2857208251953125 212.0295257568359375 247.6295166015625 259.6295166015625 200.6588287353515625 84.0588226318359375 63.33333587646484375 93 142.5833282470703125 150.0833282470703125 119.08333587646484375 109.33333587646484375 157.25 139.5500030517578125 83.5500030517578125 25.049999237060546875 16.25 nan nan nan nan nan nan nan nan nan nan
nan nan nan nan nan nan nan nan nan nan nan 24 72 114 154 258.75 316.916656494140625 267.25 196.4166717529296875 150.4166717529296875 157.8333282470703125 184.48809814453125 168.6666717529296875 168.25 185.0714263916015625 218.5476226806640625 248.2142791748046875 290.196197509765625 272.992156982421875 236.5588226318359375 153.0833282470703125 104.66666412353515625 135.5 169.5 159.5833282470703125 121.33333587646484375 139.5 145.3000030517578125 123.5500030517578125 65.5500030517578125 48.549999237060546875 36.46666717529296875 28 nan nan nan nan nan nan nan nan nan
nan nan nan nan nan nan nan nan nan nan 24 72 120 160.5 245 317.666656494140625 358.25 275.916656494140625 172.75 170.8333282470703125 172.7023773193359375 173.9166717529296875 188.6666717529296875 166.5 146.25 190.5 254.7142791748046875 267.5 271.058837890625 230.2833404541015625 196.3166656494140625 170.25 171.5 189.5 161.5 138.5 143 130.5 122.3000030517578125 127.5500030517578125 92.46666717529296875 80.41666412353515625 59.66666412353515625 20 nan nan nan nan nan nan nan nan
nan nan nan nan nan nan nan nan nan nan 24 96 142.5 189 236.1666717529296875 270.5 296 258.25 166.8333282470703125 146.9523773193359375 172.869049072265625 184.7023773193359375 167.9166717529296875 133.6666717529296875 120.25 144 125 171.5 232.4499969482421875 242.1833343505859375 187.6833343505859375 179.149993896484375 195.25 200.1666717529296875 164.3333282470703125 123.33333587646484375 102.5 132 144.5 146.4666595458984375 138.4166717529296875 123.08333587646484375 106.41666412353515625 59.66666412353515625 20 nan nan nan nan nan nan nan
nan nan nan nan nan nan nan nan nan nan 24 63.5 118.5 148 159.8333282470703125 195.5 188.5 177.6666717529296875 154.7857208251953125 159.841278076171875 183.2857208251953125 182.1690521240234375 149.2023773193359375 94.16666412353515625 71.66666412353515625 61 73.5 89.6999969482421875 136.4333343505859375 178.6833343505859375 202.1833343505859375 205.6833343505859375 203.5666656494140625 166.5 130.5 93.47618865966796875 112.23332977294921875 117.5 119 103.75 142.0833282470703125 169.8333282470703125 130.8333282470703125 73.75 20 nan nan nan nan nan nan nan
nan nan nan nan nan nan nan nan nan nan nan 24 63.5 70.5 52 98.33333587646484375 104.5 89.83333587646484375 135.3055572509765625 163.724609375 171.8079376220703125 160.7940521240234375 132.01666259765625 87.366668701171875 33.5 6 28.5 54.833332061767578125 67.53333282470703125 130.9333343505859375 165.6833343505859375 179.899993896484375 168 155.5 119.64286041259765625 110.54285430908203125 111.376190185546875 105.73332977294921875 92.5 83.66666412353515625 123.16666412353515625 163.5833282470703125 137.9166717529296875 64.41666412353515625 14 nan nan nan nan nan nan nan
nan nan nan nan nan nan nan nan nan nan nan nan 24 15.5 7 22.5 40.83333587646484375 68.388885498046875 109.52222442626953125 149.2388916015625 161.3329315185546875 152.5305633544921875 121.84166717529296875 85.96666717529296875 31.866666793823242188 16 nan 21.5 60.333332061767578125 102.03333282470703125 108.23332977294921875 107 115.66666412353515625 137.8095245361328125 149.5428619384765625 117.876190185546875 117.376190185546875 89.04285430908203125 68.90000152587890625 71.75 96.16666412353515625 113.91666412353515625 107.16666412353515625 57.5 16.75 nan nan nan nan nan nan nan
nan nan nan nan nan nan nan nan nan nan nan nan nan nan nan nan 13 45.96666717529296875 85.85555267333984375 125.997222900390625 151.34722900390625 142.741668701171875 134.6750030517578125 94.875 68.33333587646484375 44.866664886474609375 44 30 62.5 73.08333587646484375 83.25 99.5 101.25 118.16666412353515625 119.64286041259765625 131.376190185546875 101.54285430908203125 79.40000152587890625 45 52.5 61.75 73.16666412353515625 73.5 48.75 22 6 nan nan nan nan nan nan
nan nan nan nan nan nan nan nan nan nan nan nan nan nan nan nan nan 26 62.5666656494140625 89.95555877685546875 101.9416656494140625 121.5749969482421875 127.97499847412109375 139.5 113.1999969482421875 85.33333587646484375 90.66666412353515625 97.5 87 91.16666412353515625 93.40000152587890625 104.75 125.25 107.75 98.5 83.14286041259765625 65.40000152587890625 39 23.5 6 16 42.75 48.75 22 6 nan nan nan nan nan nan nan
nan nan nan nan nan nan nan nan nan nan nan nan nan nan nan nan nan nan 26 38.0666656494140625 63.09999847412109375 77.64166259765625 105.633331298828125 126.6999969482421875 138.1666717529296875 125 127 126.5 137.4166717529296875 131.3166656494140625 134.5666656494140625 118.40000152587890625 119.5 158.25 91.75 43 11.5 11.5 6 nan nan 16 16 6 nan nan nan nan nan nan nan nan
nan nan nan nan nan nan nan nan nan nan nan nan nan nan nan nan nan nan nan 13 12.600000381469726562 43.5 79.16666412353515625 84.5 99 126 110.75 124.91666412353515625 137.0666656494140625 144.0666656494140625 130.0666656494140625 135.5666656494140625 168.48333740234375 171.25 98 15 nan nan nan nan nan nan nan nan nan nan nan nan nan nan nan nan
nan nan nan nan nan nan nan nan nan nan nan nan nan nan nan nan nan nan 5 4.6666665077209472656 nan 8 41.166667938232421875 66.33333587646484375 47 48 66 91.75 100.41666412353515625 96.0666656494140625 103.8166656494140625 151.73333740234375 223.0833282470703125 192.5833282470703125 97.75 37 nan nan nan nan nan nan nan nan nan nan nan nan nan nan nan nan
nan nan nan nan nan nan nan nan nan nan nan nan nan nan nan nan nan 5 14.166666030883789062 11.666666030883789062 12.666666030883789062 15.666666030883789062 42.666667938232421875 56.666667938232421875 34 nan 28.5 44.5 46.75 65.16666412353515625 82.23333740234375 147.8333282470703125 208.0833282470703125 199.5833282470703125 138.3333282470703125 37 17 15 nan nan nan nan nan nan nan nan nan nan nan nan nan nan
nan nan nan nan nan nan nan nan nan nan nan nan nan nan nan nan 5 14.166666030883789062 16.166666030883789062 20.166666030883789062 23.333332061767578125 47.333332061767578125 57.666667938232421875 57.666667938232421875 47 26 13 9.5 25.5 27 62 110.33333587646484375 147.5833282470703125 175.3333282470703125 128 80.5 47 47 15 nan nan nan nan nan nan nan nan nan nan nan nan nan
nan nan nan nan nan nan nan nan nan nan nan nan nan nan nan nan 4.5 11.5 16.166666030883789062 16.166666030883789062 30.166666030883789062 43.666667938232421875 57.666667938232421875 62 81.33333587646484375 74.133331298828125 54.5 13 9.5 7 nan 45.5 101.33333587646484375 128 100 94.75 88.5 62 47 15 nan nan nan nan nan nan nan nan nan nan nan nan
nan nan nan nan nan nan nan nan nan nan nan nan nan nan nan nan nan 4.5 11.5 11.166666030883789062 2 19 50 81.33333587646484375 97.133331298828125 117.133331298828125 109.29999542236328125 54.5 13 nan nan nan 46 83 73.25 112.25 101.75 80.5 45 15 nan nan nan nan nan nan nan nan nan nan nan nan
