PredictorVariables/BuildingHeight_Mean_500m/BuildingHeightMean_focal.asc
ncols        529
nrows        344
xllcorner    2700.000000000000
yllcorner    15900.000000000000
cellsize     100.000000000000
NODATA_value  nan
[rows 161 to 183 of 344, columns 364 to 415 of 529]
368.961669921875 375.519989013671875 356.883331298828125 306.1583251953125 214.649993896484375 201.4250030517578125 195.524993896484375 261.116668701171875 373.8033447265625 417.931671142578125 390.9033203125 295.63665771484375 140.470001220703125 89.75 95.5 103 93.5 125 135.622222900390625 146.7424468994140625 151.42962646484375 147.6407470703125 126.33333587646484375 116.4965057373046875 89.4326324462890625 76.47707366943359375 74.9411773681640625 68.5 57.5 37.5 25.5 nan nan 7 nan nan nan nan nan nan nan nan 4 nan 4 8 8 4 nan nan nan nan
395.4283447265625 426.291656494140625 390.008331298828125 324.4083251953125 293.333343505859375 289.850006103515625 301.125 289.42498779296875 399.056671142578125 399.203338623046875 310.144989013671875 234.970001220703125 192.850006103515625 136.6666717529296875 106.4285736083984375 102 111.05999755859375 114.9305572509765625 135.6424560546875 150.823150634765625 158.3757781982421875 143.1296234130859375 134.4039154052734375 129.3906707763671875 129.92657470703125 115.1992950439453125 110.97707366943359375 115.4411773681640625 98.21428680419921875 82.5 33.5 13.5 nan nan nan nan nan nan nan nan nan nan nan nan nan 4 4 nan nan nan nan nan
402.3416748046875 435.541656494140625 395.39166259765625 410.808349609375 412.899993896484375 383.116668701171875 390.475006103515625 405.92333984375 402.165008544921875 387.88165283203125 267.220001220703125 230.75 223.76666259765625 185.095245361328125 136.595245361328125 109.933013916015625 116.3829193115234375 120.94782257080078125 129.2240753173828125 152.589813232421875 150.92315673828125 149.4808349609375 145.533203125 144.916168212890625 146.9073333740234375 147.42657470703125 140.47552490234375 139.35595703125 148.2142791748046875 104.21428680419921875 50.5 12 4 nan nan nan nan nan nan nan nan nan nan nan nan nan nan nan nan nan nan nan
397.566650390625 390.79998779296875 403.76666259765625 455.808349609375 493.3416748046875 436.066680908203125 441.089996337890625 470.394744873046875 404.19476318359375 360.635009765625 352.489990234375 286.166656494140625 197.9619140625 222.115234375 231.9996795654296875 168.7392730712890625 133.7559356689453125 132.830291748046875 137.8951873779296875 146.7240753173828125 153.200927734375 156.0310821533203125 156.510986328125 159.9832000732421875 160.666168212890625 159.122955322265625 159.601409912109375 172.134735107421875 146.5892791748046875 109.21428680419921875 58.71428680419921875 25 4 nan nan nan nan nan nan nan nan nan nan nan nan nan nan nan nan nan nan nan
405.79998779296875 406.92498779296875 400.633331298828125 418.958343505859375 435.76666259765625 454.899993896484375 412.996429443359375 429.60784912109375 404.111175537109375 340.31475830078125 337.936676025390625 302.7166748046875 302.1533203125 311.726348876953125 255.0576019287109375 199.1309356689453125 151.6440277099609375 145.827362060546875 149.7702789306640625 152.79351806640625 155.8003082275390625 158.552947998046875 164.5337066650390625 166.760986328125 165.1347198486328125 154.0037841796875 158.0371246337890625 147.834747314453125 129.134735107421875 86.58928680419921875 59 21 nan nan nan nan nan nan nan nan nan nan nan nan nan nan 10 nan nan nan nan nan
406.7880859375 365.958343505859375 361.7833251953125 333.98333740234375 352.433349609375 336.9130859375 303.842864990234375 305.821197509765625 337.53619384765625 334.179534912109375 294.774749755859375 324.948333740234375 438.436676025390625 369.8699951171875 298.6363525390625 225.1623687744140625 194.202362060546875 158.13958740234375 155.5 155.4473724365234375 156 157.852935791015625 161.052947998046875 151.8670501708984375 139.98333740234375 127.32878875732421875 101.7871246337890625 92.2871246337890625 86.78928375244140625 66 21 nan nan nan nan nan nan nan nan nan nan nan nan nan nan 20 20 16 nan nan nan nan
324.899993896484375 332.383331298828125 293.758331298828125 296.79705810546875 247.4250030517578125 214.5333251953125 205.52142333984375 210.52618408203125 217.6295166015625 256.9080810546875 295.638580322265625 387.241668701171875 438.97833251953125 421.4466552734375 320.296661376953125 222.32110595703125 178.29791259765625 172.1999969482421875 156 156 144 149 137.5196075439453125 111.366668701171875 89.08333587646484375 71.03333282470703125 59.07878875732421875 40.075000762939453125 32 17 nan nan nan nan nan nan nan nan nan nan nan nan nan 5 25 37.59999847412109375 44 32 16 nan 4.4000000953674316406 5
276.5 258.066680908203125 197.022064208984375 174.322052001953125 183.9637298583984375 157.600006103515625 168.9499969482421875 160.471435546875 163.73809814453125 214.1635894775390625 302.451934814453125 370.4769287109375 392.639556884765625 400.0050048828125 370.959991455078125 230.3766632080078125 166.2599945068359375 132 144 132 125 106 94 77.16666412353515625 47.666667938232421875 22.333333969116210938 10.199999809265136719 15 nan nan nan nan nan nan nan nan nan nan nan nan nan nan 5 25 42.59999847412109375 61.59999847412109375 57.59999847412109375 50 22 10.399999618530273438 15.149999618530273438 15.733333587646484375
192.25 181.022064208984375 155.0053863525390625 161.13873291015625 161.2470550537109375 156.147064208984375 156 157.866668701171875 171.5493621826171875 186.90191650390625 235.4269256591796875 314.45611572265625 350.264801025390625 352.14788818359375 287.05999755859375 252.160003662109375 154.6999969482421875 111 96 89 82 70 46 34 15.666666984558105469 nan nan nan nan nan nan nan nan nan nan nan nan nan nan nan nan 5 15 27.600000381469726562 50.59999847412109375 61.59999847412109375 67.59999847412109375 37.59999847412109375 30.399999618530273438 25.649999618530273438 24.483333587646484375 21.483333587646484375
155.741668701171875 154.0625 167.522064208984375 162.3720550537109375 156.772064208984375 156 157.866668701171875 170.472442626953125 186.222442626953125 191.0493621826171875 199.1977691650390625 233.4061126708984375 286.1541748046875 265.829559326171875 256.91455078125 199.6999969482421875 136.5 93 63 36 29 22 22 5 nan nan nan nan nan nan nan 4 6.3333334922790527344 nan nan nan nan nan nan nan nan 5 15 25 32.59999847412109375 45.59999847412109375 41.59999847412109375 31 22.25 29.983333587646484375 28.983333587646484375 24.483333587646484375
191.4732208251953125 177.4791717529296875 169.4375 158.209564208984375 158.4782562255859375 159.75 165.897430419921875 185.0474395751953125 189.347442626953125 189.5887451171875 180.7740020751953125 172.879180908203125 160.595855712890625 199.5458526611328125 205.6999969482421875 151.5 102 57 27 12 nan 5 5 nan nan nan nan nan nan nan 8 14.277777671813964844 10.333333969116210938 6.3333334922790527344 nan nan nan nan nan nan nan nan 5 15 20 17.600000381469726562 19 16.5 13.5 19.25 29.983333587646484375 24.583333969116210938
214.287506103515625 209.5625 177.215911865234375 160.76397705078125 164.9542236328125 172.894927978515625 181.2166748046875 226.347442626953125 165.897430419921875 161.5807647705078125 141.116302490234375 107.34130096435546875 99.0458526611328125 108.5 119.5 90 75 30 nan nan nan nan nan nan nan nan nan nan nan 8 18.27777862548828125 18.27777862548828125 14.277777671813964844 10.333333969116210938 6.3333334922790527344 nan nan nan nan nan nan nan nan 5 5 5 nan 6 10.5 13.5 13.25 9.3333339691162109375
241.212493896484375 217.69091796875 199.4382171630859375 190.455841064453125 204.5316009521484375 243.1708984375 314.111602783203125 277.26666259765625 224.7474365234375 97.8000030517578125 73.22499847412109375 59.491302490234375 38 34 45 45 30 nan nan nan nan nan nan 5 4 nan 4 nan 4 7.9444446563720703125 11.944444656372070312 18.27777862548828125 18.27777862548828125 10.277777671813964844 nan nan nan nan nan nan nan nan nan nan nan nan nan nan 6 4.5 3 nan
255.99090576171875 216.5724639892578125 263.47760009765625 266.705841064453125 317.18084716796875 425.319091796875 466.071807861328125 453.2833251953125 359.350006103515625 146.649993896484375 21.100000381469726562 13 13 nan 15 15 nan nan nan nan nan nan 5 13 12 8 4 4 nan 4 7.9444446563720703125 11.944444656372070312 10.277777671813964844 nan nan nan nan nan nan nan nan nan nan nan nan nan nan nan nan nan nan nan
292.42498779296875 359.590911865234375 312.001617431640625 485.9359130859375 466.635772705078125 580.0384521484375 627.16668701171875 672.61663818359375 465.816650390625 227.8000030517578125 51.5 nan nan nan nan nan nan nan nan nan nan 5 13 16 20 16 8 4 4 nan 4 3.9444444179534912109 nan nan nan nan nan nan nan nan nan nan nan nan nan nan nan nan nan nan nan nan
405.083343505859375 481.625 468.42425537109375 453.702392578125 628.12176513671875 605 702.75 615.9000244140625 415.899993896484375 232 98 nan nan nan nan nan nan nan nan nan nan 4 12 16 16 15 7 4 nan nan nan nan nan nan nan nan nan nan nan nan nan nan nan nan nan nan nan nan nan nan nan nan
452.308319091796875 511.833343505859375 504.083343505859375 479.25 398.083343505859375 486.583343505859375 435 440.899993896484375 288.5 149.5 nan nan nan nan nan nan nan nan nan nan nan nan 4 12 11 3 4 nan nan nan nan nan nan nan nan nan nan nan nan nan nan nan nan nan nan nan nan nan nan nan nan nan
468.666656494140625 362.333343505859375 371.833343505859375 264 262.5 155.3333282470703125 189 139 149.5 nan nan nan nan nan nan nan nan nan nan nan nan nan nan 4 3 nan nan nan nan nan nan nan nan nan nan nan nan nan nan nan nan nan nan nan nan nan nan nan nan nan nan nan
394.833343505859375 278.333343505859375 113.5 105 37 71.5 5 51.5 nan nan nan nan nan nan nan nan nan nan nan nan nan nan nan nan nan nan nan nan nan nan nan nan nan nan nan nan nan nan nan nan nan nan nan nan nan nan nan nan nan nan nan nan
132.3333282470703125 118 4 nan nan nan nan nan nan nan nan nan nan nan nan nan nan nan nan nan nan nan nan nan nan nan nan nan nan nan nan nan nan nan nan nan nan nan nan nan nan nan nan nan nan nan nan nan nan nan nan nan
45 8.5 8.5 4 nan nan nan nan nan nan nan nan nan nan nan nan nan nan nan nan nan nan nan nan nan nan nan nan nan nan nan nan nan nan nan nan nan nan nan nan nan nan nan nan nan nan nan nan nan nan nan nan
8.5 8.5 8.5 8.5 4 nan nan nan nan nan nan nan nan nan nan nan nan nan nan nan nan nan nan nan nan nan nan nan nan nan nan nan nan nan nan nan nan nan nan nan nan nan nan nan nan nan nan nan nan nan nan nan
8.5 8.5 8.5 4 nan nan nan nan nan nan nan nan nan nan nan nan nan nan nan nan nan nan nan nan nan nan nan nan nan nan nan nan nan nan nan nan nan nan nan nan nan nan nan nan nan nan nan nan nan nan nan nan
