PredictorVariables/BuildingHeight_Mean_500m/BuildingHeightMean_focal.asc
ncols        529
nrows        344
xllcorner    2700.000000000000
yllcorner    15900.000000000000
cellsize     100.000000000000
NODATA_value  nan
[rows 161 to 183 of 344, columns 312 to 363 of 529]
396.380828857421875 386.29998779296875 318.0333251953125 316.5333251953125 302.5333251953125 335.600006103515625 316.633331298828125 350.48333740234375 370.70001220703125 376.899993896484375 365.894439697265625 379.2166748046875 344.833343505859375 344.0333251953125 288.638092041015625 309.98333740234375 335.73333740234375 388.73333740234375 425.32666015625 384.02667236328125 295.459991455078125 207.0333251953125 176.8333282470703125 173.7642822265625 174.3829193115234375 205.2922515869140625 241.112579345703125 220.418243408203125 210.572113037109375 163.5334625244140625 156.6646881103515625 156.27777099609375 156 157.634613037109375 165.3333282470703125 205.051666259765625 273.785003662109375 339.89666748046875 389.1533203125 390.9949951171875 358.670013427734375 348.273345947265625 345.056671142578125 388.30999755859375 384.49334716796875 364.800018310546875 344.16668701171875 323.496673583984375 253.2383270263671875 208.503326416015625 209.6783294677734375 299.916656494140625
400.4033203125 446.053314208984375 456.226654052734375 365.20001220703125 366.5 357.51666259765625 349.04998779296875 297.23333740234375 306.350006103515625 290.407135009765625 303.366668701171875 295.7833251953125 272.916656494140625 222.3380889892578125 207.2047576904296875 226.4380950927734375 279.600006103515625 384.760009765625 443.62664794921875 429.226654052734375 309.09332275390625 228.4600067138671875 183.8000030517578125 157.8333282470703125 160.380279541015625 180.7346343994140625 205.8936309814453125 218.211578369140625 222.400299072265625 216.42083740234375 159.34027099609375 156 156 156 157.4499969482421875 184.9583282470703125 250.443328857421875 328.133331298828125 387.878326416015625 380.515838623046875 356.66168212890625 332.40667724609375 333.040008544921875 331.915679931640625 329.08001708984375 307.11334228515625 301.399993896484375 251.725006103515625 220.0883331298828125 205.4799957275390625 233.69500732421875 331.806671142578125
365.4566650390625 430.943328857421875 410.80999755859375 367.8599853515625 319.866668701171875 333.633331298828125 284.29998779296875 232.0666656494140625 175.0738067626953125 213.390472412109375 202.27142333984375 186.0333251953125 159.1880950927734375 161.3214263916015625 131.77142333984375 147.73809814453125 274.596435546875 390.5 459.44000244140625 398.726654052734375 319.226654052734375 242.6999969482421875 180.73333740234375 156 156 163.25445556640625 207.131134033203125 222.993621826171875 250.249847412109375 259.067626953125 205.25 156.1999969482421875 156 156 156 172.4499969482421875 226.5694427490234375 300.991668701171875 339.662506103515625 330.4658203125 296.500823974609375 254.2299957275390625 251.33233642578125 273.40234375 234.8356781005859375 210.75 187.76666259765625 207.8000030517578125 198.758331298828125 197.7550048828125 244.73333740234375 324.764984130859375
303.971649169921875 299.63165283203125 284.143341064453125 280.433319091796875 294.0333251953125 201.7166595458984375 213.649993896484375 156.623809814453125 132.607147216796875 120.6880950927734375 141.9380950927734375 109.02143096923828125 118.58333587646484375 103.5523834228515625 96.623809814453125 214.6631011962890625 290.44403076171875 407.264984130859375 397.606658935546875 363.97332763671875 277.399993896484375 217.100006103515625 167.633331298828125 157.894744873046875 156 156.5933380126953125 181.6977996826171875 247.187347412109375 274.283172607421875 281.51556396484375 237.6666717529296875 179.350006103515625 156 155.34375 153.5 163.52777099609375 194.227783203125 236.43194580078125 251.445831298828125 253.42083740234375 210.3874969482421875 178.020660400390625 173.4723358154296875 175.9356689453125 173.7756805419921875 134.6756744384765625 151 193.5500030517578125 183.26666259765625 192.225006103515625 265.23809814453125 337.0916748046875
250.2050018310546875 231.356658935546875 191.0800018310546875 183.5333404541015625 146.2166748046875 214.9166717529296875 207.0833282470703125 187.4166717529296875 144.48809814453125 138.48809814453125 111.9380950927734375 105.630950927734375 100.361907958984375 103.09999847412109375 169.2964324951171875 234.6964263916015625 335.744049072265625 350.4373779296875 363.83831787109375 285.073333740234375 201.8133392333984375 153.0666656494140625 158.9947357177734375 158.4780731201171875 159.394744873046875 156 168.7077178955078125 222.77069091796875 285.48223876953125 269.9603271484375 252.772216796875 194.608612060546875 152.6770782470703125 149.34375 144.87152099609375 139.2909393310546875 146.02777099609375 176.52777099609375 185.298614501953125 163.6875 139.3983154296875 124.72747802734375 127.21648406982421875 124.07567596435546875 133.1756744384765625 131.25 160.1666717529296875 182.8333282470703125 180 200.98809814453125 241.121429443359375 354.871429443359375
251.913330078125 216.5966644287109375 187.82666015625 129.8600006103515625 175.25 243.1666717529296875 284.416656494140625 278.25 280 253.5714263916015625 174.380950927734375 134.153564453125 148.2833404541015625 184.85333251953125 202.6390533447265625 253.4107208251953125 287.83642578125 364.777374267578125 256.092376708984375 184.513336181640625 133.426666259765625 140.666168212890625 162.7180633544921875 160.2352142333984375 157.65863037109375 159.9535675048828125 160.204437255859375 191.5796356201171875 248.550323486328125 256.677001953125 217.63702392578125 179.1190185546875 150.9190216064453125 136.340240478515625 137.44024658203125 133.8846893310546875 121.7909393310546875 128.52777099609375 134.5217437744140625 123.33013153076171875 116.735809326171875 120.860809326171875 122.490814208984375 116.24802398681640625 116.75 135 165.5 193.5 187.73809814453125 174.4380950927734375 244.02142333984375 360.671417236328125
336.1300048828125 257.1966552734375 199.5433349609375 178.1833343505859375 258.75 332.666656494140625 366.583343505859375 425.5 407.833343505859375 339 295.60595703125 272.708343505859375 242.442626953125 232.92333984375 243.5847625732421875 231.85809326171875 292.217376708984375 266.672393798828125 156.866668701171875 83.46666717529296875 106.31809234619140625 137.203094482421875 150.2866363525390625 155.61383056640625 152.4465179443359375 158.4969024658203125 161.0386810302734375 170.1877899169921875 196.607269287109375 216.1036834716796875 177.003692626953125 150.4370269775390625 134.582183837890625 129.1786651611328125 130.186737060546875 126.34648895263671875 119.5409393310546875 112.7848968505859375 116.20355987548828125 123.02022552490234375 140.0176239013671875 147.4158172607421875 139.8190155029296875 126.03699493408203125 121.861541748046875 133.25 162.75 192.0625 211.5 202.3214263916015625 240.104766845703125 319.27142333984375
372.89666748046875 316.371673583984375 258.85333251953125 247.852386474609375 262.583343505859375 328.333343505859375 412.833343505859375 468.166656494140625 425.166656494140625 345.725006103515625 301.375 305.095001220703125 352.84832763671875 330.847381591796875 256.0438232421875 259.451416015625 253.4279327392578125 208.6923828125 144.9333343505859375 79.45809173583984375 88.47690582275390625 111.61690521240234375 133.038848876953125 146.9971923828125 145.9985504150390625 155.473846435546875 168.3878173828125 165.52410888671875 164.251312255859375 172.965423583984375 154.67034912109375 131.42041015625 121.86208343505859375 124.92357635498046875 123.609649658203125 122.609649658203125 123.36823272705078125 121.95355987548828125 121.72022247314453125 138.17022705078125 163.8702239990234375 178.74249267578125 166.0953216552734375 144.3536529541015625 121.644683837890625 132.2115325927734375 160.9646759033203125 194.9375 196.5625 178.0833282470703125 164.27142333984375 216.1999969482421875
400.885009765625 334.7701416015625 289.34564208984375 258.55572509765625 265.369049072265625 332.56817626953125 414 337.833343505859375 350.166656494140625 304.366668701171875 236.225006103515625 258.57501220703125 332.874755859375 373.6685791015625 305.185028076171875 267.16790771484375 225.292083740234375 181.874603271484375 164.645294189453125 125.74056243896484375 75.51690673828125 116.017822265625 135.3802337646484375 135.2679290771484375 146.606658935546875 164.0106964111328125 171.4482421875 167.6519927978515625 159.5529937744140625 149.7476654052734375 138.458343505859375 121.91725921630859375 115.22148895263671875 116.09648895263671875 121.84648895263671875 121.84648895263671875 116.25 114.06340789794921875 130.1452178955078125 151.77099609375 169.538177490234375 182.61212158203125 183.0869903564453125 160.27801513671875 132.481353759765625 120.04608154296875 158.5896759033203125 184.5896759033203125 176.9375 168.0124969482421875 159.7357177734375 163.366668701171875
402.085693359375 329.9207763671875 244.9107818603515625 263.375640869140625 291.712860107421875 327.74127197265625 318.56817626953125 312 245.3333282470703125 213.220001220703125 177.5916748046875 246.4333343505859375 297.276580810546875 296.624755859375 278.85528564453125 217.5140228271484375 210.7642822265625 203.3368377685546875 154.64752197265625 101.3797454833984375 111.92858123779296875 137.6097564697265625 143.400238037109375 145.6927947998046875 163.053863525390625 172.9591827392578125 170.8439788818359375 162.1343994140625 152.2674713134765625 139.8728790283203125 129.5605621337890625 127.14850616455078125 115.52500152587890625 112.38816070556640625 115.33333587646484375 116.25 109.91176605224609375 110.90000152587890625 116.4586181640625 134.5772857666015625 159.111053466796875 177.806365966796875 174.1531524658203125 150.214691162109375 134.147613525390625 130.01312255859375 133.6256256103515625 170.0896759033203125 170.2896728515625 165.8607177734375 156.652374267578125 165.402374267578125
318.86822509765625 272.811279296875 241.4217376708984375 215.7105865478515625 261.903411865234375 232.5169219970703125 253.0388946533203125 278.31817626953125 260.486663818359375 168.822784423828125 178.0399932861328125 222.02825927734375 242.1277618408203125 256.6217041015625 203.069732666015625 162.880889892578125 160.428436279296875 185.7818756103515625 121.76636505126953125 126.2047882080078125 136.930908203125 145.164886474609375 154.5109405517578125 164.67626953125 169.1747894287109375 168.3621826171875 155.9510498046875 146.348876953125 134.3937530517578125 130.100433349609375 133.94586181640625 129.608856201171875 118.3050689697265625 110.5 110.5 109.91176605224609375 109.83350372314453125 110.6966552734375 112.211578369140625 120.74715423583984375 141.2277069091796875 159.5943756103515625 160.2863616943359375 151.4954376220703125 148.2547454833984375 145.3354949951171875 143.2054290771484375 150.31793212890625 169.1607208251953125 155.152374267578125 170.402374267578125 192.50238037109375
224.1323089599609375 212.682586669921875 209.0503082275390625 190.8171539306640625 200.1894683837890625 223.271820068359375 212.6169281005859375 249.7982940673828125 235.9227752685546875 260.60943603515625 231.506195068359375 236.585357666015625 228.0293426513671875 197.890472412109375 157.3440399169921875 138.3649139404296875 137.7140045166015625 126.3385772705078125 131.5195465087890625 137.1502227783203125 148.17340087890625 152.28741455078125 164.6731414794921875 167.8114471435546875 167.00341796875 161.5920562744140625 148.6455535888671875 137.6089935302734375 131.70361328125 135.7244415283203125 143.481475830078125 141.622161865234375 130.649993896484375 117.2954559326171875 109.91176605224609375 109.433502197265625 109.08762359619140625 109.4876251220703125 112.37056732177734375 118.08548736572265625 129.6454925537109375 144.776947021484375 154.997039794921875 159.8149566650390625 160.3714141845703125 158.0970611572265625 155.492095947265625 156.3249969482421875 152.642852783203125 163.6746063232421875 180.25238037109375 207.6232147216796875
192.5450439453125 182.8463134765625 172.1018218994140625 193.28863525390625 188.6022491455078125 185.756134033203125 209.441131591796875 205.2947540283203125 248.9134521484375 306.695068359375 316.1617431640625 287.113037109375 247.779449462890625 167.7015380859375 132.635284423828125 128.7494049072265625 123.8215179443359375 129.7760162353515625 135.71405029296875 145.651702880859375 149.7678070068359375 163.7789154052734375 169.2829437255859375 166.66766357421875 164.5925750732421875 160.7579498291015625 153.9278564453125 146.8084564208984375 150.277984619140625 154.9638214111328125 162.403228759765625 160.8000030517578125 145.625762939453125 124.61678314208984375 111.56719207763671875 109.14318084716796875 109.14318084716796875 109.08762359619140625 110.7758636474609375 116.819854736328125 128.2752838134765625 145.7563323974609375 152.4711151123046875 160.176422119140625 160.5816192626953125 164.178009033203125 159.850006103515625 154.107147216796875 150.7984161376953125 156.48175048828125 183.8246002197265625 204.899993896484375
181.8721771240234375 175.0652313232421875 187.88043212890625 186.8657989501953125 199.643707275390625 178.157806396484375 175.89752197265625 200.562835693359375 251.9923858642578125 338.4031982421875 375.142822265625 337.654449462890625 270.167694091796875 181.2181243896484375 132.0125885009765625 124.1602783203125 130.6706085205078125 134.2259521484375 145.3419647216796875 145.3349761962890625 153.18408203125 162.50311279296875 163.1442108154296875 164.9288482666015625 167.643218994140625 165.3630218505859375 164.8215179443359375 169.0080413818359375 168.596923828125 173.1500244140625 176.339691162109375 172.548492431640625 157.1834564208984375 133.0001220703125 115.17132568359375 110.02173614501953125 109.14318084716796875 110.00064849853515625 110.9151763916015625 117.1860504150390625 131.102386474609375 143.998016357421875 149.6865081787109375 144.278045654296875 155.79071044921875 158.112823486328125 151.0880889892578125 140.341278076171875 135.5412750244140625 144.4484100341796875 154.8234100341796875 212.0805511474609375
201.5793304443359375 187.07208251953125 191.767852783203125 190.1227569580078125 188.3835296630859375 191.10662841796875 170.387847900390625 203.169952392578125 251.3950347900390625 296.709503173828125 369.272552490234375 391.18792724609375 305.9583740234375 200.9889678955078125 140.6343231201171875 132.70550537109375 134.6678924560546875 138.4074249267578125 138.344451904296875 140.5467987060546875 145.4473876953125 152.047332763671875 152.2416534423828125 160.1563568115234375 163.7293701171875 169.7255706787109375 175.1044769287109375 177.9235992431640625 176.6447296142578125 178.765106201171875 181.1907806396484375 179.109130859375 162.03363037109375 145.684967041015625 119.96538543701171875 111.641021728515625 113.27245330810546875 114.5999603271484375 117.31528472900390625 124.81938934326171875 134.763824462890625 142.5697479248046875 140.5093994140625 139.3343963623046875 138.2911376953125 147.78094482421875 143.109527587890625 129.8309478759765625 126.00555419921875 126.06562042236328125 150.1555633544921875 192.6666717529296875
232.010101318359375 188.408050537109375 171.8217620849609375 188.861968994140625 188.1757965087890625 169.4851531982421875 146.6409454345703125 147.0492095947265625 208.5300140380859375 266.416259765625 325.05194091796875 343.896759033203125 262.006103515625 185.2382354736328125 149.4911041259765625 126.9120330810546875 133.467987060546875 133.4412841796875 126.25095367431640625 126.14339447021484375 128.6169891357421875 129.3435821533203125 138.050018310546875 146.1995391845703125 158.4817657470703125 167.577545166015625 173.2475738525390625 176.72802734375 176.3499755859375 173.02984619140625 173.316375732421875 178.75970458984375 176.2171783447265625 157.48980712890625 147.0873565673828125 145.3017425537109375 121.7840423583984375 126.75070953369140625 129.4902801513671875 135.6152801513671875 144.4304962158203125 146.0684356689453125 145.17156982421875 144.29034423828125 133.836181640625 139.0487060546875 144.371429443359375 130.50714111328125 118.9743499755859375 128.6120452880859375 174.8255462646484375 266.649993896484375
240.3000030517578125 209.9555511474609375 187.8452911376953125 176.984130859375 183.22857666015625 166.1160736083984375 138.9961395263671875 122.4672088623046875 157.99609375 230.286590576171875 254.89935302734375 252.220367431640625 202.1721343994140625 170.0749664306640625 129.7929840087890625 121.00186920166015625 122.2073211669921875 123.9931640625 118.65712738037109375 117.31775665283203125 114.0829620361328125 122.6898345947265625 124.0957183837890625 136.2965240478515625 156.1121063232421875 170.8586883544921875 172.9030303955078125 171.5213623046875 175.7366790771484375 168.9666290283203125 172.8979644775390625 183.094329833984375 185.5535430908203125 185.11956787109375 195.7152557373046875 216.8711395263671875 168.020965576171875 139.2840423583984375 144.2507171630859375 146.7210540771484375 152.225006103515625 157.3277740478515625 169.1084747314453125 157.52667236328125 169.4875335693359375 166.67584228515625 163.69415283203125 198.256500244140625 191.7064971923828125 199.03387451171875 305.546966552734375 406.88031005859375
239.8000030517578125 204.6999969482421875 195.484130859375 182.861907958984375 152.26190185546875 155.361907958984375 141.9994049072265625 147.3601837158203125 144.704498291015625 171.8040771484375 198.784759521484375 198.725189208984375 189.6248931884765625 147.1482391357421875 125.3292388916015625 114.7528228759765625 116.53624725341796875 112.706878662109375 115.5973052978515625 116.08730316162109375 120.4255828857421875 119.668670654296875 125.06233978271484375 133.689666748046875 149.2018890380859375 170.573944091796875 173.4771575927734375 168.709442138671875 164.9593353271484375 169.9858856201171875 177.21307373046875 188.2405242919921875 200.9026641845703125 222.295684814453125 244.984893798828125 257.110076904296875 251.4690399169921875 184.7132720947265625 158.866668701171875 175.100006103515625 155.5500030517578125 187.0238037109375 188.378509521484375 198.401824951171875 206.4829864501953125 248.1996612548828125 276.884613037109375 279.52197265625 410.62554931640625 441.13031005859375 363.50531005859375 461.14166259765625
243.4166717529296875 264.899993896484375 273.2166748046875 254.404754638671875 195.0047607421875 139.4285736083984375 129.39459228515625 122.91973876953125 143.592529296875 156.0967864990234375 169.1490631103515625 176.5441131591796875 153.513397216796875 185.3502655029296875 114.6733856201171875 111.9312591552734375 114.447235107421875 116.01833343505859375 114.190704345703125 126.41738128662109375 129.807037353515625 119.75672149658203125 123.221343994140625 134.948516845703125 140.523101806640625 154.5337066650390625 170.22235107421875 170.7076873779296875 170.2578582763671875 167.8871002197265625 175.6059417724609375 189.1685333251953125 210.7156219482421875 256.9656982421875 278.16192626953125 282.18756103515625 273.12738037109375 231.76922607421875 242.5692291259765625 232.2166595458984375 217.7166595458984375 215.1666717529296875 215.98809814453125 227.981689453125 262.98895263671875 325.134613037109375 371.30767822265625 443.5 521.5 554.69696044921875 475.433319091796875 356.166656494140625
315.871429443359375 356.26666259765625 356.48333740234375 298.694061279296875 217.614288330078125 153.4428558349609375 115.6999969482421875 112.52527618408203125 127.11148834228515625 150.2301177978515625 157.1881561279296875 142.7110595703125 204.9835205078125 206.3675994873046875 178.279998779296875 119.2241668701171875 116.14678192138671875 116.04926300048828125 123.08570098876953125 122.2479248046875 127.97078704833984375 127.213836669921875 115.6821441650390625 116.23699951171875 129.9590301513671875 138.1513214111328125 164.189239501953125 172.388824462890625 169.4496917724609375 178.861236572265625 198.52349853515625 216.9613800048828125 229.0978851318359375 251.866668701171875 288.475006103515625 296.2958984375 267.5025634765625 291.7525634765625 368.54998779296875 338.7166748046875 322.7166748046875 241.597625732421875 205.380950927734375 222.11309814453125 224.6662139892578125 213.64697265625 312 415 418.5 387 372.833343505859375 272.5
351.758331298828125 430.800018310546875 404.6051025390625 311.5789794921875 223.7107086181640625 164.5746002197265625 124.40535736083984375 115.6933746337890625 114.83710479736328125 130.4528656005859375 127.63611602783203125 191.252197265625 222.8111114501953125 223.5567626953125 197.907501220703125 177.9648895263671875 119.7178192138671875 119.85984039306640625 124.55139923095703125 126.627777099609375 122.6007537841796875 129.608856201171875 115.1776580810546875 107.42119598388671875 115.8175048828125 140.8335723876953125 166.208251953125 185.31634521484375 187.394744873046875 201.202239990234375 241.171234130859375 270.050262451171875 270.66845703125 263.4041748046875 277.4666748046875 318.433349609375 313.652557373046875 372.399993896484375 401.149993896484375 525.04998779296875 436.7166748046875 271.416656494140625 197.6726226806640625 144.5892791748046875 125.83928680419921875 132.625 113.625 191.5 229 229 154 40.5
310.22381591796875 361.119384765625 394.856689453125 300.482879638671875 202.40118408203125 145.4633636474609375 131.0204315185546875 124.63912200927734375 118.24600982666015625 115.62241363525390625 135.4340057373046875 162.3767242431640625 217.70660400390625 202.589752197265625 221.0404052734375 160.235443115234375 131.6792144775390625 126.9967803955078125 128.976409912109375 154.55029296875 146.1188507080078125 179.3306732177734375 128.1045684814453125 128.1958465576171875 184.0525054931640625 186.97772216796875 201.1822662353515625 222.3516693115234375 237.050445556640625 243.6926116943359375 283.248443603515625 311.3751220703125 341.87750244140625 323.149993896484375 334.79998779296875 370.04998779296875 370.416656494140625 346.649993896484375 442.350006103515625 516.29998779296875 464.75 272.166656494140625 146.5 67.005950927734375 46.625 51.125 44.5 8.5 87.5 87 8 8.5
228.5205841064453125 288.9388427734375 241.697174072265625 194.5289306640625 142.015899658203125 136.34649658203125 135.40545654296875 128.3613433837890625 117.6663970947265625 114.20104217529296875 114.88683319091796875 132.6134185791015625 141.3914947509765625 209.74896240234375 156.7211151123046875 132.0478515625 177.92852783203125 169.9097747802734375 163.1631622314453125 191.8902740478515625 247.954681396484375 218.8694610595703125 210.3977203369140625 232.900726318359375 268.031768798828125 286.925323486328125 287.59014892578125 309.67999267578125 289.10333251953125 308.260009765625 329.047607421875 352.6541748046875 400.829986572265625 416.040008544921875 435.54998779296875 389.350006103515625 329.616668701171875 353.366668701171875 400.866668701171875 382.833343505859375 267.5 239.5 96.66666412353515625 32 18.125 7.5 8.5 12.5 16.5 16.5 12 8
