PredictorVariables/BuildingArea_Mean_100m/BuildingAreaMean_100.asc
ncols        529
nrows        344
xllcorner    2700.000000000000
yllcorner    15900.000000000000
cellsize     100.000000000000
NODATA_value  0
[rows 144 to 167 of 344, columns 336 to 391 of 529]
0 7305.90283203125 11535.8447265625 8992.7421875 7881.80322265625 21047.20703125 4904.32080078125 4904.32080078125 0 0 1360.1529541015625 0 0 0 0 0 0 0 0 0 0 0 0 0 0 0 0 0 0 0 0 0 0 0 0 0 6922.9443359375 6119.67138671875 5189.78466796875 4385.99609375 3305.124755859375 2547.990478515625 8836.2080078125 8836.2080078125 9994.4775390625 11975.203125 23218.060546875 9134.9521484375 3731.68896484375 7281.62255859375 1843.093505859375 627.24090576171875 968.926513671875 824.4202880859375 641.64166259765625 1084.135986328125
0 0 15765.7861328125 8992.7421875 836.9639892578125 0 0 0 0 0 1360.1529541015625 922.9639892578125 871.9730224609375 0 0 0 0 0 0 0 0 0 0 0 0 0 0 0 261.2139892578125 0 0 0 0 0 0 0 7744.10595703125 6458.771484375 4838.44287109375 3897.438720703125 3932.0869140625 0 0 8836.2080078125 0 14984.0947265625 14984.0947265625 9833.6591796875 4403.189453125 3180.01953125 1866.725830078125 348.706085205078125 505.6324462890625 619.55322265625 475.311004638671875 315.103424072265625
1896.86865234375 562.62298583984375 596.18402099609375 2678.175048828125 1707.9757080078125 1944.2764892578125 0 0 0 0 0 740.75799560546875 746.09783935546875 744.1142578125 856.16497802734375 2170.69189453125 3979.758544921875 1783.7869873046875 0 0 9496.369140625 1973.0274658203125 1541.1337890625 2014.8330078125 2036.4620361328125 0 0 0 0 0 612.013671875 612.011474609375 0 0 0 0 3666.95703125 2399.50390625 2139.888427734375 4663.98486328125 230.764007568359375 230.764007568359375 0 8014.31298828125 8014.31298828125 5270.3349609375 4267.7294921875 3499.830810546875 2173.590576171875 1012.4578857421875 500.862152099609375 293.78271484375 288.51953125 296.27813720703125 104.24805450439453125 381.71636962890625
1602.561767578125 2939.12890625 7412.6025390625 5380.3984375 1957.337646484375 2059.87109375 0 0 0 2952.06201171875 5817.47509765625 1325.4749755859375 917.84564208984375 775.34698486328125 1187.326171875 4041.580322265625 2767.72900390625 1555.699462890625 2041.0670166015625 2041.0670166015625 3077.493408203125 5576.55859375 879.50701904296875 1083.4945068359375 1002.20672607421875 1548.17431640625 1551.5439453125 639.49249267578125 780.19451904296875 788.33502197265625 689.48651123046875 651.75732421875 611.96002197265625 0 0 0 1735.656982421875 1808.13330078125 0 0 0 14719.53515625 14719.53515625 7751.00048828125 9196.9599609375 10379.6064453125 10379.6064453125 537.593017578125 567.37884521484375 709.60272216796875 465.84027099609375 244.6007080078125 303.3519287109375 258.117706298828125 310.772918701171875 755.3658447265625
2750.919677734375 12776.677734375 14309.0234375 5451.36083984375 1978.0191650390625 1991.6304931640625 2893.65087890625 2893.65087890625 0 4384.7685546875 5817.47509765625 1360.3590087890625 1180.7724609375 1303.82470703125 2330.2021484375 1348.7591552734375 2437.90673828125 3224.8369140625 2059.490478515625 3250.2109375 7564.0107421875 9496.369140625 1099.7149658203125 1562.2686767578125 1007.947998046875 426.25299072265625 615.67852783203125 616.7056884765625 983.8956298828125 1029.5018310546875 409.26361083984375 588.07684326171875 1449.2764892578125 1728.334716796875 0 0 0 2948.4140625 1823.217041015625 795.07598876953125 0 14719.53515625 14719.53515625 12953.4501953125 11187.365234375 6870.71435546875 4001.135009765625 4640.44677734375 389.14788818359375 487.5322265625 454.612060546875 330.547210693359375 239.9405059814453125 109.8802642822265625 836.35101318359375 4201.908203125
2641.1357421875 6285.50439453125 14309.0234375 6441.330078125 1569.841796875 1639.4423828125 2108.4052734375 0 0 0 0 1418.3079833984375 1029.765625 2137.013916015625 3601.6796875 2652.555908203125 2814.33154296875 2605.50830078125 1223.81103515625 2948.6845703125 5631.65185546875 9496.369140625 45.754001617431640625 0 0 0 1061.06494140625 793.690673828125 1675.3287353515625 1838.9110107421875 1537.5277099609375 1592.4207763671875 1380.912841796875 1710.1236572265625 1972.8372802734375 0 0 0 746.5479736328125 534.98797607421875 1033.8759765625 6479.43994140625 24299.263671875 17743.314453125 17743.314453125 6622.83935546875 2994.60498046875 4204.62548828125 4640.462890625 387.042083740234375 345.60174560546875 547.95330810546875 6793.11962890625 16400.072265625 0 50712.46875
1847.643310546875 3154.965087890625 9684.296875 2925.887939453125 1464.07861328125 1454.787109375 1052.48974609375 1236.02197265625 1104.56201171875 1721.384033203125 685.2032470703125 379.26300048828125 1378.3115234375 2574.862548828125 6275.14794921875 3452.5869140625 2749.931884765625 2053.869384765625 125.6399993896484375 89.2519989013671875 0 1510.220947265625 2278.694580078125 3047.16796875 1674.11865234375 1890.8570556640625 387.715667724609375 279.28466796875 0 131.628997802734375 7555.27490234375 0 3507.722900390625 3286.492919921875 3286.492919921875 0 11351.7138671875 4146.84619140625 4607.5859375 421.303985595703125 431.794708251953125 4063.71728515625 9025.75390625 12685.8798828125 24299.263671875 8670.8271484375 2790.842041015625 3693.230224609375 1245.3671875 3137.355224609375 16428.08203125 32698.015625 32698.015625 32698.015625 0 50523.41015625
1727.64697265625 3712.435791015625 9684.296875 3879.7470703125 1314.62548828125 1261.783447265625 1400.5721435546875 1362.1529541015625 1293.9449462890625 1028.652099609375 1011.53619384765625 1147.8360595703125 509.84051513671875 0 0 25.497999191284179688 0 2551.235107421875 2551.235107421875 1573.7449951171875 2731.74853515625 2324.57275390625 1636.4110107421875 2359.159912109375 2020.5863037109375 1975.4923095703125 1915.386962890625 1452.1295166015625 2158.193603515625 4717.7822265625 7555.27490234375 4418.69873046875 1139.8636474609375 1299.849609375 1211.1729736328125 697.5264892578125 6083.181640625 4482.8095703125 4609.27392578125 449.706512451171875 524.51513671875 697.612548828125 800.927490234375 690.38140869140625 683.6318359375 1460.3919677734375 6697.36865234375 6697.36865234375 8943.2255859375 7831.52099609375 15749.7841796875 32698.015625 32698.015625 0 150387.484375 150387.484375
1781.9237060546875 2643.471435546875 1774.77001953125 1510.9681396484375 1289.656982421875 1416.368408203125 3050.126708984375 3043.83203125 3073.5419921875 919.60968017578125 1190.22802734375 1470.33837890625 0 0 0 1082.0970458984375 1196.709716796875 1413.84912109375 1815.7640380859375 1209.045166015625 2237.1552734375 2445.06005859375 2327.670654296875 1743.646484375 1815.61669921875 1656.134033203125 2858.921142578125 2709.31494140625 1175.3685302734375 6466.44189453125 7010.8583984375 2908.468017578125 1967.0369873046875 1926.467041015625 2339.653076171875 1168.666015625 935.4913330078125 1376.642333984375 940.12469482421875 630.02398681640625 1138.563720703125 1231.0009765625 1214.8563232421875 1269.239990234375 1075.1275634765625 1046.0242919921875 1850.7691650390625 5536.95654296875 6320.00048828125 7831.52099609375 9563.91796875 20296.1328125 32698.015625 150387.484375 150387.484375 150387.484375
2169.885986328125 2246.658935546875 1320.7978515625 1430.01171875 1528.2509765625 1806.08935546875 2620.557373046875 1789.499755859375 2117.739013671875 1760.25830078125 1385.2847900390625 1157.1455078125 0 0 0 3630.50439453125 1920.0191650390625 2978.157470703125 4055.822509765625 2549.33349609375 2515.491943359375 1339.80322265625 2165.117919921875 2400.57666015625 2632.780029296875 4087.87890625 2220.9599609375 1530.7979736328125 582.73626708984375 1504.54150390625 1504.54150390625 1511.0849609375 2498.085693359375 3269.114501953125 2521.5224609375 2289.2138671875 1141.6785888671875 786.46282958984375 486.163818359375 570.786376953125 1151.6146240234375 1165.25537109375 1707.4759521484375 3895.714111328125 967.13446044921875 820.58636474609375 749.33160400390625 3595.266357421875 4791.31201171875 5180.298828125 7028.71728515625 7894.2490234375 0 76020.4296875 150387.484375 150387.484375
841.30322265625 1009.40313720703125 1747.262939453125 7216.9208984375 2323.0703125 1876.2939453125 1440.79638671875 1041.398193359375 1127.6993408203125 1793.5885009765625 2114.27294921875 6896.8837890625 6896.8837890625 0 0 3847.759521484375 2906.257568359375 1982.6529541015625 2158.316162109375 4032.423095703125 2080.29541015625 1402.436279296875 1917.4637451171875 2127.355712890625 1438.3189697265625 1557.29345703125 1334.28076171875 1185.605712890625 1134.907958984375 2141.332763671875 1965.1180419921875 974.5833740234375 2604.927978515625 1973.5870361328125 3471.739990234375 2102.376708984375 1414.7431640625 2053.34326171875 1135.45703125 451.91387939453125 853.23077392578125 615.78985595703125 606.90972900390625 1989.85205078125 1171.662841796875 783.97198486328125 778.66680908203125 749.26922607421875 4317.373046875 2671.00390625 4194.83544921875 0 0 0 0 0
797.58319091796875 1263.194091796875 1539.9764404296875 3571.1943359375 2376.022705078125 1412.16943359375 1707.2540283203125 1571.1710205078125 3021.341064453125 4471.51123046875 4425.060546875 6536.09033203125 3307.119384765625 2154.93798828125 0 1516.6070556640625 1805.85498046875 1728.6593017578125 1191.2386474609375 2415.06201171875 1528.940673828125 1760.997802734375 2007.2340087890625 1886.859619140625 572.21697998046875 579.41802978515625 6303.8740234375 2146.11474609375 1704.49853515625 1883.5479736328125 1658.695556640625 1896.875 2243.662353515625 1709.0157470703125 1916.10546875 786.97222900390625 2065.57470703125 2057.7392578125 1492.69970703125 1022.9219970703125 951.66387939453125 823.66290283203125 581.234130859375 611.36029052734375 535.83294677734375 382.294219970703125 483.622406005859375 1024.78173828125 1608.9072265625 2640.535400390625 0 0 0 0 0 0
513.61083984375 1217.5760498046875 862.06182861328125 2897.403564453125 1739.9903564453125 1742.135986328125 1759.51953125 1157.8958740234375 1535.9561767578125 1271.650146484375 2797.92041015625 3446.03369140625 4645.98583984375 4163.2373046875 4141.68896484375 2429.91552734375 2189.014404296875 2054.886962890625 2319.962890625 2991.35546875 2456.205078125 1881.66796875 1881.623046875 1441.4534912109375 1066.6864013671875 1011.25933837890625 6303.8740234375 1919.42822265625 1278.26904296875 1550.877685546875 1469.174560546875 1770.6700439453125 1624.723388671875 1769.2855224609375 1719.34033203125 1135.4598388671875 3005.584716796875 6122.4619140625 2578.305908203125 947.6807861328125 1473.9083251953125 922.29443359375 572.87255859375 471.695526123046875 428.82232666015625 338.3834228515625 346.83685302734375 585.06549072265625 778.67999267578125 0 0 0 0 0 0 0
424.467010498046875 1037.043212890625 1468.93701171875 1755.5589599609375 701.25799560546875 422.155853271484375 472.441558837890625 736.8970947265625 495.865997314453125 469.6448974609375 2878.142578125 2980.432861328125 2405.00830078125 3769.093017578125 3192.73828125 1457.928955078125 2220.571044921875 1914.2235107421875 2145.675048828125 2012.324951171875 1945.6500244140625 1708.929443359375 1335.62744140625 1602.9715576171875 1455.642333984375 1591.556640625 2541.029052734375 1491.218505859375 1055.6197509765625 544.42633056640625 1003.4439697265625 1362.115234375 1705.093994140625 2360.553955078125 1393.5369873046875 1160.522216796875 1293.5269775390625 1420.7130126953125 1116.143798828125 858.8070068359375 2006.4119873046875 1171.0968017578125 550.41302490234375 369.42498779296875 376.3768310546875 401.775390625 309.881988525390625 10596.0869140625 5357.3583984375 3841.1904296875 0 0 0 0 0 0
539.17291259765625 663.53070068359375 1386.386474609375 855.0943603515625 593.84283447265625 341.936065673828125 319.711273193359375 358.462005615234375 700.42724609375 1036.5733642578125 1148.232177734375 1057.490478515625 1428.946044921875 4629.6748046875 5040.416015625 1426.4163818359375 1777.310791015625 1052.6805419921875 1021.72900390625 1130.19677734375 1840.5660400390625 1474.6290283203125 1893.2733154296875 2091.345947265625 2187.2685546875 1506.739990234375 1582.93798828125 4603.7080078125 2398.0849609375 1672.3909912109375 1360.7674560546875 1090.573486328125 1366.9090576171875 1263.947998046875 1263.906005859375 1346.1490478515625 1293.5400390625 1369.8643798828125 1420.747314453125 0 866.11297607421875 1735.8380126953125 1071.3572998046875 2628.133544921875 0 811.614013671875 463.264739990234375 2460.433837890625 1954.72216796875 672.62664794921875 450.86749267578125 0 0 0 0 0
639.84014892578125 655.61181640625 1098.0177001953125 607.5634765625 449.910675048828125 478.3719482421875 703.85308837890625 978.864990234375 679.41363525390625 1279.343994140625 1586.29296875 1427.725341796875 3688.346923828125 3280.8759765625 7964.83203125 1252.63330078125 1880.6309814453125 881.7197265625 1023.15081787109375 856.438232421875 1712.0699462890625 2207.2705078125 2786.490966796875 3024.06298828125 2310.672119140625 1931.407958984375 12172.5234375 7505.35693359375 1825.9237060546875 2286.663818359375 1759.5032958984375 1266.91455078125 1814.616943359375 2818.1669921875 3274.010986328125 467.00799560546875 1211.1993408203125 1256.6488037109375 885.55499267578125 917.3189697265625 1090.0059814453125 1702.1390380859375 2027.97998046875 3791.73388671875 682.02447509765625 770.95513916015625 316.908355712890625 1126.364501953125 577.58935546875 721.831298828125 767.2735595703125 1079.4134521484375 0 0 0 0
451.81500244140625 698.43359375 1684.1556396484375 634.93597412109375 326.4678955078125 553.5518798828125 1358.906494140625 972.35723876953125 585.212158203125 703.14849853515625 887.14031982421875 10520.0087890625 5366.66259765625 1323.496337890625 1518.9425048828125 1457.688232421875 1516.4647216796875 2941.57275390625 2468.877685546875 1608.29296875 1021.81927490234375 2020.7130126953125 2441.240966796875 1502.974365234375 3531.228515625 1917.6673583984375 4267.81591796875 4637.60693359375 2303.662353515625 2360.10888671875 1217.866943359375 0 2362.322998046875 2315.924072265625 2000.5050048828125 0 1547.8525390625 1469.1953125 1219.4146728515625 1388.89794921875 0 0 0 0 801.22601318359375 1000.0152587890625 413.134521484375 2414.470458984375 2159.779296875 433.53387451171875 753.06927490234375 777.256103515625 456.196990966796875 0 0 0
423.97601318359375 404.46319580078125 2035.7149658203125 976.1761474609375 569.2852783203125 625.82843017578125 711.79718017578125 662.89727783203125 375.82000732421875 251.89263916015625 365.797271728515625 2831.28564453125 10520.0087890625 2022.5263671875 1231.1363525390625 1147.2080078125 1312.0360107421875 4523.1923828125 3729.501708984375 1120.76904296875 814.43768310546875 6072.5791015625 4326.44091796875 1185.1297607421875 3587.69677734375 4570.5634765625 2218.203125 2370.1044921875 2823.1923828125 2249.8623046875 1592.2342529296875 0 0 2900.363037109375 4160.39208984375 956.531982421875 2387.548583984375 1110.893798828125 2325.848388671875 3479.087646484375 8192.005859375 1737.8895263671875 1123.587646484375 759.888916015625 611.11309814453125 632.65142822265625 735.42523193359375 9270.35546875 2931.579345703125 741.36370849609375 1240.0611572265625 769.205078125 806.92840576171875 715.78265380859375 0 0
465.866241455078125 570.38275146484375 1729.833740234375 1927.56005859375 858.4739990234375 403.02398681640625 368.272491455078125 308.68017578125 272.220703125 364.393096923828125 432.34149169921875 450.8975830078125 2655.226318359375 3009.391357421875 2599.44140625 3524.26806640625 2791.217041015625 1529.1287841796875 1429.711181640625 966.41180419921875 504.238677978515625 4845.8505859375 9451.931640625 665.885009765625 3004.56689453125 4921.451171875 1981.3465576171875 2235.581298828125 1932.009521484375 2033.1080322265625 2339.360107421875 2492.447021484375 2337.011962890625 2805.882080078125 5046.77294921875 1978.97021484375 2090.948974609375 2143.051025390625 956.2860107421875 8192.005859375 3010.251708984375 781.7652587890625 836.083984375 553.75958251953125 402.958709716796875 415.79052734375 901.08251953125 3095.984619140625 2733.751220703125 773.86224365234375 885.72845458984375 981.193115234375 653.54510498046875 408.430999755859375 389.96539306640625 0
360.61395263671875 510.90460205078125 768.68115234375 1105.00048828125 2578.95556640625 462.11328125 291.983551025390625 236.207794189453125 325.423492431640625 498.625 478.8875732421875 631.9041748046875 716.07952880859375 3054.431640625 5832.51904296875 6306.62890625 5984.7587890625 1467.7537841796875 1824.707275390625 1721.3076171875 1946.06494140625 0 41166.21875 20871.9140625 11669.658203125 3410.04052734375 843.13531494140625 1523.135986328125 1497.2154541015625 2005.3927001953125 2013.71533203125 1305.872802734375 1992.1629638671875 2813.65625 2439.721435546875 2229.91943359375 1190.8780517578125 1491.6300048828125 1843.343994140625 981.18701171875 739.13177490234375 756.00201416015625 568.60546875 428.807342529296875 376.532318115234375 396.354461669921875 399.4986572265625 744.5330810546875 809.90777587890625 713.40106201171875 582.27545166015625 556.39801025390625 427.498565673828125 646.06060791015625 706.05291748046875 368.92083740234375
415.76922607421875 503.2579345703125 437.540802001953125 622.9117431640625 1190.4649658203125 1208.0804443359375 411.236236572265625 344.2415771484375 270.880462646484375 463.55853271484375 1086.7864990234375 758.822021484375 412.25164794921875 5841.0830078125 5805.4619140625 3997.061767578125 2504.715087890625 415.22430419921875 675.9598388671875 842.7423095703125 1179.4862060546875 910.5985107421875 41166.21875 41166.21875 22947.943359375 20488.236328125 15568.8251953125 1230.782470703125 2023.37548828125 1713.8013916015625 659.1556396484375 1446.8055419921875 1592.74853515625 1429.218017578125 1832.0714111328125 1764.674560546875 1258.3370361328125 641.5423583984375 1964.780029296875 981.44049072265625 1937.9300537109375 2918.168212890625 1492.125 451.253082275390625 518.52239990234375 573.7049560546875 495.59228515625 344.6328125 730.60711669921875 425.4931640625 423.584625244140625 748.868896484375 1559.3699951171875 1099.0506591796875 1226.66259765625 501.969451904296875
401.591583251953125 483.8619384765625 536.6729736328125 537.3812255859375 621.215576171875 2014.51904296875 882.530029296875 293.242584228515625 418.927490234375 791.07257080078125 1070.4801025390625 564.7991943359375 270.922149658203125 254.9717559814453125 445.520416259765625 757.4378662109375 987.7855224609375 869.00286865234375 1588.796630859375 1259.6820068359375 1493.205810546875 398.33349609375 41166.21875 25860.861328125 17454.93359375 21334.19140625 15568.8251953125 1624.595947265625 2190.189453125 2426.783935546875 856.34002685546875 1600.57275390625 1313.7760009765625 1568.6929931640625 1377.14794921875 1353.417724609375 1139.7449951171875 914.51702880859375 181.63800048828125 1688.626953125 5634.39013671875 5634.39013671875 5634.39013671875 697.64459228515625 547.2672119140625 552.70416259765625 436.009185791015625 526.24932861328125 700.64398193359375 436.8883056640625 403.3216552734375 797.58758544921875 1275.252197265625 1408.6341552734375 847.05023193359375 980.24298095703125
705.881103515625 746.5367431640625 714.6141357421875 396.9986572265625 1754.112548828125 2006.32373046875 1564.90478515625 334.724639892578125 438.031341552734375 503.970916748046875 438.64715576171875 478.18170166015625 279.1756591796875 301.252105712890625 272.107177734375 341.486114501953125 285.194000244140625 1966.9677734375 2331.409912109375 2814.927490234375 1896.42529296875 360.510162353515625 5352.00537109375 10555.5048828125 9509.416015625 9256.373046875 2033.643798828125 1180.9342041015625 1501.9520263671875 2677.193603515625 2721.32666015625 1728.557373046875 1284.1485595703125 1549.95849609375 1342.5159912109375 1214.406982421875 639.62347412109375 751.9063720703125 1392.4730224609375 859.6915283203125 1053.1513671875 1040.0174560546875 894.9298095703125 896.9844970703125 541.20733642578125 305.941436767578125 352.6170654296875 440.21563720703125 539.023193359375 512.41552734375 290.474700927734375 561.42462158203125 742.444580078125 928.447021484375 671.73822021484375 458.8699951171875
363.449005126953125 322.96490478515625 451.683502197265625 563.80535888671875 717.25390625 793.838623046875 1983.2955322265625 601.193359375 265.378387451171875 311.7332763671875 298.6317138671875 594.6153564453125 260.167236328125 271.83251953125 205.18389892578125 360.85028076171875 808.93115234375 2217.18359375 2280.33935546875 2014.261962890625 1385.59521484375 511.23040771484375 1670.439208984375 8326.0947265625 16283.57421875 10396.0595703125 6107.17626953125 1069.239990234375 610.62750244140625 1804.677490234375 5883.56201171875 5497.22265625 311.147613525390625 709.92498779296875 708.1279296875 629.336669921875 546.6766357421875 669.21240234375 1296.9720458984375 1305.031494140625 1067.227783203125 1000.6572265625 1266.2506103515625 1194.0203857421875 922.71258544921875 268.75042724609375 303.506439208984375 326.48828125 278.88427734375 310.63018798828125 344.2471923828125 355.87054443359375 971.17535400390625 0 0 0
