PredictorVariables/BuildingArea_Mean_100m/BuildingAreaMean_100.asc
ncols        529
nrows        344
xllcorner    2700.000000000000
yllcorner    15900.000000000000
cellsize     100.000000000000
NODATA_value  0
[rows 144 to 167 of 344, columns 168 to 223 of 529]
713.5673828125 678.655029296875 0 506.352752685546875 242.468353271484375 152.39239501953125 0 0 732.71002197265625 905.8023681640625 673.5125732421875 1178.5078125 942.2281494140625 493.338592529296875 675.55352783203125 1258.1329345703125 2040.333740234375 571.62115478515625 873.9908447265625 757.385009765625 1102.8330078125 1001.19598388671875 199.608001708984375 199.608001708984375 0 459.37835693359375 455.119598388671875 355.149871826171875 407.13092041015625 439.470611572265625 565.9647216796875 388.630889892578125 1298.8116455078125 708.829833984375 541.73828125 457.162322998046875 423.25738525390625 278.728912353515625 492.875 0 0 1554.4189453125 0 330.908660888671875 512.3604736328125 495.542999267578125 0 0 0 99.07849884033203125 137.8912811279296875 0 0 0 0 0
1468.168212890625 9253.9345703125 19430.68359375 2597.43505859375 195.8118438720703125 194.9191741943359375 0 0 435.2332763671875 510.383544921875 321.42498779296875 363.1048583984375 394.37255859375 619.618896484375 409.57623291015625 3346.488037109375 1800.966796875 1318.2060546875 2955.42578125 1804.68701171875 1369.716796875 1285.404052734375 199.608001708984375 874.75750732421875 7875.35302734375 726.092529296875 471.37091064453125 513.7000732421875 551.7080078125 415.43426513671875 577.8311767578125 460.103240966796875 753.80010986328125 630.67041015625 453.07525634765625 244.1285400390625 299.34576416015625 405.918792724609375 0 4646.09716796875 4646.09716796875 0 0 127.5800018310546875 127.5800018310546875 614.65899658203125 0 0 0 0 0 0 0 0 0 0
8613.060546875 5091.78369140625 19430.68359375 9875.9140625 198.5729217529296875 206.01953125 0 0 631.21710205078125 503.813629150390625 365.00311279296875 193.551300048828125 768.413330078125 805.08331298828125 611.87457275390625 675.39776611328125 1152.605712890625 1328.61767578125 2654.083251953125 1366.5228271484375 1619.020263671875 1525.2388916015625 325.76300048828125 7875.35302734375 7875.35302734375 620.4959716796875 412.20867919921875 1087.240966796875 414.840545654296875 319.7445068359375 409.85662841796875 453.8023681640625 422.880218505859375 489.65728759765625 416.021453857421875 252.8976287841796875 492.784332275390625 773.46551513671875 0 2565.140625 2812.147705078125 0 0 0 0 0 0 0 32.177799224853515625 0 0 0 0 0 0 0
10837.0068359375 3984.285888671875 6617.41357421875 19430.68359375 202.0364990234375 201.4262542724609375 0 0 964.01513671875 874.10919189453125 1443.770263671875 6000.06298828125 886.97540283203125 1080.1190185546875 925.983154296875 671.36761474609375 596.4244384765625 885.20269775390625 907.66400146484375 954.5252685546875 2233.792724609375 4209.94384765625 4209.94384765625 7875.35302734375 7875.35302734375 2828.259033203125 1298.0546875 2724.869384765625 1675.3924560546875 260.714996337890625 522.064453125 567.31005859375 404.21563720703125 543.46337890625 518.3726806640625 476.712860107421875 984.468994140625 434.259246826171875 450.18951416015625 2726.958984375 2339.689208984375 6177.47900390625 0 0 0 0 0 0 333.089996337890625 333.089996337890625 0 426.587005615234375 481.75634765625 802.14300537109375 810.954833984375 0
6283.41943359375 6096.9072265625 2977.794189453125 3015.22998046875 0 0 0 0 969.864501953125 586.8883056640625 752.92669677734375 698.21563720703125 651.9063720703125 565.95428466796875 472.948089599609375 490.868438720703125 604.12628173828125 828.29742431640625 449.3980712890625 518.6158447265625 831.433349609375 612.02099609375 0 0 5453.1328125 2949.94873046875 3077.05810546875 5030.85107421875 5030.85107421875 2344.6083984375 1422.7760009765625 618.7532958984375 491.207733154296875 493.76611328125 295.83441162109375 330.06829833984375 484.08599853515625 214.0717926025390625 299.391845703125 0 3007.114990234375 2174.471923828125 0 0 0 0 476.45001220703125 0 555.0672607421875 616.32647705078125 706.1240234375 437.511505126953125 417.888427734375 1429.904052734375 1895.4830322265625 367.93499755859375
1151.4033203125 1463.614013671875 0 0 0 0 0 0 0 493.17437744140625 344.1356201171875 278.765228271484375 780.48284912109375 682.61431884765625 485.17681884765625 693.86077880859375 632.31658935546875 524.73516845703125 506.434539794921875 352.2586669921875 0 2834.47802734375 2834.47802734375 0 483.28399658203125 1261.3507080078125 1051.5174560546875 2073.87744140625 2568.074951171875 3400.5810546875 1428.3480224609375 598.667236328125 560.4146728515625 544.9405517578125 282.0838623046875 221.3376312255859375 288.574005126953125 318.594390869140625 296.63140869140625 269.64898681640625 116.9069976806640625 881.791015625 0 432.5679931640625 648.2750244140625 285.678009033203125 462.12030029296875 390.12298583984375 252.0821380615234375 178.3163299560546875 381.463134765625 364.444183349609375 406.058807373046875 1250.0152587890625 979.484375 314.735382080078125
2019.531982421875 2948.611328125 1013.88800048828125 0 0 0 0 0 0 1356.279052734375 734.411865234375 792.8111572265625 581.23699951171875 450.022918701171875 454.098236083984375 811.90899658203125 669.11572265625 1097.91064453125 1108.781005859375 0 2920.431396484375 1723.0181884765625 1766.00048828125 0 566.02874755859375 482.27880859375 804.71002197265625 940.219482421875 0 1154.9119873046875 4723.55908203125 4974.8017578125 2071.8583984375 469.2586669921875 302.339630126953125 225.40020751953125 346.389862060546875 374.05029296875 319.17950439453125 272.374755859375 222.212493896484375 749.2396240234375 339.897186279296875 295.798248291015625 0 307.9580078125 353.093994140625 387.87030029296875 373.3465576171875 329.4796142578125 466.874176025390625 451.54974365234375 413.740081787109375 941.861572265625 385.04046630859375 317.415008544921875
5772.3662109375 4650.03857421875 2785.408447265625 0 0 0 0 0 0 0 899.00927734375 994.20672607421875 385.907623291015625 389.123382568359375 362.778656005859375 420.655242919921875 524.45355224609375 689.24151611328125 951.77398681640625 1438.359375 2602.0556640625 1558.1109619140625 2109.50830078125 0 623.136474609375 592.06878662109375 722.57647705078125 300.759002685546875 6098.384765625 5658.7431640625 3393.787109375 4793.71728515625 5587.49755859375 3555.08349609375 1142.0025634765625 280.07073974609375 400.828155517578125 338.562652587890625 284.0260009765625 374.514007568359375 232.2647552490234375 643.6463623046875 698.8270263671875 237.0100860595703125 363.84832763671875 0 907.84124755859375 324.5989990234375 322.09100341796875 292.87725830078125 500.928466796875 520.47216796875 478.8514404296875 547.879150390625 398.637847900390625 264.347564697265625
0 5757.54345703125 5812.9658203125 0 0 0 0 0 0 0 802.54669189453125 586.10601806640625 638.95172119140625 456.60955810546875 371.47674560546875 405.220001220703125 1329.3326416015625 1172.6243896484375 1133.4183349609375 1799.2177734375 2261.737060546875 2165.645751953125 1773.5479736328125 451.993011474609375 500.019012451171875 606.0582275390625 766.2755126953125 0 10794.3193359375 7786.88916015625 4731.361328125 1895.77099609375 2881.190185546875 1954.8157958984375 1072.351806640625 1778.1429443359375 1521.7667236328125 808.9324951171875 0 0 271.983001708984375 725.3289794921875 0 413.0286865234375 477.384002685546875 0 549.65570068359375 319.465789794921875 323.74127197265625 353.28582763671875 386.026702880859375 464.94281005859375 384.073272705078125 362.03314208984375 348.681304931640625 281.601898193359375
2439.652099609375 3588.367431640625 5702.12109375 0 0 0 0 0 0 0 2173.7958984375 2173.7958984375 0 0 0 1322.2049560546875 1171.4241943359375 1116.5067138671875 2225.676025390625 2584.41845703125 2837.80078125 2905.614990234375 2710.696044921875 423.96148681640625 497.13751220703125 545.96697998046875 570.3709716796875 0 10794.3193359375 6080.45556640625 6080.45556640625 965.41552734375 939.9940185546875 1437.0689697265625 728.14202880859375 747.00128173828125 1747.7672119140625 436.368988037109375 329.71905517578125 298.77178955078125 890.9017333984375 879.9224853515625 0 965.00201416015625 965.00201416015625 367.342010498046875 350.62713623046875 448.43353271484375 946.337646484375 465.447998046875 433.6339111328125 466.28466796875 761.1634521484375 813.43841552734375 346.282501220703125 327.40228271484375
2355.2294921875 2242.504638671875 4656.298828125 0 0 0 0 0 0 7063.873046875 7063.873046875 2873.673583984375 1114.050048828125 0 0 0 0 1736.865966796875 1270.656982421875 1435.314697265625 1794.1807861328125 2401.314208984375 835.21649169921875 0 0 0 0 0 0 1366.592041015625 1366.592041015625 496.048004150390625 398.97772216796875 402.843505859375 575.5780029296875 314.963287353515625 711.11346435546875 376.888916015625 242.6012725830078125 291.870269775390625 317.237060546875 451.2008056640625 1033.08154296875 1780.33154296875 1091.2969970703125 318.717498779296875 333.227935791015625 453.257476806640625 837.0125732421875 2476.5703125 1757.0006103515625 2428.188232421875 9770.66796875 9770.66796875 366.524169921875 578.7276611328125
2771.78564453125 2884.515380859375 0 0 0 0 0 0 0 7063.873046875 7034.31787109375 1283.5731201171875 1094.06396484375 1736.7320556640625 0 0 0 0 0 977.752197265625 4510.138671875 3946.8203125 1296.0196533203125 0 0 0 0 0 0 0 0 437.029510498046875 521.599609375 545.7816162109375 477.2933349609375 321.001708984375 373.922821044921875 574.7958984375 216.9053192138671875 276.212249755859375 581.840087890625 535.4320068359375 1113.4796142578125 1318.9384765625 1518.4033203125 108.22499847412109375 496.457672119140625 472.441436767578125 482.09307861328125 4616.4873046875 12169.0791015625 7305.294921875 9658.802734375 16876.09375 2800.759521484375 761.005859375
2117.58251953125 2775.1982421875 0 0 0 0 0 0 0 0 7004.76318359375 1013.48724365234375 474.95440673828125 1021.57489013671875 3888.553955078125 0 0 0 0 0 5836.70361328125 8638.38671875 7959.7138671875 0 0 0 0 0 0 0 0 0 461.850677490234375 502.902496337890625 537.33001708984375 0 369.92266845703125 552.9395751953125 288.40972900390625 449.675872802734375 399.79766845703125 789.2576904296875 974.67657470703125 945.418701171875 809.989990234375 404.80523681640625 373.497772216796875 426.643829345703125 297.229827880859375 702.64666748046875 12169.0791015625 12169.0791015625 16876.09375 10669.5478515625 3930.423583984375 1299.6590576171875
2773.969970703125 0 0 0 6892.10693359375 6892.10693359375 658.62701416015625 0 1325.2120361328125 1757.42333984375 3926.86669921875 942.66168212890625 258.55419921875 269.7552490234375 954.48748779296875 0 0 0 0 0 3087.72802734375 5870.072265625 14217.1064453125 0 0 0 0 0 0 0 0 0 0 0 0 592.8597412109375 872.05908203125 415.694427490234375 410.1708984375 329.5511474609375 333.387939453125 369.13836669921875 404.819366455078125 685.1502685546875 324.1005859375 582.60198974609375 419.19720458984375 635.01800537109375 432.2080078125 607.7239990234375 1044.863525390625 0 0 0 0 747.36309814453125
0 0 0 0 7507.94091796875 7507.94091796875 9228.2412109375 9228.2412109375 1217.75634765625 975.9248046875 1382.61181640625 355.987457275390625 293.374908447265625 290.475311279296875 286.9794921875 0 0 0 0 0 1358.739013671875 1358.739013671875 0 0 0 0 0 0 0 0 0 0 0 0 0 350.78948974609375 3814.2890625 360.66424560546875 349.088409423828125 474.957763671875 729.16827392578125 371.3533935546875 597.1375732421875 791.768310546875 828.7901611328125 547.4991455078125 468.241241455078125 787.37176513671875 460.529632568359375 1348.490966796875 1279.5360107421875 0 0 0 511.029754638671875 519.518310546875
0 0 0 0 7163.11572265625 7163.11572265625 10116.8330078125 10116.8330078125 286.226654052734375 301.897125244140625 472.3804931640625 339.355438232421875 301.388885498046875 260.1639404296875 177.7989959716796875 0 0 0 0 0 0 0 0 0 0 0 0 0 291.215240478515625 315.7696533203125 438.4952392578125 0 0 0 0 0 561.98822021484375 486.717742919921875 377.318115234375 796.99591064453125 867.2313232421875 366.8699951171875 434.508514404296875 392.50628662109375 567.609375 447.1610107421875 544.3287353515625 763.73956298828125 244.9952545166015625 13596.3017578125 8595.76171875 12370.326171875 0 0 0 0
0 0 0 0 7442.033203125 6933.00927734375 8015.8974609375 7498.83740234375 315.782012939453125 319.448638916015625 401.96380615234375 269.51129150390625 224.3352508544921875 226.3764495849609375 0 0 0 0 0 0 0 0 0 0 0 0 0 0 460.14599609375 364.536895751953125 321.8990478515625 321.465301513671875 0 0 0 0 0 441.209991455078125 492.069915771484375 938.56146240234375 612.5740966796875 387.709991455078125 378.589874267578125 365.852874755859375 354.26666259765625 460.562286376953125 397.771575927734375 1038.1719970703125 3805.1669921875 6594.9775390625 23731.634765625 23731.634765625 23731.634765625 13299.7197265625 6240.56982421875 9613.3349609375
0 0 0 0 8681.6103515625 7298.2861328125 5914.9619140625 4880.841796875 384.8077392578125 448.716705322265625 411.066070556640625 265.9002685546875 263.953826904296875 294.745391845703125 0 0 1497.8740234375 812.407470703125 0 1234.530029296875 1056.4599609375 0 0 0 0 0 0 0 615.26947021484375 470.31048583984375 315.809722900390625 427.584014892578125 634.29547119140625 805.189697265625 668.7947998046875 0 0 0 0 961.666015625 416.702362060546875 346.089324951171875 349.6737060546875 377.40069580078125 409.443603515625 374.542999267578125 516.45648193359375 1738.656005859375 3216.093994140625 1578.70166015625 3631.9609375 5933.3564453125 7000.34716796875 7512.7587890625 6240.56982421875 4532.2529296875
2588.693115234375 0 0 0 0 0 190.878997802734375 0 455.602325439453125 735.00250244140625 486.7608642578125 329.329803466796875 313.177276611328125 0 1335.5269775390625 1488.36962890625 1514.755615234375 1700.3525390625 1878.114990234375 973.64300537109375 1234.530029296875 0 0 0 0 0 0 770.99700927734375 566.8988037109375 588.13970947265625 492.66156005859375 556.71697998046875 429.07733154296875 408.121063232421875 453.08056640625 0 0 0 0 217.7297210693359375 362.165924072265625 385.798828125 323.178955078125 414.27947998046875 1087.682373046875 731.8834228515625 735.28106689453125 620.06512451171875 894.4136962890625 817.82550048828125 639.83648681640625 834.96478271484375 596.39111328125 671.10186767578125 1433.0400390625 1041.7677001953125
1234.86669921875 1642.81494140625 1448.470947265625 0 190.3860015869140625 751.99749755859375 1020.43572998046875 1278.991455078125 0 0 941.66064453125 1534.861328125 1582.279541015625 1264.31005859375 1215.3470458984375 1399.8060302734375 1442.65869140625 2867.347900390625 1896.9171142578125 957.4056396484375 0 0 0 0 0 0 0 770.99700927734375 401.89556884765625 649.83154296875 598.89129638671875 543.148681640625 397.642364501953125 380.074554443359375 463.82781982421875 0 0 0 868.3704833984375 602.70867919921875 464.47369384765625 498.55340576171875 437.90899658203125 524.21160888671875 1072.7825927734375 769.87188720703125 327.863006591796875 472.09246826171875 399.564422607421875 405.305084228515625 409.22235107421875 329.194488525390625 536.33746337890625 393.277191162109375 406.216064453125 502.9617919921875
983.39251708984375 1071.7716064453125 4032.42724609375 10276.005859375 1241.447021484375 895.01617431640625 732.7054443359375 876.145263671875 1065.6650390625 1586.04296875 2106.4208984375 0 1381.885009765625 1288.741455078125 1489.6368408203125 2013.9775390625 1517.5450439453125 3876.680908203125 2532.5869140625 0 0 0 0 154.5850067138671875 228.416748046875 339.261993408203125 0 0 647.5460205078125 575.28369140625 368.759735107421875 397.458160400390625 366.9083251953125 328.91650390625 336.526153564453125 0 0 536.7705078125 444.98760986328125 515.199462890625 445.56304931640625 405.7506103515625 693.6279296875 507.975677490234375 434.594146728515625 330.842376708984375 408.316986083984375 369.664703369140625 383.547607421875 413.001007080078125 409.83966064453125 369.15301513671875 421.906585693359375 368.636566162109375 398.067718505859375 322.864013671875
827.55877685546875 333.257415771484375 1240.6910400390625 2855.03662109375 10276.005859375 1051.101806640625 820.54473876953125 913.93963623046875 1328.779541015625 1716.586181640625 1795.4388427734375 1525.9110107421875 0 1182.1309814453125 1742.739501953125 2183.1669921875 0 0 0 0 0 0 0 0 292.99200439453125 213.857666015625 215.45849609375 0 0 331.38232421875 397.780426025390625 472.588409423828125 458.039306640625 527.51611328125 758.81402587890625 979.87152099609375 783.68597412109375 518.922119140625 523.87115478515625 503.615875244140625 421.902008056640625 427.456451416015625 456.471435546875 378.29693603515625 299.510009765625 438.4920654296875 517.22772216796875 452.753753662109375 465.649505615234375 465.03790283203125 502.302886962890625 691.47479248046875 628.94866943359375 404.841644287109375 590.08697509765625 973.77825927734375
545.9832763671875 471.152374267578125 404.650299072265625 335.53070068359375 358.82366943359375 1028.8759765625 1184.3194580078125 1734.718994140625 2072.928955078125 1611.04296875 2009.6614990234375 1757.27001953125 1779.9630126953125 1410.0999755859375 1653.3509521484375 1561.114990234375 159.545501708984375 133.3509979248046875 0 0 860.808349609375 1037.5699462890625 0 676.39849853515625 1856.9189453125 3247.239013671875 2460.81201171875 0 0 374.417999267578125 0 559.684326171875 527.3809814453125 390.557373046875 950.62298583984375 578.4708251953125 513.8798828125 416.831756591796875 850.77685546875 791.85626220703125 394.735809326171875 425.67486572265625 442.28717041015625 344.336639404296875 317.858612060546875 517.3839111328125 830.0999755859375 704.16680908203125 411.467742919921875 552.48773193359375 877.23834228515625 788.25616455078125 643.00616455078125 402.817230224609375 517.84454345703125 529.37091064453125
882.27716064453125 763.7025146484375 642.0445556640625 312.52508544921875 1680.5780029296875 3893.62255859375 1447.2459716796875 2062.36767578125 1585.2564697265625 2106.34375 1190.3883056640625 1508.6915283203125 1599.1153564453125 1682.0899658203125 1978.260986328125 2170.2490234375 133.3509979248046875 133.3509979248046875 1709.4210205078125 1709.4210205078125 1017.60821533203125 1020.815185546875 539.3074951171875 940.83502197265625 3247.239013671875 2957.1923828125 1151.2978515625 633.74957275390625 0 0 307.074493408203125 530.9600830078125 511.51611328125 312.8265380859375 340.9007568359375 675.02569580078125 712.97454833984375 440.06085205078125 701.16900634765625 748.754150390625 663.68701171875 629.06787109375 1504.136962890625 752.29351806640625 779.01898193359375 469.95965576171875 608.01226806640625 664.98101806640625 555.98199462890625 599.54534912109375 746.7625732421875 805.24639892578125 658.8095703125 461.478912353515625 372.780426025390625 237.507293701171875
