PredictorVariables/BuildingArea_Mean_100m/BuildingAreaMean_100.asc
ncols        529
nrows        344
xllcorner    2700.000000000000
yllcorner    15900.000000000000
cellsize     100.000000000000
NODATA_value  0
[rows 168 to 191 of 344, columns 280 to 335 of 529]
1133.4876708984375 858.8597412109375 1829.3123779296875 1286.6190185546875 2150.53271484375 3033.481201171875 2539.8935546875 6880.00439453125 4723.337890625 1482.3782958984375 2284.051513671875 0 1610.4405517578125 2264.355712890625 3478.147216796875 4297.61181640625 3424.527099609375 1441.3726806640625 634.4110107421875 0 3888.73193359375 4815.55615234375 1618.344482421875 0 0 1119.2349853515625 2927.8115234375 1972.2099609375 1972.2099609375 1090.0550537109375 1132.5240478515625 2486.812255859375 3147.422119140625 2107.200439453125 1286.8707275390625 0 2543.411376953125 2333.669921875 10732.236328125 14416.3359375 15213.671875 18897.771484375 7069.5673828125 1948.11328125 2626.72021484375 1825.200439453125 1061.29443359375 669.27777099609375 649.19342041015625 1259.4949951171875 0 0 0 1483.6077880859375 1064.03564453125 1141.3974609375
800.169189453125 1370.8768310546875 1775.616455078125 1354.4083251953125 2317.90576171875 1185.5 6267.349609375 19056.83203125 4915.470703125 1609.3896484375 1821.92138671875 801.65997314453125 3237.053466796875 3245.146484375 3867.4443359375 3927.92236328125 3663.026611328125 1061.7220458984375 734.59600830078125 0 4148.7939453125 4257.171875 2629.417236328125 932.38336181640625 907.26800537109375 609.78369140625 1463.1285400390625 1565.4560546875 1445.3126220703125 1740.4759521484375 1284.5283203125 1769.7738037109375 1811.70166015625 1234.383056640625 593.5369873046875 0 1922.760986328125 1044.627197265625 4437.84033203125 7391.5068359375 6132.40576171875 0 0 1041.9169921875 1159.82080078125 3414.017822265625 2254.955322265625 640.701171875 1561.35595703125 1298.802490234375 0 0 2004.8690185546875 1226.524658203125 2355.550048828125 2658.29052734375
674.7796630859375 1132.5386962890625 1848.843505859375 2117.30859375 1370.498291015625 1512.8841552734375 2511.757568359375 9992.40234375 10522.7861328125 4309.6494140625 3133.38134765625 1987.5179443359375 3913.950439453125 3824.16064453125 3628.100830078125 3219.5009765625 3877.534423828125 2491.889892578125 1404.749755859375 1332.802978515625 1857.521728515625 2918.457763671875 3842.324951171875 1585.154541015625 2991.157958984375 1303.4610595703125 1404.8709716796875 2324.743896484375 2889.776611328125 2677.96923828125 1016.48577880859375 2405.2548828125 2164.38525390625 1711.4967041015625 721.1533203125 1112.458984375 822.6607666015625 2044.1812744140625 3057.944580078125 10035.302734375 5878.6435546875 5599.68994140625 0 5715.9228515625 6470.94580078125 4947.57470703125 3912.267822265625 774.84375 1062.276123046875 1242.83154296875 1280.6171875 646.676025390625 516.797119140625 864.0479736328125 904.78057861328125 1355.2872314453125
1703.2642822265625 1859.0069580078125 1316.1578369140625 1711.62451171875 1380.2540283203125 1057.5380859375 2906.160400390625 0 2425.312744140625 3855.2958984375 3135.269287109375 2559.721923828125 2622.388427734375 4728.12890625 2447.1435546875 1712.301025390625 3192.655029296875 3297.90478515625 2318.79345703125 1756.60302734375 1512.1993408203125 1749.5118408203125 1825.5810546875 800.003662109375 679.53302001953125 690.05950927734375 816.4093017578125 1801.71533203125 1748.747802734375 1287.499755859375 925.3070068359375 1681.6829833984375 1187.176513671875 903.56201171875 987.07275390625 641.63226318359375 718.332275390625 1657.8145751953125 3703.42578125 7266.80810546875 5796.13623046875 5599.68994140625 1853.1390380859375 3069.285888671875 7232.98486328125 4242.462890625 1184.19873046875 753.56829833984375 585.55242919921875 1190.42236328125 657.91131591796875 532.7037353515625 671.465087890625 672.0303955078125 422.3497314453125 279.44744873046875
1302.2301025390625 1176.2725830078125 1286.6629638671875 1038.2847900390625 1063.6148681640625 617.02288818359375 951.1734619140625 2287.18896484375 2483.61865234375 2065.9287109375 2397.91455078125 3407.53564453125 3151.7060546875 1046.8804931640625 1428.583251953125 2431.541015625 2563.9892578125 2221.158935546875 1653.864013671875 125.6719970703125 1387.2110595703125 2028.824462890625 1392.863525390625 555.459716796875 587.5718994140625 600.752685546875 513.146240234375 535.06182861328125 710.89068603515625 931.57342529296875 1101.564453125 377.011077880859375 673.03369140625 623.32855224609375 556.86187744140625 429.167327880859375 776.740478515625 1352.90576171875 1949.443115234375 7407.83642578125 8254.8212890625 4789.6171875 1555.49853515625 1122.975830078125 1460.1226806640625 2263.225830078125 1277.662841796875 805.86224365234375 976.77197265625 1214.455078125 682.9315185546875 372.15545654296875 517.79681396484375 538.86932373046875 407.7872314453125 491.50244140625
695.40863037109375 1445.4100341796875 2819.576416015625 1492.2750244140625 2976.033935546875 1242.4571533203125 922.41900634765625 0 1366.763671875 2464.4755859375 3240.038330078125 3305.4306640625 2076.82275390625 1461.9375 1640.7034912109375 2170.5537109375 1075.46044921875 594.9697265625 1124.2440185546875 2015.6610107421875 2058.57861328125 1372.375732421875 1134.43994140625 784.98486328125 949.042236328125 1501.54296875 636.3214111328125 331.62200927734375 430.774810791015625 1123.6754150390625 1323.1707763671875 536.702392578125 1325.7291259765625 1086.3514404296875 925.3116455078125 1026.68798828125 1445.281982421875 2591.6376953125 2919.240966796875 3486.404296875 5004.9248046875 2069.717529296875 1037.2872314453125 723.1309814453125 536.1954345703125 1160.73876953125 802.50726318359375 992.95257568359375 968.87628173828125 944.84417724609375 650.190673828125 622.2152099609375 455.862274169921875 625.59979248046875 414.1236572265625 604.3941650390625
740.11199951171875 1187.41552734375 2088.047119140625 1794.1376953125 148.9149932861328125 454.246002197265625 459.175506591796875 4062.569091796875 1284.0450439453125 1799.0286865234375 2301.99560546875 2744.430419921875 924.78302001953125 1231.541015625 2635.162109375 2474.811279296875 1549.390380859375 2090.06396484375 1598.510498046875 1330.7034912109375 412.944580078125 217.37835693359375 270.945953369140625 308.91436767578125 505.3382568359375 1119.0565185546875 644.31915283203125 597.61383056640625 750.44366455078125 1498.166259765625 1157.6982421875 3878.89697265625 685.5250244140625 722.602783203125 1478.6937255859375 3999.77001953125 3080.214111328125 3030.96435546875 661.677001953125 974.7467041015625 421.631561279296875 635.27947998046875 918.58831787109375 961.2337646484375 600.9478759765625 1040.919921875 1324.633056640625 1461.139892578125 844.1468505859375 795.39801025390625 735.691162109375 375.890869140625 391.27020263671875 415.715576171875 581.08514404296875 353.251312255859375
1533.458740234375 1106.1561279296875 1568.4464111328125 2445.1611328125 2698.556396484375 3877.10888671875 6168.85546875 4062.569091796875 2902.1689453125 3071.008544921875 3239.847900390625 0 0 1223.5379638671875 2723.264892578125 4905.51904296875 5580.04296875 4173.94482421875 2173.12109375 1011.8232421875 458.654327392578125 574.53857421875 573.0228271484375 977.99530029296875 1315.824951171875 1603.0438232421875 744.64654541015625 1121.2489013671875 675.51788330078125 1569.4033203125 1082.109619140625 1622.3101806640625 538.8460693359375 837.669677734375 1454.1483154296875 6684.328125 5163.46826171875 2409.147705078125 744.1951904296875 720.04315185546875 574.71331787109375 501.2098388671875 511.337158203125 994.7239990234375 852.76373291015625 719.052001953125 1271.0069580078125 1046.7645263671875 414.97418212890625 889.8563232421875 1164.8162841796875 380.25872802734375 461.23565673828125 324.810272216796875 489.95721435546875 397.6837158203125
793.1893310546875 1696.011962890625 1476.920166015625 2049.183349609375 2024.1424560546875 3118.67041015625 11030.568359375 13710.44140625 2777.033935546875 2626.493408203125 3425.9677734375 3058 0 0 3628.7939453125 3628.7939453125 963.94635009765625 2295.26513671875 2777.92236328125 734.81036376953125 533.89007568359375 486.508514404296875 408.568511962890625 1244.473388671875 986.6761474609375 1565.4034423828125 485.668426513671875 971.91748046875 1093.630615234375 1018.53900146484375 1496.8597412109375 896.5374755859375 2226.37109375 1957.843994140625 3960.392578125 804.45599365234375 535.70501708984375 1227.23876953125 434.966064453125 815.15069580078125 983.532470703125 465.99432373046875 522.42242431640625 847.90460205078125 912.2894287109375 542.9847412109375 1259.5677490234375 1388.633056640625 602.90826416015625 1458.085205078125 883.34063720703125 450.639617919921875 286.345428466796875 335.070465087890625 429.44061279296875 372.59051513671875
1137.7298583984375 1060.869873046875 1847.28271484375 1904.9708251953125 1297.9183349609375 1185.5845947265625 13710.44140625 20753.9921875 9204.7158203125 2529.3505859375 2295.10498046875 2598.2685546875 0 0 3628.7939453125 0 1810.73828125 1679.3289794921875 4227.73486328125 0 327.0953369140625 335.6773681640625 434.360504150390625 984.37738037109375 818.772216796875 542.14044189453125 332.24700927734375 1877.94921875 1198.352294921875 1379.00537109375 2215.222412109375 1201.80029296875 2785.3466796875 2836.048095703125 2681.711669921875 270.84051513671875 337.68701171875 1279.4840087890625 731.49127197265625 610.142333984375 559.12139892578125 505.509002685546875 554.66485595703125 569.876220703125 549.556640625 349.372222900390625 582.564208984375 737.31951904296875 607.3961181640625 1048.1126708984375 753.11676025390625 669.52667236328125 473.934814453125 330.74365234375 557.22918701171875 429.944427490234375
1841.13916015625 1164.924560546875 5016.31396484375 3209.6875 3330.023681640625 1333.3291015625 7680.25048828125 8892.4306640625 2961.64892578125 944.927001953125 1563.08544921875 2138.537109375 497.652008056640625 497.652008056640625 0 0 0 0 0 248.855499267578125 447.68450927734375 281.06988525390625 320.929901123046875 822.69378662109375 1189.166015625 430.721343994140625 908.94097900390625 2290.166015625 1066.7816162109375 1669.3433837890625 1304.370361328125 1143.109375 0 1869.1856689453125 1727.858642578125 593.6865234375 423.243988037109375 387.448486328125 324.657012939453125 544.04058837890625 449.804840087890625 437.76458740234375 338.587738037109375 748.90167236328125 655.852783203125 327.0313720703125 405.104736328125 333.5665283203125 561.41162109375 1323.2366943359375 824.50628662109375 595.3763427734375 621.695556640625 471.11773681640625 634.5714111328125 633.7034912109375
2075.005859375 2141.31689453125 3710.416015625 4231.36767578125 3567.022705078125 1516.9229736328125 1117.3017578125 1212.916015625 1212.916015625 821.62200927734375 0 0 0 0 0 0 0 833.14862060546875 838.04278564453125 1287.3499755859375 357.9639892578125 360.0828857421875 297.576324462890625 4251.39892578125 1970.0537109375 1418.948974609375 1240.704345703125 1604.6312255859375 1761.3580322265625 1287.751953125 1016.166015625 2868.845947265625 2427.706787109375 1321.4989013671875 937.677001953125 539.6619873046875 543.19732666015625 441.1719970703125 272.902008056640625 356.957611083984375 506.724456787109375 415.403411865234375 755.37127685546875 4370.84912109375 3029.1552734375 308.744903564453125 369.512542724609375 520.77593994140625 732.7200927734375 1518.184326171875 865.853271484375 490.381103515625 549.9110107421875 830.80224609375 834.6268310546875 1052.885986328125
1615.81103515625 1358.2354736328125 3689.313720703125 2725.2119140625 3278.417724609375 2023.167724609375 429.478485107421875 0 0 1012.20599365234375 0 0 0 0 93.8339996337890625 93.8339996337890625 7848.5810546875 2988.175537109375 1103.81298828125 1623.6070556640625 1623.6070556640625 0 0 4251.39892578125 2345.2763671875 3294.492919921875 3034.9296875 3506.541748046875 1418.0804443359375 1746.626953125 2083.7998046875 5556.97900390625 4058.756591796875 2348.573974609375 1246.11474609375 1990.27099609375 114.9394989013671875 326.178009033203125 268.71490478515625 278.02813720703125 289.960205078125 459.695556640625 2268.22802734375 6721.048828125 7564.30908203125 1198.3897705078125 357.239013671875 432.339508056640625 683.29302978515625 1560.764404296875 842.57452392578125 628.54901123046875 421.930389404296875 751.52777099609375 943.51611328125 963.01873779296875
1737.8543701171875 878.91998291015625 992.33599853515625 814.5411376953125 1106.79833984375 3169.98095703125 2855.533447265625 1855.22900390625 588.052978515625 239.5319976806640625 650.50567626953125 0 0 0 33.516998291015625 0 7848.5810546875 4996.53466796875 2144.488037109375 0 0 0 0 0 0 7998.591796875 7998.591796875 3166.77392578125 1347.7130126953125 1006.1688232421875 727.5885009765625 322.417999267578125 2929.305419921875 2273.918701171875 1747.4794921875 1551.664794921875 240.7742919921875 203.7193603515625 291.148895263671875 293.384185791015625 313.861053466796875 504.407623291015625 2395.10791015625 6721.048828125 0 527.1395263671875 555.409912109375 505.50299072265625 616.2783203125 1108.8343505859375 727.22918701171875 1139.6553955078125 1209.386474609375 1157.269775390625 1444.672607421875 934.60260009765625
1038.215576171875 1574.8409423828125 2133.447998046875 2133.447998046875 2272.095947265625 3030.50244140625 1887.6676025390625 2816.4560546875 0 246.3280029296875 84.2429962158203125 0 0 729.35797119140625 0 0 177287.015625 177287.015625 177287.015625 177287.015625 177287.015625 0 0 343.639007568359375 891.51800537109375 0 0 0 607.06451416015625 737.5377197265625 639.20635986328125 513.0625 1360.7130126953125 942.2392578125 1006.11700439453125 928.45458984375 203.4034576416015625 3794.563720703125 5009.16748046875 294.608154296875 268.54156494140625 310.335418701171875 879.2208251953125 646.478271484375 636.97711181640625 727.16802978515625 593.3492431640625 1136.30029296875 1424.2220458984375 949.97357177734375 514.24444580078125 1527.2197265625 2257.663330078125 1105.08154296875 1123.5230712890625 693.2020263671875
1787.197021484375 0 1380.945556640625 1703.07421875 1673.6011962890625 1287.945556640625 1219.5401611328125 1541.7249755859375 1194.385986328125 0 0 0 0 729.35797119140625 491.6226806640625 397.592987060546875 177287.015625 177287.015625 177287.015625 177287.015625 177287.015625 0 0 0 1033.18603515625 0 734.04852294921875 714.34197998046875 710.33697509765625 1207.5374755859375 831.49127197265625 257.309356689453125 266.066802978515625 270.4903564453125 318.828704833984375 348.4027099609375 2383.757568359375 14736.248046875 8016.36962890625 311.104248046875 253.06512451171875 352.34320068359375 749.65069580078125 973.07037353515625 1028.87890625 932.25421142578125 1378.9449462890625 1586.4632568359375 1358.1910400390625 1178.8890380859375 935.146728515625 3065.812255859375 2796.115234375 1364.9132080078125 985.3582763671875 891.97943115234375
3803.22900390625 737.82049560546875 936.36328125 2183.361083984375 2548.205078125 1338.5369873046875 1254.416748046875 1057.5948486328125 1103.1807861328125 1012.22100830078125 130.0720062255859375 0 0 381.053985595703125 789.22052001953125 812.584228515625 177287.015625 177287.015625 177287.015625 177287.015625 177287.015625 177287.015625 0 0 0 0 0 5161.7978515625 5161.7978515625 954.99102783203125 1140.246337890625 249.9563140869140625 285.618072509765625 305.58807373046875 295.133941650390625 342.532196044921875 1520.8558349609375 1628.7105712890625 1544.427490234375 362.088134765625 319.378997802734375 359.534759521484375 536.759521484375 1849.343994140625 1593.147216796875 0 542.1309814453125 438.1790771484375 1238.6138916015625 1847.420166015625 1309.866943359375 3815.63720703125 3404.032470703125 775.3763427734375 1040.39404296875 1468.220458984375
2075.5205078125 867.91510009765625 1063.287109375 1426.40576171875 4294.966796875 1855.2618408203125 1515.441162109375 1318.8480224609375 2602.5341796875 4192.73583984375 130.0720062255859375 0 0 0 0 0 177287.015625 177287.015625 177287.015625 91048.796875 91048.796875 0 0 0 0 324.891998291015625 0 5161.7978515625 1085.6419677734375 1160.564697265625 606.92474365234375 300.7744140625 313.669158935546875 283.35699462890625 326.5455322265625 441.843292236328125 305.162994384765625 327.69439697265625 317.128631591796875 245.29766845703125 327.417999267578125 317.600616455078125 347.438934326171875 603.16339111328125 1128.725341796875 863.6610107421875 798.04400634765625 1698.31103515625 1912.2467041015625 966.32501220703125 1310.0469970703125 1942.0487060546875 3619.84033203125 872.4530029296875 1552.3797607421875 879.00177001953125
1893.4696044921875 1437.0303955078125 876.15264892578125 921.567138671875 2560.466064453125 4016.410888671875 3036.995849609375 4467.78515625 7499.56884765625 7499.56884765625 0 0 0 0 0 0 88672.0234375 177287.015625 91048.796875 62784.23828125 6152.29052734375 7391.18017578125 0 0 1050.39599609375 750.926025390625 0 1772.5159912109375 1173.97900390625 761.62750244140625 423.610992431640625 536.21612548828125 429.335205078125 361.1182861328125 336.981842041015625 543.26348876953125 272.3184814453125 303.725921630859375 288.532012939453125 297.633087158203125 516.85089111328125 524.15802001953125 291.550994873046875 378.382659912109375 528.35455322265625 535.31787109375 966.1722412109375 724.1934814453125 740.5025634765625 1315.9222412109375 802.427978515625 454.87298583984375 11526.8671875 5829.466796875 1603.1358642578125 1353.22021484375
3579.919921875 2198.384765625 1406.6072998046875 1044.257568359375 3472.286376953125 5806.11083984375 2848.441650390625 7016.72021484375 1030.1820068359375 1030.1820068359375 324.85198974609375 0 0 0 0 0 3717.402099609375 90502.2109375 177287.015625 91771.0625 6823.14501953125 7391.18017578125 0 570.1834716796875 832.2177734375 0 3424.447998046875 3604.054443359375 3139.81298828125 1002.30401611328125 0 1370.550048828125 976.8363037109375 405.608856201171875 376.903533935546875 671.831787109375 334.489654541015625 230.04400634765625 318.32293701171875 420.001007080078125 395.294891357421875 350.813385009765625 436.6715087890625 388.2943115234375 1049.7955322265625 819.4005126953125 880.64447021484375 709.9991455078125 767.75677490234375 598.65142822265625 776.05352783203125 462.571990966796875 21126.53125 8565.4521484375 2131.687255859375 1615.197998046875
5870.6259765625 2477.778564453125 1081.96435546875 4340.4404296875 12588.5224609375 14417.80859375 0 0 0 1030.1820068359375 0 0 0 0 0 0 3717.402099609375 90502.2109375 177287.015625 177287.015625 0 2480 2480 211.61566162109375 398.125 0 1886.1309814453125 4225.0908203125 3569.705322265625 1638.0179443359375 1193.52099609375 796.42633056640625 646.15447998046875 315.504180908203125 454.04083251953125 691.83447265625 754.67877197265625 242.415069580078125 273.07427978515625 445.96527099609375 288.52264404296875 288.2530517578125 469.32806396484375 604.9434814453125 5022.48876953125 751.447509765625 0 867.1156005859375 509.4091796875 587.427001953125 0 610.80474853515625 7523.5322265625 21126.53125 8288.884765625 2665.093017578125
7036.8994140625 9461.8935546875 3810.8193359375 7022.5048828125 12588.5224609375 0 286.76251220703125 339.493988037109375 0 0 0 0 0 0 0 0 0 0 177287.015625 177287.015625 0 2480 2480 0 0 0 0 10717.8701171875 7709.708984375 1105.0789794921875 769.83538818359375 654.927734375 803.75299072265625 921.9630126953125 635.746826171875 248.641998291015625 325.102752685546875 218.5013580322265625 333.644012451171875 412.131866455078125 393.752532958984375 442.28887939453125 394.62774658203125 920.2344970703125 3678.910400390625 668.23675537109375 336.670501708984375 808.1751708984375 1380.3062744140625 1832.531982421875 1924.02197265625 1045.946044921875 0 0 3718.263916015625 7350.080078125
9461.8935546875 1534.030029296875 6144.765625 10759.236328125 0 0 0 0 0 0 0 0 0 0 0 0 77.542999267578125 77.542999267578125 0 0 0 0 0 0 0 0 15609.36328125 15609.36328125 15609.36328125 677.80914306640625 890.62939453125 338.330810546875 359.34759521484375 439.134735107421875 589.0416259765625 313.931304931640625 260.1824951171875 358.18798828125 303.79229736328125 652.135986328125 917.23980712890625 477.454742431640625 274.506744384765625 962.36651611328125 3842.862548828125 526.68499755859375 463.5675048828125 2535.155029296875 2535.155029296875 0 599.85699462890625 0 0 7350.080078125 7350.080078125 0
0 1537.7650146484375 0 0 0 0 0 0 0 729.5045166015625 915.3079833984375 0 0 1016.00299072265625 946.16998291015625 889.26239013671875 1500.8046875 1640.1639404296875 831.00750732421875 1489.6552734375 531.680419921875 0 1852.1639404296875 0 0 0 4999.9541015625 991.197998046875 1394.02001953125 1142.6204833984375 1588.7919921875 259.027008056640625 444.25933837890625 534.66668701171875 845.25897216796875 560.262939453125 446.547088623046875 300.209320068359375 329.777252197265625 1295.2642822265625 1704.849365234375 687.96697998046875 263.374847412109375 192.7665557861328125 1117.3509521484375 382.178009033203125 0 0 241.397003173828125 0 599.85699462890625 0 0 2479.020263671875 0 0
