PredictorVariables/BuildingArea_Mean_100m/BuildingAreaMean_100.asc
ncols        529
nrows        344
xllcorner    2700.000000000000
yllcorner    15900.000000000000
cellsize     100.000000000000
NODATA_value  0
[rows 120 to 143 of 344, columns 336 to 391 of 529]
0 0 0 0 0 0 0 0 0 0 0 0 0 0 0 0 0 0 0 0 0 0 0 13328.9921875 2070.4580078125 0 0 0 0 0 2093.596923828125 2458.861083984375 2021.0355224609375 1167.77099609375 1207.4444580078125 1104.09521484375 1067.6929931640625 1241.6409912109375 0 0 0 0 0 0 0 0 1455.5689697265625 1150.79296875 1128.0543212890625 1382.501953125 910.2080078125 1120.7841796875 1177.1739501953125 1364.650634765625 1359.5927734375 1434.7254638671875
0 0 0 0 0 0 0 0 0 0 0 0 0 0 0 0 0 0 0 0 1463.4005126953125 2804.735107421875 1348.883056640625 7043.927734375 25101.103515625 0 0 0 0 0 1340.3653564453125 1200.641357421875 1288.6065673828125 1047.19873046875 980.4423828125 1081.478271484375 939.1614990234375 928.18426513671875 0 0 0 0 0 0 0 6114.9130859375 3078.899658203125 1372.048828125 1429.1236572265625 1694.8582763671875 1399.3558349609375 1595.291015625 5219.47607421875 9089.123046875 2990.89208984375 1456.0247802734375
0 0 0 0 0 0 0 0 0 0 0 0 0 0 0 0 0 0 0 0 5171.2880859375 5171.2880859375 1118.870361328125 5745.16015625 25101.103515625 0 572.90997314453125 1000.44549560546875 1972.3966064453125 937.23175048828125 1600.775634765625 1041.259521484375 1404.9456787109375 1331.074951171875 1177.231689453125 1903.174560546875 1095.760498046875 613.49798583984375 0 0 0 0 0 722.802001953125 722.802001953125 6114.9130859375 2816.972900390625 1009.03778076171875 1078.841552734375 1409.0185546875 2103.041259765625 1408.2989501953125 1147.4169921875 3804.2060546875 3296.61865234375 1391.245361328125
0 0 0 0 0 0 0 0 0 0 0 0 0 0 0 0 0 0 0 0 0 0 834.947021484375 7497.0517578125 14159.15625 0 5229.11181640625 943.5980224609375 1232.962890625 1625.7645263671875 1475.4693603515625 1381.0732421875 1500.4268798828125 1915.4974365234375 1723.1136474609375 1855.8392333984375 1295.788818359375 614.31365966796875 0 78.79650115966796875 24.801000595092773438 1039.844970703125 1237.4346923828125 1215.59716796875 1336.914794921875 1593.0146484375 1850.87353515625 1325.6385498046875 1203.009033203125 1312.9168701171875 1862.8536376953125 1289.448974609375 1226.2215576171875 1456.873046875 1531.7484130859375 1335.7913818359375
0 0 0 0 0 0 0 0 0 0 0 0 0 0 0 0 0 0 0 0 0 0 0 2899.304931640625 2899.304931640625 9885.314453125 9885.314453125 685.3956298828125 769.236572265625 1031.6710205078125 1663.5040283203125 1586.38671875 1447.8333740234375 2273.79736328125 2382.3876953125 1680.387451171875 1863.9229736328125 0 0 62.647167205810546875 1509.636962890625 1490.19775390625 1611.48828125 1422.802490234375 1274.229248046875 3313.88525390625 4366.1884765625 1239.418701171875 1347.8702392578125 1534.4539794921875 1528.0533447265625 1591.2674560546875 1237.6243896484375 13838.017578125 5448.21142578125 1640.306640625
0 0 0 0 0 0 0 0 0 0 0 0 0 0 0 0 0 0 0 0 0 0 0 2899.304931640625 2899.304931640625 9885.314453125 9885.314453125 756.294677734375 842.3426513671875 1462.427978515625 3019.998291015625 2375.30615234375 1264.5545654296875 1782.223388671875 2015.813232421875 485.989990234375 512.6556396484375 2514.989990234375 2514.989990234375 0 1366.7664794921875 1342.529296875 2092.20849609375 1505.955810546875 1342.1026611328125 3970.24365234375 3671.640625 1190.489990234375 1429.8497314453125 1677.5350341796875 1209.6595458984375 1407.398681640625 1345.3267822265625 13838.017578125 13838.017578125 0
0 0 0 0 0 0 0 0 0 0 0 0 0 0 0 0 0 0 0 0 0 0 0 0 0 1762.137451171875 1230.64501953125 1045.529052734375 3514.02392578125 2873.468994140625 3382.625244140625 2114.821533203125 1163.467041015625 653.48602294921875 601.52178955078125 641.5 2681.6865234375 4364.8984375 0 116.91500091552734375 966.853515625 1518.4356689453125 1709.0313720703125 1623.5419921875 1689.4300537109375 3068.80908203125 2006.20361328125 1075.6810302734375 1284.9090576171875 1678.6829833984375 1082.052490234375 866.96038818359375 870.8343505859375 7258.4091796875 13838.017578125 990.613525390625
0 0 0 0 0 0 0 0 0 0 0 0 0 0 0 0 0 0 0 0 0 0 0 0 0 1688.114013671875 1424.4925537109375 999.59600830078125 1322.4996337890625 3098.993408203125 2599.148681640625 1175.85205078125 990.8721923828125 1068.5712890625 685.66302490234375 2249.60009765625 5289.85302734375 6191.73583984375 288.57598876953125 0 2264.417236328125 1844.2633056640625 1767.0980224609375 1529.6842041015625 1698.7901611328125 1535.5152587890625 1125.54736328125 969.89520263671875 1301.1070556640625 1423.401611328125 1398.11328125 1170.312255859375 743.12200927734375 894.93768310546875 1374.6737060546875 1216.3800048828125
0 0 0 0 0 0 0 0 0 0 0 0 0 0 0 0 0 0 0 0 0 0 0 0 989.40399169921875 1214.5948486328125 1035.1553955078125 1155.4229736328125 1481.718017578125 1589.9605712890625 1692.67822265625 1865.314453125 1568.964599609375 2157.128662109375 1423.967041015625 2592.472900390625 0 3186.23828125 4004.1220703125 3605.89892578125 5396.654296875 3091.123779296875 1381.74755859375 1097.3179931640625 3664.441650390625 8636.328125 1979.2779541015625 1929.1556396484375 1561.4957275390625 1464.4759521484375 1371.2823486328125 1386.9027099609375 1522.7586669921875 1167.364990234375 3913.523681640625 2727.174072265625
0 0 0 0 0 0 0 0 0 0 0 0 0 0 0 0 0 0 0 0 0 0 0 0 1407.4716796875 1072.46728515625 1399.717529296875 1424.8033447265625 2593.784912109375 2726.0048828125 1522.7249755859375 1936.5382080078125 1165.3668212890625 2151.284423828125 1250.6009521484375 38183.6484375 38183.6484375 12224.0283203125 4800.4794921875 10206.7333984375 7111.3271484375 7111.3271484375 2776.56494140625 2028.9840087890625 3123.010986328125 8636.328125 1208.6253662109375 1802.042724609375 1707.4339599609375 1583.190673828125 1602.7330322265625 2875.045654296875 1368.9127197265625 5585.31103515625 5585.31103515625 2947.73681640625
0 0 0 0 0 0 0 0 0 0 38.145000457763671875 0 0 0 0 0 0 0 0 0 0 0 542.63702392578125 1022.35498046875 1117.0025634765625 1146.911376953125 1368.4847412109375 3638.685302734375 7659.97705078125 2815.601806640625 1506.97900390625 1669.865234375 1081.6614990234375 449.96533203125 10104.671875 22137.37109375 38183.6484375 16185.296875 2905.382080078125 4117.37890625 6316.45361328125 6752.02294921875 3448.1845703125 2170.989501953125 1663.2320556640625 1649.531005859375 1270.69970703125 1664.9639892578125 1727.0040283203125 1483.5555419921875 2837.3603515625 2951.86328125 2373.773193359375 1495.100830078125 1151.227294921875 1758.6807861328125
0 0 0 0 0 0 0 0 0 0 105.98200225830078125 0 0 0 0 0 0 0 0 0 0 529.18597412109375 594.305419921875 1276.7852783203125 1627.8399658203125 1347.781982421875 1213.66064453125 1112.642822265625 1111.8890380859375 1538.088623046875 1631.416259765625 1450.30517578125 818.297119140625 1313.6097412109375 2110.4130859375 22137.37109375 38183.6484375 20605.203125 1846.6766357421875 2646.612060546875 7270.392578125 5150.7509765625 1472.0849609375 1780.9202880859375 1665.9969482421875 1715.814453125 1219.29638671875 1675.156982421875 2815.347412109375 1333.4481201171875 2121.967529296875 3130.077392578125 1452.7587890625 1261.9725341796875 1316.010986328125 1823.41552734375
0 0 0 0 0 0 0 0 0 0 0 0 0 0 0 0 0 0 0 0 0 674.0323486328125 916.0560302734375 1098.6956787109375 2130.416015625 1507.5775146484375 1362.4757080078125 1320.2459716796875 1158.3404541015625 1491.7684326171875 1827.6591796875 2384.02587890625 1413.6944580078125 1028.314453125 1226.49072265625 1140.6800537109375 1141.4666748046875 0 2154.77294921875 2149.00634765625 1766.8363037109375 1526.9630126953125 1374.469970703125 2229.31640625 2436.0888671875 3101.609130859375 4572.23193359375 4666.02099609375 2555.717529296875 1375.0435791015625 1239.02294921875 1133.8402099609375 1497.92529296875 1371.7139892578125 1735.1385498046875 1679.592529296875
0 0 0 0 0 0 0 0 0 0 0 0 0 0 0 0 0 0 0 0 783.9735107421875 710.521484375 865.87481689453125 781.64984130859375 2531.14599609375 2805.75732421875 1233.2781982421875 836.49200439453125 763.497314453125 1649.2294921875 1205.9464111328125 2280.715087890625 3493.64404296875 3812.8291015625 1230.603515625 1253.2952880859375 1151.2139892578125 1490.7960205078125 2159.83544921875 8627.1162109375 8899.04296875 1535.2974853515625 1603.6314697265625 2804.24951171875 4029.71044921875 4119.62451171875 4209.5390625 4849.68212890625 4849.68212890625 2565.91796875 3714.592041015625 1056.6651611328125 1293.59814453125 1342.843017578125 1440.7650146484375 1355.095947265625
0 0 0 0 0 0 0 0 0 0 0 0 0 0 0 0 0 0 0 0 550.6387939453125 547.26666259765625 796.7396240234375 2110.4580078125 2421.50048828125 2674.360595703125 1605.761474609375 1695.917724609375 1958.81005859375 2093.21826171875 1575.5242919921875 5743.24169921875 4128.8427734375 3214.492431640625 1283.6776123046875 1639.574951171875 1408.878173828125 2126.7099609375 2855.718994140625 15660.6123046875 15660.6123046875 5151.13671875 1647.9783935546875 1739.4405517578125 2252.4814453125 4086.971923828125 3352.569580078125 4250.458984375 2978.4755859375 3534.45703125 2993.383544921875 1729.1009521484375 1951.0419921875 1304.897705078125 0 2110.880615234375
0 0 0 0 0 0 0 0 0 0 0 0 0 0 348.389495849609375 0 0 0 0 573.47265625 493.17718505859375 676.41650390625 1677.6429443359375 1908.2113037109375 1096.4422607421875 976.33026123046875 1769.6884765625 2373.75341796875 2406.078369140625 1791.092529296875 2107.97265625 2126.081787109375 3780.180908203125 3359.581787109375 2196.255615234375 2698.481201171875 1492.1146240234375 1657.0032958984375 2320.189453125 2211.08740234375 1747.156494140625 6075.6875 2549.321044921875 2549.321044921875 2021.1204833984375 1993.094482421875 2596.0263671875 2667.717529296875 5838.76123046875 3864.765380859375 2877.767578125 2792.904541015625 3207.612060546875 1677.9300537109375 1851.18994140625 2132.9169921875
0 0 0 0 0 0 0 0 0 0 0 0 0 0 587.89599609375 0 0 0 0 160.654998779296875 587.38800048828125 928.1290283203125 1548.3709716796875 10826.298828125 27941.837890625 14894.8173828125 1600.758544921875 1774.365478515625 367.597503662109375 1626.4862060546875 1209.48095703125 1177.83056640625 1736.1021728515625 2063.644775390625 6604.6328125 4686.3369140625 1628.18603515625 1370.85595703125 1636.658447265625 1757.656982421875 1718.7430419921875 1666.7060546875 1476.9134521484375 1502.5052490234375 1613.3270263671875 1834.070556640625 2195.588623046875 1965.9246826171875 1773.2496337890625 1792.515380859375 2332.472900390625 1471.760986328125 1449.9656982421875 1597.426025390625 1663.66943359375 2587.909912109375
0 0 0 0 0 0 0 0 0 0 0 0 0 0 0 0 0 0 0 0 0 1007.97698974609375 0 15642.64453125 27941.837890625 27941.837890625 27941.837890625 27941.837890625 1117.406494140625 1548.644775390625 1153.6297607421875 956.9287109375 1286.7860107421875 1380.17724609375 1143.4820556640625 1564.9317626953125 1187.23876953125 1292.4654541015625 1488.656982421875 1488.656982421875 5605.89306640625 3168.36669921875 1782.6939697265625 1752.6737060546875 2063.975341796875 2317.459228515625 2327.782958984375 1934.0836181640625 2126.85302734375 1878.0179443359375 1948.863037109375 1039.198486328125 893.32666015625 1688.7135009765625 2510.112060546875 4217.55712890625
0 0 0 0 0 0 0 0 0 0 0 0 0 0 0 0 0 0 0 0 0 0 0 3343.451904296875 27941.837890625 14955.828125 11345.9658203125 14902.98046875 10004.0087890625 3650.56591796875 1305.3963623046875 1211.586181640625 1192.8929443359375 1263.1444091796875 1029.4305419921875 1342.5987548828125 1389.5177001953125 1928.8189697265625 0 0 5156.54296875 4519.20947265625 1926.28369140625 1635.4449462890625 1703.8365478515625 3110.841064453125 1887.363037109375 2013.810302734375 2588.98095703125 1670.217041015625 2214.18310546875 1572.009521484375 1058.0576171875 1239.907958984375 1460.419189453125 1608.740234375
0 0 0 0 0 0 0 0 0 0 0 0 0 0 0 0 0 0 0 0 0 0 0 0 0 3048.029541015625 4126.240234375 11177.123046875 6641.421875 4698.2236328125 7713.02294921875 0 1628.7445068359375 1273.96044921875 1202.0865478515625 1561.198486328125 4365.56689453125 9696.634765625 2533.1201171875 0 4707.19287109375 3194.22021484375 1501.697021484375 0 0 0 2211.989990234375 2297.794921875 1828.43603515625 2353.806640625 2200.8740234375 1797.5328369140625 1370.3626708984375 1113.916748046875 1479.3590087890625 1754.4427490234375
0 0 0 0 0 0 0 0 0 0 0 0 0 0 0 0 0 0 0 0 0 0 0 0 0 0 3110.1015625 3212.01708984375 2357.573974609375 2214.7294921875 13630.06640625 11669.2451171875 11669.2451171875 0 0 0 9696.634765625 5200.04833984375 7580.45703125 26145.72265625 5539.1748046875 0 0 0 0 0 0 2338.041015625 2320.558349609375 1887.4794921875 2880.21728515625 1931.158203125 1710.5677490234375 1821.0970458984375 1372.685791015625 1841.946044921875
0 0 0 0 0 0 0 0 0 0 0 0 0 1119.991943359375 0 0 0 0 0 0 0 0 0 0 0 53.464000701904296875 4018.9130859375 3811.9453125 4910.029296875 4130.64892578125 9154.4443359375 23129.484375 11916.5771484375 0 0 0 0 9346.861328125 13668.560546875 13998.32421875 4409.8095703125 5689.2509765625 0 0 0 1886.1009521484375 1560.0904541015625 1857.219482421875 2000.102294921875 3374.01806640625 3805.40966796875 2719.326904296875 1449.85205078125 1403.9405517578125 1647.6090087890625 1782.708984375
0 0 7012.98193359375 7012.98193359375 10434.8486328125 12145.7822265625 12145.7822265625 21047.20703125 0 0 0 0 0 1119.991943359375 0 0 0 0 0 0 0 0 0 0 0 0 0 5582.97802734375 5582.97802734375 0 11666.341796875 12026.5869140625 8252.28125 0 0 0 0 26145.72265625 11353.3505859375 7612.64111328125 3728.05224609375 5839.3271484375 0 0 0 2044.7130126953125 1586.731689453125 1735.113037109375 1916.2740478515625 2822.224609375 2271.65380859375 1975.1312255859375 1741.3809814453125 1981.0277099609375 1292.3026123046875 1386.371826171875
0 7305.90283203125 7159.4423828125 11389.3837890625 21047.20703125 12145.7822265625 12145.7822265625 4904.32080078125 4904.32080078125 0 0 0 111.73400115966796875 0 0 0 0 0 0 0 0 0 0 0 0 0 0 0 0 0 0 923.69000244140625 923.69000244140625 0 0 0 0 6503.77587890625 5908.24267578125 4894.96630859375 4305.099609375 2547.990478515625 1995.678955078125 0 3382.685546875 8355.8798828125 9114.90625 1950.84228515625 1953.970458984375 3872.27001953125 2430.380859375 811.71441650390625 1430.9639892578125 1965.4219970703125 1253.6865234375 1317.115966796875
