PredictorVariables/LightPollution_Total_100m/LightPollutionIntensity2016_100.asc
ncols        529
nrows        344
xllcorner    2700.000000000000
yllcorner    15900.000000000000
cellsize     100.000000000000
NODATA_value 0
[rows 150 to 199 of 344, columns 288 to 383 of 529]
139 135 136 36 68 116 71 13 46 58 41 131 104 188 386 261 193 244 201 126 339 162 78 203 160 270 132 316 420 122 60 270 257 99 58 153 70 314 142 217 192 187 62 112 147 133 160 175 93 338 224 323 179 243 403 84 621 376 70 306 241 106 42 144 97 104 86 78 103 100 199 173 408 468 183 262 185 143 127 194 128 215 96 139 100 172 69 446 136 132 192 160 245 61 105 246
225 269 290 327 257 225 59 55 28 70 65 115 124 89 141 357 411 271 186 120 137 287 142 252 79 210 268 248 319 470 225 155 172 205 92 98 130 117 436 508 384 175 116 74 199 163 277 183 82 89 84 272 194 265 393 136 75 223 648 410 68 63 78 65 67 110 146 82 101 220 169 219 113 123 275 55 200 100 73 146 135 88 93 152 169 91 145 106 47 75 92 68 70 62 194 271
238 170 128 294 91 389 71 66 51 139 107 133 165 144 149 262 256 192 168 241 93 143 219 314 149 61 413 375 224 262 209 289 91 126 215 136 123 302 103 307 398 169 183 215 170 267 113 194 251 108 51 102 190 166 310 419 85 69 229 459 69 35 87 193 154 167 139 83 175 110 233 175 418 118 135 130 276 150 145 300 256 102 144 270 114 271 120 107 126 57 137 223 143 199 167 360
122 170 460 121 347 673 129 182 51 48 157 97 79 72 119 635 89 133 231 233 449 432 349 173 86 105 132 234 224 136 297 208 105 121 248 95 682 144 169 111 190 157 153 199 167 130 171 339 194 259 178 226 205 290 128 114 241 134 251 72 89 213 92 205 184 245 124 418 250 84 162 369 161 133 125 75 413 199 310 223 358 246 195 111 182 130 201 99 76 103 70 279 170 82 90 102
80 221 115 186 293 171 85 100 62 107 98 73 76 140 156 390 281 423 270 183 89 70 151 193 117 284 434 225 143 236 109 120 162 193 202 229 193 154 52 329 183 508 328 155 117 179 308 181 187 425 168 332 207 326 152 426 140 223 196 186 95 32 84 65 102 252 169 371 311 209 184 253 407 323 199 161 378 121 248 170 264 221 156 92 46 154 96 59 59 321 488 164 158 41 134 130
148 102 142 306 311 137 74 43 77 86 89 99 98 380 191 89 133 73 181 147 55 110 144 229 285 165 367 350 162 268 205 298 208 314 135 147 76 125 337 178 323 193 254 178 237 191 188 54 105 101 240 159 113 148 83 81 187 193 120 74 67 159 85 254 268 95 157 315 181 194 246 87 156 82 244 168 324 81 118 72 262 238 142 72 76 16 118 118 115 137 149 627 357 58 43 109
69 215 265 244 398 144 105 184 166 117 460 172 121 391 142 151 108 159 62 136 165 136 164 90 135 236 289 461 279 223 228 276 180 100 112 119 329 105 102 166 367 112 166 282 164 320 82 96 209 156 106 164 269 135 214 202 172 229 152 149 51 64 49 338 121 113 192 109 153 175 84 117 61 257 132 68 270 116 165 249 95 125 149 75 109 84 83 81 90 187 75 137 129 56 116 395
370 320 370 227 111 323 171 231 672 111 140 187 98 92 138 237 219 129 120 125 199 109 135 162 234 157 334 260 160 131 322 176 102 125 327 165 159 278 249 101 149 279 211 146 516 215 603 187 99 99 142 96 257 145 121 69 242 110 75 83 57 149 151 105 173 296 289 234 58 124 124 166 124 149 38 111 80 253 128 105 150 92 179 114 84 76 99 144 88 169 261 91 249 207 58 232
240 173 131 364 442 217 181 73 160 151 85 117 139 158 144 426 394 101 49 39 112 92 179 371 549 89 104 82 275 151 225 89 177 156 137 77 105 208 92 72 141 131 255 214 319 224 272 78 129 153 256 168 128 85 104 189 121 106 61 135 92 211 312 362 165 167 186 133 189 215 147 162 173 202 181 116 102 178 184 195 144 190 188 57 200 151 165 130 142 73 146 106 78 148 274 84
154 219 281 151 293 315 126 191 108 153 117 145 121 105 186 200 186 563 154 354 27 171 377 147 239 262 221 325 104 206 280 118 69 102 110 51 181 169 57 96 171 269 116 214 88 404 174 171 312 254 113 89 94 64 46 57 103 117 45 148 237 86 95 126 219 273 256 142 110 133 125 85 109 244 108 45 146 172 168 130 158 126 117 125 185 110 75 162 295 179 172 265 47 23 358 91
149 152 165 385 97 166 275 119 139 191 174 111 184 75 38 94 221 244 108 98 112 60 348 165 183 227 189 100 357 318 118 194 225 67 49 67 54 163 230 177 174 268 235 83 156 322 151 137 119 89 90 97 97 218 92 88 65 77 61 100 169 178 84 387 226 294 72 148 270 176 141 448 372 356 125 260 170 127 71 64 80 185 38 258 134 62 110 317 158 63 38 32 111 29 60 374
83 167 77 414 283 92 91 325 350 68 197 121 95 466 114 181 305 335 206 78 42 82 204 286 232 300 269 92 386 184 52 135 214 134 237 55 134 31 309 402 83 172 205 198 182 436 144 190 65 75 141 95 54 303 77 110 194 108 46 45 197 248 132 119 220 93 73 117 76 149 137 412 198 290 122 337 313 265 119 76 96 78 110 217 89 207 184 77 28 41 86 87 103 70 130 123
461 165 102 151 233 22 134 144 380 230 213 81 120 122 146 76 62 520 39 106 94 80 247 194 251 155 317 99 327 122 178 246 152 75 63 120 197 247 152 104 128 249 209 152 139 123 158 80 87 145 234 161 54 108 82 122 83 63 81 64 116 136 211 203 427 270 161 139 92 28 96 197 155 372 111 176 149 232 343 247 155 267 144 200 174 118 79 118 81 84 63 73 55 169 41 60
85 304 178 97 409 295 177 626 343 288 142 208 153 106 81 123 156 143 210 220 137 124 214 150 191 216 182 68 277 138 221 212 245 159 219 177 221 441 73 101 63 261 168 285 114 98 130 55 89 154 108 309 207 156 102 113 75 48 97 49 418 85 205 110 384 211 83 125 94 213 252 377 188 81 294 169 361 91 148 161 81 101 89 153 160 124 68 128 38 116 121 56 100 62 101 59
35 338 96 99 107 338 162 226 70 401 131 282 163 127 195 131 231 101 185 319 337 351 155 222 162 168 253 325 217 339 135 80 106 136 74 138 194 139 69 124 37 79 196 169 238 156 87 86 96 132 52 213 278 86 120 120 210 88 55 79 273 162 91 117 187 174 77 61 36 365 51 90 30 362 192 82 186 100 276 183 139 178 357 246 100 63 165 197 50 146 63 117 171 35 49 88
123 359 267 161 164 206 359 126 275 79 378 118 134 72 51 132 122 50 201 123 299 230 234 223 111 125 88 56 78 187 198 92 127 87 123 41 312 73 168 90 83 213 278 198 456 130 90 127 59 82 56 102 102 75 107 49 91 139 124 61 137 203 161 121 85 185 96 90 32 340 93 58 58 43 247 137 359 124 84 125 154 145 109 153 221 219 134 401 59 112 120 168 93 59 77 80
425 147 192 98 180 253 335 462 198 187 205 370 69 178 99 48 89 245 377 197 291 206 340 140 191 100 154 155 163 348 89 110 76 103 150 59 90 58 144 60 170 164 289 321 317 146 131 106 121 110 160 177 96 168 237 69 80 96 114 288 102 198 241 30 26 134 69 149 88 239 336 325 125 325 249 199 105 244 192 145 261 134 135 131 125 221 96 280 260 238 254 69 104 130 80 72
194 89 134 86 241 144 151 262 78 115 163 235 263 302 359 253 196 264 196 162 112 121 105 133 138 146 156 164 253 438 476 213 128 96 69 225 203 94 43 71 132 427 327 187 164 121 115 194 244 221 508 75 115 87 177 120 250 37 128 179 87 119 52 58 87 69 198 38 121 64 123 367 120 283 102 277 251 388 130 157 119 96 68 46 95 99 187 176 129 196 278 82 69 76 54 117
91 151 97 320 77 167 126 117 310 75 108 173 197 150 149 122 282 60 150 146 207 130 130 157 146 124 290 83 207 187 140 399 546 93 142 236 133 148 226 164 96 89 112 412 424 148 203 104 90 146 73 91 229 381 198 181 162 157 122 171 152 153 163 132 67 127 67 138 43 132 115 260 54 74 97 286 181 73 253 94 74 124 48 106 156 48 145 152 133 178 29 363 109 115 67 92
180 132 110 93 94 133 73 80 118 156 149 99 220 164 227 224 336 206 95 92 69 224 239 119 253 275 269 54 175 166 127 173 195 136 157 351 275 104 252 618 214 241 237 193 371 61 127 181 253 275 165 105 109 136 168 165 157 29 82 43 90 124 165 93 70 119 170 127 40 81 58 98 251 387 140 280 53 26 34 131 105 85 57 84 68 70 169 62 181 171 59 22 67 178 73 155
272 175 204 61 169 190 112 66 108 145 231 122 151 132 284 183 338 171 134 29 72 95 146 109 78 144 197 95 122 178 447 503 530 162 123 81 195 159 77 240 85 146 159 661 339 124 53 51 173 144 96 147 70 68 124 110 190 80 133 130 69 84 57 491 92 48 168 130 73 81 57 39 36 175 47 232 90 160 36 57 137 190 149 82 62 49 149 114 153 63 11 70 383 46 55 30
286 64 199 125 39 84 60 153 37 176 225 236 218 212 199 143 213 145 322 191 159 298 337 165 180 133 208 375 395 165 395 508 132 184 202 86 338 340 375 322 198 80 138 131 126 138 104 94 92 100 142 106 103 90 144 77 134 85 182 73 69 266 149 77 35 140 87 68 32 122 45 87 93 147 35 217 52 76 175 141 95 132 97 61 95 109 48 111 73 257 126 98 8 41 47 23
87 135 203 151 102 95 178 176 96 159 212 141 357 107 307 288 230 215 306 321 414 225 177 159 373 206 146 287 112 362 367 538 372 149 185 90 100 288 134 62 143 137 99 73 88 366 136 89 126 222 105 132 107 68 66 155 113 64 121 132 165 63 25 140 98 126 144 264 88 81 96 105 90 107 51 39 114 55 55 49 83 163 100 116 79 120 219 75 50 43 35 32 44 15 12 44
249 117 94 398 55 81 385 264 309 105 54 119 68 152 204 297 369 115 282 228 241 153 191 173 383 314 539 596 157 415 149 222 350 315 222 102 117 253 70 86 148 341 121 121 134 182 111 258 134 168 51 61 123 59 53 222 46 66 50 32 71 61 23 109 51 142 65 203 46 162 91 61 104 116 121 289 189 115 140 149 277 156 263 150 47 64 78 17 50 20 26 17 7 18 33 27
95 134 97 33 324 376 225 193 129 142 137 366 334 157 282 160 165 128 228 212 234 531 524 224 204 255 139 190 48 179 234 106 327 243 157 130 261 83 129 120 270 577 90 96 138 110 135 70 153 204 164 98 334 107 126 284 38 32 84 85 221 126 47 52 200 38 62 103 73 91 94 258 215 167 228 90 163 89 74 74 58 53 148 122 35 17 36 17 30 32 20 24 27 18 60 42
67 117 78 78 105 363 131 250 278 462 205 256 169 366 299 575 415 540 154 157 182 206 256 257 295 213 136 62 134 278 103 124 413 208 115 248 68 110 74 163 134 84 134 144 88 260 190 178 129 148 153 260 195 79 55 119 128 87 63 41 48 60 217 116 251 43 160 184 549 90 104 156 57 94 221 92 369 73 100 130 35 180 92 146 53 8 39 33 42 15 45 7 36 33 33 36
122 130 494 132 78 27 62 234 259 92 128 411 561 184 257 200 731 363 216 149 99 104 121 219 118 240 345 118 183 109 203 144 334 154 97 173 166 152 77 383 166 79 129 136 129 61 124 145 154 144 123 342 76 43 163 135 69 70 32 43 130 140 162 209 165 349 96 119 40 116 98 107 140 67 187 119 116 88 139 63 110 95 741 56 46 11 29 54 46 60 179 130 130 150 214 365
171 68 94 110 41 36 293 394 322 262 76 158 180 513 95 146 162 588 150 156 333 583 177 176 123 62 95 49 26 48 42 102 273 107 82 50 165 103 310 167 135 212 116 67 82 96 129 257 54 185 57 203 200 100 172 167 103 155 54 83 270 758 83 77 134 57 179 47 38 142 57 97 152 45 86 234 177 65 143 106 325 44 93 106 165 175 53 21 82 84 74 50 98 190 33 11
177 191 154 276 561 169 172 236 80 99 89 90 262 165 189 236 272 151 220 146 228 207 184 357 116 52 54 70 63 54 44 77 316 168 108 126 123 75 263 176 126 342 166 149 225 109 160 238 239 62 97 134 102 156 126 105 128 199 279 186 93 67 82 53 42 169 88 170 129 502 157 83 206 185 148 160 134 109 85 78 99 103 129 81 73 24 10 33 59 66 16 45 10 31 13 22
312 165 100 63 90 46 109 191 79 219 66 435 385 192 474 89 72 113 193 298 231 327 228 413 195 445 301 151 182 296 253 169 71 70 91 84 188 125 76 88 86 94 135 137 147 82 173 73 172 66 393 182 439 279 273 66 41 63 65 118 43 42 138 271 62 57 82 258 278 205 179 198 177 92 105 72 122 352 109 131 32 22 47 36 33 16 63 6 15 48 25 9 22 42 19 51
63 55 74 75 64 87 35 227 62 130 46 369 277 439 461 151 66 98 159 215 173 122 208 312 260 469 272 126 36 42 55 106 94 317 239 114 113 205 147 83 145 227 257 121 138 167 108 378 515 632 174 112 183 128 203 108 95 52 39 63 97 150 180 293 263 199 84 104 15 106 480 61 71 129 172 196 98 181 69 21 24 276 56 60 122 37 31 12 4 6 27 15 15 45 42 4
56 115 43 55 69 64 166 167 106 94 207 453 306 117 96 69 304 288 155 119 272 188 287 102 171 295 164 128 82 58 76 100 112 255 379 252 79 138 98 89 291 210 143 267 176 243 293 147 53 77 75 58 38 85 110 66 121 161 305 296 166 203 122 105 79 49 95 162 23 84 168 216 50 32 73 92 26 86 52 77 68 51 15 34 51 15 12 42 24 27 24 30 33 32 36 15
81 51 55 53 77 363 149 374 397 394 192 428 234 190 52 97 87 79 411 371 202 198 180 69 163 86 167 91 91 83 62 82 76 109 152 68 47 240 64 60 298 242 124 52 132 88 62 125 50 294 59 65 161 262 225 144 440 395 66 59 66 336 93 30 92 52 66 97 199 198 35 77 55 33 36 30 79 150 7 45 12 24 18 51 27 10 31 39 32 24 12 14 9 15 12 3
317 40 44 74 148 422 369 461 191 210 74 164 706 131 72 117 124 270 355 140 139 88 102 172 77 58 62 59 58 66 49 69 107 127 106 16 27 76 113 44 112 116 79 147 449 105 62 68 85 152 311 215 251 160 355 265 376 184 101 154 98 28 57 126 86 222 248 165 68 42 59 78 70 5 33 36 6 54 24 27 30 4 66 6 9 90 32 6 14 30 20 14 6 15 26 20
205 385 92 193 377 295 69 121 654 97 464 99 209 408 460 300 49 70 121 136 168 111 169 115 58 74 92 90 58 93 60 163 46 43 120 56 46 38 58 104 162 197 698 281 226 410 107 258 214 252 262 84 239 208 233 217 271 257 220 109 38 146 225 179 49 67 37 51 35 51 45 58 38 6 15 50 9 29 15 27 24 6 36 39 6 21 32 11 20 26 17 20 20 24 17 5
366 64 397 88 44 49 84 105 617 375 102 106 474 305 168 63 70 84 241 147 253 251 166 86 285 38 60 42 101 65 84 63 120 65 55 223 110 49 142 182 224 225 98 96 96 246 318 254 333 145 343 199 198 209 169 108 60 137 146 102 79 86 56 41 17 63 71 13 27 37 21 24 48 12 21 24 23 20 35 21 11 17 23 4 6 23 23 32 26 11 11 30 17 17 11 32
82 160 311 65 47 55 34 24 358 231 269 102 291 620 125 165 107 221 76 339 325 727 105 68 80 73 49 86 98 130 49 148 73 32 37 446 184 71 384 267 71 173 156 201 530 150 184 167 77 338 350 129 128 100 90 90 115 249 47 51 256 28 55 21 31 16 16 33 18 24 21 17 12 12 20 29 23 38 24 9 32 17 29 23 14 20 47 14 23 23 29 6 3 17 32 35
35 60 115 73 22 73 64 61 284 389 279 208 176 146 95 269 135 40 203 250 271 191 217 85 34 78 36 30 78 69 133 153 38 77 108 449 142 100 121 131 174 357 156 243 151 152 95 129 100 153 341 254 312 140 31 60 66 62 21 4 24 63 24 39 22 28 13 28 45 18 18 18 12 23 26 17 14 23 17 6 26 35 23 17 8 26 11 11 17 8 35 23 29 118 29 20
103 145 85 40 82 40 19 43 59 330 59 189 120 189 318 104 21 95 122 110 425 192 389 373 132 236 105 87 94 596 68 72 110 31 88 42 181 34 101 255 555 411 110 178 205 88 110 105 211 197 357 346 29 34 66 78 72 42 33 27 18 69 27 21 36 37 37 21 27 36 50 12 6 20 41 14 26 3 8 6 20 20 23 8 38 14 17 29 20 29 26 32 20 35 11 47
97 32 40 22 58 112 40 68 45 85 98 287 212 275 123 58 77 45 73 71 139 184 257 84 34 85 117 38 162 156 82 99 158 33 89 60 137 53 120 196 128 130 119 133 334 307 119 423 44 318 62 44 24 57 27 11 30 27 4 51 24 21 24 15 12 22 42 9 33 6 26 29 17 26 29 29 20 32 4 11 11 11 29 35 3 26 8 32 8 23 32 32 8 17 41 23
79 41 58 59 46 73 69 69 54 229 115 66 61 80 58 43 35 145 22 52 99 98 269 123 88 92 207 79 87 30 57 45 73 90 74 284 173 122 61 127 105 193 405 159 112 292 136 61 72 47 86 42 57 6 24 21 12 26 6 5 27 4 27 18 39 49 21 36 41 47 3 29 23 47 29 35 29 35 17 17 29 11 47 14 14 23 23 3 14 20 88 51 3 5 3 14
44 56 161 149 143 219 187 238 107 116 98 162 85 234 188 53 26 168 128 277 317 131 332 149 163 200 275 47 83 24 45 78 77 273 110 137 125 75 106 270 214 67 75 50 31 75 29 30 20 58 7 27 9 24 5 4 9 45 23 36 11 12 4 27 5 29 17 17 68 20 11 53 44 446 32 45 23 29 47 23 26 20 17 3 3 47 20 29 17 17 12 17 41 8 11 171
59 133 237 73 100 143 69 68 136 136 85 205 100 67 38 54 52 83 223 131 89 158 304 122 82 171 153 162 72 142 194 77 71 49 98 90 309 220 152 231 102 52 26 74 14 13 60 59 48 33 60 54 45 6 6 32 21 5 17 20 44 15 4 14 30 20 11 32 23 4 20 20 11 26 26 14 17 65 4 35 20 44 8 14 29 14 5 5 8 25 26 29 35 8 35 24
59 109 63 45 25 28 107 186 98 77 190 62 108 199 85 73 32 64 85 73 142 108 386 79 71 107 216 114 111 123 66 145 66 215 226 113 144 58 86 91 9 59 18 41 19 27 27 42 6 17 14 44 41 23 20 26 6 27 36 20 20 4 56 18 20 29 38 35 24 23 29 21 66 8 35 20 4 26 50 4 32 92 23 17 27 35 50 32 21 39 26 11 47 32 23 29
49 69 138 194 89 84 157 364 469 303 347 302 267 231 307 317 293 278 314 165 143 200 226 189 141 157 93 192 242 260 159 284 218 27 40 37 18 63 24 19 90 10 57 84 19 30 21 21 6 23 4 20 29 6 26 30 14 30 17 26 26 4 23 35 44 32 14 35 20 32 50 4 17 14 56 11 6 4 47 47 20 6 23 8 41 4 36 20 17 3 26 29 3 14 32 23
58 343 410 276 134 53 112 79 85 82 211 116 338 92 74 79 92 61 59 46 52 39 350 62 56 56 47 45 42 95 191 232 44 36 43 45 43 33 33 22 42 46 9 27 60 30 42 24 47 41 26 29 6 26 17 23 41 20 11 11 17 26 15 8 8 32 32 17 23 17 4 20 8 8 6 8 14 70 17 20 4 8 32 14 47 11 26 38 56 14 71 17 23 8 3 38
53 80 124 364 103 111 88 188 55 84 96 77 157 41 52 52 43 41 59 56 26 52 268 59 42 58 6 12 48 36 43 36 48 39 51 25 48 37 42 36 45 24 18 27 21 42 6 4 4 29 17 14 14 8 6 44 47 20 11 14 6 8 192 35 53 29 11 20 20 11 11 20 20 33 23 6 14 18 29 8 81 23 4 11 3 4 20 3 41 52 14 17 14 149 29 41
50 66 253 181 54 31 38 144 50 41 60 94 64 14 31 50 70 64 47 38 9 210 82 26 45 19 12 19 18 36 27 21 33 21 33 33 42 33 33 15 4 60 12 27 24 20 50 50 23 11 3 32 4 6 17 4 7 26 11 11 24 17 44 47 8 8 36 21 23 23 38 50 68 497 32 20 17 50 23 35 44 32 11 29 32 26 26 14 14 10 8 14 3 41 11 26
58 55 56 52 129 59 76 25 32 38 38 157 47 59 50 35 83 53 50 64 211 96 81 41 36 33 42 13 36 6 58 51 12 36 30 15 12 12 18 33 17 4 12 20 36 107 17 17 8 20 11 38 29 50 20 20 17 4 4 4 71 32 14 5 29 29 38 20 20 32 41 29 32 17 4 8 11 26 11 50 35 11 29 5 8 56 26 8 53 3 41 29 8 47 29 8
74 71 49 343 60 62 97 35 17 17 89 94 41 71 29 61 92 39 192 249 108 95 97 50 31 37 6 15 21 36 21 21 51 21 33 23 29 29 35 35 14 11 21 38 32 11 14 23 53 38 29 35 20 4 26 26 56 20 11 29 23 111 6 4 95 26 20 8 26 14 35 20 41 17 4 92 17 26 38 8 23 32 62 5 3 8 41 3 3 3 186 18 32 3 23 11
