PredictorVariables/LightPollution_Total_100m/LightPollutionIntensity2016_100.asc
ncols        529
nrows        344
xllcorner    2700.000000000000
yllcorner    15900.000000000000
cellsize     100.000000000000
NODATA_value 0
[rows 50 to 99 of 344, columns 96 to 191 of 529]
15 12 1 1 15 15 1 14 29 20 11 11 11 9 44 26 3 14 29 20 71 8 4 23 14 26 4 11 3 8 28 114 32 32 32 23 56 8 32 11 15 3 24 5 12 18 21 1 18 15 1 18 6 12 6 20 57 56 18 34 46 22 56 77 15 14 17 56 6 10 50 235 32 56 110 36 30 216 56 14 6 56 23 44 8 35 64 19 55 42 40 47 102 29 36 111
17 12 12 1 59 5 20 5 17 14 35 5 41 65 76 9 11 6 26 5 41 29 74 17 56 21 23 26 23 11 17 172 8 29 3 14 54 18 23 41 8 1 17 35 3 3 18 59 20 3 29 21 24 48 15 15 11 246 33 103 68 35 43 75 6 44 5 21 15 54 32 214 20 68 25 27 201 87 17 50 53 38 65 26 26 37 170 125 35 10 23 170 71 217 45 17
32 12 17 123 120 81 24 8 20 3 26 41 35 3 23 14 11 14 699 21 3 17 20 11 8 14 20 4 100 8 23 22 20 56 8 32 47 18 129 35 17 30 32 21 21 15 36 9 33 14 21 39 1 36 1 23 6 54 103 82 47 58 72 88 104 80 34 38 9 53 17 209 45 76 234 396 72 20 38 14 56 20 20 47 62 23 141 196 65 68 60 304 78 33 17 40
14 65 116 170 53 36 67 166 27 14 3 6 8 20 5 14 5 26 14 14 11 17 14 11 29 26 23 29 6 133 8 4 14 3 32 23 80 26 56 47 23 15 29 1 454 17 15 14 14 24 36 12 18 12 44 11 18 49 14 46 67 116 84 75 76 44 18 20 23 5 33 170 58 29 291 9 38 47 50 44 41 35 32 12 12 29 101 295 47 93 200 24 15 18 24 12
184 123 142 91 92 47 17 98 23 3 23 20 33 3 8 35 11 5 17 26 21 26 3 3 17 17 32 11 57 12 11 5 20 11 5 29 29 29 38 59 26 5 6 5 4 21 1 30 33 32 5 9 30 26 17 9 23 75 4 51 81 7 76 27 163 50 73 44 7 29 60 59 235 67 47 78 100 65 38 32 26 20 35 38 21 35 157 188 174 120 27 48 21 12 27 45
129 38 57 25 46 34 130 95 29 11 4 39 8 6 26 35 17 17 4 3 17 6 14 17 38 3 14 111 32 20 20 17 26 68 26 20 17 5 32 11 5 26 39 14 35 18 33 17 18 5 3 44 35 14 23 4 55 58 163 66 77 53 68 167 210 27 5 32 4 17 124 71 139 54 68 133 582 53 26 32 17 65 35 51 72 73 29 304 58 155 4 45 12 9 23 11
40 185 161 92 104 68 15 36 23 11 5 14 11 72 6 17 4 14 20 11 14 17 29 32 8 11 69 27 29 7 6 20 26 8 29 5 8 26 11 14 21 18 39 5 24 5 30 18 15 18 20 45 20 29 33 55 26 4 215 62 65 38 7 35 49 30 6 4 12 82 53 35 12 77 136 240 137 76 181 41 35 50 221 243 273 48 90 252 121 38 51 24 39 12 39 23
39 278 126 585 82 113 137 20 17 14 26 53 5 8 26 50 144 35 17 17 38 4 14 50 23 11 126 44 6 39 3 3 5 11 15 11 3 20 29 23 11 7 24 18 12 18 11 18 30 21 30 9 33 20 34 46 271 659 31 71 18 100 34 116 127 52 21 36 33 180 10 47 41 59 98 64 54 70 58 61 50 43 65 141 165 153 44 239 71 30 30 18 15 29 17 17
119 7 152 12 131 296 282 35 14 23 8 35 20 9 35 17 29 14 44 80 6 3 17 38 24 29 73 17 20 12 15 18 6 9 3 53 12 3 3 3 7 30 18 42 12 11 3 21 23 9 48 5 29 29 30 51 58 64 67 150 108 63 26 57 53 91 12 24 32 41 38 26 20 25 185 381 36 59 187 139 46 166 23 69 326 89 68 111 38 30 30 5 56 20 35 29
153 309 107 98 154 8 23 26 14 54 17 11 15 5 3 41 17 38 5 27 17 23 36 53 20 20 14 23 40 31 15 21 11 33 33 12 7 30 30 20 9 33 9 18 15 21 12 5 17 60 12 5 8 8 20 116 172 129 48 520 601 29 28 8 52 98 67 63 30 97 20 35 50 20 77 204 108 163 188 69 156 34 78 234 71 15 27 269 39 24 21 14 23 26 35 12
232 157 167 126 61 26 11 14 34 60 11 20 12 15 28 66 4 5 17 11 29 1 37 10 107 24 15 8 24 24 9 3 7 3 15 12 5 21 15 21 15 21 5 18 21 24 42 105 15 30 18 5 5 35 44 108 38 216 93 93 67 65 84 53 47 95 41 14 53 80 12 38 44 147 36 38 189 166 129 93 54 140 234 21 21 21 15 292 76 39 30 23 17 5 6 8
56 240 163 6 23 17 18 14 26 20 18 12 7 54 9 102 14 17 11 9 3 10 17 29 29 49 10 6 18 30 1 11 17 21 5 9 30 12 27 18 63 18 11 33 5 18 5 9 27 42 30 7 50 3 39 29 30 86 71 81 59 241 50 17 50 154 20 24 20 112 94 61 35 28 44 38 56 53 93 214 99 82 39 15 36 36 39 162 52 21 27 17 23 8 20 23
17 9 7 9 6 17 9 17 20 48 21 5 3 21 5 5 29 12 15 3 12 18 11 18 15 8 12 27 54 36 42 21 33 11 27 7 12 15 27 24 41 12 12 24 42 42 7 5 36 7 38 3 20 14 33 20 90 123 32 455 95 50 52 43 25 120 55 19 14 248 59 129 29 61 49 38 47 38 68 15 8 33 36 12 54 48 27 178 44 33 36 9 17 11 26 4
5 32 15 9 36 7 12 32 21 18 45 24 30 33 9 6 33 27 21 21 21 9 11 7 18 5 24 12 5 21 17 24 27 15 26 21 24 5 30 27 12 15 15 5 21 9 8 7 24 30 8 47 98 26 18 96 47 40 198 73 38 194 129 37 57 101 123 56 35 35 55 65 23 50 7 29 56 71 35 36 45 35 33 24 39 66 33 159 39 5 18 38 8 9 4 32
35 26 23 23 12 8 18 79 14 21 5 18 15 12 1 1 21 8 18 9 3 12 8 39 11 17 9 17 48 5 12 24 42 32 35 21 14 5 27 11 17 15 1 15 24 18 7 21 31 14 26 23 35 53 39 33 58 53 208 151 49 49 383 64 88 83 52 38 62 41 166 15 21 9 41 35 23 20 8 14 45 17 68 6 42 23 36 136 42 27 27 38 6 14 32 12
26 15 24 3 11 11 30 20 5 18 17 12 41 36 12 18 20 6 15 12 7 15 9 8 20 20 3 5 24 5 3 21 18 5 30 38 15 21 21 7 15 3 36 5 12 42 3 42 24 17 50 3 26 17 21 8 7 78 81 61 21 158 409 316 66 42 149 35 73 38 197 41 55 26 37 69 14 29 29 41 44 41 20 36 51 30 30 95 71 31 21 33 42 6 24 24
23 20 5 23 17 15 5 8 5 5 18 12 18 20 26 36 23 21 17 11 23 11 8 11 74 23 5 21 5 11 5 21 20 32 24 18 5 9 5 8 7 42 45 27 39 33 38 8 51 20 17 35 38 27 27 33 115 26 154 93 22 181 177 347 21 35 156 38 55 50 313 174 204 185 13 88 164 84 21 17 38 23 38 21 51 54 26 98 38 27 5 60 6 41 44 28
8 29 11 35 35 26 23 15 48 30 24 15 14 18 21 30 63 21 24 14 11 3 17 5 5 7 24 11 5 18 8 17 5 7 36 18 15 5 7 18 45 21 18 18 5 29 4 8 41 17 44 26 11 39 27 38 171 70 75 99 83 100 371 160 19 44 194 283 84 9 267 25 321 232 76 47 41 45 162 45 28 91 46 23 439 321 100 126 93 27 48 194 321 115 51 142
23 26 20 3 14 3 14 20 23 12 3 24 14 3 9 1 3 3 11 20 11 11 17 14 14 36 20 3 20 15 17 5 21 21 12 27 30 17 21 33 45 21 5 36 17 59 73 36 43 26 33 20 54 24 42 83 111 81 220 246 78 75 605 188 161 73 146 58 83 61 364 75 151 190 85 38 13 44 151 145 35 33 40 400 427 268 230 181 241 108 62 238 12 11 11 20
3 20 32 14 23 3 27 8 8 33 9 7 3 3 11 3 8 23 3 17 8 20 20 23 14 38 8 11 23 17 18 14 5 5 5 12 7 18 24 21 6 35 15 11 26 70 169 185 356 53 34 30 47 47 44 165 155 74 192 54 78 98 256 42 37 81 109 82 71 26 225 468 513 685 258 86 85 94 316 207 54 17 56 155 86 134 284 55 105 52 132 155 15 32 20 44
17 3 20 20 23 3 3 23 42 21 17 7 42 6 29 12 15 5 17 14 26 17 26 17 20 23 26 3 8 14 17 26 3 32 5 45 8 18 21 51 6 17 5 14 38 56 35 29 49 112 126 48 71 55 240 89 69 98 126 174 217 124 139 60 333 70 147 188 183 55 166 478 89 168 61 62 123 88 539 166 54 44 112 127 80 205 278 149 246 47 112 158 33 20 20 14
14 32 3 11 41 17 23 84 21 20 3 27 15 5 51 5 27 14 23 3 11 21 8 8 3 29 15 23 17 30 11 14 17 5 5 8 5 24 24 12 5 71 3 8 47 20 246 81 187 128 304 343 227 185 121 47 53 59 445 28 122 99 149 207 224 19 208 64 52 73 236 60 138 413 46 90 27 83 248 48 12 29 34 105 84 118 57 70 395 17 77 50 12 20 14 17
50 21 29 17 8 14 11 5 21 14 51 5 26 5 2 24 12 23 15 8 23 24 24 5 8 18 14 38 9 26 9 5 5 5 42 8 18 15 15 7 1 20 26 17 17 20 51 93 36 85 341 300 201 182 296 65 56 29 30 47 22 32 40 40 30 76 310 75 73 716 49 206 234 176 149 128 59 54 359 172 92 72 17 42 96 35 8 19 56 26 33 37 20 17 26 62
20 3 3 8 11 26 20 3 8 11 57 17 11 15 15 18 3 9 26 20 18 5 11 12 18 15 5 14 9 38 26 5 32 11 17 30 18 8 24 15 15 17 23 14 29 38 14 26 77 117 144 98 57 169 155 21 65 38 13 232 57 54 63 42 49 34 274 84 29 98 98 89 160 46 48 12 53 41 756 495 717 112 54 61 15 21 46 28 66 57 25 8 6 17 11 14
23 3 29 11 3 18 15 12 48 13 45 5 14 14 8 3 11 23 14 14 17 29 8 9 20 15 12 5 27 17 18 8 23 8 41 24 47 35 24 36 12 8 20 23 14 23 41 36 33 51 63 88 125 325 147 57 47 28 248 126 143 129 161 171 106 70 37 50 38 154 113 87 81 47 41 101 50 48 32 74 123 13 132 43 8 87 65 28 74 180 54 18 32 17 14 8
8 27 20 14 8 20 8 9 16 285 102 96 127 50 42 8 11 12 21 23 7 5 5 8 11 5 14 5 33 32 30 8 18 3 36 20 21 5 18 3 35 8 8 11 14 5 47 18 24 71 112 142 174 281 270 290 74 182 119 166 59 170 317 282 172 169 69 11 65 147 117 126 316 91 47 27 44 42 38 75 136 175 73 33 15 17 27 55 60 213 25 35 20 14 14 38
23 5 11 65 5 21 24 21 47 30 6 12 9 6 106 7 15 27 24 20 5 5 12 15 57 24 15 5 36 33 18 15 15 32 24 12 6 12 14 11 26 8 5 8 15 38 6 30 50 102 31 134 133 44 220 39 100 157 72 110 61 72 128 212 173 105 171 47 41 132 310 53 40 105 66 24 36 21 15 63 65 85 63 48 50 21 8 16 51 91 39 74 14 8 8 14
8 14 23 11 8 15 48 8 207 24 4 38 5 33 1 2 12 14 15 3 21 36 18 14 9 5 24 5 39 39 5 27 5 21 7 14 26 17 14 23 14 17 26 20 29 26 23 11 20 84 262 114 103 55 86 32 148 307 193 71 83 108 141 417 181 209 21 25 73 58 291 639 216 59 30 78 54 36 95 68 51 60 54 45 202 16 64 31 55 30 62 14 26 65 29 20
24 8 39 27 42 14 30 17 174 10 11 61 24 125 5 14 18 21 12 27 12 3 52 88 15 39 21 12 3 8 44 23 20 11 27 5 5 23 15 35 38 5 14 14 32 32 8 4 12 76 48 61 142 141 188 70 234 111 177 45 250 172 400 131 89 261 6 31 55 45 375 208 301 69 36 36 36 28 46 51 6 101 22 31 19 10 9 19 71 20 108 57 14 29 23 26
21 29 18 5 27 5 20 19 53 11 11 17 67 7 3 21 11 24 41 18 24 36 19 3 31 18 5 17 5 17 4 26 27 17 23 38 11 35 20 38 41 47 27 5 47 23 8 8 59 173 39 57 100 46 120 39 159 332 137 78 72 79 84 239 299 262 62 7 131 135 491 259 194 35 24 45 15 6 28 34 52 85 10 28 28 22 34 13 28 24 228 27 23 23 14 26
27 39 5 18 17 3 14 37 44 11 4 17 36 5 12 30 7 26 11 27 24 15 27 19 21 35 5 26 8 62 3 8 3 5 17 17 20 3 14 56 26 56 41 47 29 23 26 32 58 88 33 63 43 86 188 66 134 112 215 221 90 125 94 177 219 228 110 49 189 140 383 333 49 57 24 19 33 52 28 39 24 41 13 13 37 19 25 52 37 27 182 14 26 17 35 26
24 27 18 11 26 44 14 83 27 35 44 4 33 7 45 5 8 27 8 15 7 122 19 26 30 11 14 5 23 26 6 17 3 56 75 23 11 14 20 29 11 29 26 23 29 17 53 29 44 24 21 82 53 203 107 152 122 171 194 88 124 186 108 205 150 170 47 85 140 256 46 86 77 36 54 12 12 21 24 15 12 18 24 33 70 8 27 24 18 33 221 29 11 11 14 59
12 21 35 38 8 103 6 208 31 10 4 47 25 7 21 30 17 8 26 5 9 100 23 101 29 20 14 14 4 38 17 32 8 3 87 38 20 26 41 14 53 23 14 14 47 14 20 23 29 21 4 40 262 283 179 106 74 64 163 65 232 280 185 159 143 57 43 74 83 220 300 67 69 60 4 36 5 12 24 18 21 4 21 9 15 27 12 4 12 8 168 36 29 23 35 17
11 6 5 14 11 29 21 216 6 29 17 14 3 23 15 14 21 12 33 7 30 4 4 23 6 14 14 32 8 3 11 8 8 26 14 20 26 1 23 29 44 112 43 14 41 29 23 23 11 12 24 57 12 39 21 149 116 182 147 112 112 153 210 254 131 81 96 40 85 270 131 68 63 27 45 27 30 18 15 36 15 12 41 45 24 24 27 6 27 9 218 42 26 20 26 26
44 18 13 23 8 23 35 108 25 13 105 20 6 29 18 30 12 30 27 7 18 14 5 3 22 8 3 23 26 32 20 20 83 20 32 128 38 5 35 42 27 201 67 4 53 26 8 38 26 15 42 16 21 27 23 236 146 150 195 222 270 181 147 179 92 103 330 35 264 350 123 29 15 27 12 18 45 36 12 6 33 9 30 39 21 30 18 21 15 33 155 36 23 17 35 17
171 106 115 9 41 29 42 92 19 50 14 35 47 8 42 23 30 20 3 33 11 38 20 8 14 11 8 23 26 26 14 4 23 29 6 41 8 5 32 28 27 172 20 26 26 26 23 3 23 18 42 27 18 18 32 135 151 122 201 83 65 98 104 99 112 76 134 91 293 243 53 94 33 7 15 5 9 6 12 24 51 6 27 12 30 42 27 39 24 18 245 6 14 35 29 35
136 147 3 34 8 27 38 6 40 16 29 26 20 14 14 26 18 3 14 15 5 20 26 29 71 8 17 14 8 23 59 20 8 17 17 23 17 23 6 40 10 51 8 41 38 32 32 11 26 9 33 9 42 27 245 166 163 97 129 251 145 71 72 165 37 95 138 41 249 432 321 59 6 22 36 18 36 9 31 48 33 24 42 15 39 12 15 57 15 36 358 80 7 23 24 14
12 0 4 27 4 12 77 22 204 16 46 35 38 47 14 23 23 59 17 3 44 11 14 9 14 8 5 14 14 14 8 20 17 14 5 35 29 35 19 31 24 15 47 38 29 14 41 8 29 8 21 15 21 106 97 252 91 72 246 182 237 145 208 186 196 47 96 76 288 469 67 30 6 47 51 39 4 21 51 39 21 24 27 48 33 18 6 30 24 8 228 31 87 17 29 32
23 17 15 27 21 27 174 19 56 81 28 90 50 26 14 23 14 8 8 26 14 8 20 6 26 3 20 4 8 35 11 20 4 63 48 23 14 20 15 9 17 15 38 53 26 17 50 5 20 24 12 18 38 181 123 228 156 182 182 194 267 50 61 43 81 61 51 65 62 204 45 63 18 38 39 6 30 30 52 28 5 40 8 18 4 27 18 72 36 33 60 127 51 29 26 17
17 12 86 36 21 23 197 22 23 13 8 211 17 4 14 41 35 6 14 8 17 14 11 11 4 17 26 17 11 20 29 14 32 15 23 38 17 14 30 12 9 29 14 11 20 41 17 38 20 11 36 30 9 65 105 252 167 141 111 183 125 48 65 38 37 67 102 29 15 151 122 222 24 35 29 42 36 27 33 52 68 68 137 163 153 157 118 35 61 48 81 80 141 29 41 14
17 18 3 6 16 15 138 13 47 21 4 41 50 15 8 20 20 3 9 3 17 12 4 4 4 65 3 20 11 8 8 11 5 29 5 17 56 33 15 20 18 26 11 67 14 23 11 14 17 23 12 66 45 93 59 155 95 140 130 108 102 186 223 131 82 42 40 90 11 157 132 454 32 39 33 101 324 120 49 50 274 26 175 177 166 155 122 80 202 208 82 125 29 35 11 26
26 12 18 43 12 21 51 46 91 34 25 6 9 6 30 44 29 47 29 35 11 20 29 11 4 3 32 44 17 11 3 14 8 23 32 29 8 27 12 30 26 3 39 703 26 38 29 20 56 15 21 60 42 137 156 186 104 115 167 288 87 31 68 38 63 116 228 261 260 240 175 48 175 101 64 62 41 50 6 24 114 210 238 170 269 151 97 206 181 214 99 203 15 8 23 3
17 18 15 19 39 41 44 69 57 28 6 6 6 16 22 4 14 23 14 17 41 53 36 17 6 8 6 11 14 3 3 29 29 35 20 38 28 46 8 54 21 20 27 54 29 29 14 33 23 29 17 21 33 36 166 66 171 79 67 92 172 45 55 61 81 79 71 91 33 49 101 49 75 48 21 63 47 17 39 152 126 273 245 295 187 111 93 242 153 73 62 188 12 17 11 11
20 4 21 37 25 51 15 14 17 12 84 68 8 49 10 4 17 34 26 28 20 35 6 41 11 20 8 47 3 32 20 17 26 15 42 4 4 24 66 3 21 99 92 30 14 23 11 56 30 38 47 21 26 36 294 111 163 83 132 107 87 44 77 154 158 89 111 81 52 34 143 114 333 135 317 155 17 66 267 119 200 194 130 205 124 206 180 316 196 212 65 219 15 44 29 26
27 4 18 66 64 234 39 10 6 52 43 6 22 46 22 18 8 15 12 31 54 17 22 39 18 664 14 26 17 5 23 4 17 18 6 5 88 37 15 27 26 18 24 39 8 41 41 29 18 41 27 18 18 132 166 100 165 156 118 314 105 17 103 228 48 50 118 150 45 32 41 202 131 388 137 200 126 275 186 209 242 141 378 149 224 81 109 210 243 66 114 312 48 32 14 32
4 15 43 78 31 219 30 24 40 15 43 37 40 13 45 28 30 34 52 22 97 57 31 19 67 78 35 14 35 20 20 11 23 21 36 31 9 30 21 18 21 12 103 9 17 21 27 38 36 4 33 36 152 210 107 151 237 193 327 302 58 78 248 99 91 63 58 136 40 177 50 31 113 171 134 133 230 123 276 167 226 158 210 111 30 167 131 174 101 95 22 8 18 30 29 29
26 100 222 81 20 127 13 29 85 18 31 43 31 37 16 10 18 40 16 60 137 46 115 10 22 18 29 20 4 23 20 35 29 11 6 18 40 34 18 24 54 36 6 191 45 9 21 42 83 169 68 315 113 67 84 330 418 312 349 96 343 138 247 214 75 113 143 138 347 173 36 25 76 317 189 258 193 215 304 124 248 320 115 138 258 209 113 299 90 319 195 98 51 30 26 20
32 119 123 66 35 25 11 72 179 27 76 25 22 40 25 40 22 34 19 171 83 23 9 34 34 22 42 39 26 23 17 5 39 26 21 9 32 126 48 24 63 6 16 15 21 33 36 3 95 203 279 93 209 201 168 178 122 347 172 256 148 138 126 27 46 51 84 200 77 146 85 76 76 368 153 95 153 236 137 77 31 66 118 90 187 154 110 219 129 201 46 39 70 48 17 32
23 32 120 16 17 39 8 363 88 40 10 22 19 49 28 22 19 34 51 85 142 66 6 37 48 40 9 84 17 14 29 11 41 4 45 31 55 58 60 25 8 34 34 36 36 15 21 1 77 209 63 58 89 75 262 213 122 163 227 295 172 121 132 208 243 263 222 177 188 41 26 82 59 61 152 131 126 273 261 129 17 32 91 248 189 176 278 84 53 183 132 51 86 32 53 14
14 5 6 39 46 21 67 13 28 16 28 25 3 24 15 12 40 16 28 87 79 26 16 45 27 40 18 57 8 8 17 23 33 44 21 22 72 6 31 31 19 8 51 42 28 18 42 83 204 140 66 168 138 56 119 190 311 109 285 217 62 181 110 115 123 251 306 177 109 389 53 80 52 60 196 332 202 230 371 101 26 42 32 210 196 271 100 94 22 178 66 48 50 8 41 44
