PredictorVariables/LightPollution_Total_100m/LightPollutionIntensity2016_100.asc
ncols        529
nrows        344
xllcorner    2700.000000000000
yllcorner    15900.000000000000
cellsize     100.000000000000
NODATA_value 0
[rows 250 to 299 of 344, columns 96 to 191 of 529]
13 72 31 28 6 22 48 27 9 36 15 14 29 38 56 4 17 17 92 32 35 32 14 14 14 38 20 6 20 17 20 29 23 17 14 11 6 65 65 5 35 26 14 32 14 23 8 14 17 14 47 8 50 20 14 26 20 23 14 38 8 53 33 17 35 8 39 29 14 6 42 9 64 30 31 16 22 16 4 28 7 27 42 25 6 5 39 17 20 11 44 20 35 11 23 23
34 52 43 37 6 48 9 12 12 30 8 44 6 77 41 17 4 11 41 4 32 44 6 32 8 14 4 23 17 8 17 41 32 23 14 8 11 29 20 5 35 35 8 3 29 23 6 29 20 38 53 4 23 20 35 56 6 23 42 15 11 27 40 23 37 25 6 42 5 30 30 25 25 6 13 43 31 22 24 34 8 37 21 40 16 18 15 24 26 29 5 26 35 17 14 20
28 49 21 39 18 30 15 58 8 14 11 17 26 11 8 11 32 14 11 11 26 17 3 14 23 11 4 8 17 77 14 29 41 3 14 11 8 11 11 23 23 23 17 32 23 4 23 6 23 4 26 32 26 44 38 41 77 15 28 20 51 6 25 31 70 10 24 34 54 24 28 37 61 40 31 22 8 46 16 31 43 49 64 58 34 48 15 30 59 20 53 8 26 29 14 11
19 61 21 63 12 9 8 32 35 20 50 8 4 23 11 32 11 32 20 14 23 14 23 14 26 41 8 20 6 4 41 14 3 17 23 17 14 50 14 35 23 29 26 29 17 23 38 23 17 26 30 11 39 23 4 11 26 18 16 22 31 27 57 58 22 10 40 46 51 49 36 40 46 31 22 43 45 16 18 28 19 88 16 28 22 12 30 24 35 20 47 29 6 6 29 17
52 22 12 63 33 9 26 17 11 8 3 26 11 23 17 8 3 32 6 35 12 29 11 26 8 17 17 11 14 17 20 22 22 3 35 17 11 35 17 3 32 8 11 3 4 6 8 17 41 41 6 19 28 6 21 55 82 40 33 45 57 26 30 49 51 51 15 43 49 30 37 22 16 45 36 51 42 16 33 57 6 10 31 48 16 66 63 18 18 8 32 8 44 11 14 17
18 12 15 4 26 47 8 23 32 14 14 14 14 4 23 20 23 20 23 41 14 3 14 38 26 35 17 19 50 20 23 23 23 17 29 14 26 11 11 23 3 11 23 20 17 23 26 8 14 34 9 40 10 10 8 43 7 10 96 43 58 39 34 222 189 18 12 25 21 10 34 25 25 42 38 19 201 185 96 98 182 75 90 60 15 48 24 15 33 30 59 47 29 17 11 35
43 45 11 38 29 8 23 8 5 4 23 20 32 23 29 26 3 38 32 11 11 29 29 8 23 26 11 16 16 19 37 35 20 32 32 35 23 47 44 32 5 8 8 11 35 11 17 8 33 22 31 16 40 30 67 100 89 51 439 490 499 53 46 222 160 54 39 36 7 21 33 42 45 51 63 169 178 329 141 125 193 163 73 23 54 51 12 45 36 12 35 26 32 44 11 44
39 33 59 17 6 6 20 11 17 5 29 11 8 4 8 44 8 32 20 17 38 38 41 3 14 23 20 6 19 17 38 55 8 41 14 17 3 17 3 3 14 20 14 17 11 8 4 14 106 52 58 22 40 453 84 201 56 16 78 181 53 65 31 34 33 12 54 33 24 10 48 72 44 50 203 64 166 60 250 192 184 159 402 108 63 48 18 33 51 24 23 8 29 4 6 26
37 6 17 11 14 23 23 3 17 29 11 38 4 3 3 11 26 11 12 20 1 20 17 20 17 50 16 14 13 17 20 41 22 32 11 17 23 5 14 3 32 3 17 32 32 29 17 27 440 70 56 42 46 34 22 21 70 17 38 53 39 86 214 245 53 51 45 66 60 15 23 163 49 29 60 55 78 52 103 124 272 390 178 49 74 42 38 30 39 30 56 14 41 8 23 17
30 24 17 35 8 17 14 17 11 8 17 6 23 3 32 11 11 8 20 17 17 23 23 14 11 17 8 26 8 25 34 3 14 20 35 32 20 17 23 5 29 3 35 11 14 11 14 35 22 30 19 25 28 25 6 101 53 94 147 117 140 136 155 114 23 38 15 21 39 14 40 162 70 38 25 135 62 86 112 421 340 356 69 271 65 33 44 13 27 30 15 10 35 27 6 14
24 32 11 23 29 4 11 26 17 17 28 10 26 40 47 23 11 50 23 32 5 44 3 8 17 29 9 8 20 14 11 9 3 14 38 5 23 17 14 23 14 29 50 20 20 11 14 29 34 13 45 31 17 56 152 332 246 120 44 295 67 154 312 211 153 104 81 73 14 24 34 77 130 49 11 63 135 217 124 187 293 278 272 81 125 48 216 24 19 36 33 27 10 39 10 23
6 20 23 41 20 35 17 40 14 5 7 24 9 6 44 28 18 9 20 17 35 3 26 14 38 11 18 21 13 16 10 27 17 30 3 27 48 17 11 26 20 17 20 23 20 11 14 44 36 36 30 28 208 446 130 155 110 128 72 104 136 110 189 118 112 454 224 95 112 68 199 341 329 58 20 262 198 75 307 224 433 549 130 299 188 243 360 35 34 19 10 52 43 18 20 26
20 23 17 41 11 11 37 26 18 13 14 5 31 28 19 43 54 29 29 3 8 11 17 21 26 3 23 32 33 46 5 33 15 18 26 9 18 15 6 47 5 53 14 3 14 4 14 23 6 4 6 19 161 88 145 89 141 227 322 57 45 82 96 88 159 278 210 538 152 93 237 403 232 54 65 155 330 55 88 215 181 171 212 209 340 71 54 354 46 38 57 37 25 13 27 51
26 14 47 17 17 8 18 21 60 30 29 7 40 11 6 5 6 3 17 12 5 11 17 5 26 3 24 34 7 17 21 21 30 18 9 24 20 24 14 11 17 14 8 11 20 29 32 14 44 23 10 15 11 67 577 458 256 100 98 63 60 51 43 34 93 166 278 161 120 502 388 332 320 188 111 256 73 115 186 83 102 269 277 309 187 83 104 125 149 288 3 49 34 19 6 27
11 20 5 14 20 25 12 32 27 15 39 7 15 3 20 45 49 5 3 11 9 23 3 41 41 15 21 18 8 25 24 14 27 8 14 30 12 48 15 3 14 26 32 8 6 20 23 4 45 20 8 25 30 43 199 232 106 68 41 147 45 29 44 73 102 83 347 383 109 414 341 239 147 254 55 62 86 41 135 64 426 113 156 451 93 387 65 153 212 85 123 68 6 34 31 36
23 6 22 23 19 24 12 27 15 5 15 46 15 21 45 10 12 36 8 51 33 39 22 11 23 23 12 5 5 41 30 9 31 5 27 9 5 15 15 29 21 20 29 3 8 26 6 14 20 32 24 43 33 8 42 12 51 31 22 33 51 7 54 223 178 127 115 556 533 508 378 360 323 137 131 84 37 61 41 65 179 103 149 236 140 34 346 59 341 119 77 137 29 30 43 28
4 20 3 19 8 12 11 30 5 7 24 24 18 24 12 9 5 54 18 21 55 9 44 17 20 33 26 15 14 38 24 51 17 21 9 5 5 21 21 33 5 8 26 20 29 47 35 44 32 14 36 11 18 11 6 14 11 14 28 31 34 60 45 61 114 131 119 540 538 413 547 406 512 206 174 62 128 110 47 216 333 58 87 47 21 253 486 46 169 350 221 136 140 62 25 31
14 23 14 11 30 18 12 5 12 9 18 22 12 27 5 7 15 7 9 35 30 18 18 8 8 11 44 27 14 11 3 9 5 31 5 7 26 11 39 44 40 8 17 20 23 23 17 14 4 20 4 8 11 39 26 11 24 29 20 36 37 7 51 24 66 17 43 122 168 523 536 539 523 419 125 55 54 57 224 38 81 428 126 109 123 32 51 280 270 67 208 62 66 406 39 37
4 17 5 22 5 33 42 15 18 30 36 10 21 18 24 7 9 12 5 24 5 20 12 5 8 38 20 14 3 6 3 3 19 23 24 37 16 17 22 20 47 26 22 11 8 4 6 8 26 4 20 11 17 18 14 8 10 17 29 48 36 19 57 60 24 59 47 40 59 207 370 522 410 421 89 77 26 240 91 89 254 105 60 271 26 36 15 49 181 109 128 167 147 102 154 4
17 11 29 8 15 5 18 21 15 15 5 30 21 18 5 12 12 5 7 5 16 19 27 23 20 27 44 26 56 16 11 17 59 28 14 13 23 8 4 18 14 38 11 14 23 4 11 17 4 14 23 23 20 14 41 26 26 38 23 8 40 6 43 31 54 48 48 42 56 54 84 117 171 114 140 28 99 209 129 62 65 257 343 45 48 45 46 34 53 188 143 288 99 115 51 44
32 25 27 5 3 18 24 27 12 21 6 18 12 25 12 5 5 12 48 9 46 10 18 8 32 28 11 20 14 23 34 14 14 11 6 13 29 23 6 17 14 41 17 23 23 20 23 11 20 3 14 11 4 41 38 20 44 32 26 32 9 54 58 40 31 21 63 36 84 42 21 42 48 85 84 103 190 47 344 180 77 73 19 74 42 13 10 52 37 166 184 170 309 293 63 54
23 36 15 9 12 18 34 15 45 18 18 15 12 21 15 25 12 5 11 28 5 69 4 177 8 14 3 8 32 3 14 24 339 8 11 45 12 29 3 25 23 6 21 23 14 14 4 11 4 47 17 8 41 11 4 5 20 11 11 8 26 33 49 22 55 42 49 36 33 54 36 18 57 30 12 33 29 34 129 182 72 32 106 45 24 82 10 25 19 120 74 148 370 79 233 172
35 8 33 5 9 24 27 15 23 9 7 12 12 45 3 7 30 7 33 25 40 6 35 8 17 20 8 3 20 65 20 25 29 14 35 16 26 8 23 32 44 20 17 3 32 5 32 4 17 26 20 23 44 17 4 35 23 38 29 23 6 4 21 63 13 28 28 51 24 51 21 30 60 39 18 59 39 12 43 18 9 28 50 90 28 25 25 19 78 40 37 21 42 42 125 71
9 3 9 15 21 9 18 27 15 9 15 9 7 18 33 22 9 44 16 32 61 57 9 25 31 11 17 8 6 50 20 26 29 17 11 17 4 35 14 19 24 20 8 4 35 17 26 6 44 17 11 4 41 8 4 20 26 11 23 23 20 17 36 33 43 25 10 37 34 16 8 37 28 32 6 28 16 25 16 19 34 52 40 28 19 22 16 33 6 8 18 12 24 8 32 11
23 17 5 18 18 27 12 14 9 20 12 7 24 39 12 57 15 56 55 106 25 48 7 22 11 6 17 13 35 11 20 11 8 6 14 12 4 23 28 168 23 14 29 32 5 42 17 14 59 38 14 32 11 8 8 17 35 38 11 23 14 20 4 30 31 22 9 37 58 8 67 37 34 7 28 34 43 10 25 27 34 10 10 13 28 46 34 30 38 6 59 18 24 30 29 23
28 20 21 9 21 21 18 9 5 18 21 5 15 7 45 60 17 8 13 19 22 8 1 17 5 22 20 14 8 23 11 23 8 26 101 22 6 29 43 32 32 41 20 4 23 14 29 20 14 20 4 6 41 20 29 8 23 20 20 6 14 8 8 26 24 8 6 40 22 28 16 22 16 19 16 34 22 36 12 21 30 73 30 22 15 24 10 18 26 32 17 8 26 45 50 20
37 19 12 18 9 30 69 18 24 19 5 5 5 21 21 33 21 6 5 16 29 40 22 37 29 16 52 37 15 14 17 44 35 59 27 29 17 23 23 14 11 35 20 20 8 14 32 17 20 4 3 20 6 59 53 32 11 23 17 4 17 35 17 1 17 39 17 40 40 13 43 30 37 27 19 25 33 42 15 8 24 21 8 10 27 33 8 54 14 32 20 53 14 20 11 20
3 19 24 9 12 5 5 5 30 24 9 15 16 15 5 12 22 13 7 28 12 6 49 10 19 22 9 4 30 17 17 38 3 11 20 32 8 11 34 41 6 41 35 40 17 26 14 23 20 29 23 17 29 4 4 38 23 50 47 17 29 4 3 8 53 12 38 15 30 42 4 18 36 27 8 27 8 21 12 24 15 29 24 15 56 4 8 33 4 14 35 35 26 8 26 8
28 9 5 33 21 39 15 5 9 7 18 18 13 24 15 15 25 14 6 8 0 16 3 11 40 7 8 3 28 11 8 8 4 6 14 11 8 8 20 8 17 1 26 8 17 14 23 35 23 14 14 11 8 8 6 20 5 23 11 38 26 17 3 23 29 23 15 36 4 8 8 18 24 12 27 6 33 6 30 8 8 11 4 12 26 8 17 6 17 29 23 14 11 20 11 11
18 15 12 15 15 21 7 12 15 18 36 5 9 30 12 30 8 5 24 5 40 31 27 15 6 7 34 8 26 11 14 3 14 11 26 11 23 8 20 18 14 4 4 8 29 14 11 26 44 8 21 11 14 56 23 4 26 23 14 77 17 41 26 23 35 41 44 44 38 20 6 26 30 39 48 44 8 23 6 14 12 17 41 11 29 38 38 11 32 32 17 6 17 8 3 5
9 7 12 17 19 21 36 9 12 27 7 12 15 9 12 3 27 5 6 13 37 16 13 7 31 13 9 18 21 14 32 23 59 28 37 14 4 5 14 20 6 20 17 38 14 51 30 546 20 14 14 17 4 38 6 29 11 26 17 23 14 23 26 29 11 11 35 98 32 8 23 32 14 10 23 26 68 29 10 12 4 20 29 11 41 4 23 20 3 26 20 20 32 20 17 26
12 12 15 12 27 33 21 8 21 24 9 5 15 9 8 11 20 5 30 40 40 52 8 5 5 9 12 24 9 37 19 23 14 28 22 5 14 5 6 29 26 23 20 26 17 530 6 8 8 3 5 26 14 59 53 3 11 14 8 20 25 31 31 20 32 4 29 38 45 29 26 4 11 14 6 11 5 41 11 26 20 14 8 3 11 23 35 26 23 50 35 11 6 29 11 3
5 8 12 29 21 18 33 9 9 15 12 9 5 30 18 12 17 24 9 5 5 19 51 18 12 40 19 9 15 5 18 42 30 39 22 20 25 13 14 6 8 5 26 4 0 33 11 50 11 3 11 26 8 161 41 11 4 8 7 8 8 24 11 25 50 5 8 17 29 4 11 4 26 29 4 17 4 33 23 17 11 11 17 16 6 17 20 14 0 26 4 17 6 5 3 26
24 9 18 5 9 8 12 5 12 30 12 15 21 7 5 3 29 12 33 5 6 43 11 11 22 15 18 12 3 15 17 12 25 12 23 5 23 26 5 8 5 56 11 11 3 11 29 35 23 3 6 38 27 109 20 23 8 11 29 11 30 28 15 23 3 23 29 8 8 20 11 32 14 20 29 14 6 23 4 53 29 46 11 14 17 20 13 16 20 50 6 26 20 20 6 14
36 15 24 5 39 21 5 24 15 8 42 21 12 5 18 3 9 3 21 13 28 13 21 5 24 9 21 12 9 24 14 5 16 3 17 17 27 1 14 3 17 38 26 20 4 14 29 17 26 23 8 20 6 18 8 20 11 8 16 5 15 24 15 25 10 17 17 3 20 4 14 23 14 4 14 25 8 17 26 17 11 17 20 25 17 31 17 8 29 38 14 6 44 8 20 11
5 9 33 21 14 12 5 17 18 27 5 18 11 18 9 17 24 12 21 25 34 15 16 30 9 5 15 18 18 18 15 5 5 15 24 15 11 5 5 20 11 32 23 8 14 11 8 20 17 20 23 29 11 17 11 25 5 68 12 9 21 24 18 3 3 5 5 14 22 28 20 17 17 22 23 17 25 16 19 29 3 16 24 21 3 22 37 15 5 14 6 14 17 3 26 11
12 18 14 3 30 5 18 12 33 9 5 26 21 5 2 3 18 48 24 27 19 7 24 3 9 5 5 5 5 34 22 9 5 9 24 14 14 21 11 11 17 26 5 4 38 5 29 5 14 20 35 12 8 32 50 14 41 29 21 5 12 7 21 24 9 18 3 8 14 38 35 29 13 21 42 12 3 35 24 20 12 9 12 12 3 24 12 5 3 6 32 6 7 14 13 14
12 12 26 27 30 3 12 17 5 3 3 18 5 12 2 3 6 5 9 9 16 12 15 5 9 15 20 27 24 40 15 33 11 15 23 39 20 8 35 23 35 5 14 29 11 32 3 11 14 86 14 17 20 17 33 5 5 30 18 24 15 21 5 9 30 9 5 5 3 3 9 22 16 12 14 20 30 7 27 12 18 33 27 12 26 34 20 9 3 14 26 83 33 18 42 9
12 7 18 36 12 24 36 5 23 18 36 21 24 9 15 11 5 27 12 30 2 7 9 7 24 24 3 5 12 9 12 5 5 24 25 30 20 55 14 7 14 3 17 3 14 26 17 3 23 23 20 35 27 20 27 9 48 9 5 18 5 18 18 24 33 7 9 9 12 3 5 26 5 48 20 10 12 18 12 7 5 5 14 32 7 27 9 30 53 8 41 103 131 21 54 36
7 12 9 18 9 11 5 5 5 12 24 12 3 5 21 42 21 9 12 12 5 24 39 42 12 33 15 15 18 21 24 3 24 24 5 12 8 27 3 11 3 29 11 20 5 11 3 23 3 11 35 17 45 5 36 36 9 15 15 18 27 15 16 9 5 9 5 7 12 17 11 20 8 7 12 24 17 1 39 21 5 5 7 15 9 12 30 12 17 14 20 23 14 29 26 26
8 3 27 24 14 18 5 9 5 21 18 2 5 5 5 18 18 15 36 12 39 27 33 9 24 12 27 9 5 14 12 18 12 18 12 18 6 29 21 5 20 20 3 14 23 17 8 3 14 11 18 14 15 24 18 7 3 13 5 9 31 24 12 5 14 12 18 12 29 15 18 14 9 21 5 7 33 30 7 30 21 30 9 33 12 5 21 9 5 41 6 26 8 20 20 8
12 5 36 11 15 3 45 12 3 9 24 21 18 5 11 5 48 8 24 24 5 15 5 12 12 25 5 9 7 32 37 12 30 9 3 11 18 11 23 8 8 14 14 11 14 26 26 26 26 17 7 12 39 5 15 5 30 21 5 15 17 15 21 30 21 5 27 3 5 15 21 8 15 42 5 25 18 27 15 21 7 18 14 30 3 30 54 18 33 24 5 14 11 14 8 23
21 8 12 38 18 7 12 15 42 12 12 18 19 9 7 24 7 16 7 21 24 5 27 12 12 15 21 23 22 15 9 39 21 8 28 20 8 5 8 20 28 26 29 23 23 3 1 8 35 12 14 5 24 5 31 5 5 24 9 18 33 27 9 9 11 8 12 15 12 21 12 9 12 9 27 24 15 36 51 14 12 21 39 18 33 27 3 6 42 3 14 29 11 14 20 38
3 20 33 5 36 12 18 9 12 11 26 11 8 30 12 10 5 5 27 5 5 39 16 54 21 5 34 9 19 18 12 5 24 17 18 15 14 12 5 31 5 5 35 32 17 11 8 29 15 9 5 9 12 21 20 3 12 5 36 15 18 27 15 12 3 12 8 12 5 5 27 7 3 9 42 27 21 12 5 8 39 12 24 24 12 5 15 9 23 11 26 20 1 23 14 32
15 11 1 3 9 7 21 22 18 5 24 2 5 21 5 57 12 15 12 9 43 12 18 21 7 7 15 11 20 12 5 27 33 18 18 9 27 28 14 17 19 17 20 5 17 23 5 5 28 43 12 5 21 15 27 7 17 5 7 21 5 27 24 9 23 8 21 24 24 9 24 36 3 27 12 24 13 12 14 9 14 17 7 24 5 9 20 7 7 1 11 10 20 11 3 8
11 23 9 9 27 12 27 21 9 15 14 5 5 13 30 24 18 9 5 12 6 5 5 16 3 25 24 6 12 7 24 9 30 30 5 3 18 14 20 11 3 7 8 5 8 20 20 26 16 7 17 9 7 15 5 18 5 1 18 21 18 8 5 8 35 11 18 24 12 12 30 9 12 39 5 24 15 42 12 27 23 3 39 12 27 3 3 5 21 15 5 21 32 19 12 26
41 3 3 18 18 8 51 5 24 9 10 15 21 7 6 3 21 9 5 7 12 6 12 12 5 7 18 8 15 5 21 9 9 12 5 3 21 27 31 22 5 14 14 23 17 3 14 5 14 12 12 45 12 18 5 24 3 7 5 15 18 5 15 9 7 5 21 63 9 17 18 27 12 5 21 18 27 5 24 21 7 18 14 7 9 5 21 12 9 36 14 42 33 36 15 3
24 24 3 3 24 7 12 21 11 9 12 19 9 21 15 11 15 12 15 12 18 21 5 25 13 12 7 21 18 48 12 3 7 8 5 17 30 12 21 8 24 12 16 8 3 5 37 5 16 7 15 30 21 1 17 1 23 3 9 15 9 7 17 18 12 15 5 7 9 8 15 12 21 3 9 7 48 27 5 7 23 9 21 9 21 5 5 1 5 5 14 18 24 45 5 12
12 17 18 24 21 12 34 38 34 11 16 4 8 3 3 21 5 12 7 24 5 9 25 33 5 7 9 21 7 9 14 7 30 3 5 18 18 12 7 15 5 8 9 37 12 15 8 18 18 24 40 27 39 24 11 18 5 5 11 27 26 15 33 5 12 31 18 7 21 24 5 12 24 24 5 15 15 5 63 7 23 15 12 36 15 29 8 29 51 5 12 3 15 30 12 7
11 19 47 7 31 46 42 5 31 7 25 8 11 9 11 3 23 18 48 18 9 49 15 20 18 9 12 18 5 33 15 18 18 9 24 7 12 18 22 34 9 16 6 9 7 34 8 8 15 18 30 24 39 9 3 5 7 14 33 5 7 21 5 9 5 3 17 5 7 9 18 15 33 12 45 21 24 15 5 11 5 12 14 36 15 14 3 6 8 8 30 11 3 27 3 23
