PredictorVariables/LightPollution_Total_100m/LightPollutionIntensity2016_100.asc
ncols        529
nrows        344
xllcorner    2700.000000000000
yllcorner    15900.000000000000
cellsize     100.000000000000
NODATA_value 0
[rows 200 to 249 of 344, columns 0 to 95 of 529]
0 0 0 0 0 0 0 0 0 0 0 0 0 0 0 0 0 0 0 0 0 0 0 0 0 0 0 0 0 0 0 174 99 73 128 65 89 122 141 146 261 121 198 203 330 142 74 63 29 30 21 36 6 28 21 30 45 27 56 23 38 45 40 55 101 45 242 206 156 418 132 77 80 56 89 29 47 20 61 64 40 29 41 62 78 55 48 61 40 132 195 162 96 176 106 180
0 0 0 0 0 0 0 0 0 0 0 0 0 0 0 0 0 0 0 0 0 0 0 0 0 0 0 0 0 0 0 153 52 81 142 105 95 63 121 192 107 437 577 224 100 209 56 72 26 39 48 18 24 16 37 36 27 21 32 45 41 50 44 71 38 104 228 166 613 82 50 58 58 40 82 62 26 64 34 67 79 71 60 70 83 78 84 83 241 149 145 93 161 154 50 56
0 0 0 0 0 0 0 0 0 0 0 0 0 0 0 0 0 0 0 0 0 0 0 0 0 0 0 0 0 0 0 65 108 132 258 153 105 77 82 101 148 122 134 387 71 58 133 60 33 24 27 30 36 10 34 30 21 33 29 33 44 32 41 50 47 179 386 610 117 85 56 64 34 73 61 47 41 47 70 51 68 64 105 76 94 111 88 173 57 179 88 138 127 176 49 61
0 0 0 0 0 0 0 0 0 0 0 0 0 0 0 0 0 0 0 0 0 0 0 0 0 0 0 0 0 0 111 94 169 83 136 68 162 123 166 107 122 191 167 101 53 30 146 35 24 33 39 51 49 16 25 15 42 10 42 51 23 68 47 53 295 287 194 75 80 53 77 52 65 46 43 55 50 41 65 87 51 102 123 234 395 232 119 108 159 245 74 148 218 122 65 55
0 0 0 0 0 0 0 0 0 0 0 0 0 0 0 0 0 0 0 0 0 0 0 0 0 0 0 0 0 0 65 61 164 45 160 187 261 213 188 161 196 132 181 80 71 99 46 20 24 36 16 6 37 28 13 37 36 6 27 42 45 50 50 87 125 126 54 53 38 68 59 53 32 40 70 79 65 53 35 70 76 123 300 444 524 426 175 202 87 88 71 119 94 62 72 46
0 0 0 0 0 0 0 0 0 0 0 0 0 0 0 0 0 0 0 0 0 0 0 0 0 0 0 0 0 0 49 38 74 84 335 631 644 556 443 239 199 74 109 83 53 24 47 41 39 36 45 37 19 8 37 18 15 51 36 36 33 51 44 83 52 78 29 29 38 65 44 71 12 53 58 44 26 35 69 59 150 312 404 452 528 371 160 146 196 183 154 131 163 110 69 61
0 0 0 0 0 0 0 0 0 0 0 0 0 0 0 0 0 0 0 0 0 0 0 0 0 0 0 0 0 0 48 59 53 137 193 301 411 688 430 166 258 75 50 17 57 45 59 68 36 39 49 10 43 43 31 24 21 84 30 27 30 15 32 68 41 53 83 47 56 6 53 20 62 23 49 41 43 52 45 97 368 355 443 479 407 445 160 115 92 183 102 88 83 69 94 46
0 0 0 0 0 0 0 0 0 0 0 0 0 0 0 0 0 0 0 0 0 0 0 0 0 0 0 0 0 0 53 35 71 80 186 347 371 521 439 187 98 68 44 23 61 39 35 23 21 36 6 45 39 40 19 28 48 39 15 51 45 42 50 38 36 29 50 47 41 59 74 44 89 44 61 23 60 79 88 128 289 432 626 352 302 512 114 263 103 106 138 77 51 68 47 28
0 0 0 0 0 0 0 0 0 0 0 0 0 0 0 0 0 0 0 0 0 0 0 0 0 0 0 0 0 0 23 55 57 87 204 361 356 407 253 181 81 64 58 79 11 18 29 63 36 36 15 31 43 30 46 21 34 10 8 45 57 39 30 24 39 41 29 44 23 92 26 35 32 25 108 292 339 77 216 137 254 489 478 416 410 400 129 120 131 65 35 52 30 63 89 61
0 0 0 0 0 0 0 0 0 0 0 0 0 0 0 0 0 0 0 0 0 0 0 0 0 0 0 0 0 12 34 47 63 108 82 137 220 471 440 186 29 29 67 54 9 32 20 7 21 28 58 13 22 37 40 6 31 33 24 60 33 6 54 54 21 32 32 41 62 38 23 41 98 43 425 349 252 290 65 164 255 376 464 504 592 506 139 182 141 59 41 130 98 22 80 70
0 0 0 0 0 0 0 0 0 0 0 0 0 0 0 0 0 0 0 0 0 0 0 0 0 0 0 0 0 53 37 43 54 148 59 137 98 144 107 103 64 41 60 79 36 14 10 21 8 67 31 37 31 16 6 28 7 31 21 27 27 21 39 24 68 41 29 35 44 29 59 80 48 109 86 340 501 190 100 242 234 306 492 494 602 498 187 102 77 132 53 161 65 56 32 50
0 0 0 0 0 0 0 0 0 0 0 0 0 0 0 0 0 0 0 0 0 0 0 0 0 0 0 0 0 66 77 47 43 158 85 101 261 188 137 59 20 55 51 33 8 27 30 33 58 33 25 6 10 22 28 42 21 8 15 30 57 33 33 30 8 10 29 12 53 26 41 52 55 37 79 112 610 110 158 104 284 445 366 494 523 493 292 208 101 117 90 42 51 90 68 92
0 0 0 0 0 0 0 0 0 0 0 0 0 0 0 0 0 0 0 0 0 0 0 0 0 0 0 0 0 73 134 63 171 273 174 205 145 141 146 47 34 63 39 59 50 21 48 81 25 31 46 16 8 46 46 19 28 24 42 8 30 18 39 21 68 74 38 65 80 59 37 67 40 53 100 204 81 70 83 64 104 213 554 414 472 518 588 207 109 88 45 48 54 39 74 98
0 0 0 0 0 0 0 0 0 0 0 0 0 0 0 0 0 0 0 0 0 0 0 0 0 0 0 0 0 53 145 274 246 182 118 107 80 85 36 67 58 105 88 288 128 340 39 30 8 49 8 6 22 19 40 10 28 36 24 69 69 21 33 41 32 62 77 47 34 85 79 68 76 146 72 94 207 61 82 90 104 176 490 378 427 506 273 113 115 108 57 46 63 48 72 115
0 0 0 0 0 0 0 0 0 0 0 0 0 0 0 0 0 0 0 0 0 0 0 0 0 0 0 0 0 115 107 71 70 222 318 257 80 59 79 39 51 17 38 30 27 35 37 37 46 19 16 13 43 31 66 25 33 33 30 48 39 54 47 80 62 86 480 319 76 167 235 110 346 49 37 50 72 117 88 77 86 149 246 175 273 127 118 122 76 54 63 55 75 81 75 61
0 0 0 0 0 0 0 0 0 0 0 0 0 0 0 0 0 0 0 0 0 0 0 0 0 0 0 0 226 70 101 60 63 161 138 158 47 48 59 41 32 7 12 51 48 28 10 10 22 22 49 22 22 31 16 8 25 34 30 48 39 32 60 78 159 151 324 368 324 346 324 164 65 62 61 64 42 65 131 70 196 117 94 275 96 91 122 100 31 75 57 69 72 491 168 319
0 0 0 0 0 0 0 0 0 0 0 0 0 0 0 0 0 0 0 0 0 0 0 0 0 0 0 0 183 185 99 225 74 174 18 227 93 84 25 20 42 21 21 21 25 19 46 19 8 70 22 37 31 19 10 51 34 12 48 30 86 29 125 165 298 82 118 354 540 213 44 77 59 41 49 86 103 115 216 260 53 84 95 125 214 85 219 74 73 69 44 61 99 138 394 192
0 0 0 0 0 0 0 0 0 0 0 0 0 0 0 0 0 0 0 0 0 0 0 0 0 0 0 0 83 53 69 35 84 129 38 101 74 63 44 120 24 30 42 6 22 43 43 16 58 25 13 19 28 52 52 21 43 24 30 36 30 374 153 236 329 455 286 235 346 68 52 76 38 44 37 77 102 128 201 83 100 97 62 57 227 102 92 246 77 95 41 229 99 82 70 39
0 0 0 0 0 0 0 0 0 0 0 0 0 0 0 0 0 0 0 0 0 0 0 0 0 0 0 0 119 156 115 171 143 326 66 353 27 7 20 33 21 12 57 40 34 16 22 28 8 8 28 22 19 34 5 31 28 33 36 20 182 445 93 366 412 365 204 104 51 109 21 26 35 28 59 41 195 125 71 300 55 60 71 71 91 179 120 82 120 86 78 83 102 247 131 114
0 0 0 0 0 0 0 0 0 0 0 0 0 0 0 0 0 0 0 0 0 0 0 0 0 0 0 0 63 64 92 282 119 353 119 287 50 47 41 12 25 28 28 52 31 40 28 43 40 28 37 10 22 43 5 21 19 45 21 29 32 90 535 238 293 238 116 111 102 39 58 58 38 44 71 132 99 82 61 162 61 75 90 88 76 99 142 140 457 350 91 87 196 315 177 181
0 0 0 0 0 0 0 0 0 0 0 0 0 0 0 0 0 0 0 0 0 0 0 0 0 0 0 0 314 244 344 250 84 79 71 325 48 8 10 24 19 19 25 58 19 28 13 8 16 733 15 31 13 46 12 33 28 36 62 41 53 55 133 314 199 322 415 127 66 56 61 68 56 110 87 219 129 64 59 38 68 100 42 74 60 68 200 127 376 449 103 151 168 268 106 212
0 0 0 0 0 0 0 0 0 0 0 0 0 0 0 0 0 0 0 0 0 0 0 0 0 0 0 148 204 615 370 199 144 68 62 228 122 414 36 63 16 43 28 52 19 34 34 13 54 46 43 19 67 27 51 54 40 45 47 65 65 78 177 316 138 408 77 24 34 47 47 83 148 63 150 458 232 97 68 65 44 61 91 313 363 373 160 417 181 330 478 325 465 292 195 154
0 0 0 0 0 0 0 0 0 0 0 0 0 0 0 0 0 0 0 0 0 0 0 0 0 0 0 83 108 74 83 233 281 102 45 62 30 58 36 10 18 43 19 25 18 40 8 8 64 46 46 64 53 33 4 60 39 17 47 50 6 265 220 220 180 91 43 61 32 79 85 146 317 39 66 184 281 235 80 86 83 44 162 375 323 226 84 75 148 297 401 378 218 383 471 110
0 0 0 0 0 0 0 0 0 0 0 0 0 0 0 0 0 0 0 0 0 0 0 0 0 0 0 75 56 52 82 548 712 51 33 33 42 13 28 31 6 18 35 10 8 33 17 41 19 36 45 43 46 21 9 46 21 170 53 79 81 414 485 108 200 79 67 121 67 174 262 193 463 40 83 143 235 350 87 80 32 41 57 154 141 111 39 74 83 139 148 330 369 313 160 156
0 0 0 0 0 0 0 0 0 0 0 0 0 0 0 0 0 0 0 0 0 0 0 0 0 0 0 71 32 33 80 78 74 42 19 8 46 52 18 43 22 21 14 36 20 26 23 21 33 23 22 21 31 33 33 19 69 57 267 41 22 79 565 418 149 228 40 102 198 215 56 246 70 55 67 45 186 61 40 83 32 68 83 125 43 136 60 75 76 317 144 258 205 162 143 149
0 0 0 0 0 0 0 0 0 0 0 0 0 0 0 0 0 0 0 0 0 0 0 0 0 0 0 62 30 51 41 50 15 42 4 13 34 21 21 18 17 24 42 35 26 29 32 41 20 32 6 36 6 51 24 49 51 32 23 53 81 85 147 77 80 64 185 105 416 290 345 199 89 198 190 57 40 49 47 44 54 216 59 85 307 268 247 20 49 69 270 205 237 267 121 148
0 0 0 0 0 0 0 0 0 0 0 0 0 0 0 0 0 0 0 0 0 0 0 0 0 0 0 40 35 27 36 30 18 33 24 15 39 15 12 29 38 29 33 38 11 11 8 35 38 29 30 24 73 311 16 30 93 35 74 53 32 64 67 62 71 215 100 177 215 613 294 524 142 317 223 67 41 52 58 82 193 91 265 335 410 313 78 40 71 86 111 198 120 237 182 254
0 0 0 0 0 0 0 0 0 0 0 0 0 0 0 0 0 0 0 0 0 0 0 0 0 0 4 15 6 33 33 48 72 27 42 24 11 35 41 41 26 529 38 3 14 8 20 26 23 47 39 30 7 96 43 55 33 50 41 38 23 65 17 59 112 68 119 143 149 151 95 318 206 282 67 66 63 80 126 223 358 118 342 305 272 68 108 137 53 99 188 64 108 100 127 92
0 0 0 0 0 0 0 0 0 0 0 0 0 0 0 0 0 0 0 0 0 0 0 0 0 0 24 39 42 60 36 36 39 5 36 26 4 17 32 14 8 5 11 20 20 8 20 14 17 35 29 8 46 18 82 18 27 27 32 56 59 66 233 96 89 308 362 408 237 94 112 124 149 40 131 667 172 224 316 159 300 413 371 225 120 125 79 105 81 62 73 70 120 81 38 68
0 0 0 0 0 0 0 0 0 0 0 0 0 0 0 0 0 0 0 0 0 0 0 0 0 0 30 33 21 45 21 33 18 618 29 17 23 4 35 23 8 113 17 14 41 17 6 32 14 14 12 58 30 15 40 7 12 65 107 62 35 89 65 96 493 195 371 284 266 260 41 43 58 37 124 117 307 52 185 226 99 207 292 42 72 393 206 77 57 44 64 92 83 80 58 62
0 0 0 0 0 0 0 0 0 0 0 0 0 0 0 0 0 0 0 0 0 0 0 0 0 0 27 69 27 15 18 20 15 51 23 20 14 4 4 29 50 180 23 17 3 23 32 32 38 8 6 28 9 66 22 18 33 45 41 56 17 34 108 251 246 374 348 291 287 207 62 45 55 62 240 214 226 172 276 118 52 168 82 140 49 175 163 51 65 53 47 59 46 71 52 41
0 0 0 0 0 0 0 0 0 0 0 0 0 0 0 0 0 0 0 0 0 0 0 0 0 0 14 58 18 18 3 3 44 26 23 8 47 29 23 26 24 9 20 20 14 11 4 8 14 26 9 10 12 6 37 85 54 63 14 59 32 71 54 233 288 208 287 250 365 402 216 294 257 127 54 23 174 121 232 103 153 236 197 171 54 84 32 48 43 53 52 43 59 46 40 40
0 0 0 0 0 0 0 0 0 0 0 0 0 0 0 0 0 0 0 0 0 0 0 0 0 0 17 165 51 30 17 11 41 17 56 32 26 26 5 38 8 8 35 23 14 26 17 29 35 44 12 21 21 27 6 162 92 18 23 47 47 165 206 416 234 145 96 244 221 160 158 220 127 50 70 69 143 109 143 320 258 214 402 344 91 104 83 42 52 50 43 37 77 79 76 67
0 0 0 0 0 0 0 0 0 0 0 0 0 0 0 0 0 0 0 0 0 0 0 0 0 3 14 20 3 17 17 11 17 44 20 26 38 20 14 17 23 26 56 35 14 35 6 17 23 50 38 25 21 27 8 11 139 36 48 23 54 45 244 170 112 70 225 63 347 136 235 246 58 50 79 214 135 114 83 188 278 199 351 197 165 117 359 133 47 89 58 56 44 50 61 50
0 0 0 0 0 0 0 0 0 0 0 0 0 0 0 0 0 0 0 0 0 0 0 0 0 20 20 17 23 8 14 20 11 8 23 17 11 20 5 11 3 26 14 17 26 110 38 35 47 32 12 45 30 10 16 16 26 15 29 23 51 33 118 92 120 330 66 110 200 153 551 524 43 77 29 473 337 134 244 205 380 173 300 152 200 436 121 102 43 52 70 53 44 26 41 41
0 0 0 0 0 0 0 0 0 0 0 0 0 0 0 0 0 0 0 0 0 0 0 0 0 26 11 20 14 17 26 3 11 17 20 29 35 5 35 5 41 20 23 5 26 14 4 17 23 50 23 11 44 19 19 33 33 267 24 38 51 60 53 45 78 91 125 308 137 478 111 299 197 40 34 94 275 228 77 177 92 210 358 125 415 320 432 156 50 37 52 9 47 62 41 32
0 0 0 0 0 0 0 0 0 0 0 0 0 0 0 0 0 0 0 0 0 0 0 0 0 32 32 20 20 11 29 3 53 14 20 26 15 8 32 12 38 5 8 32 26 38 29 20 20 38 20 17 4 40 19 16 37 64 40 23 54 48 43 88 119 154 213 70 161 132 60 55 35 42 58 14 106 59 23 83 97 84 118 380 222 167 321 160 99 76 46 56 65 44 53 62
0 0 0 0 0 0 0 0 0 0 0 0 0 0 0 0 0 0 0 0 0 0 0 0 0 17 11 8 11 23 11 20 14 5 20 38 17 3 26 26 26 38 11 26 3 14 4 26 23 26 11 4 26 42 12 19 37 263 139 35 63 36 74 71 277 108 160 169 211 68 28 41 43 176 32 35 56 10 17 53 127 52 88 172 217 162 521 198 164 71 23 26 29 38 74 14
0 0 0 0 0 0 0 0 0 0 0 0 0 0 0 0 0 0 0 0 0 0 0 0 0 4 26 35 8 38 20 27 3 3 11 23 20 8 36 11 41 26 8 35 35 11 26 8 26 17 20 20 11 11 39 13 58 21 64 44 11 53 211 250 38 367 374 331 191 67 28 56 49 58 33 47 74 23 71 38 56 181 73 122 91 41 228 103 165 217 65 23 23 53 56 62
0 0 0 0 0 0 0 0 0 0 0 0 0 0 0 0 0 0 0 0 0 0 0 0 0 14 23 57 4 30 26 20 34 17 8 6 44 26 32 15 59 160 6 8 32 23 44 23 14 35 20 29 35 20 36 27 19 28 11 39 68 112 315 84 72 88 386 303 326 188 63 50 33 17 122 23 47 20 47 38 53 22 70 20 14 74 73 43 72 60 62 65 29 65 53 53
0 0 0 0 0 0 0 0 0 0 0 0 0 0 0 0 0 0 0 0 0 0 0 0 41 8 44 91 17 17 14 21 29 12 15 3 3 23 26 47 11 3 14 8 29 14 44 17 23 26 11 8 23 8 17 18 15 22 19 570 258 26 50 24 59 44 473 73 115 71 265 28 23 56 82 312 47 38 20 41 42 41 77 62 38 56 49 28 112 151 88 35 29 71 35 38
0 0 0 0 0 0 0 0 0 0 0 0 0 0 0 0 0 0 0 0 0 0 0 0 6 3 0 3 26 30 17 29 36 24 5 5 17 20 5 44 11 5 26 11 8 17 14 23 29 11 23 17 20 14 20 14 21 27 60 77 89 41 21 57 7 77 105 49 72 23 28 76 14 59 23 116 53 71 50 41 45 35 71 297 65 52 37 61 83 204 105 50 41 32 35 41
0 0 0 0 0 0 0 0 0 0 0 0 0 0 0 0 0 0 0 0 0 0 0 0 20 11 5 8 14 12 7 5 11 21 21 14 21 23 12 8 17 26 8 11 18 14 11 11 20 17 29 14 14 20 26 41 15 12 63 22 43 36 36 33 32 48 15 18 30 41 23 293 47 17 18 26 39 9 21 14 57 35 59 151 185 31 44 82 376 448 62 95 45 50 62 41
0 0 0 0 0 0 0 0 0 0 0 0 0 0 0 0 0 0 0 0 0 0 0 0 26 11 26 23 17 30 11 18 5 18 9 18 26 17 12 18 15 14 3 33 8 5 10 22 41 29 38 29 35 35 17 23 26 45 31 40 48 26 33 48 21 12 45 51 8 17 24 82 45 56 36 21 102 17 41 54 8 32 44 56 63 68 207 125 231 121 89 53 77 54 26 38
0 0 0 0 0 0 0 0 0 0 0 0 0 0 0 0 0 0 0 0 0 0 0 0 11 5 3 3 11 8 9 24 18 24 5 14 14 12 17 9 5 13 29 15 26 0 26 11 14 3 8 12 8 11 8 14 26 8 9 24 39 81 33 42 60 42 42 21 27 45 30 15 217 32 42 29 93 57 45 72 6 17 20 83 86 283 152 242 447 206 132 556 82 23 62 23
0 0 0 0 0 0 0 0 0 0 0 0 0 0 0 0 0 0 0 0 0 0 0 0 47 47 20 23 18 5 21 9 3 5 9 21 10 18 15 18 12 35 29 27 7 16 17 3 9 20 17 32 17 32 35 17 38 12 48 45 42 29 48 36 21 36 57 42 33 48 12 30 34 15 12 29 38 106 20 30 24 41 34 51 44 32 222 98 58 98 178 235 82 14 35 32
0 0 0 0 0 0 0 0 0 0 0 0 0 0 0 0 0 0 0 0 0 0 0 71 5 11 23 21 7 24 8 11 7 12 9 5 24 15 5 9 21 8 14 8 5 14 28 11 14 41 15 17 3 20 14 11 4 4 26 26 45 39 38 30 18 15 12 33 12 18 27 30 39 208 39 33 27 74 63 33 36 38 294 47 38 47 50 80 82 96 150 71 63 10 44 27
0 0 0 0 0 0 0 0 0 0 0 0 0 0 0 0 0 0 0 0 0 0 0 20 32 14 23 32 5 30 27 7 20 5 27 24 12 7 22 18 69 12 24 21 31 14 35 17 32 21 9 3 8 17 14 11 3 6 23 161 93 58 33 24 21 4 18 49 63 18 42 48 66 28 67 23 53 25 129 22 53 138 48 41 23 56 51 96 88 108 85 136 450 26 44 30
0 0 0 0 0 0 0 0 0 0 0 0 0 0 0 0 0 0 0 0 0 0 0 11 59 35 26 15 36 27 7 14 11 12 5 3 27 13 16 31 20 21 23 39 8 17 21 17 8 20 14 5 26 27 17 3 38 14 56 27 166 21 189 6 15 57 30 16 36 60 33 42 57 27 96 41 7 39 184 231 39 21 33 27 33 32 38 52 30 49 63 121 254 13 18 57
0 0 0 0 0 0 0 0 0 0 0 0 0 0 0 0 0 0 0 0 0 0 0 8 3 20 3 3 27 5 12 11 5 5 15 5 24 8 33 25 33 17 21 12 29 35 26 5 26 26 20 36 8 20 44 26 23 38 8 30 35 42 3 39 12 6 42 22 33 27 12 63 81 21 157 1 11 42 312 29 12 18 33 48 10 63 33 35 196 48 93 124 87 68 27 21
