ForecastVariables/LightPollution_Blue_500m_60percent/LightPollutionBlue_60_Focal_Random1.asc
ncols        529
nrows        344
xllcorner    2700.000000000000
yllcorner    15900.000000000000
cellsize     100.000000000000
NODATA_value  nan
[rows 120 to 139 of 344, columns 45 to 89 of 529]
71.57872772216796875 85.35877227783203125 90.33451080322265625 88.847686767578125 86.260711669921875 81.959381103515625 86.04706573486328125 81.9531402587890625 87.80051422119140625 85.5321502685546875 84.81317138671875 82.784515380859375 81.38407135009765625 80.96819305419921875 82.7885894775390625 84.11714935302734375 84.30017852783203125 85.317596435546875 83.06836700439453125 83.195159912109375 84.25513458251953125 85.37506103515625 86.86035919189453125 85.8572845458984375 82.445404052734375 84.3507537841796875 86.79775238037109375 85.91068267822265625 85.77268218994140625 84.117889404296875 80.8811187744140625 84.35626983642578125 85.2733612060546875 82.57659149169921875 77.93634033203125 74.18148040771484375 76.02472686767578125 79.4291534423828125 90.4792938232421875 106.071533203125 113.808135986328125 97.3012237548828125 82.83139801025390625 102.613128662109375 97.95030975341796875
71.81513214111328125 86.34654998779296875 89.75301361083984375 86.6808929443359375 84.02557373046875 86.14699554443359375 80.00008392333984375 85.55127716064453125 85.95983123779296875 86.6718292236328125 81.1185150146484375 78.95906829833984375 79.30617523193359375 81.82190704345703125 83.87911224365234375 85.138916015625 86.1181793212890625 85.51171112060546875 83.43719482421875 82.02523040771484375 84.18888092041015625 82.932586669921875 84.8358001708984375 83.2405853271484375 82.0787506103515625 81.9264068603515625 84.89225006103515625 84.05376434326171875 83.58951568603515625 78.9471893310546875 79.2962799072265625 83.746490478515625 83.9193878173828125 81.16275787353515625 80.47992706298828125 75.51590728759765625 76.4533843994140625 89.85888671875 109.0618133544921875 124.827728271484375 134.7758026123046875 119.09146881103515625 103.15253448486328125 84.7561798095703125 93.10974884033203125
69.63469696044921875 85.63555908203125 88.78279876708984375 84.19896697998046875 85.43634033203125 81.14751434326171875 84.59983062744140625 84.12088775634765625 88.28078460693359375 83.29401397705078125 82.2529296875 78.60463714599609375 79.301605224609375 81.5080413818359375 81.09665679931640625 83.8774871826171875 82.45952606201171875 85.51080322265625 81.6063995361328125 81.81201934814453125 79.1391448974609375 81.04384613037109375 78.10118865966796875 78.05794525146484375 81.81024169921875 83.68862152099609375 81.45864105224609375 80.013763427734375 78.61627960205078125 78.80780029296875 80.8114776611328125 79.5355224609375 79.14272308349609375 83.15509033203125 77.6405029296875 73.614776611328125 74.7413482666015625 84.740570068359375 116.36876678466796875 142.4337005615234375 138.8856964111328125 129.913848876953125 105.53321075439453125 95.07798004150390625 84.775146484375
74.14189910888671875 84.80081939697265625 84.194000244140625 86.19757080078125 83.6017913818359375 86.10756683349609375 81.4970550537109375 87.2868804931640625 85.07054901123046875 87.2456512451171875 82.15320587158203125 77.887603759765625 78.04421234130859375 79.218505859375 77.8361358642578125 77.73697662353515625 79.04372406005859375 78.43485260009765625 77.45417022705078125 77.73026275634765625 78.3240966796875 79.06018829345703125 75.8609771728515625 74.63475799560546875 80.7121429443359375 84.58072662353515625 83.8005828857421875 81.60271453857421875 79.81420135498046875 78.96728515625 82.23000335693359375 78.4022369384765625 82.548675537109375 80.3961029052734375 74.8584136962890625 71.33339691162109375 75.34329986572265625 82.51509857177734375 104.065521240234375 133.920684814453125 142.52581787109375 125.457000732421875 106.32826995849609375 92.88909149169921875 93.91100311279296875
79.1902008056640625 83.11505889892578125 86.13381195068359375 85.64919281005859375 88.52239990234375 84.3209228515625 84.774200439453125 83.59171295166015625 92.04335784912109375 87.1797027587890625 81.56682586669921875 79.4784698486328125 74.53017425537109375 75.77429962158203125 71.27550506591796875 68.86074066162109375 73.6110992431640625 73.35291290283203125 71.94904327392578125 76.4600982666015625 80.19353485107421875 76.59726715087890625 77.7579345703125 78.09670257568359375 82.54347991943359375 85.4646453857421875 86.67999267578125 81.35379791259765625 84.68975067138671875 87.5976409912109375 82.8915252685546875 83.33553314208984375 80.06273651123046875 78.61029052734375 77.00885772705078125 76.20238494873046875 77.40193939208984375 85.8211212158203125 96.12607574462890625 121.80279541015625 126.79618072509765625 116.60182952880859375 97.87407684326171875 96.9813079833984375 95.02625274658203125
78.02675628662109375 86.484588623046875 88.0015716552734375 91.8497314453125 87.96649169921875 86.9954986572265625 86.21417236328125 91.2097930908203125 93.553955078125 91.2635650634765625 84.45790863037109375 78.8329925537109375 75.885009765625 69.00479888916015625 67.5180206298828125 67.15331268310546875 68.9053802490234375 70.3641510009765625 69.95075225830078125 76.01032257080078125 80.53412628173828125 83.1381378173828125 78.6900787353515625 82.91419219970703125 85.4638214111328125 88.7413177490234375 86.5947723388671875 81.27785491943359375 80.8529052734375 89.12755584716796875 87.3215789794921875 83.1390380859375 80.9841766357421875 76.79967498779296875 80.29735565185546875 77.4114532470703125 80.0395660400390625 95.072784423828125 101.52433013916015625 103.74011993408203125 111.56650543212890625 94.0400238037109375 99.992279052734375 99.26389312744140625 138.635650634765625
81.8774566650390625 89.633880615234375 93.7842864990234375 89.7413177490234375 89.6750640869140625 88.86864471435546875 93.266815185546875 93.45314788818359375 94.85756683349609375 92.9569091796875 86.92266082763671875 81.97353363037109375 78.07062530517578125 71.9065704345703125 67.67194366455078125 70.67498016357421875 69.55020904541015625 72.25421142578125 78.465789794921875 77.6828765869140625 84.48708343505859375 86.1593017578125 88.96209716796875 86.73903656005859375 93.1114959716796875 87.76093292236328125 83.78302764892578125 80.70589447021484375 82.43889617919921875 85.54190826416015625 85.05934906005859375 81.9355010986328125 77.9893035888671875 79.84052276611328125 79.51171112060546875 81.3877105712890625 87.397216796875 102.06978607177734375 107.22698211669921875 100.02460479736328125 96.2707061767578125 109.73491668701171875 122.62636566162109375 149.875244140625 170.697021484375
85.878631591796875 91.781219482421875 91.2320556640625 93.4384307861328125 90.8973388671875 90.20623779296875 88.67070770263671875 91.9411773681640625 91.3056488037109375 91.8582000732421875 87.29868316650390625 83.92649078369140625 79.89031219482421875 76.2567596435546875 73.7657928466796875 77.9531402587890625 78.45702362060546875 83.67069244384765625 80.4793701171875 84.9398040771484375 86.50788116455078125 93.00146484375 90.00885772705078125 90.345367431640625 91.55199432373046875 91.34215545654296875 81.22927093505859375 80.80326080322265625 84.199615478515625 85.469146728515625 83.2772216796875 78.23220062255859375 79.60733795166015625 80.46422576904296875 79.49849700927734375 86.1238555908203125 99.85137176513671875 102.1202850341796875 107.83148956298828125 107.48845672607421875 117.23894500732421875 148.552581787109375 162.24139404296875 182.25323486328125 227.8057403564453125
93.98355865478515625 94.44277191162109375 95.08020782470703125 93.2910308837890625 88.75891876220703125 91.14537811279296875 89.519378662109375 87.61183929443359375 87.9470367431640625 82.63330841064453125 86.3872222900390625 85.21587371826171875 78.12036895751953125 77.7288055419921875 82.55029296875 85.1251220703125 91.38712310791015625 89.83188629150390625 84.84173583984375 87.3578643798828125 90.481689453125 88.81153106689453125 89.393829345703125 84.58510589599609375 88.5493621826171875 84.88246917724609375 81.46678924560546875 78.89260101318359375 82.04698944091796875 83.57706451416015625 82.41907501220703125 76.9180145263671875 76.8476104736328125 80.486663818359375 80.0086669921875 84.681549072265625 97.07314300537109375 100.41790008544921875 106.55633544921875 131.526153564453125 158.7563323974609375 161.744720458984375 185.034576416015625 213.134674072265625 267.057830810546875
92.6139678955078125 95.28141021728515625 93.44103240966796875 90.7365264892578125 88.7304534912109375 87.321807861328125 87.8569793701171875 81.41843414306640625 82.543365478515625 81.71366119384765625 76.57855224609375 79.30084228515625 77.23663330078125 81.71114349365234375 81.8972930908203125 88.5836029052734375 90.513336181640625 95.70897674560546875 92.229217529296875 87.06871795654296875 82.78717803955078125 84.51955413818359375 82.5478057861328125 83.24843597412109375 78.2479705810546875 77.11946868896484375 76.3798980712890625 78.42607879638671875 79.8974609375 80.3956298828125 77.04508209228515625 75.84339141845703125 74.13060760498046875 73.3956451416015625 73.7590484619140625 73.83597564697265625 79.48566436767578125 103.20555877685546875 124.1155853271484375 138.5841217041015625 140.3670196533203125 177.42950439453125 198.8527984619140625 196.64642333984375 166.6362457275390625
94.98642730712890625 94.81768035888671875 94.49031829833984375 88.7776641845703125 86.41461181640625 88.984619140625 86.20279693603515625 84.3596649169921875 78.67916107177734375 75.5233306884765625 76.6571502685546875 76.0127410888671875 80.7593231201171875 77.06107330322265625 80.75506591796875 88.5821380615234375 92.3229522705078125 93.89385223388671875 90.4562225341796875 84.3136444091796875 82.79312896728515625 82.26511383056640625 79.1605377197265625 76.3209686279296875 78.51399993896484375 74.39025115966796875 75.14789581298828125 75.6000518798828125 83.77008056640625 80.55816650390625 73.5176544189453125 70.65203857421875 70.97821044921875 70.3131866455078125 73.95703125 76.46436309814453125 87.8923187255859375 122.9553985595703125 156.51129150390625 153.6708221435546875 147.838287353515625 158.0724639892578125 180.0348052978515625 158.0310821533203125 151.63916015625
94.05651092529296875 92.4294586181640625 91.6419219970703125 92.13066864013671875 92.368377685546875 89.4938812255859375 91.3263092041015625 85.34236907958984375 78.32930755615234375 75.8612518310546875 79.47890472412109375 79.1531982421875 82.1381378173828125 84.709564208984375 87.340301513671875 90.0418853759765625 91.836029052734375 92.05718994140625 90.9022674560546875 86.65316009521484375 84.1737518310546875 84.7489471435546875 82.9400177001953125 79.05214691162109375 75.7664794921875 77.7450408935546875 80.2071380615234375 81.88886260986328125 80.33170318603515625 81.5803070068359375 76.21857452392578125 70.73778533935546875 72.9484100341796875 83.7647705078125 95.222320556640625 105.08624267578125 139.10467529296875 171.079193115234375 194.4745330810546875 176.2165069580078125 166.09423828125 157.3849945068359375 146.6562042236328125 160.8517303466796875 158.05047607421875
97.71541595458984375 93.2899627685546875 94.97708892822265625 96.42327880859375 94.69295501708984375 97.40538787841796875 93.3518524169921875 87.94213104248046875 80.06719970703125 81.006317138671875 79.1158905029296875 83.39470672607421875 84.918182373046875 90.11759185791015625 91.29473114013671875 91.85297393798828125 90.058746337890625 90.29117584228515625 89.685089111328125 90.8963470458984375 85.7445068359375 85.796875 89.131988525390625 83.56476593017578125 80.40891265869140625 75.2066497802734375 82.7012481689453125 83.9946136474609375 83.7675323486328125 80.96192169189453125 77.11722564697265625 76.90959930419921875 84.99436187744140625 116.6116485595703125 138.9402313232421875 170.7335968017578125 181.345855712890625 207.562225341796875 217.90765380859375 199.4470977783203125 169.099700927734375 168.60418701171875 166.8741607666015625 162.6197509765625 176.1574859619140625
96.4417724609375 101.0768890380859375 96.66790771484375 99.04688262939453125 95.7288818359375 98.9674530029296875 97.74645233154296875 86.1678009033203125 85.52802276611328125 78.851318359375 79.41953277587890625 83.557098388671875 89.2705078125 90.01172637939453125 93.07830047607421875 92.522064208984375 94.3461456298828125 90.1303253173828125 90.10118865966796875 87.99581146240234375 91.46987152099609375 95.51306915283203125 94.037933349609375 87.695831298828125 79.771240234375 80.35182952880859375 79.3980255126953125 85.49040985107421875 82.43257904052734375 79.5204925537109375 78.64827728271484375 86.6895904541015625 113.4126129150390625 142.5709381103515625 180.7468719482421875 191.5709991455078125 210.7920684814453125 217.8966217041015625 213.3299560546875 197.137481689453125 172.2525634765625 168.21661376953125 190.1677398681640625 200.640228271484375 199.0297088623046875
101.15557098388671875 96.77979278564453125 98.230438232421875 95.796844482421875 96.593048095703125 98.6836090087890625 93.96845245361328125 88.75640869140625 82.624969482421875 78.71010589599609375 76.2238006591796875 81.7407989501953125 85.89966583251953125 92.08744049072265625 87.9944915771484375 97.293853759765625 94.24024200439453125 95.2423248291015625 89.3732147216796875 93.05408477783203125 97.0145416259765625 100.50859832763671875 100.66005706787109375 93.61954498291015625 86.4384307861328125 83.39568328857421875 82.3336181640625 82.244964599609375 83.51039886474609375 80.55257415771484375 81.0048065185546875 95.84415435791015625 117.4171295166015625 161.8263397216796875 182.369415283203125 192.8270111083984375 194.5862884521484375 198.049102783203125 198.04058837890625 193.5927734375 168.057769775390625 170.377197265625 200.4709625244140625 225.771697998046875 221.952667236328125
97.7377777099609375 94.80756378173828125 94.7379302978515625 91.0533599853515625 92.7440185546875 93.635345458984375 87.3944854736328125 84.7969512939453125 78.98601531982421875 74.8167266845703125 75.03029632568359375 73.17520904541015625 82.01256561279296875 82.51922607421875 94.3514404296875 96.2813873291015625 97.87694549560546875 94.72035980224609375 94.8851318359375 96.95955657958984375 100.9669189453125 105.36624908447265625 105.418914794921875 98.8507537841796875 89.03215789794921875 87.84954833984375 87.9460906982421875 86.65764617919921875 85.44200897216796875 85.4333648681640625 86.753631591796875 92.98676300048828125 120.7470550537109375 146.5428314208984375 182.738983154296875 187.7922821044921875 187.9823760986328125 204.0538177490234375 214.0473785400390625 175.9785919189453125 186.70721435546875 198.98876953125 200.376861572265625 203.147705078125 215.131683349609375
94.84714508056640625 92.35514068603515625 89.73209381103515625 89.520416259765625 93.26656341552734375 91.6782379150390625 89.81536102294921875 79.39595794677734375 75.5606689453125 73.90764617919921875 71.06618499755859375 74.09894561767578125 76.19911956787109375 82.3986358642578125 94.56790924072265625 100.833953857421875 95.4898681640625 97.0782318115234375 97.00580596923828125 97.2061309814453125 99.120147705078125 105.88763427734375 100.91956329345703125 97.35819244384765625 94.3138885498046875 90.88188934326171875 91.6402587890625 89.16159820556640625 86.4520263671875 89.230682373046875 92.786376953125 102.62987518310546875 119.487335205078125 145.5179290771484375 164.794769287109375 196.4406890869140625 219.156707763671875 249.2636566162109375 260.773681640625 219.4869842529296875 210.0735931396484375 194.1530914306640625 182.577362060546875 190.9124603271484375 204.5880126953125
97.688018798828125 90.39850616455078125 86.73677825927734375 93.82506561279296875 93.2612762451171875 97.79326629638671875 94.6219940185546875 85.18695068359375 77.2261810302734375 72.59161376953125 70.64591217041015625 74.59151458740234375 81.3655242919921875 88.5127716064453125 93.139068603515625 98.10823822021484375 102.775482177734375 100.35654449462890625 98.53559112548828125 97.1557159423828125 100.890838623046875 99.0822601318359375 98.463134765625 97.49692535400390625 97.60672760009765625 92.33074188232421875 91.313232421875 92.685211181640625 89.82946014404296875 95.72537994384765625 110.4997100830078125 112.3422393798828125 145.5450286865234375 162.04327392578125 202.58453369140625 221.1965179443359375 252.33807373046875 286.37091064453125 304.038299560546875 280.264862060546875 215.8740997314453125 173.9050140380859375 164.5428924560546875 180.299041748046875 196.3062896728515625
91.8760528564453125 87.724822998046875 86.12987518310546875 92.02405548095703125 101.12047576904296875 98.490447998046875 94.53058624267578125 89.82842254638671875 85.14068603515625 75.399932861328125 73.714996337890625 72.3113861083984375 81.36759185791015625 91.12572479248046875 91.63930511474609375 100.22324371337890625 103.94134521484375 97.37602996826171875 97.29741668701171875 99.4029388427734375 95.45839691162109375 92.65119171142578125 90.6842193603515625 92.42706298828125 86.9214324951171875 91.93421173095703125 89.35894012451171875 87.4181365966796875 93.69915771484375 107.9608917236328125 164.577392578125 224.67474365234375 201.5659942626953125 211.2569427490234375 269.71405029296875 264.3719482421875 281.43341064453125 327.93634033203125 315.37445068359375 281.860321044921875 197.35601806640625 164.834686279296875 166.0062408447265625 176.1471405029296875 230.5306854248046875
132.0670013427734375 121.6476898193359375 136.46990966796875 141.7285003662109375 133.8438568115234375 223.069976806640625 94.171966552734375 90.68534088134765625 84.6347808837890625 79.169586181640625 77.287933349609375 72.9196319580078125 78.51226043701171875 85.99768829345703125 91.44503021240234375 99.7635345458984375 96.70723724365234375 95.7410125732421875 96.47434234619140625 96.679718017578125 92.24480438232421875 87.12424468994140625 88.59088897705078125 83.08518218994140625 83.2830963134765625 87.70142364501953125 87.0150604248046875 85.8121185302734375 103.05448150634765625 158.6974029541015625 267.846160888671875 337.88238525390625 333.450927734375 321.8798828125 392.1220703125 396.3800048828125 391.4068603515625 339.442138671875 324.15216064453125 269.055816650390625 241.4872894287109375 207.9336090087890625 175.254730224609375 209.547027587890625 352.968475341796875
