ForecastVariables/LightPollution_Blue_500m_60percent/LightPollutionBlue_60_Focal_Random1.asc
ncols        529
nrows        344
xllcorner    2700.000000000000
yllcorner    15900.000000000000
cellsize     100.000000000000
NODATA_value  nan
[rows 280 to 299 of 344, columns 225 to 269 of 529]
67.83037567138671875 66.28287506103515625 65.33685302734375 71.53560638427734375 75.85498809814453125 80.1003570556640625 79.69525146484375 81.38272857666015625 80.93659210205078125 86.57604217529296875 93.3799896240234375 87.16547393798828125 88.4430999755859375 91.8566131591796875 88.70301055908203125 88.99166107177734375 89.2919158935546875 86.83321380615234375 85.53949737548828125 86.684783935546875 88.03073883056640625 90.5016326904296875 86.73862457275390625 88.0416717529296875 86.24816131591796875 87.59745025634765625 83.2436370849609375 83.309295654296875 86.08051300048828125 83.516845703125 77.744537353515625 78.11507415771484375 83.82820892333984375 86.3671722412109375 86.8646240234375 83.85921478271484375 80.61014556884765625 82.54259490966796875 83.8191986083984375 81.4824676513671875 77.895050048828125 75.2292327880859375 72.6872406005859375 93.7504119873046875 122.790252685546875
70.0396881103515625 64.58756256103515625 67.1148529052734375 70.5538177490234375 80.95674896240234375 81.8241424560546875 85.85669708251953125 81.93792724609375 87.12236785888671875 88.6261444091796875 93.5132598876953125 89.748321533203125 88.24945068359375 86.40517425537109375 90.450958251953125 89.171142578125 90.43239593505859375 86.684173583984375 85.34740447998046875 86.66118621826171875 91.2562713623046875 89.3049774169921875 86.7318267822265625 88.2675323486328125 85.99514007568359375 82.034027099609375 86.182647705078125 85.70230865478515625 85.2810821533203125 81.3386993408203125 78.4022674560546875 81.07039642333984375 82.67061614990234375 85.8941192626953125 83.71009063720703125 84.9035491943359375 80.59571075439453125 79.3577117919921875 79.5238189697265625 79.8152618408203125 74.5312652587890625 70.95398712158203125 70.77655792236328125 82.20514678955078125 119.36995697021484375
66.63436126708984375 61.350101470947265625 65.38658905029296875 73.73993682861328125 78.739501953125 84.18027496337890625 84.0921478271484375 87.74282073974609375 88.64681243896484375 89.62584686279296875 91.264312744140625 89.475921630859375 85.721588134765625 85.9703369140625 91.78981781005859375 92.7276458740234375 85.62026214599609375 86.47021484375 87.77911376953125 90.69005584716796875 89.64762115478515625 88.05780792236328125 86.91365814208984375 85.2877197265625 86.1816253662109375 84.5102996826171875 82.35240936279296875 83.16500091552734375 82.6033172607421875 82.310272216796875 82.87517547607421875 79.3182830810546875 82.712677001953125 83.14703369140625 85.83473968505859375 84.08568572998046875 82.2490234375 80.77434539794921875 80.2007904052734375 79.56409454345703125 73.5635528564453125 68.0040740966796875 68.49730682373046875 69.9420623779296875 86.1956939697265625
63.149311065673828125 62.6333465576171875 67.9180908203125 73.6647186279296875 81.10991668701171875 84.1964263916015625 88.46517181396484375 87.6917877197265625 85.1458740234375 91.19193267822265625 93.5203094482421875 89.089324951171875 83.301116943359375 82.90781402587890625 89.21302032470703125 90.2581024169921875 88.169189453125 83.92665863037109375 86.139984130859375 85.7136688232421875 86.7118072509765625 87.147247314453125 86.27492523193359375 83.57546234130859375 86.5384063720703125 83.27754974365234375 79.55327606201171875 78.9632415771484375 83.7528839111328125 81.37590789794921875 80.93088531494140625 80.306182861328125 80.58621978759765625 85.74677276611328125 84.6703033447265625 82.03490447998046875 81.5811004638671875 84.68042755126953125 79.79940032958984375 77.55645751953125 74.16048431396484375 68.5363311767578125 68.6912841796875 65.7702484130859375 66.19542694091796875
68.247161865234375 72.38349151611328125 73.0101318359375 73.705718994140625 82.22516632080078125 92.103302001953125 88.72914886474609375 84.66611480712890625 89.16860198974609375 94.11240386962890625 89.51380157470703125 84.6751251220703125 83.19274139404296875 84.26508331298828125 85.72039031982421875 87.7239532470703125 89.306060791015625 84.2543182373046875 81.61801910400390625 84.33690643310546875 85.1223907470703125 86.0228118896484375 85.27558135986328125 87.089599609375 84.8679962158203125 81.938232421875 78.46312713623046875 79.4431304931640625 78.39658355712890625 80.93369293212890625 79.0749969482421875 83.15048980712890625 84.994659423828125 83.0763702392578125 82.4404144287109375 80.64421844482421875 83.15004730224609375 80.50273895263671875 79.423614501953125 70.04923248291015625 68.73152923583984375 70.90239715576171875 66.3809814453125 64.87880706787109375 61.061603546142578125
74.87554931640625 80.1715545654296875 80.2373199462890625 80.37525177001953125 83.61334228515625 88.03115081787109375 90.521087646484375 88.03278350830078125 92.3124237060546875 91.04869842529296875 86.41602325439453125 82.87993621826171875 76.9789276123046875 82.63327789306640625 85.81520843505859375 85.558135986328125 87.65354156494140625 84.509185791015625 81.730987548828125 82.34682464599609375 82.102691650390625 84.03418731689453125 86.38800811767578125 86.466033935546875 84.73674774169921875 80.868255615234375 79.55791473388671875 74.542449951171875 74.450927734375 75.150421142578125 79.14952850341796875 84.2723236083984375 84.09542083740234375 83.816802978515625 80.80218505859375 81.06848907470703125 77.2550506591796875 76.55762481689453125 74.31800079345703125 66.7353363037109375 63.3119659423828125 66.7384796142578125 66.3268280029296875 62.0189666748046875 61.258060455322265625
77.20877838134765625 79.06786346435546875 84.66204071044921875 84.21924591064453125 83.6723480224609375 83.52942657470703125 90.426116943359375 93.7329559326171875 90.1791839599609375 87.4623565673828125 89.1763153076171875 81.59934234619140625 76.45833587646484375 78.27150726318359375 82.59603118896484375 87.431854248046875 85.36911773681640625 85.8797760009765625 85.26709747314453125 81.33502960205078125 83.72504425048828125 81.0341339111328125 84.5825347900390625 89.06371307373046875 86.94197845458984375 84.78292083740234375 77.24597930908203125 76.6680755615234375 75.4587554931640625 75.8275299072265625 80.30060577392578125 80.9023895263671875 84.007781982421875 83.35216522216796875 84.342132568359375 82.93297576904296875 79.11468505859375 73.072662353515625 69.81203460693359375 66.7356414794921875 66.92852020263671875 66.55307769775390625 64.81473541259765625 63.66658782958984375 61.720973968505859375
72.24762725830078125 81.30214691162109375 82.62368011474609375 79.388153076171875 82.07762908935546875 85.87335968017578125 87.8423614501953125 87.8938446044921875 91.0355987548828125 91.07651519775390625 84.587310791015625 77.03212738037109375 74.485137939453125 72.9815521240234375 76.2384033203125 84.2658538818359375 81.9572601318359375 84.50322723388671875 84.3126678466796875 81.1994476318359375 81.3394012451171875 89.49425506591796875 86.12885284423828125 87.8697967529296875 86.506011962890625 83.09285736083984375 83.04097747802734375 78.70203399658203125 78.18975830078125 76.38578033447265625 76.25479888916015625 79.001739501953125 80.180755615234375 84.85955810546875 82.41774749755859375 84.02539825439453125 80.41530609130859375 77.9621429443359375 69.79012298583984375 70.83184051513671875 71.29308319091796875 70.28577423095703125 68.4194793701171875 59.433811187744140625 58.4587860107421875
65.73558807373046875 75.753753662109375 75.02371978759765625 76.31475067138671875 79.88712310791015625 84.05161285400390625 83.47833251953125 84.36121368408203125 85.68204498291015625 87.15667724609375 79.55484771728515625 73.9292755126953125 70.577423095703125 67.63653564453125 67.47772216796875 72.449462890625 79.653717041015625 81.02544403076171875 79.52927398681640625 79.08771514892578125 89.36846923828125 94.592071533203125 92.77716064453125 83.11884307861328125 84.78165435791015625 85.95328521728515625 84.14710235595703125 79.877685546875 75.88497161865234375 72.198333740234375 71.5927886962890625 73.4976806640625 76.12247467041015625 74.79312896728515625 79.46160888671875 80.94625091552734375 81.56816864013671875 75.27843475341796875 69.56345367431640625 67.3916473388671875 68.14522552490234375 66.8136138916015625 61.417896270751953125 57.5581817626953125 55.55561065673828125
61.96221160888671875 65.16120147705078125 73.38135528564453125 78.8476104736328125 80.0626678466796875 77.7379608154296875 81.5829315185546875 82.21453857421875 83.39231109619140625 78.226043701171875 75.6631317138671875 68.61956024169921875 63.65666961669921875 63.9307403564453125 66.97206878662109375 64.06140899658203125 71.73627471923828125 74.751373291015625 72.9174346923828125 88.32601165771484375 88.29982757568359375 92.80887603759765625 91.26700592041015625 90.5225677490234375 85.5021514892578125 80.53490447998046875 81.661407470703125 80.4097900390625 75.28136444091796875 69.28304290771484375 65.48784637451171875 68.44482421875 69.58562469482421875 74.14202880859375 76.38359832763671875 80.41681671142578125 78.20909881591796875 75.9141845703125 66.13320159912109375 60.469280242919921875 61.065948486328125 60.698146820068359375 54.151683807373046875 54.637546539306640625 57.338214874267578125
59.469341278076171875 63.2272491455078125 70.78809356689453125 76.60028839111328125 79.813995361328125 78.75469207763671875 78.7360992431640625 82.11981964111328125 82.07303619384765625 79.76202392578125 72.15789794921875 65.62451934814453125 58.83434295654296875 61.833156585693359375 64.88054656982421875 65.8420257568359375 66.66411590576171875 65.20250701904296875 72.4288482666015625 72.42865753173828125 85.27801513671875 84.77576446533203125 90.45165252685546875 82.73741912841796875 78.96872711181640625 80.17655181884765625 78.373870849609375 80.29205322265625 73.47589874267578125 67.54973602294921875 69.585906982421875 68.73094940185546875 72.08935546875 76.2887115478515625 82.22940826416015625 82.96175384521484375 79.71833038330078125 73.89865875244140625 66.44640350341796875 60.151287078857421875 59.687656402587890625 58.62705230712890625 53.946384429931640625 60.471683502197265625 64.8116455078125
63.549526214599609375 68.88742828369140625 70.87862396240234375 77.04184722900390625 78.38213348388671875 82.6272125244140625 80.33069610595703125 83.5519561767578125 84.4700164794921875 78.0592041015625 70.86562347412109375 66.642303466796875 63.61263275146484375 63.74181365966796875 62.1650238037109375 65.386016845703125 66.76177978515625 65.40727996826171875 64.34326934814453125 67.78842926025390625 71.54378509521484375 84.37844085693359375 74.75257110595703125 72.63599395751953125 75.85439300537109375 81.57401275634765625 79.08570098876953125 75.62335205078125 73.81256866455078125 70.15175628662109375 70.14617156982421875 75.99430084228515625 79.91388702392578125 82.1832122802734375 83.99117279052734375 89.73661041259765625 81.8296051025390625 72.1757659912109375 69.23406982421875 64.10561370849609375 67.2532958984375 64.2529754638671875 63.849033355712890625 63.1536407470703125 71.78790283203125
70.41684722900390625 74.3226470947265625 81.1301116943359375 79.7796783447265625 83.2452545166015625 81.629241943359375 85.9443206787109375 87.95528411865234375 83.05389404296875 78.128997802734375 72.842315673828125 67.58199310302734375 64.78631591796875 65.85236358642578125 65.12776947021484375 66.8315277099609375 65.564910888671875 66.727752685546875 65.0551605224609375 60.52065277099609375 66.252655029296875 66.30274200439453125 70.39739990234375 72.105438232421875 73.69118499755859375 74.797943115234375 78.2028656005859375 77.9239654541015625 73.64006805419921875 71.932952880859375 72.09972381591796875 78.7243804931640625 84.7090301513671875 85.01465606689453125 83.6424713134765625 82.99907684326171875 78.385162353515625 71.13962554931640625 66.26033782958984375 66.20122528076171875 66.778656005859375 72.66239166259765625 68.471160888671875 69.5216217041015625 71.25058746337890625
79.13146209716796875 81.261505126953125 83.3432769775390625 88.520172119140625 85.24297332763671875 86.7548370361328125 88.4490203857421875 85.2112579345703125 80.93492889404296875 76.8045501708984375 70.2962188720703125 65.98091888427734375 66.68414306640625 68.80374908447265625 71.5338287353515625 66.84515380859375 64.15930938720703125 71.98941802978515625 67.89239501953125 64.3639373779296875 61.414882659912109375 65.24987030029296875 66.39581298828125 70.270538330078125 73.9101409912109375 74.97820281982421875 79.39122772216796875 79.49898529052734375 75.12514495849609375 73.26583099365234375 76.42794036865234375 78.7630157470703125 80.937530517578125 81.8587646484375 79.19002532958984375 74.8861846923828125 70.8459625244140625 65.70867919921875 59.25406646728515625 61.64203643798828125 71.46396636962890625 68.895050048828125 71.79056549072265625 70.82695770263671875 73.01409912109375
86.92588043212890625 85.28456878662109375 86.33034515380859375 83.96331787109375 88.78310394287109375 90.488800048828125 90.46514129638671875 85.22524261474609375 76.72021484375 69.3202667236328125 66.069244384765625 69.82938385009765625 73.31207275390625 67.8777008056640625 68.1678924560546875 67.412994384765625 69.4547882080078125 69.13189697265625 71.3416290283203125 70.42282867431640625 66.42470550537109375 64.0952606201171875 67.84149932861328125 68.023193359375 72.58904266357421875 76.42206573486328125 80.221923828125 81.16110992431640625 81.032958984375 75.4490814208984375 78.3780517578125 82.78728485107421875 79.1842498779296875 73.7557373046875 75.4131011962890625 70.228912353515625 67.279205322265625 60.615520477294921875 61.597751617431640625 67.3865509033203125 70.76743316650390625 72.43276214599609375 68.36631011962890625 73.5310516357421875 75.4250640869140625
87.515228271484375 84.28778839111328125 81.98291015625 90.27939605712890625 90.51324462890625 89.95586395263671875 91.61641693115234375 86.3429412841796875 80.3047637939453125 67.72788238525390625 70.917327880859375 74.68773651123046875 74.13225555419921875 72.34441375732421875 67.6532135009765625 64.7827606201171875 69.86682891845703125 71.25759124755859375 73.45880126953125 76.464141845703125 72.981231689453125 72.68669891357421875 76.04227447509765625 74.70389556884765625 72.59339141845703125 76.92618560791015625 81.40242767333984375 85.3404693603515625 82.819854736328125 80.83642578125 81.69156646728515625 81.60019683837890625 78.73769378662109375 70.96875762939453125 68.667938232421875 68.8243865966796875 65.18456268310546875 66.9284515380859375 67.25750732421875 69.5299224853515625 74.59090423583984375 74.62738800048828125 73.418304443359375 75.95912933349609375 79.7997589111328125
84.7291107177734375 84.94194793701171875 86.533935546875 87.72681427001953125 87.32375335693359375 90.4147186279296875 87.570343017578125 85.26544189453125 76.1950531005859375 77.1009521484375 77.98169708251953125 76.9933929443359375 76.16957855224609375 73.62470245361328125 66.31974029541015625 64.086822509765625 66.37802886962890625 70.35321807861328125 75.9601898193359375 77.52734375 82.9550628662109375 86.749542236328125 82.37103271484375 77.3378143310546875 77.8378753662109375 80.84535980224609375 84.68422698974609375 84.66656494140625 82.94800567626953125 82.405303955078125 82.30814361572265625 82.98097991943359375 76.2477874755859375 70.07033538818359375 65.69509124755859375 66.023681640625 69.3681488037109375 68.17220306396484375 70.493316650390625 71.515716552734375 78.7451629638671875 79.686920166015625 77.0196533203125 80.03200531005859375 82.531707763671875
83.69866943359375 85.36837005615234375 88.67572784423828125 84.261322021484375 81.2444610595703125 83.6632080078125 83.888397216796875 80.70996856689453125 78.11090850830078125 78.3636627197265625 78.6036376953125 81.41809844970703125 80.10689544677734375 73.15332794189453125 67.8173675537109375 65.14559173583984375 66.1281890869140625 71.90776824951171875 75.18544769287109375 78.537841796875 83.831695556640625 88.1375579833984375 87.76885986328125 83.70069122314453125 80.03943634033203125 81.661041259765625 82.8297119140625 87.82164764404296875 82.68613433837890625 79.796478271484375 82.21478271484375 82.62593841552734375 79.37812042236328125 70.38642120361328125 67.84040069580078125 67.99600982666015625 67.550567626953125 72.20532989501953125 73.50594329833984375 77.2859039306640625 78.890167236328125 80.66147613525390625 81.941497802734375 81.39550018310546875 82.28203582763671875
77.44083404541015625 81.46285247802734375 83.14240264892578125 85.154876708984375 81.66161346435546875 77.33447265625 77.91307830810546875 81.331878662109375 79.223785400390625 78.3475341796875 80.506439208984375 82.17350006103515625 76.93370819091796875 73.04964447021484375 73.9052581787109375 69.938140869140625 71.15090179443359375 71.44184112548828125 74.70786285400390625 76.94879150390625 81.25605010986328125 83.29424285888671875 85.870208740234375 84.7832183837890625 83.6693115234375 80.839111328125 85.74115753173828125 81.44084930419921875 76.7895050048828125 76.14556121826171875 83.46230316162109375 81.82009124755859375 76.3359527587890625 71.1808319091796875 68.6505279541015625 73.4813079833984375 73.9490509033203125 72.18480682373046875 74.74108123779296875 76.1951446533203125 83.07469940185546875 81.6446685791015625 80.879425048828125 81.47693634033203125 82.12158966064453125
76.30356597900390625 80.8487548828125 85.00193023681640625 88.0207977294921875 80.20241546630859375 78.5200958251953125 79.9649505615234375 83.89904022216796875 84.4468994140625 81.11663818359375 83.12319183349609375 82.19696044921875 81.406341552734375 76.21944427490234375 75.08376312255859375 77.85736846923828125 78.8958282470703125 76.2458953857421875 73.323272705078125 75.6009521484375 78.0413055419921875 81.74896240234375 84.85117340087890625 86.11930084228515625 82.70311737060546875 83.86400604248046875 82.5709686279296875 79.22429656982421875 72.5272216796875 72.31362152099609375 74.1879730224609375 78.111083984375 77.39666748046875 72.14044952392578125 72.74443817138671875 72.45082855224609375 77.6107177734375 78.023651123046875 78.2553558349609375 79.11895751953125 79.97266387939453125 80.865325927734375 77.005126953125 78.15737152099609375 75.9310760498046875
