ForecastVariables/LightPollution_Blue_500m_60percent/LightPollutionBlue_60_Focal_Random1.asc
ncols        529
nrows        344
xllcorner    2700.000000000000
yllcorner    15900.000000000000
cellsize     100.000000000000
NODATA_value  nan
[rows 140 to 159 of 344, columns 45 to 89 of 529]
265.09356689453125 319.652191162109375 364.798614501953125 240.3925018310546875 327.6270751953125 333.40643310546875 217.0363922119140625 88.71027374267578125 86.57171630859375 81.02176666259765625 73.04022979736328125 80.6607513427734375 81.866607666015625 82.7159576416015625 88.73150634765625 89.9027862548828125 96.27657318115234375 94.278533935546875 93.345977783203125 91.19533538818359375 86.61495208740234375 90.06301116943359375 83.18927001953125 86.91147613525390625 86.23990631103515625 84.9079742431640625 87.7140655517578125 91.23247528076171875 134.1445770263671875 230.9987335205078125 306.21160888671875 350.129364013671875 411.652496337890625 493.193695068359375 509.22869873046875 562.11456298828125 429.7705078125 366.678924560546875 341.802703857421875 318.111053466796875 293.48577880859375 240.0102081298828125 253.932373046875 368.695159912109375 469.1387939453125
543.112548828125 600.38494873046875 572.14599609375 676.29400634765625 522.44342041015625 467.02825927734375 328.663787841796875 207.40216064453125 83.5825347900390625 94.55112457275390625 88.23211669921875 92.17449188232421875 85.4824371337890625 82.460052490234375 89.45074462890625 92.659576416015625 94.0730438232421875 95.74593353271484375 88.45697784423828125 85.44500732421875 88.7679290771484375 87.047393798828125 94.99594879150390625 85.83982086181640625 86.50516510009765625 88.25861358642578125 90.13162994384765625 94.1797332763671875 108.2172393798828125 167.4454498291015625 262.85943603515625 315.66131591796875 380.580535888671875 427.13690185546875 513.8006591796875 514.91009521484375 488.764129638671875 374.524871826171875 340.043243408203125 297.87237548828125 276.715728759765625 332.172149658203125 392.78692626953125 470.459320068359375 625.7022705078125
828.16064453125 713.1212158203125 741.3359375 793.88092041015625 781.9783935546875 477.39178466796875 373.4866943359375 169.2206268310546875 102.64464569091796875 110.9599609375 112.145233154296875 104.5939483642578125 95.750518798828125 89.7420196533203125 94.44983673095703125 98.64129638671875 94.71108245849609375 89.05727386474609375 88.78311920166015625 88.4984893798828125 89.71962738037109375 98.66790771484375 95.9354095458984375 94.209869384765625 89.5693206787109375 94.201751708984375 95.8292999267578125 95.43686676025390625 95.79329681396484375 107.66298675537109375 164.816314697265625 216.90533447265625 211.4906768798828125 293.704925537109375 396.624420166015625 419.1690673828125 357.989349365234375 323.050201416015625 246.10009765625 301.080657958984375 383.79052734375 432.235443115234375 482.6387939453125 584.1240234375 765.42242431640625
784.58074951171875 920.05303955078125 872.15472412109375 686.96124267578125 503.416748046875 539.32928466796875 277.35687255859375 164.2108154296875 117.085296630859375 124.08559417724609375 125.85680389404296875 122.1357574462890625 105.8688812255859375 97.4673919677734375 92.7043914794921875 94.82178497314453125 93.73516845703125 90.6014251708984375 89.145965576171875 92.15401458740234375 99.646820068359375 106.6627197265625 103.23938751220703125 100.16728973388671875 99.5297698974609375 100.4954986572265625 98.3423919677734375 100.23494720458984375 97.7645111083984375 94.15714263916015625 110.49956512451171875 115.78089141845703125 117.11937713623046875 140.13580322265625 275.460662841796875 285.726776123046875 275.695709228515625 233.6344757080078125 295.823394775390625 362.263824462890625 457.8760986328125 501.780364990234375 533.06756591796875 670.125732421875 853.97625732421875
717.340576171875 833.42156982421875 786.49139404296875 480.011993408203125 542.419921875 305.794647216796875 154.7973480224609375 104.85577392578125 121.927978515625 129.009979248046875 140.3009490966796875 120.40535736083984375 103.9575653076171875 96.76409912109375 96.65987396240234375 92.11769866943359375 93.0310516357421875 94.14524078369140625 97.421112060546875 101.7238006591796875 107.98990631103515625 110.873687744140625 109.10874176025390625 103.37590789794921875 99.1521148681640625 97.68291473388671875 101.9942474365234375 110.34314727783203125 107.65016937255859375 97.37871551513671875 95.7862701416015625 98.69306182861328125 98.5430908203125 113.40856170654296875 267.498504638671875 284.673492431640625 252.374114990234375 323.557525634765625 381.235260009765625 397.751190185546875 434.61669921875 454.768829345703125 555.22149658203125 677.45855712890625 687.66748046875
781.5821533203125 902.71600341796875 623.55023193359375 602.97344970703125 406.036163330078125 383.703277587890625 96.56061553955078125 107.96209716796875 113.9302520751953125 131.0899658203125 121.243072509765625 112.87055206298828125 100.0390625 100.22772979736328125 104.119659423828125 100.346038818359375 97.65529632568359375 106.09729766845703125 126.0157012939453125 113.1840667724609375 111.06017303466796875 110.79199981689453125 107.4538116455078125 98.87783050537109375 90.89682769775390625 100.44669342041015625 110.231597900390625 122.0238494873046875 122.4324493408203125 115.88787841796875 100.7957763671875 100.69976806640625 118.3320770263671875 273.953125 465.260345458984375 393.1553955078125 342.134429931640625 325.57269287109375 344.740447998046875 358.489990234375 369.9044189453125 379.9056396484375 392.419647216796875 434.9580078125 544.1673583984375
914.59686279296875 820.7537841796875 869.36920166015625 684.69329833984375 493.5037841796875 406.711273193359375 308.22369384765625 100.06375885009765625 109.6019744873046875 111.6851043701171875 103.6564483642578125 101.3454742431640625 102.49367523193359375 101.345977783203125 106.99068450927734375 113.53851318359375 115.52849578857421875 129.24017333984375 136.5030517578125 134.1352386474609375 117.52716827392578125 105.4132232666015625 102.09320831298828125 92.926177978515625 96.83544158935546875 103.63346099853515625 125.64640045166015625 144.4162445068359375 148.626129150390625 137.418670654296875 125.94982147216796875 125.848602294921875 269.20989990234375 497.838409423828125 528.91802978515625 517.5653076171875 429.85357666015625 362.544097900390625 283.826690673828125 276.25592041015625 242.2630767822265625 240.3177337646484375 221.824371337890625 264.08123779296875 380.10614013671875
852.41326904296875 763.0325927734375 855.78802490234375 922.61077880859375 720.64495849609375 583.86767578125 311.164764404296875 215.734588623046875 170.9713287353515625 220.834625244140625 155.9485931396484375 95.8498992919921875 95.65363311767578125 103.872406005859375 104.33332061767578125 109.13603973388671875 129.6392974853515625 134.06573486328125 135.5171051025390625 131.6885528564453125 118.42809295654296875 104.6632843017578125 97.613128662109375 98.573394775390625 99.7583160400390625 113.7350006103515625 144.3194122314453125 176.8545684814453125 189.0396881103515625 160.9134063720703125 177.960906982421875 192.6103973388671875 365.715087890625 552.42999267578125 547.2733154296875 527.11175537109375 412.8526611328125 257.088958740234375 249.985748291015625 185.0888214111328125 170.669921875 160.5972747802734375 171.0709991455078125 183.197967529296875 268.139129638671875
726.11590576171875 840.50933837890625 725.818115234375 669.04052734375 945.312744140625 674.433837890625 471.967987060546875 450.375823974609375 353.3843994140625 362.391021728515625 345.476959228515625 190.729278564453125 90.40195465087890625 94.2573394775390625 104.89937591552734375 101.5744476318359375 105.2624664306640625 125.730194091796875 125.37215423583984375 116.03289794921875 95.672637939453125 96.5564422607421875 99.31426239013671875 98.07781982421875 110.11452484130859375 131.1869964599609375 161.7146148681640625 200.8925628662109375 207.852142333984375 223.04986572265625 227.777099609375 253.6768798828125 330.220947265625 487.940521240234375 552.26361083984375 412.275604248046875 205.925384521484375 204.83355712890625 215.7420196533203125 186.2226409912109375 145.3784332275390625 150.853759765625 153.6168212890625 153.97900390625 153.3632049560546875
547.252685546875 656.46697998046875 655.70037841796875 759.21710205078125 870.15765380859375 784.28607177734375 779.5828857421875 724.94476318359375 662.2125244140625 666.5555419921875 576.03765869140625 449.136566162109375 191.8137359619140625 93.11248016357421875 95.69057464599609375 97.82643890380859375 97.731170654296875 101.72290802001953125 115.702880859375 93.06095123291015625 89.7532806396484375 90.51065826416015625 91.29235076904296875 104.01671600341796875 124.60486602783203125 158.7146759033203125 199.891387939453125 203.641571044921875 242.2990570068359375 268.29058837890625 254.333465576171875 299.04534912109375 360.96600341796875 394.18609619140625 439.290252685546875 225.196258544921875 166.210845947265625 187.892791748046875 244.955902099609375 195.51629638671875 161.2860107421875 133.7938385009765625 128.8463592529296875 120.98540496826171875 123.1478729248046875
512.2332763671875 568.39697265625 668.777099609375 779.30731201171875 756.34564208984375 1000.73095703125 912.76959228515625 717.1370849609375 971.21893310546875 1085.9578857421875 832.13934326171875 464.114349365234375 340.0816650390625 164.664764404296875 92.9729461669921875 90.4859619140625 96.02480316162109375 99.54099273681640625 94.341705322265625 88.4553375244140625 82.586761474609375 82.4312286376953125 91.6816864013671875 117.01255035400390625 143.555877685546875 186.6628570556640625 201.6791534423828125 232.4458465576171875 252.262237548828125 286.419097900390625 259.8424072265625 295.74639892578125 417.5518798828125 359.26275634765625 298.59454345703125 177.6259002685546875 149.9160614013671875 273.857635498046875 239.176544189453125 248.3886260986328125 183.9283447265625 129.6259307861328125 123.6846771240234375 117.64014434814453125 113.5836944580078125
572.5374755859375 500.35699462890625 585.50421142578125 655.44610595703125 789.9425048828125 820.55389404296875 792.627197265625 944.5523681640625 1128.947021484375 1055.4085693359375 804.12200927734375 699.921630859375 520.530517578125 342.989166259765625 154.835906982421875 112.5676116943359375 135.0533447265625 91.4215087890625 89.022857666015625 87.86005401611328125 87.051727294921875 80.90465545654296875 100.31847381591796875 127.5116424560546875 167.3848419189453125 205.943511962890625 248.9922943115234375 252.4777984619140625 284.770233154296875 294.480438232421875 323.9422607421875 423.458587646484375 410.93695068359375 403.449615478515625 241.3344573974609375 177.965972900390625 240.7929534912109375 269.84307861328125 292.44305419921875 222.7530670166015625 209.2542572021484375 163.88616943359375 133.6673126220703125 129.1803436279296875 156.762969970703125
419.08245849609375 468.4422607421875 451.102691650390625 496.31817626953125 638.774658203125 665.87841796875 670.5767822265625 896.93353271484375 859.41314697265625 1062.4490966796875 1068.0411376953125 743.26422119140625 527.989501953125 491.15875244140625 381.21441650390625 247.1990814208984375 187.1749114990234375 183.79541015625 129.3739776611328125 89.25970458984375 85.81725311279296875 96.65313720703125 103.848052978515625 124.827545166015625 169.98333740234375 215.373626708984375 229.248992919921875 278.89093017578125 327.557525634765625 383.6697998046875 693.337646484375 525.36505126953125 492.9222412109375 406.802490234375 293.636688232421875 215.4914398193359375 200.67572021484375 251.802520751953125 278.333221435546875 263.231109619140625 158.7346649169921875 145.81024169921875 149.1483306884765625 184.2787322998046875 217.0066986083984375
395.878265380859375 499.7115478515625 435.623291015625 449.104400634765625 549.2864990234375 562.914306640625 676.1292724609375 706.7628173828125 902.391845703125 1049.3812255859375 1073.594970703125 952.1558837890625 699.21551513671875 693.9044189453125 567.48333740234375 417.614501953125 323.108306884765625 318.18170166015625 225.7245025634765625 134.3210601806640625 127.65062713623046875 113.4969635009765625 106.54158782958984375 120.472900390625 156.40203857421875 177.94842529296875 212.75665283203125 291.2186279296875 423.588897705078125 735.0325927734375 806.62249755859375 841.66900634765625 581.41400146484375 490.672119140625 273.360504150390625 213.35467529296875 238.857940673828125 230.873565673828125 261.008575439453125 184.2870941162109375 181.1512451171875 202.6700897216796875 250.3442840576171875 217.1302490234375 260.87188720703125
530.81817626953125 534.569580078125 517.0733642578125 505.51165771484375 545.219482421875 528.929443359375 522.19189453125 728.91015625 831.086669921875 967.0877685546875 899.0606689453125 1013.74530029296875 969.3955078125 755.42779541015625 625.50067138671875 555.61199951171875 504.3109130859375 375.454620361328125 283.076263427734375 292.11181640625 252.4949798583984375 150.089447021484375 135.214324951171875 106.97385406494140625 133.9467926025390625 163.887176513671875 240.3006134033203125 346.647491455078125 672.32769775390625 829.8046875 908.1983642578125 879.32879638671875 844.798095703125 436.73126220703125 341.377532958984375 292.721038818359375 351.497161865234375 386.1881103515625 257.948577880859375 258.230438232421875 297.688751220703125 386.363433837890625 412.548583984375 374.285675048828125 364.854705810546875
531.02056884765625 591.29425048828125 636.90313720703125 644.8145751953125 465.24505615234375 466.093231201171875 542.26104736328125 457.2418212890625 733.24627685546875 812.01983642578125 867.01824951171875 781.5775146484375 926.7100830078125 1078.817138671875 740.3916015625 558.1771240234375 525.8463134765625 430.67779541015625 442.12811279296875 386.027008056640625 365.660797119140625 245.33917236328125 324.055023193359375 208.09356689453125 153.2437896728515625 237.34429931640625 360.6455078125 450.7742919921875 564.38922119140625 867.56536865234375 917.96270751953125 918.220458984375 592.8245849609375 499.648834228515625 421.941253662109375 452.6319580078125 576.1112060546875 576.46820068359375 504.810882568359375 449.608001708984375 514.98486328125 554.4046630859375 601.252685546875 567.8521728515625 594.73223876953125
530.15435791015625 616.0262451171875 711.3001708984375 492.88104248046875 509.12835693359375 526.57586669921875 413.995941162109375 505.07183837890625 458.22979736328125 644.68963623046875 671.70013427734375 811.76025390625 1106.9227294921875 1107.3662109375 993.04913330078125 641.866943359375 597.19451904296875 562.78448486328125 489.277008056640625 441.319305419921875 582.20404052734375 585.4005126953125 522.453125 440.178436279296875 327.040130615234375 343.682891845703125 457.807891845703125 521.03582763671875 616.9464111328125 641.93426513671875 860.8564453125 616.1033935546875 520.51751708984375 489.9200439453125 551.90118408203125 639.57562255859375 740.39312744140625 716.21435546875 653.65130615234375 592.96142578125 595.8460693359375 726.50067138671875 694.93218994140625 655.4283447265625 668.9541015625
469.67633056640625 636.90350341796875 504.904571533203125 519.419677734375 485.065826416015625 404.46240234375 450.58349609375 451.549560546875 481.6702880859375 425.320892333984375 645.077880859375 1032.26513671875 1058.795166015625 1134.2578125 1065.3997802734375 1000.89666748046875 679.79766845703125 609.4930419921875 660.16485595703125 695.333740234375 738.386962890625 819.09698486328125 620.39837646484375 672.13995361328125 577.3516845703125 512.7813720703125 456.945709228515625 510.195770263671875 532.9229736328125 552.32489013671875 616.2178955078125 535.033447265625 495.968109130859375 514.14263916015625 571.2218017578125 747.55841064453125 868.7222900390625 773.01214599609375 656.937744140625 515.31622314453125 528.01953125 650.783447265625 842.25079345703125 737.53936767578125 766.03961181640625
535.6575927734375 445.52667236328125 520.58135986328125 543.3104248046875 409.51202392578125 324.523223876953125 469.72088623046875 504.789337158203125 386.1514892578125 501.877655029296875 527.6324462890625 717.1376953125 952.6334228515625 1045.226318359375 1101.02587890625 872.0816650390625 710.51483154296875 681.98883056640625 855.8135986328125 825.49298095703125 727.2904052734375 759.410400390625 895.47845458984375 745.40362548828125 642.81719970703125 468.599365234375 473.50543212890625 450.6119384765625 466.12554931640625 508.088226318359375 510.917724609375 532.31121826171875 592.37158203125 594.66943359375 652.34912109375 791.4049072265625 916.9095458984375 815.67279052734375 583.87353515625 485.316375732421875 519.89007568359375 650.62384033203125 710.71063232421875 938.17767333984375 832.7867431640625
480.230682373046875 510.31072998046875 541.89056396484375 482.654144287109375 384.3681640625 409.34991455078125 417.141876220703125 416.45648193359375 457.456634521484375 469.9940185546875 498.20843505859375 617.49835205078125 745.935791015625 908.48126220703125 729.4573974609375 814.66717529296875 945.33001708984375 840.50286865234375 737.681396484375 904.8804931640625 925.6590576171875 764.00927734375 777.569580078125 709.24481201171875 562.66693115234375 521.02789306640625 454.04547119140625 443.042633056640625 414.63665771484375 468.883209228515625 485.085296630859375 535.564208984375 574.86090087890625 643.26483154296875 739.5872802734375 764.259033203125 778.59893798828125 645.067626953125 487.558990478515625 363.726898193359375 457.89202880859375 653.126220703125 743.67254638671875 788.974853515625 918.275146484375
