ForecastVariables/LightPollution_Blue_500m_60percent/LightPollutionBlue_60_Focal_Random1.asc
ncols        529
nrows        344
xllcorner    2700.000000000000
yllcorner    15900.000000000000
cellsize     100.000000000000
NODATA_value  nan
[rows 220 to 239 of 344, columns 135 to 179 of 529]
462.7750244140625 447.878265380859375 607.57366943359375 602.25360107421875 563.65606689453125 481.329864501953125 364.709503173828125 214.821990966796875 221.2182159423828125 243.9893951416015625 256.419281005859375 259.458984375 225.9310302734375 187.605621337890625 156.8267364501953125 115.31719207763671875 91.45793914794921875 83.65947723388671875 89.92047882080078125 94.562652587890625 95.2103424072265625 95.07353973388671875 95.31463623046875 95.85707855224609375 94.83466339111328125 107.20953369140625 114.20548248291015625 124.732025146484375 134.1627349853515625 137.1725311279296875 143.6694488525390625 143.360931396484375 143.901153564453125 146.2024688720703125 151.065338134765625 167.1961517333984375 207.2607574462890625 213.9348907470703125 189.1713714599609375 154.8686981201171875 151.7823944091796875 161.3046722412109375 207.9708404541015625 274.310699462890625 316.852325439453125
235.55914306640625 330.529937744140625 395.512969970703125 430.937408447265625 427.652801513671875 416.88397216796875 230.0303802490234375 165.62677001953125 196.75750732421875 237.3447113037109375 260.812835693359375 223.274169921875 181.1676483154296875 159.666168212890625 131.5725860595703125 99.7662353515625 81.3880615234375 83.80381011962890625 88.9884033203125 93.5378570556640625 97.3822021484375 94.198516845703125 95.83866119384765625 96.65010833740234375 102.6948394775390625 109.051513671875 110.7244415283203125 112.04241943359375 117.546600341796875 125.4472808837890625 125.87090301513671875 128.5646209716796875 127.174468994140625 131.363250732421875 135.9227294921875 151.6434478759765625 157.548248291015625 163.4492034912109375 163.844390869140625 158.8170318603515625 151.70037841796875 200.6498260498046875 276.4691162109375 318.624053955078125 328.3944091796875
169.465484619140625 198.3612518310546875 234.840667724609375 272.18280029296875 318.309906005859375 217.1628875732421875 150.5853271484375 160.0115966796875 183.6119384765625 210.467559814453125 214.979461669921875 186.624420166015625 143.0941314697265625 123.60605621337890625 97.6528778076171875 83.31180572509765625 83.14255523681640625 82.137939453125 88.5075531005859375 92.8317108154296875 91.54865264892578125 92.9904937744140625 93.42499542236328125 98.026153564453125 103.00939178466796875 104.94354248046875 107.70261383056640625 108.86115264892578125 108.307891845703125 108.4007110595703125 111.49742889404296875 111.9656219482421875 114.31287384033203125 113.8627777099609375 123.4468536376953125 135.7696075439453125 145.325714111328125 146.3016204833984375 151.3970489501953125 149.207061767578125 158.2875518798828125 150.9403076171875 201.3943328857421875 305.481719970703125 327.25665283203125
293.9769287109375 194.81036376953125 170.2130126953125 185.914581298828125 165.1240081787109375 132.147064208984375 133.3424835205078125 155.84539794921875 170.106658935546875 175.0438385009765625 173.2120361328125 141.185943603515625 126.4483489990234375 91.682037353515625 85.465423583984375 85.4039154052734375 86.4815216064453125 85.1026153564453125 87.737945556640625 86.68102264404296875 86.675811767578125 86.88729095458984375 92.893463134765625 95.223663330078125 99.70668792724609375 97.58388519287109375 99.05892181396484375 104.0294647216796875 97.59558868408203125 99.1610260009765625 96.58173370361328125 100.96421051025390625 99.58713531494140625 105.25125885009765625 110.75197601318359375 123.64202880859375 132.0526885986328125 139.33001708984375 135.2075653076171875 142.21142578125 138.65667724609375 146.7497406005859375 153.267364501953125 197.4276275634765625 259.516845703125
522.8885498046875 345.319610595703125 218.5627593994140625 152.355499267578125 113.98484039306640625 109.967987060546875 123.49346923828125 131.5979766845703125 142.7655487060546875 157.3745269775390625 141.6858062744140625 114.472442626953125 90.551849365234375 81.82254791259765625 85.4473114013671875 86.77577972412109375 83.8768463134765625 85.29701995849609375 82.72657012939453125 82.6356201171875 83.91223907470703125 85.97479248046875 86.401824951171875 87.8484649658203125 93.3534698486328125 97.8892364501953125 92.4473876953125 92.079681396484375 89.694671630859375 90.5413360595703125 93.9263763427734375 91.88965606689453125 94.531829833984375 100.563446044921875 112.63173675537109375 115.98865509033203125 124.5624847412109375 124.8594970703125 130.16363525390625 129.1225128173828125 133.8163604736328125 133.226043701171875 139.4314422607421875 143.5321807861328125 151.0430145263671875
625.70172119140625 502.930572509765625 326.87579345703125 212.5711212158203125 130.7665252685546875 99.932403564453125 100.31127166748046875 115.35675048828125 126.92037200927734375 128.209808349609375 107.165679931640625 89.66552734375 85.03310394287109375 80.03150177001953125 82.23560333251953125 84.99878692626953125 83.67343902587890625 81.10645294189453125 81.63726043701171875 81.79164886474609375 87.4510040283203125 83.18843841552734375 84.45269775390625 85.69525909423828125 89.99399566650390625 90.5107421875 91.40256500244140625 84.86582183837890625 90.20526123046875 88.10498809814453125 88.58000946044921875 95.123138427734375 94.398284912109375 99.49362945556640625 106.24813079833984375 111.3051605224609375 114.2688751220703125 118.2552947998046875 116.7306976318359375 119.532501220703125 122.00263214111328125 124.7719573974609375 122.83748626708984375 129.3687896728515625 129.9928131103515625
621.38983154296875 434.884735107421875 298.967926025390625 202.431060791015625 150.64202880859375 108.92942047119140625 96.33683013916015625 94.569488525390625 109.4361572265625 96.8692779541015625 88.5252685546875 82.95970916748046875 79.4946441650390625 78.77051544189453125 79.1533660888671875 80.63077545166015625 83.8459320068359375 81.42064666748046875 82.59824371337890625 84.66489410400390625 81.87322998046875 85.23088836669921875 81.4445648193359375 89.5449371337890625 82.62636566162109375 86.425323486328125 83.7514495849609375 88.02028656005859375 86.34989166259765625 84.57837677001953125 88.2791900634765625 91.53668975830078125 93.74267578125 94.38153839111328125 96.66414642333984375 103.71382904052734375 104.73175048828125 104.8260345458984375 106.05912017822265625 105.2123870849609375 109.29470062255859375 111.1400146484375 114.70526123046875 115.95996856689453125 116.457122802734375
524.00775146484375 352.347412109375 263.46722412109375 213.1821746826171875 149.1789703369140625 113.49091339111328125 90.39897918701171875 96.67620849609375 92.14553070068359375 87.27762603759765625 84.46738433837890625 81.42242431640625 79.16626739501953125 78.12699127197265625 80.26303863525390625 82.10019683837890625 82.2033233642578125 82.69229888916015625 84.24971771240234375 81.217254638671875 82.2265472412109375 80.6825714111328125 84.17743682861328125 75.26690673828125 81.17632293701171875 80.72669219970703125 82.3712158203125 79.7090606689453125 79.9392242431640625 82.90254974365234375 86.973968505859375 88.8699951171875 87.9131317138671875 89.8433990478515625 90.79611968994140625 93.94760894775390625 96.69358062744140625 93.5335693359375 97.920745849609375 101.24045562744140625 96.483428955078125 101.6686248779296875 105.3788604736328125 103.72104644775390625 105.52796173095703125
465.683349609375 328.897003173828125 248.4340057373046875 192.5210418701171875 155.3076171875 111.12286376953125 97.06978607177734375 91.73307037353515625 93.81058502197265625 85.3413848876953125 83.33943939208984375 84.101165771484375 80.60765838623046875 80.36205291748046875 77.4008941650390625 79.63127899169921875 80.92412567138671875 82.5226898193359375 78.39957427978515625 80.508270263671875 80.6246185302734375 79.676483154296875 74.9698333740234375 76.6234130859375 74.8177032470703125 77.71962738037109375 72.30108642578125 76.22411346435546875 76.28740692138671875 80.73108673095703125 81.47930145263671875 85.79944610595703125 86.41693115234375 85.88286590576171875 87.1407623291015625 91.01055145263671875 91.4326629638671875 92.2654266357421875 91.74652862548828125 92.9580841064453125 94.01862335205078125 93.916229248046875 94.9545440673828125 96.43511199951171875 92.73821258544921875
392.484832763671875 298.61822509765625 217.3464202880859375 188.9771728515625 136.4507598876953125 109.41158294677734375 91.172210693359375 89.37981414794921875 89.5748291015625 88.3847198486328125 83.0857086181640625 81.8444671630859375 82.1065216064453125 77.49086761474609375 74.532501220703125 73.77349853515625 80.74422454833984375 80.935821533203125 76.45843505859375 76.86449432373046875 80.10894012451171875 77.953826904296875 79.009552001953125 76.628570556640625 77.1304779052734375 71.495025634765625 74.29538726806640625 72.25390625 71.13768768310546875 78.91405487060546875 79.54531097412109375 85.4914703369140625 85.4959716796875 84.39081573486328125 90.2326202392578125 87.09778594970703125 88.63329315185546875 90.87123870849609375 90.406036376953125 88.77336883544921875 88.1006011962890625 89.0949859619140625 91.0664520263671875 89.145599365234375 85.83460235595703125
297.059783935546875 202.3770904541015625 182.8917694091796875 143.1922149658203125 109.31195831298828125 92.6389007568359375 90.82729339599609375 89.7743072509765625 85.88930511474609375 84.03327178955078125 79.14406585693359375 76.76705169677734375 76.74268341064453125 74.01068115234375 73.088165283203125 76.186920166015625 79.81449127197265625 78.60095977783203125 84.95194244384765625 82.0082244873046875 81.16009521484375 85.87763214111328125 85.50513458251953125 84.209320068359375 80.35762786865234375 77.013641357421875 74.34871673583984375 71.36933135986328125 73.28284454345703125 76.28748321533203125 80.86370849609375 81.97753143310546875 83.92235565185546875 86.53549957275390625 84.6100311279296875 85.7786865234375 87.868560791015625 89.3327484130859375 92.39371490478515625 90.9869537353515625 88.76575469970703125 85.05603790283203125 86.0967559814453125 87.08113861083984375 81.71843719482421875
185.499786376953125 166.6758270263671875 130.23779296875 110.097625732421875 95.04431915283203125 88.51055908203125 89.04242706298828125 91.0927581787109375 84.4125823974609375 76.46071624755859375 70.5734710693359375 73.60516357421875 78.08972930908203125 71.59944915771484375 70.3422088623046875 77.231170654296875 79.0254669189453125 87.02321624755859375 87.97388458251953125 85.07347869873046875 85.72579193115234375 88.127410888671875 89.9637451171875 88.8328094482421875 86.34290313720703125 84.17181396484375 78.21611785888671875 77.43890380859375 77.2068328857421875 78.242523193359375 80.010711669921875 81.48459625244140625 82.216217041015625 80.424224853515625 81.37041473388671875 82.67350006103515625 88.2420196533203125 86.190216064453125 86.9124603271484375 93.237457275390625 89.31810760498046875 84.76946258544921875 83.907318115234375 83.27381134033203125 82.4270477294921875
143.3670196533203125 114.28215789794921875 95.51409912109375 98.485687255859375 96.1563262939453125 92.6709442138671875 87.683685302734375 84.1964569091796875 81.9174041748046875 74.66717529296875 69.7098236083984375 74.24212646484375 74.50200653076171875 74.1283111572265625 73.7516937255859375 75.5738677978515625 83.78324127197265625 87.29900360107421875 86.30687713623046875 86.760528564453125 88.9797210693359375 87.29282379150390625 88.911407470703125 93.377288818359375 90.374420166015625 88.057891845703125 88.1596832275390625 85.06912994384765625 81.70352935791015625 78.679901123046875 82.55348968505859375 82.04744720458984375 77.7780609130859375 78.519775390625 77.77085113525390625 82.24915313720703125 81.9033966064453125 85.48084259033203125 89.6469268798828125 87.04320526123046875 86.94962310791015625 85.9845123291015625 83.0723419189453125 82.96271514892578125 82.9959564208984375
98.7537841796875 99.49710845947265625 98.92307281494140625 91.246673583984375 88.17478179931640625 88.677490234375 89.5996856689453125 84.8733367919921875 82.02909088134765625 75.8333892822265625 73.7741241455078125 76.5718994140625 77.57563018798828125 79.8268585205078125 81.6190185546875 81.2503509521484375 84.0996551513671875 86.8445281982421875 85.07956695556640625 86.651397705078125 88.86859893798828125 86.605743408203125 89.09806060791015625 91.4328460693359375 92.67182159423828125 90.60813140869140625 86.715240478515625 86.065032958984375 84.84821319580078125 85.13954925537109375 83.56195068359375 80.7210540771484375 82.2867889404296875 75.91005706787109375 79.4110260009765625 80.8885650634765625 81.933807373046875 87.64229583740234375 89.1476287841796875 89.441070556640625 83.743896484375 83.5131378173828125 83.1013946533203125 82.164886474609375 84.7401885986328125
96.1338653564453125 90.1786041259765625 93.79936981201171875 88.59456634521484375 84.1036529541015625 85.70806884765625 83.20221710205078125 86.1691436767578125 81.0315399169921875 81.2359161376953125 81.3004608154296875 81.775634765625 84.5861663818359375 84.5368194580078125 85.88207244873046875 85.9259490966796875 86.19188690185546875 85.70128631591796875 86.2086029052734375 89.1415863037109375 85.6885223388671875 90.1125030517578125 89.4435577392578125 89.88242340087890625 88.4812164306640625 86.4950103759765625 85.76203155517578125 84.43756103515625 86.10048675537109375 84.63995361328125 84.3892669677734375 84.5186767578125 87.0093994140625 82.99451446533203125 80.245880126953125 83.34136962890625 89.784515380859375 87.98258209228515625 89.8210906982421875 89.9673919677734375 91.69452667236328125 86.21539306640625 81.25360107421875 81.80681610107421875 84.0872344970703125
90.3674163818359375 88.8387908935546875 86.6136016845703125 85.93209075927734375 86.0359039306640625 82.551483154296875 80.89471435546875 83.52103424072265625 83.98538970947265625 86.5162506103515625 85.543365478515625 86.92894744873046875 85.4194793701171875 87.484527587890625 85.99948883056640625 88.41431427001953125 87.0279388427734375 82.16185760498046875 84.48447418212890625 86.3390350341796875 91.98580169677734375 88.2447967529296875 91.70392608642578125 88.24236297607421875 84.13048553466796875 82.91133880615234375 82.8756103515625 86.41663360595703125 87.11197662353515625 89.30694580078125 88.1349334716796875 93.09002685546875 88.5929718017578125 90.82110595703125 88.32051849365234375 87.096282958984375 91.8029632568359375 91.18621826171875 90.99391937255859375 94.6479339599609375 91.3080596923828125 88.9471893310546875 82.22470855712890625 79.71048736572265625 78.13872528076171875
86.83148193359375 89.0740203857421875 88.06592559814453125 87.176544189453125 89.866455078125 87.3542022705078125 83.1791839599609375 82.65624237060546875 89.51453399658203125 88.73581695556640625 88.7493438720703125 88.95082855224609375 87.37931060791015625 86.50106048583984375 88.087738037109375 84.758544921875 80.87351226806640625 81.2531280517578125 80.396514892578125 85.84709930419921875 86.781158447265625 88.85106658935546875 86.944488525390625 87.8121337890625 84.18181610107421875 81.31598663330078125 85.77396392822265625 86.003509521484375 89.3387451171875 91.39593505859375 94.91274261474609375 94.99831390380859375 95.445892333984375 93.68145751953125 90.68164825439453125 89.99017333984375 91.472808837890625 92.95018768310546875 93.73767852783203125 94.16295623779296875 91.99163818359375 83.752593994140625 82.874053955078125 77.5285186767578125 75.56760406494140625
85.1710357666015625 89.3104400634765625 90.483428955078125 97.43604278564453125 94.59378814697265625 89.09029388427734375 89.072998046875 85.65473175048828125 85.79926300048828125 91.2313690185546875 92.76043701171875 91.5994415283203125 87.2446136474609375 88.40560150146484375 85.91309356689453125 83.380828857421875 77.983489990234375 78.91332244873046875 80.476043701171875 77.722442626953125 83.42523193359375 83.790557861328125 86.02020263671875 87.32874298095703125 83.4238128662109375 80.84008026123046875 82.1939544677734375 90.98435211181640625 92.09069061279296875 92.22989654541015625 90.67798614501953125 95.25571441650390625 99.784881591796875 94.3271331787109375 91.9547576904296875 91.3075408935546875 90.2433929443359375 93.75804901123046875 90.4168853759765625 91.64324951171875 89.27313232421875 85.59112548828125 79.2142333984375 75.6518402099609375 73.09181976318359375
92.01563262939453125 87.70839691162109375 91.8096923828125 97.48949432373046875 95.73014068603515625 95.06955718994140625 87.5561676025390625 85.4467010498046875 85.75186920166015625 90.31165313720703125 93.940032958984375 89.290283203125 92.76731109619140625 86.39266204833984375 85.94988250732421875 83.623046875 78.75386810302734375 74.41683197021484375 75.51428985595703125 78.13430023193359375 78.09822845458984375 81.8416748046875 82.6228179931640625 84.40413665771484375 83.56801605224609375 80.02608489990234375 82.9254302978515625 88.3467559814453125 91.34589385986328125 89.877960205078125 93.0980987548828125 92.41434478759765625 94.185089111328125 92.69078826904296875 89.9251708984375 88.3977508544921875 90.1049652099609375 90.743896484375 90.75392913818359375 85.17607879638671875 87.82639312744140625 89.23877716064453125 82.6378631591796875 76.2845001220703125 72.0904083251953125
92.9038238525390625 90.68651580810546875 92.65799713134765625 91.981781005859375 93.33255767822265625 93.17261505126953125 85.63916015625 84.8203887939453125 88.2963409423828125 89.7633514404296875 87.03643035888671875 91.9240264892578125 88.84300994873046875 90.65380096435546875 85.4597015380859375 83.6626739501953125 76.4080047607421875 73.135284423828125 73.6497650146484375 78.66925811767578125 77.55788421630859375 76.72576141357421875 80.444427490234375 80.12574005126953125 79.9997711181640625 81.6134185791015625 84.97325897216796875 85.92900848388671875 89.04651641845703125 89.46240234375 93.11191558837890625 91.618804931640625 90.22945404052734375 89.78708648681640625 89.21617889404296875 86.93707275390625 90.0137481689453125 87.81111907958984375 87.6431427001953125 90.6304168701171875 88.673095703125 85.735076904296875 82.63074493408203125 82.2456207275390625 74.9113922119140625
