PredictorVariables/LightPollution_Total_500m/LightPollutionIntensity2016_focal.asc
ncols        529
nrows        344
xllcorner    2700.000000000000
yllcorner    15900.000000000000
cellsize     100.000000000000
NODATA_value  0
[rows 195 to 233 of 344, columns 178 to 266 of 529]
3587 2718 2879 2006 1811 1742 1778 1632 1822 1906 1593 1167 970 1233 1460 1677 1956 2102 2926 2871 2892 2678 2251 1851 1649 1945 3028 3511 2939 2889 2669 1884 1430 1176 927 1755 1829 2015 1720 1653 1993 2167 2463 2790 2484 2370 2056 2076 2536 2807 2713 1843 1434 1611 1583 1849 1675 1652 1055 939 877 899 1049 1303 1301 1811 3070 2781 3213 3166 2805 2440 2083 1664 1957 1836 1851 1737 2047 2050 2125 2154 1844 2178 1909 2053 2454 1989 1383
3231 3411 3036 2792 1915 1581 1565 1639 2042 2134 1387 1073 1133 1018 1119 1674 1611 2430 2887 3246 3011 2782 2276 2414 1948 2240 2101 2557 3571 2916 2210 2162 1791 1059 1202 1215 1803 1712 1513 1681 1879 2467 2724 2787 2523 2494 2578 2426 2612 2718 2742 2036 1692 1574 2096 1969 1817 1124 1061 982 746 815 1271 1620 1806 2634 3038 3383 2883 2673 2217 1724 1807 2137 1903 2034 1616 1818 1799 2097 2212 2356 2731 2701 2786 2524 2539 2148 2130
3503 3468 3355 3045 2411 1575 1635 1949 1846 2095 1720 1336 895 906 1228 1777 2254 2861 2865 2958 3082 2645 2560 2389 2141 1771 1964 2297 2910 2541 2011 2211 1887 1426 920 1214 1552 1611 1633 1872 2109 2439 2156 2357 2526 2420 2615 2356 2550 3016 2777 2600 1943 1826 2531 2173 1620 1313 1127 785 966 1190 1530 1630 2406 2519 2858 3452 2953 1906 1578 1394 1884 2322 1961 1794 2121 1602 1710 2201 2305 2781 3105 3587 3827 3541 2613 2592 2257
2853 3943 3616 2864 2017 1758 1699 1938 2021 1792 1876 1288 891 1153 1369 1885 2590 2787 2857 2516 2274 2324 2097 2201 2160 1929 1947 2166 1907 2042 2497 1999 1640 1264 933 943 1449 1732 1761 2058 2423 2305 1990 1688 2057 2377 2624 2601 2794 3144 3542 2602 2496 2459 2761 2644 1657 1241 1099 1229 1177 1565 1800 1931 1896 2449 2950 3353 2177 1732 1587 1500 1617 1993 2258 2163 1671 1794 1502 1859 2831 3322 4105 3536 4029 3436 3867 2897 3039
3104 3501 3419 2230 1960 1774 1545 1867 2175 1881 1638 1375 1253 1233 1663 1997 2439 2714 2631 2226 1366 1498 1785 2306 2371 1521 1374 2090 2219 1993 1863 1772 1326 1052 1052 950 1335 1621 1824 1903 2527 2551 1903 1632 2285 2164 2538 2878 2896 3393 3220 3083 2689 2739 2477 2645 2275 1228 1368 1498 1585 1723 2087 2126 1901 2083 3321 2934 2628 2178 1445 1503 1792 1870 2534 2146 2129 1825 1905 2246 3283 4299 4014 4397 3596 3944 3774 4498 3313
3020 2729 2701 2531 1766 1628 1816 1812 1871 2049 1730 1719 1461 1516 1661 1970 2162 2264 2094 1587 1479 1164 1715 2381 1910 1767 1738 1766 2237 1837 1552 1322 1124 976 822 848 836 1323 1561 1936 2165 2173 1987 2330 2066 2702 2619 3025 3033 2853 3266 2641 2542 2547 2800 2642 1796 1554 1300 1644 1494 1526 1726 1923 1742 2249 2808 3595 3336 2387 2001 1775 1871 2105 2118 2664 2497 2647 2363 3299 4088 4332 4351 4426 4283 3957 4262 4034 5191
3001 2610 2481 2249 2433 1830 1713 1549 1631 2049 2057 1569 2098 1758 1628 1463 1500 1942 1520 1527 997 1380 1623 1905 1762 1875 1920 1976 1742 1699 1442 1288 1272 772 550 635 888 992 1178 1333 1693 2099 2855 2701 2448 2453 3332 2559 2303 2629 2669 2564 1980 2374 2919 2308 2232 2047 1936 1410 1600 1394 1432 1584 1729 2027 3211 3669 3884 2833 2600 2091 1672 2128 2665 2537 2744 2769 3253 3333 3780 4689 4540 3828 3526 4146 4092 5054 4634
3431 2842 2476 2266 2563 2290 1682 1715 1659 1449 1418 2048 2023 2020 1336 1436 1277 1378 1329 960 1066 897 1287 1551 1614 1256 1324 1695 1820 1395 1096 1172 1119 1030 816 729 791 934 1067 1059 1402 2311 2938 3487 3064 2843 2208 2307 2349 2002 2431 1805 2269 2303 2411 2474 2653 2571 2195 1777 1513 1396 1323 1365 1460 2399 2884 3488 3576 3693 2975 2377 2197 2183 2363 3075 2947 2795 2566 3059 3963 4282 3801 3171 3554 3142 4311 4408 5063
2446 3075 2775 2967 2696 2593 2155 1704 1997 1194 1455 1580 1687 1802 1903 1041 1080 1319 1245 940 628 844 756 1212 1050 1000 1142 1252 1146 1062 1104 1127 1011 1139 1058 1087 934 1016 1143 1290 1703 2605 3206 3063 3732 2666 2180 2134 2044 1969 1859 2032 1979 2056 2152 2569 2601 2345 2426 2044 1402 1294 1499 1424 1479 1488 2580 3075 3163 3235 3231 2720 2448 2231 2607 2900 3396 2548 2519 3103 3586 3328 3272 3674 3492 3666 3920 4784 3970
2540 2027 2345 2913 3163 3119 2489 2323 2112 1870 1638 1409 1569 1770 1585 1422 1225 1227 1309 1017 718 704 769 718 675 769 880 947 763 572 713 967 1148 965 1110 1210 1533 1453 1223 1680 1909 2211 2701 3584 2947 2113 1995 1989 1854 1768 1876 2021 2051 1817 2469 2123 2279 2286 1983 1853 1558 1559 1566 1607 1647 1537 1736 2643 2497 2940 3081 2809 2281 2853 2928 3242 2872 2771 2645 2717 2805 2855 3330 3551 3379 3754 5040 4359 4644
1534 1864 1700 2154 2864 3302 3423 3147 2580 2648 2434 2356 2018 1591 1473 1634 1606 1265 1113 884 739 671 670 646 700 502 814 642 606 581 548 658 844 1134 1156 1207 1875 1735 1974 1870 1916 1784 2460 2929 2544 1972 1851 1805 1692 1829 1719 1745 1831 2472 2277 2320 1970 1982 1943 1483 1718 1777 1878 1909 1913 1730 1668 1939 2630 2729 2884 2427 2740 2607 3438 3390 2916 2755 2484 2328 2354 2648 2637 3089 3705 5202 5018 5353 4618
1034 845 1447 1731 2686 2911 3450 3659 3799 3564 3723 3176 3003 2295 1801 1646 1432 1500 973 747 776 636 582 702 768 809 752 838 517 577 630 615 642 696 1078 1793 1874 2067 1736 1789 1687 2235 1967 1956 2082 2197 1713 1550 1558 1677 1624 1563 2208 2313 2419 2458 2552 2084 1807 2129 1746 2247 2195 2162 1948 1868 2215 2129 2413 2530 2571 2793 2552 2725 2926 3453 3121 2585 2265 1989 2064 1887 1957 2522 4286 4744 5468 5166 5144
680 728 741 1438 1915 3153 3615 3864 4246 4536 4261 4205 3613 3430 2247 1789 1504 1438 1071 821 833 899 737 966 1059 1044 931 882 832 537 625 661 615 636 1180 1503 1614 1523 1956 1620 1849 1621 1748 1707 2119 1911 1727 1629 1496 1320 1433 1696 1619 2308 2347 2506 2541 2143 2308 2212 2638 2331 2408 2201 2191 2507 2234 2353 2293 2607 2771 2456 2472 2792 2969 2913 3153 2598 2282 2174 2316 1909 1838 2876 3722 4467 4765 5376 4195
719 700 736 902 1947 3105 4072 4245 4717 4463 4442 4249 4228 3052 3002 2556 1932 1377 1295 1178 1177 1084 1271 1090 1031 1271 1099 874 569 610 603 596 633 544 603 1230 1169 1398 976 1746 1694 1456 1525 1770 1664 1562 1681 1617 1606 1283 1375 1478 1661 1728 2608 2210 2120 2552 2530 2992 2640 2615 2494 2548 2856 2472 2699 2594 2860 2404 2449 2579 2562 2566 2601 2690 2914 2674 2451 2892 2548 2645 2518 2393 2956 3860 5250 4593 4193
912 796 767 1284 2292 3810 4339 4966 4630 4618 3846 4195 3379 3173 2861 2607 2513 2098 1501 1464 1276 2079 1283 1321 1189 1171 1048 757 684 600 616 652 666 726 629 554 1212 718 936 1196 1808 1661 1466 1190 1244 1484 1546 1512 1528 1522 1382 1540 1699 1983 1800 2098 2188 2266 2581 2381 2688 2543 2457 2487 2588 3250 2850 2991 2630 2748 2522 2699 3089 2717 2437 2809 2649 2625 2959 3149 3233 3178 3043 2633 2580 4215 4936 4186 3911
1407 1366 1040 1432 2790 4146 5057 4932 4617 3658 3653 3368 3064 2847 2520 2335 2650 2537 2029 1518 2147 2132 2046 1177 1337 953 969 926 777 681 705 713 796 902 701 684 650 654 1094 1362 1554 1582 1016 918 1091 1206 1310 1411 1285 1355 1505 1479 1852 1709 1767 1910 2203 2119 1930 2147 2149 2371 2202 2314 2831 2750 3268 2725 2708 2685 2831 2924 3282 2778 2519 2274 2495 2824 2361 2700 3459 3530 2835 2461 3475 4223 4669 4383 3814
2174 1920 2019 2279 3265 4444 4381 4883 4428 3925 3212 3229 2462 2285 1899 2336 2122 2293 2255 2759 2310 2361 1999 1928 1296 1132 1075 1069 879 868 720 792 903 1048 1170 829 640 846 1263 1507 1499 1336 1102 771 758 806 916 1088 1132 1106 997 1343 1298 1392 1619 1930 2072 1767 1814 1981 2123 2081 1939 2376 2401 2587 2542 2996 2694 2689 2885 3013 2821 3128 2534 2197 2399 2802 2672 2716 3165 3031 2814 3394 3628 4385 4508 4455 3319
2626 2371 2682 3465 3594 4042 4541 4111 4211 3670 4041 3100 2749 1605 1211 1627 1897 2012 2149 2072 2993 2825 2561 1625 1466 1436 1262 1487 1046 921 892 908 1045 1242 1339 1263 962 1018 1038 1683 1886 1521 1603 750 740 715 1064 858 1128 905 838 853 1088 1035 1244 1691 1860 1885 1694 1878 2192 2095 2133 1717 2053 2103 2264 2440 2493 2365 2389 2801 2872 2435 1948 2198 2799 2971 3369 2821 2760 2877 3228 2994 3391 4157 4317 3586 2606
3042 3330 3313 3446 3912 4036 4044 4291 3354 4333 3868 3518 2473 1639 953 867 1287 1682 1836 2155 2466 3339 2868 2541 2038 1957 1942 1830 1723 1188 1045 945 1506 1393 1398 1220 1334 1692 1420 1762 1931 2199 2340 1511 795 1108 1361 1538 1123 1034 1152 881 803 921 1140 1440 1826 1768 1788 1882 2145 2352 2190 2084 1700 1638 1936 2078 2367 2063 2046 2263 2436 2261 1957 2367 2778 3563 3729 3350 2926 3200 2496 2593 3312 3939 3643 2999 2822
3176 3951 3816 3838 3742 3690 3416 3312 4027 3959 3507 2873 2040 1145 861 810 808 1002 1458 1974 2516 2809 3424 3565 3207 3113 2711 2485 2072 1825 1431 1341 1252 1627 1394 1493 1633 1784 2135 1881 2343 2717 2344 2018 1790 1371 1670 1771 1889 1627 1434 1128 891 977 1164 1597 1475 1650 1538 2126 2267 2360 2188 2239 2121 1710 1518 1909 1771 2022 1855 2008 2064 1888 1983 2047 2956 3522 3598 3274 2810 2314 2357 2514 2900 3200 3519 3061 2815
3516 3734 4525 4084 3720 3518 3099 3196 3546 4106 2771 2603 1326 836 769 743 754 820 938 1342 1944 3043 3485 3820 3909 3946 3766 3049 2669 2012 2322 1774 1522 1737 1653 1892 2081 2204 2186 2116 2310 2589 2299 1869 1306 1361 1622 2041 2083 1906 1466 1434 1279 1133 1324 1364 1626 997 1541 2028 2219 2326 2357 2188 1927 1645 1807 1669 1802 1699 2003 1843 1860 1721 1646 1798 2242 3119 3043 2964 2117 2104 2167 2241 2341 2838 3292 3151 3433
3339 3728 4209 4292 3455 2839 2969 3375 3764 2948 2901 1824 977 722 690 735 714 800 919 1006 1517 2377 3000 3453 4201 4383 3803 3583 2962 3115 2532 2292 2054 1984 1742 1689 2502 2591 2450 1861 1948 2088 2271 1517 1031 1233 1828 1669 1997 1973 1988 1775 1444 1386 1354 1335 1180 1443 1368 1672 1994 1988 2228 2258 1861 1794 1368 1764 2050 2448 1944 1990 1584 1405 1356 1431 1735 2226 2328 1998 2192 2092 1812 1861 2254 3178 2901 3556 3284
3348 3410 3212 3442 3316 3035 2426 3714 3611 2994 2528 1552 693 765 701 734 760 762 874 939 1007 1469 2179 3173 3805 3630 3611 3382 3665 3736 3151 2645 2312 1568 1674 1982 2201 2692 2208 2392 2234 1736 1964 1594 1729 1794 1596 1803 1871 2107 2088 1870 1598 1332 1261 1212 1067 951 1125 1493 2046 2118 1918 1976 2034 1843 2039 2021 2413 2603 2601 2890 1876 1206 1251 1376 1461 1732 1757 1968 2033 1953 2025 1882 2679 3180 3188 3000 3357
2987 3187 3026 2610 2620 2890 3660 3427 3672 3049 1758 829 776 716 719 695 740 759 757 889 959 1133 1935 2617 3072 3134 3224 3833 4018 4271 3826 3050 2035 1609 1621 1519 1829 2326 2366 2451 2685 2089 1979 1990 2207 2098 2281 1952 2062 2095 2194 1638 1550 1244 1083 1004 863 864 1054 1440 1801 2034 2091 2188 2268 2058 2172 2531 2607 2723 3307 2996 3059 1783 1452 1469 1993 1727 1714 1608 1740 2281 2263 2682 2421 3153 3476 3377 2985
3110 2683 2864 2844 2643 3404 4194 4191 2958 2927 1391 820 707 746 683 667 669 695 763 838 1000 1425 1835 2111 2474 2908 3347 3508 4423 4782 4677 3337 1901 1503 1214 1347 1969 2166 2254 2624 2504 2222 1709 1875 2254 2427 2092 2212 2115 2227 1842 1735 1213 968 803 932 895 868 1375 1340 1462 1790 2323 2260 2216 2288 2312 2470 2294 2954 3117 3407 3237 3219 1800 2260 2365 2504 1897 1607 2054 2493 2957 2730 3003 3092 3833 3722 3393
3018 3118 2505 2692 3388 3223 3679 3703 3237 1684 898 705 695 666 713 627 629 665 729 840 1145 1302 2094 2428 2114 2753 2828 3738 4983 5364 4703 3067 2429 1827 1038 1598 1743 1831 2147 2355 2121 1733 1560 1368 1850 2070 2371 2349 2634 2104 1889 1805 1262 755 700 715 851 1262 1183 1238 1259 1835 2019 2075 1912 2526 2573 1839 2139 2244 3479 3374 3378 3016 3466 2678 2992 2702 2798 2331 2443 3146 3178 3273 3361 3819 3544 3899 3979
2677 2781 3030 2689 2681 3186 2842 2989 2106 1053 752 697 699 702 638 657 603 652 766 1090 1753 1831 2617 2650 2749 2381 2734 3627 4465 4953 4614 2997 2202 1541 1505 1260 1469 1571 1693 1742 1558 1185 683 1002 1350 1775 1812 2236 2268 2371 2268 1691 1370 1362 791 650 1050 1168 1038 1062 1583 1565 1542 1791 2113 2009 1862 2371 2108 2548 2156 3690 3409 3569 3082 3873 3607 3498 2930 3034 3165 3366 3886 3703 3845 3793 3794 4103 3781
1886 2152 2103 2406 2133 2015 2180 1637 1177 763 695 723 743 745 745 689 628 732 1057 2008 2491 3141 3011 3036 3189 2864 2626 3080 3470 3798 3627 3127 1760 1130 1010 1235 1237 1393 993 1039 1229 507 512 595 777 889 1221 1423 1670 1818 1702 1426 1637 1669 1256 1014 739 1033 981 1088 845 1308 1349 1347 1542 1538 1954 2087 2488 2292 2805 3056 3886 3466 3914 3599 4153 3918 3759 3456 3210 3828 3945 4054 3567 4048 4420 4146 3988
1434 1340 1665 1479 1525 1528 1379 1104 743 675 712 734 698 776 752 737 711 963 2470 2779 2925 3572 3879 3740 3276 2466 2433 2145 2672 2849 2291 2091 1620 1008 811 645 1050 826 801 834 636 602 497 510 476 523 678 837 1007 1043 1042 1644 1819 1460 1780 1628 1406 971 1247 800 851 865 1292 1161 1109 1505 1907 2313 2563 3014 3021 3173 3261 3618 3603 3570 3520 4047 3540 3429 3543 3312 3574 3548 3884 4298 4398 4449 3862
635 801 1023 1093 1127 1079 986 709 656 658 635 698 719 734 697 716 942 1949 3206 3750 3708 3464 3621 3913 2873 2328 1840 1345 1367 1808 1798 1430 812 829 591 500 600 662 696 578 670 625 613 513 531 504 651 590 721 740 859 1223 1416 1836 1876 1815 1703 1725 1526 1044 1000 875 915 1042 1343 1586 2379 2660 3061 3284 3514 3146 3045 2925 2843 2902 3280 3104 3211 3080 2958 2916 2969 3459 3732 4013 4473 4212 3813
596 594 569 856 894 807 664 597 597 608 554 578 632 626 616 747 1524 3159 3922 4257 4498 3480 3397 3239 2871 2129 1301 917 814 851 1254 774 705 510 448 525 501 580 549 650 541 607 677 675 567 722 729 858 762 845 960 880 1014 1477 1655 1794 1921 2017 1853 1850 1494 1340 1179 1726 1859 2165 2540 3362 3442 3514 3351 3006 2607 2182 1897 2009 2095 2197 2583 2274 2084 2335 2684 2702 3205 3768 4085 3517 2701
638 595 548 539 678 598 581 587 536 457 519 537 558 578 673 874 2173 3507 4317 4648 4081 3633 3337 2505 2409 1823 985 691 648 667 663 609 526 442 480 487 520 500 549 492 521 657 761 617 710 660 696 705 864 769 815 787 820 896 1024 1355 2094 2088 2166 2443 2311 2315 2341 2279 2550 2702 3170 3329 3445 3111 2846 2626 2002 1629 1380 1412 1514 1629 1547 1466 1373 1661 1914 2371 2905 3312 3258 2785 2259
570 552 549 508 453 526 544 537 446 443 478 534 524 656 722 1476 2499 3729 4439 4556 3607 3155 3367 2652 1759 1028 808 639 646 564 572 539 439 475 342 423 482 545 457 409 488 738 672 715 647 664 611 583 501 733 647 1011 1344 799 778 1208 1522 2108 2549 3240 3128 3151 2926 3025 3096 3147 2841 2752 2517 2319 2057 1823 1831 1454 1921 2073 2046 1395 954 1017 915 1089 1477 1804 2243 2664 2955 2822 2078
478 489 460 472 380 457 499 433 487 486 458 478 578 680 1165 1904 3509 3808 4546 3881 3712 3687 3137 2498 1377 918 793 717 624 623 614 488 432 362 401 367 455 396 352 399 502 583 754 725 605 543 527 364 449 541 921 1427 1578 1240 972 1053 1256 1598 2684 3431 3443 3175 3315 3188 3027 2376 2236 2034 1804 1657 1712 1904 1971 2697 2994 3509 3192 2322 1359 1052 857 834 1005 1144 1639 2425 2822 2624 2403
404 402 404 364 453 360 440 471 459 422 455 499 547 707 1145 2750 3593 4471 4147 3683 3924 4032 3220 2184 1413 916 766 736 625 575 603 503 354 369 328 396 343 311 354 346 369 526 641 651 515 468 339 360 419 756 1369 1435 1400 1460 1121 867 895 1518 2230 2956 3553 2805 2593 2802 2448 1977 1623 1833 1681 1667 2331 2262 2657 3380 4505 4436 4152 3466 2756 1766 1587 961 777 812 1223 2029 2402 2586 2395
343 411 401 397 386 424 382 409 417 435 447 413 488 730 1691 2768 3691 3965 3719 3838 4099 3778 3014 2347 1312 851 745 695 641 556 440 441 403 325 386 307 332 290 313 272 346 441 531 431 445 357 347 337 388 448 821 1352 1354 1093 554 428 882 1397 1830 2228 2423 2552 1836 1849 2148 1877 1689 2039 2375 2459 2424 2982 2835 3242 3954 5027 4376 3992 3236 3115 2485 2096 981 705 773 1230 2071 2264 1939
356 333 452 430 379 362 385 333 404 416 417 419 452 665 1549 2483 3146 3584 3355 3361 3168 3171 3276 2247 1184 776 724 600 551 459 456 383 370 319 346 375 292 331 316 363 350 409 383 416 359 366 303 306 348 445 489 763 1050 454 443 586 696 665 1358 1847 1565 1213 1305 1658 2049 2436 2616 2560 3049 3282 3363 2877 2972 2738 3147 3586 4608 4244 4207 3488 3279 2543 2034 971 741 712 1116 1455 1374
372 358 349 468 348 343 367 372 366 419 399 476 488 1038 1537 2273 2953 2664 3055 3083 3022 2786 2294 1575 1491 1050 624 559 453 449 379 365 346 403 334 318 335 329 368 349 390 345 342 356 350 317 364 345 338 510 437 421 476 443 483 542 689 705 990 1398 828 715 1172 2106 2293 2646 3406 3972 3753 4025 3553 3057 2333 2463 2593 3032 3550 3895 3735 4296 3338 2825 2131 1995 1148 725 639 756 931
328 387 363 373 380 324 329 356 383 388 441 424 719 958 1527 2146 3357 3145 2681 2471 2438 2070 1590 1440 1150 752 582 501 448 352 406 285 358 400 337 356 342 340 312 340 346 340 296 323 320 368 401 402 483 608 602 462 457 542 585 618 662 1002 1156 1484 877 1038 1207 1939 2743 2897 3458 4155 4430 3867 3539 2954 2462 1831 1972 2422 2795 3404 3825 3445 3779 3022 3021 2406 1963 1102 697 596 565
