PredictorVariables/LightPollution_Total_500m/LightPollutionIntensity2016_focal.asc
ncols        529
nrows        344
xllcorner    2700.000000000000
yllcorner    15900.000000000000
cellsize     100.000000000000
NODATA_value  0
[rows 39 to 77 of 344, columns 267 to 355 of 529]
516 483 427 377 347 320 343 245 233 249 299 260 235 281 259 254 246 239 308 393 405 405 396 300 295 244 251 237 202 212 243 293 239 233 309 318 343 348 351 288 323 266 322 321 346 585 685 741 742 1735 1740 1722 1395 987 1116 1254 1729 1513 1525 993 1485 2032 2540 2246 2035 1598 1603 1402 1555 1403 1300 1696 1958 1772 1790 1377 1026 921 1194 1366 2003 1822 2234 1990 1447 407 472 328 275
727 412 288 431 360 325 309 377 275 231 225 249 252 279 244 207 253 239 301 360 384 353 326 309 231 279 294 302 269 241 235 276 290 237 245 320 354 401 356 346 319 364 294 264 245 355 526 495 563 548 1058 944 670 802 787 1378 1430 1216 1132 1399 1174 1947 1776 1938 1765 1812 1800 2062 1919 1932 1586 1624 1845 2224 1727 1356 1217 1587 1514 1722 1653 2530 2176 1991 1283 843 336 301 269
1310 620 393 309 424 410 366 291 269 233 230 213 234 219 243 228 229 300 284 315 315 293 269 287 238 284 347 357 322 308 323 329 267 295 232 289 355 383 366 334 371 364 349 273 286 280 350 444 390 436 455 616 494 485 593 438 1149 1054 1062 832 1124 1067 1571 1648 1725 1587 1801 1868 1928 2001 1904 1583 1791 1990 1543 1185 1361 1870 1953 1894 2039 1782 2513 2113 1479 802 374 286 273
1334 1107 764 430 765 438 334 260 224 239 177 174 210 249 236 263 213 242 305 255 282 211 254 213 249 306 330 369 324 307 346 519 370 267 358 294 312 310 311 321 350 386 343 336 286 299 311 304 389 386 508 452 492 409 412 406 404 940 438 478 920 1250 1204 1220 959 1217 895 1337 1558 1381 1107 1397 1311 1357 1139 1232 1573 1834 1988 2074 1876 2069 2375 2474 1463 786 457 231 251
1630 1233 941 1240 893 831 499 297 229 186 208 171 255 254 287 218 210 248 240 258 168 227 224 249 267 275 330 284 323 293 552 535 544 483 372 392 288 289 304 285 312 393 337 277 312 290 328 292 278 407 408 449 498 436 374 387 332 382 350 467 537 830 880 891 808 491 508 635 915 690 551 690 863 940 687 972 1137 1289 1734 1840 1607 1858 2064 2103 1612 868 261 235 237
2054 1139 1499 1662 1360 1097 938 581 228 263 272 320 249 331 281 282 241 256 254 214 206 185 239 287 279 269 288 344 253 560 572 586 710 717 468 363 423 311 286 318 351 339 308 313 262 333 319 326 272 353 396 435 453 366 341 362 385 358 405 381 421 457 570 740 492 389 398 437 334 367 447 412 497 583 397 346 858 986 991 854 962 1331 1583 1409 1148 482 267 262 233
1814 1784 1528 1998 1664 1665 705 515 884 347 294 281 384 342 338 281 324 258 251 245 236 197 208 293 288 289 300 349 437 377 594 871 784 506 464 471 286 387 515 358 370 321 382 331 316 310 361 314 404 342 407 415 354 348 339 362 362 392 382 377 362 405 433 365 394 417 378 318 363 383 393 364 311 320 287 361 296 745 316 429 481 699 825 931 448 268 263 240 216
1958 1935 2047 1550 2143 1548 1571 932 730 1161 342 364 317 360 354 346 288 280 289 276 230 217 238 242 284 351 405 399 364 449 697 1031 816 505 524 342 318 586 825 589 370 415 374 364 319 387 268 358 329 404 354 382 349 322 299 273 347 352 338 359 329 284 329 375 342 361 317 336 326 398 329 326 308 255 302 274 333 275 343 359 441 330 394 498 260 231 219 189 181
1999 2139 1747 2140 1616 1606 1856 1724 1262 1094 1196 371 351 373 342 282 249 270 289 287 226 214 237 294 308 487 405 385 403 614 796 1053 781 814 440 401 598 790 783 1198 597 402 412 331 396 271 358 281 327 333 390 347 395 309 264 287 265 308 294 259 275 284 310 354 311 285 308 363 389 278 326 312 347 305 282 311 318 339 329 383 392 363 348 314 221 217 177 158 176
2131 1820 1895 1787 1948 1562 1849 1849 1850 1335 1024 1260 508 392 344 285 252 229 274 296 306 251 298 297 665 527 534 387 411 626 904 1033 1067 553 399 320 593 800 1153 1100 923 375 372 398 300 319 272 330 284 415 391 365 383 363 374 276 278 250 278 228 252 321 339 338 308 305 353 346 304 343 305 325 259 341 368 365 353 317 345 310 384 389 304 246 262 197 147 147 207
2282 2343 1879 1633 1177 2308 1731 2112 1645 1300 1430 1101 1019 850 383 326 211 236 217 334 334 332 316 830 759 834 624 625 544 793 884 1213 826 651 291 323 306 946 1142 938 758 776 690 345 291 271 331 360 465 471 444 437 418 450 396 361 278 258 211 237 264 316 331 340 304 341 336 335 309 245 262 252 327 320 342 335 349 298 311 305 376 335 285 243 284 221 165 210 210
2721 2882 2157 1565 1770 1633 2554 1763 1685 1646 1224 1021 1330 1284 820 392 425 221 268 296 366 362 954 970 1387 1042 1017 739 676 595 1281 1131 921 287 271 299 300 354 946 761 717 761 752 639 435 338 318 830 917 664 1082 568 681 495 443 423 395 273 274 238 238 315 361 321 372 355 330 343 293 265 185 224 249 273 244 292 284 310 261 359 295 327 296 328 256 249 239 183 220
3087 2878 2635 2164 1432 2263 1986 2061 1174 1026 885 1227 1317 929 873 945 567 551 463 373 458 1041 1356 1815 1634 1846 875 794 1046 1108 972 991 580 558 232 211 262 294 319 708 728 708 652 795 774 606 1004 1252 1300 1935 1291 1464 989 714 549 497 404 453 282 293 265 302 317 386 326 372 392 390 295 244 262 197 219 208 244 269 257 281 308 312 399 302 327 303 325 314 235 225 161
3162 3160 2630 2135 2097 1576 2118 1236 1177 369 367 815 872 903 1030 710 699 827 848 833 1219 1544 1960 2083 2234 1633 1440 982 923 1016 1173 798 710 249 250 207 221 298 241 313 383 644 824 815 538 1054 1506 1611 2307 2301 2159 1816 1663 1490 856 509 528 512 489 299 289 294 327 359 375 380 422 387 338 305 286 285 295 293 248 227 256 285 302 322 303 385 272 293 308 342 298 215 241
3001 3033 2617 2502 1870 1763 1103 1266 441 300 366 366 440 746 562 748 907 873 1023 1618 1779 1933 2067 2469 2110 1471 1220 1120 816 1220 1120 1327 355 299 247 262 250 256 337 337 276 344 626 506 737 891 1274 2017 2091 2402 2201 2308 2080 1721 1433 758 623 543 495 438 291 300 318 317 354 383 369 341 385 557 353 430 1108 750 323 287 269 242 276 272 285 245 291 244 282 331 291 255 274
2452 2758 2868 2253 1917 1376 1342 477 354 314 288 338 372 466 371 475 702 947 1450 1941 1932 2089 2143 2042 1623 1181 838 800 1188 1455 1149 902 950 361 366 306 310 315 379 371 350 311 287 223 551 820 926 1321 1790 1741 2252 2011 2166 2337 1224 1436 799 575 505 375 360 296 332 345 272 289 334 374 564 568 668 1275 1586 1507 889 364 251 216 221 252 233 191 199 230 269 268 294 325 303
2729 2776 2315 2180 1555 1421 491 428 334 309 333 304 380 319 412 396 471 1083 1741 1792 2319 2013 2107 1538 1238 901 660 559 1193 1438 1361 997 573 611 349 422 335 399 373 380 358 311 209 288 299 453 782 995 1059 1417 1489 1808 2384 1898 2808 1495 987 956 460 403 305 334 329 316 300 245 284 572 586 688 1569 1845 1757 1773 1589 822 330 316 249 208 236 249 168 185 221 250 276 270 252
3119 2626 2311 1617 1476 497 473 405 368 335 320 369 324 366 401 478 707 1340 1809 2291 2443 2327 1557 1460 1049 919 446 1097 1113 1198 1418 1001 633 343 450 380 427 349 385 337 326 244 260 244 305 372 409 587 821 1017 1212 1820 1907 2972 2994 2685 1834 1404 782 327 276 347 344 335 318 314 323 383 680 884 968 1444 1793 1748 927 590 516 345 274 254 258 218 203 186 210 237 228 219 238
3080 2969 2130 1661 543 526 465 422 385 322 318 265 357 386 427 634 1050 1503 2541 3069 2692 2046 1626 1206 1114 439 741 920 1533 1219 1142 637 337 394 359 398 315 367 343 332 251 261 207 260 284 333 338 319 384 998 1087 1299 2763 3531 3423 3686 2989 1646 930 665 330 315 393 480 393 358 412 487 602 809 628 726 1376 911 591 532 364 348 383 297 189 209 162 234 189 223 189 174 181
2828 2214 2138 1058 714 489 487 415 361 319 280 298 312 371 447 671 1237 2300 2878 3640 2729 2310 1536 1051 501 639 831 1358 1337 1473 665 526 367 294 378 316 352 318 333 314 269 213 213 211 287 275 286 331 336 520 1050 1496 2420 3867 4346 4267 2912 1486 1145 1030 442 405 446 560 523 623 494 403 477 570 516 556 379 385 480 379 366 346 279 237 236 191 230 187 229 218 205 164 143
2116 2003 1223 854 578 452 450 438 361 297 373 330 326 346 769 1084 1667 2614 3196 3546 3277 2016 1340 810 605 767 1095 1182 1407 1039 767 389 393 390 348 669 432 445 314 302 307 271 188 231 229 303 282 259 350 432 766 1770 2540 3429 4605 3932 2384 1794 1465 1201 947 559 567 618 860 753 624 483 453 401 537 330 334 366 314 367 339 290 257 251 202 227 178 225 207 248 215 176 135
1477 1235 930 603 392 393 397 426 353 357 362 374 362 724 1085 1343 1749 2590 3073 2918 2572 1712 932 597 594 665 833 1555 1088 932 467 452 575 575 912 1339 950 508 454 339 248 285 357 248 291 303 282 237 282 384 525 1409 2538 3104 3471 2794 2462 1977 1481 1691 1265 1328 616 909 994 791 657 683 491 428 420 397 352 365 353 315 289 269 264 242 196 156 201 183 254 212 219 198 199
958 658 564 400 366 310 352 327 371 338 345 393 714 881 1034 1528 1901 2269 2519 2148 1715 1274 626 550 834 625 1107 1204 1123 614 536 581 841 1469 1831 1751 1445 899 521 392 281 326 358 398 317 327 312 265 288 361 797 1029 1524 2310 2380 2381 1817 1472 1777 2001 2092 1203 1005 749 931 903 804 538 493 527 490 425 447 449 353 347 370 333 276 230 195 204 166 215 217 215 218 264 186
544 482 391 327 233 250 310 318 320 338 359 392 401 693 922 1208 1648 1913 1721 1454 1043 758 643 972 840 1418 1226 1032 970 776 608 923 1452 2308 2348 1906 1698 1211 489 273 366 321 363 386 402 297 304 325 285 347 641 1409 1132 1323 1508 1581 1034 1381 2350 2545 2126 1122 945 1068 666 885 612 607 533 580 490 466 424 369 432 426 458 328 309 241 257 206 211 176 204 290 271 213 210
445 367 371 255 226 233 272 312 330 317 396 353 381 420 678 925 1250 1943 1565 1238 711 607 1002 1141 1718 1813 1699 1514 1009 519 657 1496 2196 2026 2323 2112 1341 606 362 316 265 319 294 373 330 281 324 276 301 548 1119 1182 1486 763 733 922 1081 1715 2296 2399 2239 1643 964 670 731 596 648 600 626 450 497 468 401 319 349 480 430 467 341 259 233 250 224 251 242 279 291 236 209
603 382 310 236 253 330 255 335 327 318 327 393 372 367 389 754 1453 1865 1622 1134 643 684 1110 1893 2369 2656 2256 2303 1415 654 983 1936 2321 2222 1826 1609 624 379 411 354 256 295 337 291 295 330 281 329 378 1282 1249 1325 1221 1013 572 628 1330 1980 2325 3191 2377 1945 1102 753 717 676 681 634 546 588 463 344 324 340 361 397 419 448 375 290 269 240 259 299 265 250 326 302 263
618 392 301 299 382 366 361 314 356 335 334 341 425 389 448 748 1628 2072 1537 1019 658 1067 1694 2148 2858 3293 3446 3156 1913 1800 1792 1785 2265 2531 1534 705 492 384 307 338 360 328 327 307 368 306 364 413 1082 995 1528 1339 1232 623 575 699 1397 1916 2768 3367 2806 1933 1460 827 833 866 727 680 561 430 423 350 296 336 289 343 447 407 327 289 268 281 233 203 301 295 280 235 215
454 312 267 417 398 392 444 430 355 403 339 369 434 688 661 927 1562 1867 1562 889 1015 1253 1492 2200 3159 3573 3813 2999 3188 2515 2123 2074 2324 2208 1293 545 380 346 352 393 362 333 380 425 340 421 665 966 945 1162 1110 1519 688 569 587 1102 1284 1992 2896 3089 2832 2476 1879 1361 1076 1012 1001 711 757 514 805 364 300 338 339 346 438 347 381 294 275 268 253 219 235 291 204 193 217
275 289 291 327 413 457 474 355 379 388 467 437 796 904 1242 1387 1418 1607 1337 1013 982 1425 1787 2000 2152 2619 2915 3601 3054 2676 1935 2404 2239 1503 1262 1032 369 348 443 442 422 420 463 418 526 890 945 904 998 991 1118 628 605 578 620 1135 1460 1778 2792 2546 3413 2630 2209 1935 1313 1166 1417 1153 815 1238 921 740 396 381 418 378 381 376 398 381 324 216 244 226 231 222 260 168 183
270 262 287 318 364 425 328 344 391 424 426 762 987 1670 1434 1524 1486 1432 1020 810 1263 1523 1726 1605 1340 1973 2265 2365 2461 1939 1999 2151 1647 1297 1124 589 587 483 454 474 520 536 457 746 1004 1048 998 953 884 943 465 497 488 508 1128 1229 1488 1991 2105 3508 3674 3273 2269 1835 1567 1632 1499 1332 1542 1608 1114 942 1077 510 463 424 366 479 445 407 420 340 248 262 203 256 225 245 180
257 261 274 326 298 286 273 320 362 390 549 902 1690 1765 2006 1624 1374 1198 803 1265 1467 1505 1691 1510 2024 1689 1340 1753 1570 1666 1748 1506 1405 1313 668 520 446 463 478 508 543 570 761 1017 1043 1059 1063 1026 642 395 394 447 503 880 1307 1544 1903 2414 2749 3417 3813 3620 2890 1543 1461 1726 1545 1620 1757 1924 1671 1373 969 1021 755 430 428 573 500 470 466 447 324 223 293 241 283 253 268
264 264 314 252 275 304 295 281 299 401 796 1398 1598 2107 2125 2128 1309 746 928 1230 1590 2060 1577 1977 1828 1810 1444 1342 1190 1347 1326 1215 1296 1180 718 415 389 473 510 478 542 838 932 838 1035 1026 1037 530 489 383 396 414 573 930 1863 2196 2514 2478 3079 3625 3689 3323 2553 1802 1393 1806 2193 2391 2236 2036 2508 1871 1513 1646 1557 928 639 555 648 550 515 458 574 345 262 338 319 331 269
258 273 251 301 318 343 295 320 353 735 1077 1183 1810 2130 2743 1934 1565 1520 1108 1194 2159 1974 2360 1703 1991 1698 1714 975 711 681 966 1190 1088 567 421 459 415 418 398 558 668 699 896 905 812 777 489 473 399 487 428 498 918 1602 2330 3196 3184 2603 2981 3417 3545 2753 1980 1742 2245 2126 2561 2954 2933 2870 2724 2463 2357 2216 2082 1984 1196 628 582 610 463 603 542 556 297 298 388 322 319
248 224 252 312 335 300 328 367 570 824 955 1355 1727 2614 2187 2208 1947 1744 1733 2124 2280 2275 1745 2150 1551 1903 1135 841 845 579 484 891 551 424 336 290 403 391 374 495 785 784 713 753 529 425 433 428 436 417 463 486 906 1814 2884 3616 3468 3129 2769 2866 2764 2394 2388 2330 2649 2850 3086 3420 3379 3381 2981 2836 3151 2757 2747 2333 1685 1104 835 387 569 523 580 575 578 444 327 340 304
232 287 227 340 315 319 356 414 630 1199 1065 1464 2001 2044 2164 2223 2188 1875 2142 2543 2528 2170 2101 1911 1570 1207 1006 1089 908 677 467 454 386 716 276 273 315 439 518 566 676 827 728 574 462 400 411 487 472 441 410 475 875 1883 3290 3611 3699 3142 2736 2728 2568 2811 2645 2718 2479 3432 3702 3466 3368 3323 2822 3164 2989 3052 2799 2638 1725 1254 1029 756 376 609 636 590 512 529 418 386 241
327 242 295 320 370 297 321 544 1286 1382 1738 1618 1523 2089 2062 1998 1868 2102 2203 2538 2510 2467 2229 2031 1681 1133 1187 1162 1095 819 630 478 768 641 647 354 375 409 501 637 852 762 633 548 506 528 504 540 532 518 544 735 969 2261 3018 3730 3591 3198 2866 2700 3382 2423 2720 2843 2847 3108 3542 3382 3254 2764 3151 2964 2984 2749 2911 2302 2053 1656 1125 1082 942 541 765 615 580 473 466 524 380
300 353 345 421 327 421 351 1025 1604 2047 1909 1624 1722 1782 2024 1474 1491 2284 2540 2724 2869 2712 2424 2238 2216 2122 1399 1329 1265 1199 901 1130 1035 1009 903 912 690 748 746 897 1006 1019 816 810 902 857 920 857 721 843 897 990 1683 2002 3174 3370 3348 2944 2827 3115 2993 3130 2404 2792 2832 2810 3432 3531 2827 2744 2866 3113 2564 2805 2403 2441 2262 1959 1553 1571 1440 1054 737 696 555 533 569 568 459
322 302 409 441 447 382 656 1015 2102 2587 2390 1756 1745 1885 1681 1938 2148 2557 3015 2905 2828 2915 3139 3028 2800 2179 1801 1741 1523 1356 1374 1394 1619 1500 1416 1051 1149 1198 1297 1297 1274 1290 1368 1345 1409 1522 1535 1357 1269 1267 1329 1715 2203 2425 2885 3139 2530 2494 2895 2810 2915 2728 3126 2117 2587 3105 3184 3324 2788 2679 2886 2915 3015 2043 2482 2708 2378 2027 2432 2155 1533 1272 1356 814 508 543 624 570 606
309 402 399 458 439 437 540 1487 2297 3119 2418 2115 2059 2100 2129 2099 2369 2688 2923 3157 3147 2960 2950 3415 2959 2779 2300 1955 1815 1754 1753 1733 1775 2012 1602 1554 1557 1613 1547 1616 1687 1689 1730 1810 1921 2015 1845 1800 1560 1514 1763 2206 2345 2535 2893 2540 2511 2312 1977 2694 2573 3092 2340 2507 2729 3108 3117 3156 3064 2904 2901 3459 2688 2670 2201 2695 2590 2519 2699 2114 1651 1929 1267 954 514 468 484 649 591
