PredictorVariables/LightPollution_Total_500m/LightPollutionIntensity2016_focal.asc
ncols        529
nrows        344
xllcorner    2700.000000000000
yllcorner    15900.000000000000
cellsize     100.000000000000
NODATA_value  0
[rows 0 to 38 of 344, columns 89 to 177 of 529]
208 153 154 106 85 119 188 161 139 137 80 93 77 244 247 292 142 47 59 71 125 67 52 59 86 123 67 111 127 163 99 105 82 104 166 140 152 119 144 121 338 770 1296 1170 962 241 160 146 212 175 163 181 224 242 158 402 438 292 202 185 209 224 165 244 360 354 941 420 342 314 782 597 683 282 971 947 559 275 313 420 321 377 412 531 403 506 457 506 353
415 370 280 301 277 275 295 299 308 292 228 173 348 362 370 406 404 239 133 192 193 160 124 150 214 210 209 234 298 238 255 245 254 238 258 276 285 292 296 475 895 1480 1752 2073 2115 1235 860 488 475 449 428 371 409 464 671 892 705 731 755 591 451 498 606 714 593 1369 1519 1379 728 1547 1318 1260 1033 1670 1766 2188 1483 1103 939 821 926 779 982 1036 1144 1156 1111 1007 1596
461 427 439 330 377 329 358 386 368 283 241 253 245 423 467 491 291 289 300 261 245 234 177 201 244 266 281 339 311 371 313 275 283 349 309 311 322 298 327 394 678 1237 2222 2805 2725 2288 1397 1220 778 589 504 524 548 642 936 1119 1155 1143 1073 876 805 745 888 934 1621 1569 1642 1735 2199 1598 1756 1521 2055 2094 2475 2419 2695 1866 1435 1340 1196 1311 1338 1422 1683 1752 1794 1652 1882
370 426 405 422 379 432 381 363 322 298 307 243 275 263 546 386 377 277 318 459 307 264 180 205 283 280 338 286 341 337 352 271 335 340 335 285 260 309 311 346 473 957 2069 2996 3425 3138 2515 1408 1325 806 587 515 614 834 1061 1331 1459 1293 952 1051 1048 1042 928 1088 1134 1788 1619 2020 1846 1731 1592 1927 1312 1952 2533 2654 2129 1858 1639 1587 1422 1491 1916 2067 1935 2193 2257 2719 2105
362 289 354 385 406 409 368 299 315 320 293 286 317 412 372 421 361 400 458 497 460 277 212 220 252 312 271 288 301 306 227 333 308 330 323 288 261 310 291 282 335 818 1733 2766 2913 3302 2777 2608 992 819 635 624 676 859 1146 1334 1400 998 986 814 786 809 1119 1112 1183 1020 1616 1401 1857 1842 1715 1278 1328 1447 2740 2012 1541 1512 1664 1684 1616 1915 2586 2667 2889 2394 3390 2996 2828
255 301 270 306 360 404 399 364 360 338 385 390 454 453 545 528 540 514 539 574 455 351 236 223 229 234 225 240 268 236 237 240 296 306 337 285 292 256 272 228 353 517 1018 1864 2930 2566 2751 1928 2172 877 702 705 874 1000 1223 1369 1363 1042 816 699 574 1001 1036 1275 1111 1033 1306 1674 1508 1738 1456 1126 1465 2003 1995 2431 1233 1339 1653 1584 2124 2683 3056 3764 3425 3995 3577 4031 3143
253 212 237 250 324 600 397 331 361 496 527 443 498 633 718 773 1166 579 673 656 487 283 212 190 227 240 169 188 196 242 232 215 246 325 310 321 279 245 247 241 313 555 736 1136 1929 3150 2364 2356 1934 2089 831 818 946 1088 1116 1544 1376 1313 798 591 972 947 1443 1190 1261 1141 1191 1405 1426 1364 998 836 1715 1957 2152 2043 2045 1309 1884 1721 2067 2944 3755 3869 4136 4339 4969 4134 4005
206 233 184 243 521 550 549 315 430 534 659 743 704 768 914 1466 1399 1390 754 676 466 384 254 265 280 244 193 164 204 237 235 239 273 277 329 302 291 276 246 210 278 452 748 1109 1935 2506 3602 2749 2319 1598 2015 975 986 936 1267 1432 1402 1251 1461 1046 1104 1404 1330 1528 1718 1578 1223 1052 1342 1128 715 815 1109 2199 2096 1907 1537 2249 1832 1914 1778 2296 3380 4019 4170 4615 4630 5028 4603
201 200 200 442 479 509 513 553 427 569 758 776 871 785 1518 1491 1378 1266 1181 579 476 339 338 394 311 256 224 175 180 234 251 227 203 260 327 299 277 280 253 294 315 334 568 1397 2255 2714 3072 3666 2252 1999 1570 1964 975 1122 1326 1615 1437 1548 1547 1472 1404 1510 1743 2069 2246 1825 1341 1271 1141 747 1067 1007 1156 1116 2201 1496 2016 1754 2160 1770 1700 1955 2747 2919 3642 4340 5005 5508 4686
179 218 205 217 439 478 471 245 326 541 628 728 776 985 685 1225 1165 1098 475 470 317 312 341 319 388 314 241 172 158 214 204 188 204 256 262 260 270 276 279 283 331 360 543 1015 1944 2831 2941 2367 2879 1903 1750 1555 2055 1566 1670 1573 1936 1499 1237 1464 1687 2450 2090 2598 2400 2251 1780 1105 928 1033 1019 1272 1207 1407 1023 1566 1083 1977 2036 2417 1552 1678 1987 2842 3437 4041 4653 5348 5218
201 205 233 200 231 426 232 198 267 324 540 536 678 655 721 478 933 307 327 290 314 272 253 314 311 313 170 171 174 171 181 142 163 212 199 224 238 245 292 311 301 347 412 538 1158 2252 2162 1860 1560 2134 1569 1826 2037 2251 2155 1997 1684 1541 1372 1365 2079 2356 3439 2959 2785 2478 1730 1238 1086 1105 1083 1117 1481 1198 1156 711 1354 1334 2302 1937 2464 1704 2103 2818 3684 3721 4576 5271 5264
231 225 239 219 146 210 232 247 213 186 297 526 518 527 480 457 279 244 299 351 300 284 242 241 273 230 231 153 149 182 175 145 159 156 202 187 167 218 264 320 284 308 333 417 617 1029 1341 1454 1096 930 1753 1450 1547 1996 2425 2430 1515 1164 1394 2053 2048 2996 3489 3557 3032 2256 1860 1460 977 1034 1104 1249 1215 1090 839 811 549 1589 1757 2210 1997 2426 2013 3003 3501 4311 4512 4862 5198
251 230 223 246 205 184 240 211 225 240 231 247 457 421 361 253 233 317 406 387 290 298 293 237 207 263 187 166 181 172 170 196 179 164 164 144 199 200 267 262 283 337 293 374 398 429 617 845 815 653 596 1125 1348 1664 1891 1694 1747 1347 1580 1700 2846 3001 3449 3011 2883 2033 1793 1656 1311 1028 1146 1205 1199 966 815 541 496 527 2088 1855 2084 1821 2598 2684 3533 4113 4490 4604 5343
230 270 236 269 255 242 215 226 203 235 258 252 272 335 282 229 285 315 334 408 381 327 203 220 282 194 215 204 187 189 209 201 205 163 163 175 194 251 241 262 288 282 321 287 312 369 395 351 493 452 376 503 689 913 1091 1388 1207 1560 1470 1631 2092 3334 3186 2885 2047 2002 2200 2044 1553 1697 2018 1601 1325 995 640 468 491 1045 1382 2000 1737 2462 2079 3355 3465 3817 3669 5155 5067
206 287 280 240 291 248 206 185 192 198 278 276 225 226 183 218 229 299 306 280 366 215 234 257 214 256 209 234 181 193 190 203 181 192 154 200 246 255 284 293 305 263 307 307 260 321 319 269 312 289 387 317 379 376 751 717 725 767 1309 1543 1952 2276 2571 2335 1903 2202 2363 2253 2397 2648 2973 2307 1577 1114 521 456 930 1275 1421 1812 2618 2595 2899 2810 3946 3860 4192 4660 4850
208 194 262 314 260 201 159 156 143 237 291 275 193 146 176 182 199 211 241 240 198 210 232 218 256 242 242 191 213 179 179 153 196 158 192 219 248 259 269 265 282 292 249 225 264 261 274 295 279 305 245 338 335 353 319 438 417 504 729 1080 1175 1539 1862 1717 1700 1709 1984 2455 2847 3113 3013 2918 2199 998 550 543 1032 1321 1681 2273 2810 3278 3483 3421 3820 4540 4337 4213 4320
205 208 267 289 241 190 177 125 218 224 290 252 232 156 145 159 162 192 186 174 152 191 213 210 195 207 209 255 186 158 160 178 137 173 159 212 289 231 213 239 223 288 199 185 219 252 283 303 299 291 308 297 333 309 356 332 373 364 428 502 583 1024 1245 1023 697 953 1585 1645 1958 2310 2625 2493 1494 877 617 777 1068 1622 1721 2181 3068 3759 3614 3433 3554 3624 4008 3639 3817
209 269 253 260 267 245 151 170 172 272 251 286 203 199 151 152 190 178 177 160 151 172 170 183 187 167 234 244 232 170 183 158 181 148 198 217 242 219 198 225 245 209 214 183 196 240 294 365 318 323 347 321 251 303 304 301 299 335 301 349 501 554 717 522 526 569 885 1016 834 1498 1838 1394 1009 813 979 1047 1525 1722 2393 2339 3305 3772 3386 3165 2795 2913 2965 2773 2122
227 233 246 262 288 216 168 157 209 206 270 212 216 200 197 192 184 159 181 137 159 143 163 165 156 192 217 255 254 240 181 186 173 148 161 243 208 212 207 209 211 216 197 197 225 264 289 361 353 331 307 299 310 249 248 272 283 297 298 348 456 429 457 487 537 488 523 532 586 717 837 732 782 790 801 1294 1450 1834 1836 2454 2534 3073 2435 2074 1829 2024 1611 1333 1324
226 219 234 296 226 210 203 279 166 186 188 232 207 210 197 165 147 192 161 133 130 155 166 142 153 202 238 245 255 285 243 170 161 156 159 182 218 201 182 145 186 188 193 189 232 286 341 288 379 318 260 242 275 246 235 279 279 290 325 326 386 437 440 489 393 420 425 469 488 514 511 459 652 509 525 800 1362 1233 1428 1231 1893 1834 1568 943 1218 1124 916 905 880
199 214 243 228 232 200 260 264 268 155 201 200 184 196 157 124 150 156 140 126 140 133 158 168 192 183 216 261 274 221 257 212 146 160 154 166 198 180 157 164 159 167 154 215 212 259 292 333 290 275 225 236 197 210 252 252 290 268 297 363 329 368 487 385 404 344 424 409 449 436 433 480 403 424 503 630 791 909 680 920 884 1037 687 767 675 701 674 706 665
188 249 193 195 224 273 245 277 316 282 174 178 212 172 146 115 141 139 121 141 128 135 144 204 192 225 203 218 216 247 231 202 167 107 161 202 187 169 158 186 164 147 142 191 253 214 273 298 265 190 226 199 177 224 248 222 241 237 279 289 349 359 357 401 389 404 305 347 388 397 398 357 422 386 484 553 579 547 571 526 669 595 656 618 607 536 686 627 604
169 188 241 178 164 165 301 304 295 250 208 209 211 166 148 169 151 129 153 111 120 151 172 189 216 208 230 187 188 238 240 180 163 180 174 180 201 196 191 169 175 178 187 170 189 255 251 286 232 220 153 167 199 203 246 260 211 226 203 211 313 349 344 363 434 341 321 282 373 365 339 355 294 447 458 439 493 488 447 467 477 597 566 591 586 589 502 570 578
161 186 189 188 156 189 248 325 231 217 245 209 224 206 201 174 161 174 145 120 120 174 173 187 226 219 195 227 214 217 206 229 187 199 218 207 191 190 186 206 173 184 181 189 219 252 282 256 267 192 177 190 216 231 289 305 237 212 247 264 302 287 336 397 380 369 318 333 296 318 337 335 340 337 424 455 407 366 390 438 447 501 518 551 599 515 521 527 559
164 196 165 159 159 176 196 236 216 176 181 210 204 234 198 184 192 150 123 114 159 142 205 188 210 231 187 189 231 213 213 175 189 213 258 251 213 169 194 179 214 201 170 200 275 268 236 313 243 200 196 192 212 313 342 289 259 256 241 277 295 335 356 336 358 337 358 301 313 322 297 306 368 313 370 442 413 368 386 433 459 464 494 536 510 497 507 509 479
205 188 184 146 134 194 195 175 156 139 164 197 224 209 191 185 174 165 117 129 132 163 308 231 169 194 258 223 204 222 171 165 264 274 253 276 201 240 204 179 226 229 207 199 216 245 282 237 201 187 187 173 201 278 305 287 266 245 220 248 282 323 309 319 326 324 278 319 295 302 275 286 321 347 387 425 396 407 413 443 427 438 434 487 445 447 425 429 472
213 194 164 152 185 202 200 156 138 130 157 176 202 202 213 194 177 139 144 132 153 266 320 301 232 213 215 235 216 218 188 225 258 273 291 279 270 212 229 269 235 208 213 227 201 225 211 178 171 219 169 141 210 210 293 256 210 156 207 212 250 265 252 293 291 278 293 299 331 270 283 285 272 355 395 380 444 419 393 405 409 379 467 416 443 391 357 389 475
187 195 202 158 187 194 188 176 133 112 145 196 215 226 210 184 172 152 157 162 228 301 625 415 309 196 204 270 260 195 260 277 270 279 306 264 284 253 202 223 222 240 205 180 191 179 201 172 205 275 211 184 179 235 245 219 150 195 189 189 220 221 290 309 307 295 298 345 361 322 286 265 292 357 337 374 386 384 346 338 340 388 409 441 390 356 372 386 728
180 197 179 174 145 175 228 139 140 116 169 187 230 255 208 202 175 169 170 158 190 615 707 725 274 205 203 273 263 247 241 289 292 307 251 244 250 245 202 168 187 226 201 160 173 212 195 279 332 328 330 251 239 231 232 182 201 199 225 192 212 251 297 311 304 304 346 351 344 320 280 272 323 262 309 368 328 301 295 284 302 355 399 412 396 337 342 411 876
237 181 166 155 164 195 182 197 109 166 152 192 231 238 248 186 163 148 175 176 499 578 693 668 585 271 221 199 299 301 313 263 335 206 253 304 245 208 187 188 189 187 181 190 223 224 252 354 383 400 398 314 190 224 229 219 196 214 231 284 223 263 274 288 311 275 263 296 297 283 257 241 283 285 285 317 327 299 255 226 220 348 392 416 346 314 297 414 675
200 219 189 151 147 159 192 186 194 118 166 194 226 205 180 197 165 174 163 175 169 556 682 708 380 250 279 296 291 358 268 346 252 280 208 260 267 215 232 168 176 146 181 174 151 235 290 351 368 397 339 214 205 265 203 181 198 247 321 235 249 272 255 264 246 227 225 247 264 247 232 267 233 288 298 296 358 293 239 218 237 284 371 358 309 288 293 462 606
193 230 209 129 127 174 179 186 190 185 137 164 179 180 171 145 167 180 172 164 210 351 670 454 421 421 384 346 331 294 372 270 305 272 282 218 251 323 277 262 175 180 135 126 165 234 349 299 516 369 253 187 251 222 267 244 207 285 316 308 247 263 252 254 198 254 204 235 253 255 224 240 262 305 269 308 297 287 237 251 242 299 327 334 321 250 370 403 530
214 189 161 162 136 112 166 201 207 143 156 149 168 162 139 148 174 189 172 186 262 350 469 455 467 449 362 367 308 323 257 309 218 241 243 260 326 300 338 298 274 137 101 143 184 250 341 548 489 484 267 307 252 235 369 385 352 300 299 312 344 265 252 256 255 231 294 243 256 277 291 279 279 213 262 274 296 249 237 210 288 359 381 355 303 359 373 411 488
211 192 154 159 139 123 136 184 163 151 146 183 144 124 214 161 246 201 156 231 267 301 513 414 347 364 313 258 248 193 234 182 266 187 233 270 270 342 312 346 211 158 177 132 225 280 538 575 544 498 501 269 345 667 463 378 363 357 284 327 291 321 279 240 250 290 307 350 292 288 280 262 256 260 231 233 234 282 267 291 291 336 414 380 350 336 408 439 471
214 175 182 167 134 132 156 145 159 172 154 140 156 229 269 347 265 254 178 155 242 463 417 379 218 229 236 170 160 211 151 172 187 239 234 236 255 266 341 246 191 200 225 239 292 342 352 586 617 665 376 415 834 810 752 568 686 378 474 398 431 437 553 328 348 555 853 367 374 312 287 274 240 238 210 257 275 267 288 303 331 359 330 364 372 340 331 459 518
173 165 178 181 150 161 161 174 179 143 144 140 241 311 392 437 367 253 259 158 331 503 378 318 273 186 148 156 145 158 186 154 205 196 183 230 224 238 205 209 239 218 268 288 308 368 414 438 642 525 558 863 869 965 945 1340 786 767 656 695 685 815 716 690 680 1273 1272 897 358 299 289 243 238 213 232 275 306 327 366 350 322 357 327 276 335 346 330 433 708
150 169 173 133 195 169 143 178 181 133 110 129 204 290 339 443 341 261 176 183 284 551 404 335 166 138 178 148 179 145 171 248 165 203 188 161 207 174 198 220 191 287 261 391 322 375 430 436 474 524 678 656 915 1001 1453 1027 1099 996 1013 868 1075 1005 930 1045 1599 1612 1746 1308 865 338 291 298 276 332 265 496 415 436 574 442 357 311 292 335 268 283 512 556 681
130 134 114 175 131 182 180 152 167 122 109 118 109 181 353 255 289 211 159 266 401 420 536 264 161 158 158 209 147 227 231 249 230 189 165 211 179 208 220 199 261 266 354 328 470 348 334 402 484 443 380 483 526 944 629 870 880 910 615 717 673 853 878 969 1199 2026 1951 1515 747 480 382 409 385 297 691 668 891 872 709 646 478 309 318 312 389 475 525 752 1042
117 101 131 151 145 138 177 192 135 142 117 95 82 145 216 195 181 182 200 360 441 404 402 294 214 199 206 159 279 273 317 300 334 241 203 258 255 242 258 258 241 321 327 435 365 402 407 370 354 347 262 228 358 248 453 491 670 315 437 406 409 450 649 610 1130 1660 2073 1235 875 655 599 607 441 903 839 1183 1343 1335 1028 761 736 427 337 362 553 613 708 1045 1396
