PredictorVariables/LightPollution_Total_500m/LightPollutionIntensity2016_focal.asc
ncols        529
nrows        344
xllcorner    2700.000000000000
yllcorner    15900.000000000000
cellsize     100.000000000000
NODATA_value  0
[rows 0 to 38 of 344, columns 267 to 355 of 529]
52 55 66 63 65 50 89 84 76 61 67 77 65 60 63 51 62 68 89 128 129 134 263 364 328 298 237 185 131 92 177 320 482 496 408 197 196 94 136 145 161 150 400 428 496 370 474 528 281 254 292 194 235 273 377 245 339 346 384 171 192 633 712 814 892 758 538 292 186 200 168 129 159 226 682 835 867 707 467 399 462 513 419 551 411 419 305 288 212
139 151 167 136 163 204 145 141 189 161 140 143 172 145 163 132 136 153 206 226 273 407 497 469 562 593 428 348 348 275 455 667 764 898 1064 656 364 382 242 289 333 577 586 746 871 1511 1111 1147 918 477 569 642 599 751 837 799 668 835 915 586 888 1716 1853 1891 1731 1275 1162 813 433 433 416 407 449 915 1180 1326 1700 1833 1366 1042 918 834 1002 954 1012 719 739 573 554
226 267 231 245 237 221 241 238 205 216 206 237 252 223 169 210 209 190 218 297 302 355 431 514 534 479 386 400 332 340 429 673 993 1470 1602 992 666 404 657 495 372 411 709 808 1637 1850 1963 1259 1266 1089 905 832 1021 1117 1204 1313 1362 1375 1216 1248 1769 2726 2747 3050 2174 1781 1310 808 667 668 567 722 884 886 1319 1887 2518 2079 1744 1386 1115 1054 1297 1215 1118 1076 894 731 967
311 262 310 344 291 240 325 289 232 254 329 293 272 260 243 206 206 200 273 302 326 298 333 443 373 271 424 337 310 369 443 549 1253 1780 1941 1572 1127 1044 1098 1003 622 493 526 1320 1298 1671 2069 2064 1117 1121 1014 1002 1071 1375 1565 1666 1883 1903 1475 1747 2593 2947 3860 3195 2529 1861 1223 960 970 810 873 1016 1125 1237 1365 2142 2189 2250 1945 1545 1096 1338 1512 1404 1184 1065 1062 1530 1001
266 330 308 318 288 313 292 290 275 369 300 317 282 270 245 214 238 273 235 303 353 308 296 275 277 352 490 349 342 414 439 717 1209 1868 2010 2033 1784 1771 1731 1421 1196 982 542 583 1351 1597 1633 1608 1218 1097 868 873 1160 1267 1476 1722 2118 1998 1694 1816 1941 2984 3334 3031 2048 1642 1114 1268 1059 882 1136 1210 1450 1204 1378 1439 1684 1894 1715 1118 1244 1299 1365 1536 1488 1120 1251 1224 1497
285 285 335 249 307 316 295 311 383 293 326 284 286 205 192 240 261 254 274 288 308 327 298 295 451 515 545 484 478 447 480 559 1173 1645 1985 2169 1705 2017 2651 1926 1603 1119 1054 703 928 1500 1414 1340 1237 1252 936 742 620 873 1332 1609 1864 1573 1491 984 1306 2060 2435 1700 1590 1097 1107 1262 1160 987 898 1428 1565 1402 990 1049 1302 1354 978 855 899 1453 1526 1359 1064 1113 1114 1162 963
235 284 282 271 253 307 314 350 302 304 295 283 217 172 196 254 220 229 294 292 275 273 447 512 668 666 477 620 611 461 566 655 815 1440 1722 1468 1840 2096 2590 2368 1634 1119 941 1231 959 1264 1303 1364 1566 1335 1290 700 752 574 873 1461 1448 1473 960 442 650 1448 1146 1469 870 888 1213 1266 1203 1085 1383 1572 1715 1531 1268 958 1010 874 691 746 986 1236 1553 1224 894 935 964 938 872
273 281 300 300 226 259 335 275 316 269 275 203 205 232 211 199 244 223 203 252 292 428 591 682 563 685 710 563 463 492 719 860 967 1291 1660 1372 2046 2371 1944 2233 2209 1393 1226 1103 1035 940 1319 1426 1514 1293 1100 1283 1106 911 985 1319 1253 1164 1106 548 759 962 921 1075 794 761 1061 1347 1250 1241 1310 1626 1951 1941 1458 1199 957 777 789 776 1218 1266 1503 1300 1250 990 1102 1128 714
280 286 257 285 267 224 248 290 234 253 162 218 265 268 285 227 224 228 171 244 406 485 565 754 714 618 715 844 617 666 656 1027 1418 1224 1715 1440 1375 1746 2250 2004 1415 1711 1476 1274 1011 971 830 1071 1340 1292 1402 1285 1319 1396 1514 1324 1392 1327 1500 1088 903 980 1062 1017 796 727 890 1113 1243 1026 1098 1690 2124 1672 1518 1319 1158 1043 690 1110 1181 1562 1482 1735 1319 1601 1637 1439 1190
250 313 294 256 226 221 245 225 184 155 203 256 288 296 310 304 239 204 256 256 271 453 571 611 703 733 1352 985 977 866 968 1480 1645 1665 1254 1510 981 1135 1528 1377 1472 1704 1360 1026 1243 917 863 993 1077 1317 1121 1444 1578 1766 1663 1321 1775 1865 1638 1753 1278 1040 1168 884 682 704 798 832 953 858 1163 1511 1665 1597 1576 1470 1339 1207 1289 1182 1453 1476 1856 1482 2067 2078 2368 1866 1695
298 291 297 230 230 226 209 203 172 211 183 213 318 342 308 301 254 265 245 291 269 346 496 477 669 1310 1364 1468 1476 1156 1514 1651 2012 1740 1407 1119 1017 556 763 924 1332 1009 1354 1107 825 997 1137 1277 954 1040 1287 1391 1782 1976 1612 1637 1717 2000 1845 1703 1507 1028 918 749 674 556 504 865 867 907 1017 1378 1574 1686 1791 1510 1568 1420 1170 1326 1352 1881 1609 1889 1954 2541 2442 2658 2030
314 282 269 284 233 212 187 178 234 210 213 235 245 308 266 280 249 212 290 275 293 237 312 452 815 964 1304 2109 2309 1348 1301 2015 2000 1921 1329 1066 742 688 677 930 937 1002 1053 1064 955 1125 1259 1369 1187 1141 1229 1307 1846 1809 1843 1555 1263 1623 1994 1443 785 778 655 642 652 441 551 680 848 1071 1339 1415 1493 1900 1898 1909 1476 1325 1317 1012 1362 1303 1554 1671 2364 2384 2810 2568 1985
287 278 293 239 248 242 206 189 234 244 263 265 261 233 275 211 214 254 283 300 265 231 239 339 484 902 1722 2394 1922 1781 2006 2066 2318 1559 1508 1039 948 908 1345 1051 1071 1072 889 1025 1258 1179 1281 1334 1306 944 1076 1521 1626 1680 1544 1609 1405 1198 1481 1018 712 587 502 570 481 511 534 752 891 1141 1363 1590 1795 1677 2002 2092 1881 1244 918 1045 945 1117 1338 1768 1602 2348 2456 2176 1637
236 269 260 272 261 274 231 264 279 274 290 302 275 284 227 213 257 254 266 272 241 268 245 383 416 904 1697 1769 1832 2147 1949 2942 2179 1854 1216 1142 1171 1458 1429 1465 1086 1124 1189 1024 1149 1322 1450 1062 973 1007 990 1179 1245 1215 1405 1036 1210 1082 1109 667 594 503 503 533 533 533 611 763 876 1071 1316 1493 1693 1846 1866 2189 1636 1426 1114 1002 1152 1096 1570 1438 1652 1820 2414 1857 1396
216 257 284 360 305 243 267 254 269 288 315 248 273 227 250 270 260 284 269 275 254 203 353 366 516 463 827 1324 1776 1555 2211 2702 2763 1797 1521 1465 1745 1419 1867 1397 1645 1001 1255 1340 997 1390 1341 1508 1119 869 1043 1063 977 930 843 978 874 1152 996 699 817 651 535 538 545 551 641 822 1118 1096 1319 1407 1491 1483 1944 1786 1689 1443 1218 1270 1414 1583 1375 1557 1529 1892 1978 1979 1225
290 269 321 384 370 283 228 232 202 286 255 249 211 204 249 260 235 336 315 314 253 280 290 421 404 511 403 729 966 1232 1972 2563 2567 2150 1765 1975 1659 2111 1644 2014 1399 1277 1117 1345 1726 1632 1953 1737 1618 1293 1087 997 862 945 689 757 916 930 813 1073 1666 1113 687 653 629 600 1059 1159 1304 1428 1459 1580 1267 1338 1627 1667 1530 1515 1275 1582 1692 1513 1498 1506 1669 1479 1689 1496 1306
287 374 371 343 393 328 282 212 251 237 241 238 228 185 186 252 290 359 372 318 308 248 290 335 413 345 331 273 371 713 1653 2058 2249 1886 2290 2372 2347 2024 2351 1541 1432 1435 1404 1543 1915 2548 2187 2239 1744 1557 1163 991 1117 1080 791 646 765 804 1032 1857 1979 1989 1347 1200 828 1106 1594 1821 1986 1953 1950 1760 1585 1334 1541 1515 1415 1274 1499 1549 1684 1648 1582 1500 1177 1367 1358 1315 1010
350 317 386 389 354 345 252 314 287 280 272 285 244 219 200 271 384 318 358 371 311 292 243 289 300 301 286 251 337 531 875 1649 1539 1693 2058 2432 2401 2088 1335 1709 1157 1187 1370 1476 2227 2245 2566 2429 1942 1047 1121 1352 1366 1329 949 758 625 681 1507 1934 2318 2430 2516 1610 1874 1870 1693 2275 2587 2452 2116 1961 1780 1477 1309 1778 1326 1274 1322 1557 1651 2174 1760 1567 1784 1083 1243 1264 945
323 263 302 352 340 283 304 290 266 242 317 304 256 255 264 236 326 358 340 318 302 256 248 236 257 252 246 294 265 387 594 930 866 1289 1610 2031 1989 1195 1422 987 1288 805 1069 1592 1892 2235 2174 2491 1470 1157 1024 1489 1703 1795 1311 842 629 665 990 1974 2623 2629 2230 2516 2488 2456 2163 2202 2381 2322 2269 1966 1703 1672 1645 1572 1654 1296 1316 1406 2028 2432 2145 2302 1914 1512 1154 1412 1089
303 302 244 328 301 296 253 253 240 256 272 278 279 289 309 319 269 347 288 278 249 275 256 242 278 230 248 210 321 381 460 596 587 787 1381 2041 1242 1483 1260 1228 979 974 999 1292 1740 2029 2026 2231 1883 1269 1144 1505 1886 1898 1566 1436 804 865 1111 1521 2371 2203 2799 3017 2796 2156 2252 2010 1646 1705 1659 1426 1300 1387 1726 1500 1524 1576 1101 1569 2001 2414 2904 2410 1761 1731 1722 1164 1320
250 326 338 263 291 239 263 221 204 212 232 247 329 279 280 325 325 261 265 271 287 277 256 268 253 325 219 252 325 404 409 439 517 614 1437 1901 2155 1732 1686 1189 1326 1237 1113 1219 1482 1806 2370 2399 2392 1447 1026 1431 1618 1633 1876 1902 1467 1168 1276 1411 1703 2173 2168 2735 2884 2303 1654 1142 1282 1213 1222 1197 1015 1190 1469 1738 1569 1454 1196 1358 1890 2167 2387 2413 1815 1885 1405 1278 1441
321 312 300 285 260 267 232 248 205 204 208 275 264 292 255 281 263 287 234 272 277 269 278 309 266 245 275 275 335 350 400 413 366 1067 1451 1935 2310 2404 1743 1696 1891 1371 1177 1432 1285 2046 2345 2904 2412 1811 1162 905 1359 1967 2011 1868 2172 1923 1266 1314 1528 1701 2054 2312 2386 2309 1616 1014 1088 1042 1043 1139 1357 1080 1372 1681 1665 1391 1224 1019 1507 2014 2149 1962 2005 1402 1341 1819 1826
318 256 265 286 275 238 248 252 265 242 258 274 230 198 274 216 240 226 243 243 262 260 271 244 260 249 252 282 268 316 374 292 307 469 1262 1565 2072 1608 1586 1847 1948 1856 1246 1026 1466 1506 2396 3072 2296 1601 1361 1054 970 1500 1764 2443 2656 1756 1499 1344 1449 1390 2233 2315 2261 2476 2099 1328 1099 1333 1272 1383 1309 1402 1274 1517 1262 1793 1093 921 914 1966 1806 1925 1580 1670 1528 1742 1801
252 276 259 220 199 258 259 300 295 291 309 273 229 224 157 207 235 229 206 252 230 236 213 194 259 238 236 223 253 274 258 303 254 312 487 1277 980 1220 1673 1908 1636 1730 1824 1212 1056 1452 1961 2905 2373 1651 1441 1251 961 921 1527 2452 2125 1849 1621 1402 1264 1754 2015 2432 2695 2713 2306 1852 1453 1371 1959 1615 1488 1321 1490 1178 1796 1585 1478 995 1259 1314 2044 2047 1905 1645 1810 1555 1923
273 261 211 202 237 218 296 305 306 320 362 256 260 206 202 218 235 249 235 244 262 208 197 228 231 231 224 224 255 218 234 264 294 219 290 528 609 730 976 1521 1761 1669 1173 821 1023 1512 1976 2106 2476 2165 1585 1621 1437 1210 1362 1710 1799 2006 1701 1336 1766 1528 1762 1944 2567 2762 2386 1860 1601 1755 1884 2208 1750 1538 1351 1752 1569 1610 1780 1445 886 1708 2077 2395 1641 1474 1608 1997 1800
326 252 220 256 213 256 266 309 307 344 303 296 287 205 212 241 204 257 277 231 207 228 236 221 214 252 273 224 183 231 230 265 221 278 241 278 366 662 790 882 1628 1194 821 889 806 1155 1688 2069 2187 2037 1961 2107 1576 1275 1312 1551 1746 1711 1218 1562 1439 1595 1486 1626 2211 2576 2414 1678 1834 1946 2227 2391 2329 1548 1403 1289 1617 1800 1852 1182 1187 1481 2009 1823 1973 1466 1246 1359 1515
291 288 297 283 258 228 275 244 312 306 293 335 275 256 229 226 226 229 232 268 248 176 188 225 256 269 246 264 239 202 217 230 266 227 230 162 307 443 610 741 874 971 777 671 700 746 1129 1882 1587 1733 2232 2044 1803 1460 1460 1417 1497 1237 1686 1386 1314 1253 1536 1784 2281 2588 2623 2009 1832 2397 2705 2512 2187 1979 1488 1300 1534 1970 1287 1235 1112 1284 1462 1705 1135 1191 788 921 871
338 267 291 291 290 283 234 278 232 238 324 337 291 283 262 258 273 231 215 284 219 180 191 221 257 237 299 287 265 214 208 239 239 227 183 242 208 322 481 600 696 927 911 601 464 706 951 1494 1405 1496 1772 1826 1688 1637 1268 1353 1286 1331 1314 1456 1245 1375 1461 1815 2271 2830 2792 2578 1859 2189 2820 2444 2210 1732 1542 1321 1374 1619 1567 1343 848 821 1290 1127 856 713 805 683 1257
298 317 324 314 304 265 257 209 254 258 271 270 361 339 279 272 274 309 319 251 214 191 212 216 223 290 331 301 242 238 205 207 245 265 291 202 261 233 354 560 723 797 851 718 693 787 1066 1361 1575 1372 1477 1353 1596 1282 1084 1180 1343 1257 1174 1034 1456 1185 1320 1760 2201 2601 2516 2331 2440 2144 2608 2360 2027 1588 1387 1441 1317 1344 1678 1111 900 927 838 862 648 622 705 1121 1268
317 292 344 341 275 259 230 238 215 246 238 280 295 300 276 259 290 261 271 251 235 192 152 187 292 266 281 290 288 218 199 199 272 343 303 317 261 261 251 376 632 686 761 817 860 1105 1308 1477 1425 1497 1288 1344 1016 936 1008 902 932 1197 1043 1099 963 1085 1459 1236 1639 2140 2154 2143 1994 2429 2351 2238 1834 1378 1040 978 1067 1083 1128 976 877 783 729 559 606 756 1087 1237 1281
291 331 292 347 281 230 239 244 224 201 284 265 246 241 273 260 235 258 224 238 234 168 174 232 255 322 285 313 259 235 229 273 291 339 416 404 323 273 272 238 433 597 653 783 926 959 1406 1897 1660 1220 1325 1109 923 902 835 899 897 962 1090 847 895 1210 1557 1304 1146 1786 2105 2081 2146 2192 2386 2227 1587 1110 1157 844 881 1020 886 907 802 745 679 562 472 588 947 1371 1476
276 288 308 273 281 252 225 223 240 279 233 228 219 268 211 218 238 244 238 230 205 224 243 238 271 328 397 307 301 252 241 237 300 410 441 428 350 326 279 286 292 461 550 853 911 1142 1477 1964 1827 1657 1491 1356 1107 987 1038 1140 1249 1286 1075 1019 1126 1874 1951 1694 1931 1767 2318 2300 2132 1933 1920 1838 1507 1067 951 883 1021 1134 934 832 816 955 737 519 582 706 844 1176 1373
302 280 277 316 253 291 235 228 287 288 238 190 241 214 223 228 216 241 225 248 252 243 280 330 358 364 355 357 309 303 245 213 285 372 422 379 404 311 273 300 316 385 731 718 956 1300 1766 1834 2446 2060 1741 1722 1515 1481 1311 1490 1560 1666 1334 1170 1971 2687 2583 2862 2131 2445 2479 2274 1836 1672 2233 1200 1102 863 926 1059 1331 1158 1199 1085 1073 996 803 872 845 934 890 879 1248
361 270 315 343 328 226 262 237 290 282 246 239 191 207 257 211 208 190 228 242 274 271 300 321 385 302 312 331 306 243 212 211 234 300 330 407 352 306 232 307 298 605 629 838 1074 1335 1845 2532 2384 2185 2166 2403 2033 1521 1695 1681 2220 1578 1572 2022 2567 2882 3369 2989 2674 2142 2477 2259 1824 1803 1861 1342 726 892 775 1157 1321 1522 1094 1053 1090 1096 1233 1023 885 892 914 1099 877
453 322 333 351 336 268 175 250 231 261 233 174 239 302 215 240 177 182 215 253 278 321 311 342 297 328 279 267 266 260 258 201 225 252 335 341 314 296 303 256 455 448 648 892 1301 1539 2017 2810 2502 2284 2831 2549 2366 2095 1638 1959 1925 2516 2470 1958 2274 2989 3409 2649 2008 2168 2089 2219 2412 2142 1667 1389 1432 839 1011 944 1245 1382 1266 882 951 1236 1131 938 754 808 771 663 742
614 449 350 361 325 265 211 176 187 224 250 209 272 310 283 235 260 224 259 253 313 289 350 341 295 244 246 249 286 292 238 242 239 287 281 293 296 331 273 271 320 495 665 1001 1008 1496 2219 2901 2805 3061 2663 2640 2619 2088 2109 1822 2311 3014 2946 2338 2086 2629 2653 2136 1857 1871 1881 2129 2134 2744 1946 1643 848 676 724 1037 1118 1105 886 849 900 1025 1020 808 790 506 570 517 477
885 429 423 421 341 266 185 207 191 219 247 288 274 322 365 322 278 327 283 336 330 365 302 350 267 233 224 256 270 261 266 283 253 229 263 314 297 289 286 247 274 296 479 596 902 1574 2277 2206 2775 2843 3448 3041 2175 1631 1294 2152 2746 2679 2293 2426 2304 2293 2189 2282 1991 1577 1872 2297 2489 1958 2396 1462 960 1025 784 710 1008 817 753 763 805 1186 1151 1109 587 492 538 521 390
781 516 442 434 357 237 215 222 253 210 221 295 342 329 379 310 298 310 359 352 411 331 403 302 271 226 217 245 218 257 260 259 289 275 257 272 326 262 271 246 215 305 307 405 745 893 1561 2407 2483 2619 2952 3238 2139 1456 1298 1240 2101 2223 2121 1764 1922 2319 2592 2303 1962 1970 1477 1836 1923 1977 1857 1283 1335 1586 986 709 755 768 656 662 1145 1499 1908 1039 961 713 489 452 405
711 508 440 374 353 365 228 184 228 296 264 272 317 314 273 301 302 301 335 376 387 456 371 346 266 232 216 211 205 204 267 220 269 323 257 287 306 343 233 248 275 278 274 362 544 711 890 1408 2239 2331 2615 2169 2042 1566 1360 1408 1155 2038 1696 1506 1844 2221 2533 2702 2163 1859 1498 1037 1510 1682 1413 1546 1685 1729 1415 1204 854 793 614 1173 1239 1937 1968 2046 776 605 493 408 328
